17.705320006227197 20.570611701999457
21.12758400717907 23.102216252853356
8.5098721882060477 26.710367334433798
10.316016889651593 7.9097472864906386
17.963489218232528 27.759705914569942
2.1299819220415288 26.080885018183217
18.609970322690934 19.779917083168478
21.651232499488984 10.723035885091196
30.022136487377637 13.863537033212452
18.955557558905721 31.473391199100671
19.216346765863708 20.599916925272677
20.627225324965345 26.25925679480595
10.23191791852522 18.164214150291262
26.564315013797358 13.033769250095791
20.580024865137641 4.1443900587735962
19.577151434931285 17.426409161435945
12.767265269067666 9.0586812686432321
22.614989937558921 30.058846148385943
18.257005593899432 14.146299866452244
24.641440212309707 18.931268807874652
11.583570241764019 7.0616204098624156
7.4206546102032398 22.936937494600514
7.5067061798546435 16.036137845756929
12.250906066088442 9.8158371957687738
29.872479578678941 15.573022388553099
24.105370133760655 31.193844518116158
30.045053116488631 1.6504763242161318
29.953767100129401 10.74443474688977
24.678893717117898 20.28712013792514
1.1848082114480392 15.48235836592956
27.053995465988653 19.203275702996535
8.1006105217023006 14.476614348292911
7.5798750914859703 6.4870575444182679
28.649024314797199 6.6399400289445527
31.590020908888462 23.321893606776662
12.751005137987049 11.99952463610585
1.58526366228816 8.9824605089915526
5.0463945561251329 28.148324199156207
14.79510495083445 23.604511158526268
10.319398267231197 21.549566413932521
0.97039212236389605 11.362466759547182
31.310713579532504 6.3550285413381378
16.030119378888696 21.027606460385865
29.641262140190577 2.6201986928514724
7.671325458025759 9.9086481030288436
17.340484315627467 19.012902480590324
9.4246914646287863 31.0337548890421
8.5128218505388933 8.8842750586045476
1.5066946495027087 6.7859956303636393
6.7112510282594942 11.269458883987777
5.1455224178944796 26.525407992552232
25.956733128223004 14.419259498523758
8.6445692922619646 25.887937118628813
25.602385572061053 11.577879109073024
22.50475064531005 4.2181992520982794
3.9601936754854634 24.049289225457077
17.820204608280196 24.787681039611659
11.986365460512518 2.671020883337385
17.099550113581984 21.447839631106216
17.539519615455049 29.954247219854619
22.450828215189077 26.302601825200952
20.703063332854267 24.628857230180127
23.964695222527588 11.29849338934393
11.309566086756917 19.483135170963099
28.342666560235244 8.4180311890577144
23.581626546492267 18.330892209321462
26.479339740469484 26.19146997951421
26.495127302857735 19.871323825575885
12.469329302866139 16.848304956410487
24.244318775638501 8.1066535461018088
22.535255161593373 3.228400324120106
17.961638527651992 21.66458808543976
3.6131376321648019 8.4007229104085841
7.1296409875614604 19.550869226406235
16.591013994997819 12.218962789675816
2.6255114775548059 24.279571551671047
14.417187649804474 22.391884974711711
17.695153514166083 25.927267284288632
7.5611031820880923 21.525671071725426
25.845174868610908 4.2225809170061295
0.39331753252301127 4.4084488624509772
16.196638542933496 0.16941863707578253
16.654081966805691 29.568944182967442
19.00258015784808 8.9532216672775125
7.3660878414940223 29.875432968550751
11.044947762474813 1.6355791224898981
0.83922513699956414 14.542738232787183
2.1295874700207902 16.153191890076755
20.340313226958372 15.7454226839547
25.98676863089992 8.1680322718932725
29.253467570906885 29.55082669472014
8.11843967884327 13.126614033197949
9.132773391094883 16.069658757815848
0.47048346314610773 25.902885767970229
21.478698756307139 30.564582995338039
1.0601434054822774 23.118236653440075
28.924435743216868 9.6789584939933206
22.991766074028565 29.028773474195383
21.733290015912953 16.27998660020511
1.5537275495285257 5.6319072819751375
4.3327704492289056 25.236786497363333
7.869891365473487 7.1036677389616747
25.075203822673636 28.228811966181194
25.057502754701972 29.341259726406257
25.641837585444762 12.13996077347913
2.4061849578812664 29.338738423988659
9.403365232598194 9.4106220404596428
29.457018898718122 21.661994697374752
12.417877981120451 21.215051084631526
25.019818445262388 14.675720703688677
8.3092572734381687 9.8396359719411493
21.996031846651661 6.2829450262807258
12.747618132054766 29.292383431070427
23.074507508136918 23.667945510774011
15.705882368706643 6.3825846053361381
14.981875035984284 1.8579931815434085
8.4246261739916619 30.558488254757442
7.2556468695186975 10.60665010537044
2.2309502788494426 7.9286982513772521
7.665821790088855 3.1340373175341765
20.721462926554775 9.8384250203220809
2.8345602537135139 22.176513667730273
21.876510696121581 2.3649364297868467
23.321354106856955 20.566800713112666
2.0324991849301153 12.298413331538141
6.1932067049637007 18.031986354598939
25.631969015237491 16.372469923763397
15.794031034027061 7.4140759366063351
16.234070815432968 26.160857173376062
28.976304903680198 3.5193042344166905
18.37923276820155 15.313875501374325
9.4736773024354921 12.989217457486269
10.227269854026224 11.408109266760821
31.36070448234965 10.16083311418638
1.0413742689468752 29.63010419335016
6.637910018655786 1.0173899824479069
25.099146262350331 5.4897666741976137
3.2183078861230516 1.7782394823939298
5.9124535258171784 10.629235441159706
23.476509929881498 17.396541286336237
17.559008758708462 23.790575442365565
27.424416112345419 22.540671431196476
14.99880214685251 1.2698563352917875
25.418412156634236 6.8805013657390814
6.1177967290422375 28.431670160164632
9.1289330590418913 16.801255537519122
28.803315642333878 12.351284570984387
8.027257376599108 25.081631839279744
1.9941356104119476 13.469225906570999
31.071702797029886 17.472021831241825
20.063742793450793 0.73170156076539394
12.909040191333176 27.992843523343687
29.346602502180861 14.180927977774937
22.575697987364546 27.997826415876037
14.360453735277893 7.6904752925036668
21.918425292438297 11.002382073197673
2.4816242218062503 8.2596929815891968
4.3042545768707265 26.684710528216478
9.9987471877663534 29.864305485599289
25.544080256820216 9.004875350869165
29.864963938250657 27.349486424772458
20.368241540824979 7.6515345384695159
0.20971883678971998 15.392844058575855
0.91173868907258526 20.568517528897615
11.286853489038142 3.4927707508398211
2.7642864940053955 17.785044773376779
6.2765695072930408 1.6921688206628225
15.461987037078991 21.15790262895942
6.5384658858648068 24.565854646548793
13.230778478934395 15.21811443241881
0.77492257989006064 9.5280779535634341
22.485919764384814 1.1279316539590121
22.120780433720238 7.0925194077290055
5.2976294292629893 5.6301972022149869
2.5312546462407073 1.3218276167767922
4.916970934921407 1.1640973147598688
5.7746722662938632 25.158403019854951
2.1205729003685425 5.1562582182329306
19.357434365523442 8.42490930920642
5.3849057636357625 2.4264298539809532
17.349373295734644 20.364794076675857
0.55046226507993268 2.7922931143317764
8.4532993324447325 0.43926716168238183
13.923253103286768 10.095719180816934
14.39619476354928 29.914937252988871
26.012236244917865 10.48579737793362
18.06940743427754 16.642758821046979
13.758530558365674 28.093134692102019
28.387398197213273 22.561122830171808
3.8925537438774147 4.1644519214105955
2.5204758252203918 2.7310929122744225
26.579089098504607 8.0180739063016571
29.40960567791862 24.100799787889397
29.175427340107507 13.063966129083385
27.915332355367781 21.494418971025262
30.668005852625246 26.113143823769761
17.045592380288596 16.475252415370928
11.079017321344017 23.078454621314311
28.257337366400282 5.3073060478396483
24.797614934574938 0.40550106163486771
7.8660540439053062 0.89794568390492413
8.6453319607492674 1.4156668994675159
18.984592876631297 7.1325346738192037
28.367236947473405 18.610570207059094
3.0402544077306493 30.24740299601914
0.74300852862692068 18.752006063224854
11.233117904653078 17.745889230588585
30.119300390613613 11.528397663244569
8.2128777498091665 23.03604055471234
13.089879881082199 5.3859118845855933
21.633090367485313 16.411806536884956
5.5112979421190991 16.275798169995081
9.6741969768862273 9.5153964566951075
24.295061370679274 28.979472043209174
28.384597895613986 4.4371508661744494
10.636216157024828 25.742733041311375
24.80502689937806 16.026891197955585
31.005416044836572 22.583232377828551
25.767595748170141 3.7311094142928609
8.292710893438402 4.9568548778044539
19.512538907048754 1.956211987590148
3.8226630690891663 28.035320323868604
29.941997918472648 28.55503619905047
29.790160109437139 6.9974311564086271
4.7016690468816478 22.125722651418279
31.116277649398405 28.461852175187211
17.740604187735755 0.44729870403840571
30.535761075497867 24.521514782056418
3.8706889151203292 29.031874649679082
19.642555425227574 25.863117755844002
27.314842020438586 31.099558418245461
19.579830030112003 14.789431498737109
21.409480003403345 21.758508416839046
19.653646825954731 4.8327713586903931
19.162417680249352 7.1307972959101793
4.6261770861017339 11.698511573207114
28.284529025043916 28.171409056938792
5.1390389523426867 14.643783410973846
8.5326356657845679 17.598793029788173
11.942791673244491 8.5305219436378881
12.332830459716295 25.898555747828635
6.9035356678688773 16.829662748199848
19.083758621067414 16.39795158933072
2.8535798140842306 13.885627699228422
27.770170032430475 18.847609974168588
23.324763690388362 5.1568789508400501
11.897954642730314 14.496701386702245
22.495574712606864 22.66968268311706
23.036158799667231 0.06593757363973568
5.3611593417436652 20.555343403793056
4.9651686125576528 4.4676534670414245
0.21121333511368665 0.2556191868262514
15.602813132844371 30.260805656784605
30.955890805553015 10.859019374824129
22.790196500738936 15.280354090558545
15.655570522407448 23.618682193452248
8.7647340631976611 29.079248686240177
12.731749092082694 21.915662928329887
29.310120988962851 23.246471000418758
15.424639399277211 17.043770265611485
8.412520635582581 2.706204008412497
1.9926857466287944 23.419690923749709
14.677134437147831 15.914872780061826
0.36247602511310273 10.684038080426678
10.371824197397766 7.0979076739490301
26.284839710765702 28.795487166266881
10.024253025750918 31.50138959512406
21.25591538489703 6.1835727459287204
19.3517347889583 22.519995734737169
25.183217553538274 1.7383804945178374
26.47549258744122 17.883487215342367
21.581960640080734 14.498306993383595
17.158950818699445 2.0878896106713665
2.3296615258695561 16.982879751590932
13.675816241393772 13.120092343506171
13.756800724167297 6.7703479893270977
28.574813869781849 27.551281652514582
28.261576557043252 16.019485088508254
15.024498178552882 16.854998923429417
0.011221135209634494 21.148228373567687
29.286012792618244 8.8259209870126565
2.2837895298510729 30.886047047444318
20.103279772710128 30.905583992937022
6.8267718542454618 9.0613631316792578
26.858426909009726 4.8759385684985892
12.471113333009937 10.205477250566586
6.0118574426089069 12.608883728195455
18.777648614378865 27.279063334809031
29.674572624056992 9.9003730019792702
12.512455109100634 12.811258668024772
27.001497455222026 14.794492980798942
16.967936118118459 9.0867766261576222
21.253254130377833 0.76722669729753912
30.837687070277322 4.1957385250237991
14.822685423921461 14.720688462152328
19.226115913750871 3.4036397982539479
17.432402150775896 6.5088956110285547
6.9030435249400606 0.32063092979878005
14.446902409814971 26.290013085588395
30.45824820555157 13.7024505696312
15.500347099157777 27.196782283106451
27.146912559645873 12.085170550051721
15.997140930615481 22.062293762066563
3.3248206444544164 0.079957224840509988
30.306010871938355 29.347031435639369
25.84331851160044 6.3844669063924835
20.611104119075211 17.498211244522302
8.5561381134868029 18.123799767760804
27.422139298054251 9.5222518955075603
30.78666647165263 1.4444494896338795
7.4780664531279291 24.521927887907459
19.94656171690232 29.688473465774319
10.459675137120721 26.712279759873198
2.2331769050603443 29.773150081588941
13.237471878802955 26.484249174880734
3.7071573161822657 23.304840923036473
7.1821918099998703 30.953865203286803
18.361296019315827 19.171337829000308
7.486618847714424 15.525110452359907
16.29922020113214 30.421636779157758
14.068345958743746 17.75274175811133
9.4625213610303209 13.295016686756906
0.02989918872532631 1.5303745725358811
4.4184491389029263 18.221882482322819
0.76228829748046201 22.300476685409325
9.0600404238663028 23.16524540479104
28.80902994504229 3.0182983556233061
19.777347656480856 22.702099913605984
19.178661606731339 11.530048367390808
14.450104209524469 5.6135104028577283
17.622125997903268 9.4441491335454035
23.935484062910309 22.618314076159376
22.25138377479621 18.969153041551866
26.75248221183076 30.43244583853286
23.499387940109571 15.583540869265306
25.656892091000767 19.667568508808777
30.171551848393332 24.607537286686803
15.778105913883747 3.1432284112255342
26.782111704209218 10.150173518826211
30.97017256059323 14.804216734337126
20.000185946924361 21.085065969129897
1.1820074177819921 31.236274008161633
23.891303136398584 21.201617868095443
19.473531461544077 24.560683870011619
6.941516880846887 7.5808465048823583
21.480814524260225 9.2892781213789029
10.687329726076696 5.6862467616744876
4.5477340670186024 2.0862936310618587
11.514712207895361 30.760739521292862
15.638431616395692 31.341715404352513
30.53014712456735 30.322455816453612
18.560321877875907 28.573124731975202
6.5244596909956769 14.699733699396017
7.4681624072955959 18.086657994916042
24.94111878233085 10.712724190811887
12.40179582635451 5.6895538001876229
2.0398370806576196 14.613711445976476
9.2048682715756005 20.766805046050969
6.0461625173454756 12.806410732743267
23.915076037982185 11.961261637147016
23.141772452559596 27.139182273079605
22.413384446464818 31.609695050006454
2.9144698351569964 22.970125222101206
2.5197571011734281 14.964410124415963
11.274349825858057 24.762445395371316
10.115416097045182 0.41665437169614833
9.3968828493305878 24.658936690019093
1.9385117573258186 3.1382575391994552
6.0360699153985582 9.0407483488088527
5.551738684089873 23.41476494546249
12.694066513534469 31.145983497109565
10.010783082519241 24.19375398108231
24.998979299765736 27.309282959788245
7.4621668342309277 27.979831651500835
6.040916482576514 31.086666931991008
9.8508180695006402 15.830494986097413
7.5741382031481175 19.423836969291767
2.1667618686550032 10.750451760416603
0.35538105703198186 7.6747768972468462
20.896544909913132 26.727580314018478
27.251196652113215 0.2440787601923142
29.464549992100867 31.388111386954851
8.9761612170239253 4.4296144207664252
26.279468970777721 28.722102734287851
21.476146425086903 1.4667739000468234
11.681536314156686 27.103871161183722
16.846786097451723 23.450640558399588
29.254682379604933 20.094258798401942
26.626787120354564 22.118119013860714
4.0231615763608115 16.382477658082781
28.276194235499716 24.327032036638784
27.902346141766724 13.715149362336618
16.749756062547 17.812069950337996
16.755620131738816 4.2990748546898612
24.356705757982596 8.4706626094419057
16.833101176455745 11.521125633995187
10.670371317132986 28.626617457427287
3.6019091751708614 15.446308183336813
20.922606349312133 8.1582303469605577
9.4819548764139174 3.338355044530438
13.807258958724598 27.358559673421464
18.144012720332224 25.181662848048379
23.311021995163539 25.303893498853927
9.9196860233433046 27.726037030381303
26.635318407556184 21.237401008429313
27.461100888974478 29.98837006688569
2.5992811074905826 28.195048077820523
0.62050931690012534 24.488021820216538
20.356460608538079 1.2805651148666091
29.389184463131187 17.208443094837278
14.435977885773251 21.463836255265136
27.479879219382052 2.6505283818835816
26.627774333015847 27.705408622059569
16.33329468998933 1.3391706427256236
28.572986298211834 18.107548308498401
24.479191271788189 2.6548532476307796
2.6757632703080243 18.331428066913332
11.263489565299466 31.494141544423783
2.3107495865972081 19.166069786432431
14.865534176543132 25.373303615800605
22.857170089978489 12.202789326539433
30.871353488635481 12.377112251893911
21.05265315738567 29.468656469918418
26.934693540836641 24.917764004646763
18.35369479760713 9.2305501676432797
27.911920223165225 28.609647484501068
24.001200379313318 24.185524754332384
3.329467632941828 20.721279699710898
3.493979520280512 14.096132896282892
11.007813128698558 4.5825837003330587
23.589349001544385 3.2482800434976418
12.406623673989291 22.830778725743912
7.6509401356127453 2.1666965559612694
25.345153557904261 5.1503416675554519
28.599614760328976 10.653807701751266
14.889765253216883 19.293369148522576
16.812014641943481 6.9510496005204399
17.137088098861675 10.454986064293324
18.631501746009295 23.732690181702797
22.100599742451717 12.384060951931078
10.05737865292145 5.1322311882623621
19.357004670374437 5.1133681100446511
20.670205152844478 21.628832598382036
11.558818529263066 10.758673375196562
9.9273183403744056 2.5382984285933103
13.667326298611044 25.782119846447415
12.002533939269776 25.159923584115671
13.783921351499588 23.445495675789484
16.796413554813807 22.648609194195103
6.9993729979572636 17.952211118310974
7.970776090337762 7.9052701549362503
10.671191680051635 1.7461647166653489
13.266254448769461 24.573211197995072
27.354686525286979 23.447403036002608
4.3245136652344351 30.915776664814512
30.595225072379218 9.4139329727679115
6.8987029551122516 13.973001841873169
20.640557783193248 22.962629694725056
13.524766056294931 0.35337415932375354
21.602681113127552 31.283241952587414
11.006100384946075 20.90545417458252
4.2725122516001131 5.8804632506105179
10.864654056553718 10.683135261788985
12.106328394895652 0.30843903808953144
6.8823811366982772 5.8490892637223881
10.740634028965863 12.349604684313338
14.60884348404722 31.022284948937976
3.0452018578414872 11.342203935511201
4.3588309873808617 7.8856681004751277
27.5249406836937 17.077558927782114
18.977984987970352 30.397120563144394
11.188723759729561 24.413174106627377
5.5549797573734905 27.869532077681622
1.4295458180936855 1.5903102471469981
21.808501523435648 24.784265865677614
4.8536510060647036 9.9942627377375501
22.591573522805621 22.145240833690711
30.415706278924418 20.422896568071977
21.323875173123 29.317919552042095
5.5323272547083606 24.672835291134692
21.370163606927107 5.0565391481623747
19.736956749060234 27.948709509506511
27.124466442126668 20.597259394051243
16.471874450959469 16.033336774410827
20.616672568621681 31.107623724505508
11.526113990796802 0.92164346147700249
26.444999917346397 1.3942489287935451
15.790641002345772 20.049524929564313
7.9288485944400264 21.510459376803055
19.972660378419373 27.664551081466822
23.593226860360556 6.3322807276566024
31.289816951625504 26.766341785398566
14.268176868025463 11.27204873823943
30.642374255333383 22.516235285276089
1.6105164093612094 22.145080573764201
18.975650958744811 26.64367933431301
18.374567561159569 15.75237219881028
27.625374430560313 29.188376991581059
16.542263331525998 18.867060704572435
15.018004267575582 2.9223346088182027
27.961853874423031 7.8233412432164693
23.47744578646147 26.333126171982677
5.7652485076583071 30.83625140187565
22.354638546100738 16.952794345110959
11.780804563540521 13.957571357378963
7.1294764162259163 8.7631714730973655
25.598722833436224 22.050343491220307
21.458219371826885 18.162071956043739
24.620525198712844 3.3452006910260499
5.6630077034358735 18.825554809476564
1.3302037914728901 28.187504285572793
28.519944541657093 30.307817983329574
13.319323852222631 19.892896344447784
27.656194950265501 1.7748192796046081
18.500124763303813 1.2652393690996082
21.765938850089793 23.550641994007378
31.111972673505615 18.419236087637351
27.632561613752415 3.2740318176804784
27.563066065886929 0.76496012861650353
16.13089307264978 28.510073477782125
22.849970610510084 18.754496837096585
3.5800783074639981 1.6963655200410601
9.4343959855285178 22.57683335474475
3.5901778382409719 12.559740796535287
24.241308918334052 19.255080525316217
6.008766634502047 7.5932486633424965
8.9042776886172206 11.320107391138908
3.0868405308699836 26.59053248708414
29.869797311325428 20.902940332165983
7.1190098607026133 29.236531363599763
21.581660906828301 21.000005948015922
4.3770811553844373 20.035196180187693
22.594280032609067 14.840811402694802
28.438277965399198 11.295423941523602
8.9033038689293775 21.922159128072508
20.140148537695133 6.2197451083276931
14.517213490037982 12.012224164732304
2.2473549583520556 10.453126710615786
9.0691428276099764 20.645428030499176
26.400748978336832 2.1369276649538351
16.832457652937563 26.932455166500468
1.1254627956669994 17.976523509710198
18.502616328324986 29.150777563480435
13.476732023979162 18.732135522022908
1.3754380429603497 17.538698122774761
23.39774285797456 10.35329555014938
21.284818082112796 27.828853601773673
27.758355230367165 26.756589971377494
18.189646763559878 18.262377115525677
2.0408381664326209 20.26875399147826
13.44669345718682 16.883069014644853
2.4644292426019465 0.079137258455029488
8.3629985500664628 28.786409468255879
24.890369886826946 20.915641000276302
0.99414318038041083 30.901969393467894
25.716100779504078 27.074004277707331
14.726820203864179 0.88283728278554374
18.104271408569492 11.877835275672647
10.967048677554093 12.255641328048373
21.242913166862213 12.042317752776979
16.748539012014572 0.43377866416588895
31.478537117064416 29.447114347216761
5.5093281273688914 2.9041815777358964
30.563022092587222 31.448307483865552
19.373424890410153 2.3897519215874774
19.787432733836162 10.067013139318565
10.318421014913126 14.213666895249101
13.730691186999447 2.4743705254989363
3.5320675019657126 9.3897298485877645
3.7662067436176034 21.145100610722313
16.39694648871334 1.9869431930642951
25.744748034694886 24.065383043348444
24.134117443617686 4.7787574991351072
15.632712919004833 5.0079562543750287
8.433775774212199 11.136427204447653
20.603448097805483 3.2224725113001038
17.345667766131005 3.1167192440786762
11.268129674330941 28.880204833059079
8.693766158194224 4.0391917370151891
8.6202832376442551 19.208459436189834
1.6608445591949312 0.69056082330669966
11.233500468075121 6.9305136248492669
22.747551397070474 29.845724737662401
27.724201445092138 8.9329976403631317
5.2714696363172697 29.738613207436448
20.473429669113763 24.38162859330172
29.951547905908225 8.2593847661400233
1.5838582930113243 24.163740739675813
8.6103894862407913 14.62895382574335
12.697898452357691 24.276525096762676
24.960557117028944 22.582621002907672
26.956922740483495 7.3152452527719847
0.031587585982737851 2.7021139717261269
29.439942246367764 17.138730218310101
13.07730028928381 30.661702861296352
9.0281495461141024 7.8903517792397855
23.604361570431919 30.954158444364321
14.377093944111643 12.874053264094671
22.137842584186497 13.157909009469458
27.002562382129561 15.727175248302265
17.674297517715715 10.774026135455886
1.9541161178724704 27.997409038629126
20.81920073151128 13.390141747317719
15.862278991417764 6.1494538860176933
16.213678535023 8.9977784893859649
25.539035653210195 2.4115822441541237
2.4460460338249654 27.024761705262542
15.099136125567501 15.637383507688956
3.8165165593524906 7.3056330514533077
28.440501810517006 20.116817482050344
17.718930752405349 14.491842152718327
4.764211086203419 0.65583600553009946
24.824691146609975 24.879198627762609
2.3576525993579134 12.298079881933571
6.064302875668373 6.8872185034771647
24.064626843213176 1.0894494283819927
20.741914365323247 2.4860474952297764
22.787025939188023 9.6357352438844579
17.997373751541705 12.506617656486602
29.179531737144721 7.4185706624358883
24.495306899833647 9.4711558567241916
20.575713391378819 18.870185014351907
27.793088716736417 26.158495367813487
19.196259341682037 23.9216926307612
29.82009435411646 18.933025839768266
19.303951771653299 25.740196721397325
17.919290058799287 7.856346992045534
2.5251839712215731 3.6305215463917504
25.733270355740014 25.862082052767189
16.512013925986786 8.086635330788857
12.109596235925885 20.079156480554797
30.639918788395349 8.0847091683592875
15.977531132812375 28.00617749379089
10.47437281650363 16.687020856720974
26.866138582914356 5.4672172020616143
21.964891735813683 28.331675131874505
0.53838849708932301 4.3298623941544667
0.84253252399709999 11.644481651440575
11.55635798319507 12.857493739370396
18.627390057354013 5.4174045874736949
18.556275475631775 22.136997362291474
28.230606992435749 16.827856466118391
7.46643775470561 13.445393196417465
15.203512784594135 9.9799992645550191
11.802924223650004 18.368427478169533
21.348700815725497 19.867067001042841
19.920107027629502 13.483153016289242
5.9004411213122401 22.061658580298673
16.079371631598676 3.3223334179010475
27.625584327236776 14.551904428562301
5.961640063378308 3.6209702510011601
24.295234108980853 6.3081572534939543
19.808079648304979 14.302462813547164
30.053405413504201 0.91439810930136378
6.5424010475317305 20.397793688536701
16.718513206182426 15.192004127512277
24.685563195531927 17.8258035367095
12.308530505815151 28.129903316832124
17.488166997654407 5.4565683740071531
18.103700768715449 1.4483970745550097
13.24247223682568 11.504885158723885
21.759559277098212 17.967651855887166
16.248546265834356 13.8969386268103
17.546252023502937 26.470763840487731
18.585632438647373 10.543023153968729
25.945790935652632 30.042463422954587
15.686658325513433 4.5440161985066947
25.011356797574091 7.414836911984076
14.689153514585486 28.419937180040783
15.665623865757041 13.711077153844073
9.2825112129928833 2.158454357070521
4.984936539803658 8.4896259383388539
15.23028906099011 8.1790944140065598
21.346937454517438 7.6784002878904865
14.299515712904707 31.418928588616286
13.477493312363684 29.946375429085588
22.685109460582154 8.0627879846116315
20.166336956502395 17.093758903371107
7.3318774948354593 25.840439212527858
14.160253871530754 3.6778527511252834
13.312014208365067 1.0841161924454288
24.618291615453607 12.415724139635325
27.436683317770292 4.2228757767964709
14.199988458096326 5.6999563069670911
21.255812546076434 15.142703128612702
8.6525029825868369 5.8771370606935127
0.083400729095662415 0.57226480087303611
28.968123823134711 26.339885129470591
22.900201565365254 8.0122389101979437
24.159361854568321 27.385393827711262
26.852451844268618 6.1751679885199211
23.123716165264298 2.5382323165697094
5.3657951477600552 4.3645197277693004
12.204892422205637 4.5401664746168997
15.384412834323047 29.271361560911981
26.030529174188402 0.48597559983865513
1.5031044104405871 9.7341540146490875
21.94620231338207 9.1467581913358913
24.213728506421415 4.2268987127712903
0.84383009149104515 29.115832824909333
17.699239475306925 7.7605943828753485
30.287850949444937 3.2578497895092449
9.3452409017317049 7.776167777524698
30.413112773322414 17.73825000768862
26.397150323870967 23.277526483263085
17.983354368643155 4.303249428973122
17.297176172496236 13.710346689046078
3.8441140525125803 17.324643119589723
17.308633141079142 28.914455323541461
12.847358715911348 1.3954037652559577
9.5484788652207868 0.9932292571401905
14.793086911145878 18.274180612534977
9.0135415770141645 29.900171097284364
5.5616026975553776 5.9409499999584527
21.013645758909401 4.8042354572955759
30.740851802953671 30.902437344015258
6.6673794135743618 21.635714544826804
29.502249021324126 12.101840317043958
26.753376135483535 16.520333360387728
12.168801254895119 18.29045356902671
28.838535065735538 25.346056061163971
23.218611719211928 19.871358525688091
26.98667192482116 27.214260449630675
15.050078994076745 24.470494816730529
0.86176810332387566 21.412083548346654
18.882541981262449 12.671628992705209
5.4049154165759177 29.260550831136882
14.503227344006943 7.0374521521264599
2.1365177172804275 4.6671587844660669
4.3529163915716431 24.756808567118942
12.27765815493885 2.1138357424762622
23.092870166711783 13.662423932839202
4.5004200360543418 21.495140358319809
22.252817153600276 20.14830449038547
19.326380889946737 10.642338475810808
7.4306093263736042 11.929828436732425
30.724860632121132 15.650652614899171
31.398477050549449 23.945463810075616
4.0916776249724212 9.9894474707757936
25.13343773061656 16.994285551548401
25.413282052579813 13.410917200324416
0.32008697251410473 17.127291518741607
30.800193088516217 21.449320690505932
9.4429470675576486 10.955850725317079
2.7581542219736814 6.6342119025337301
23.322579032457448 17.026153740753955
26.0614889197001 24.931057702640185
12.579845725060244 4.0862592651374099
6.4870927177488538 4.9263141265847707
14.039940554930636 24.780492804009494
29.620302624910806 19.037643940879562
22.477076717486231 4.5434557113780238
4.8996242233301128 19.295012362431141
10.19912949354778 4.1680226350748768
1.2668612188077577 3.5933537562117466
22.481231307004055 25.329472393653738
5.2441406000126269 7.216381458266298
13.595736969263694 21.192970230356448
22.724623110146926 5.8757926552101694
10.46516049116652 21.610636328134198
25.894685743104056 18.942713810309868
21.772054743589177 26.961414938926787
23.609937051092203 7.1000615393008015
8.0674845778300668 16.523266463328383
28.610923596313977 1.5312712866974636
5.4204023936732284 12.093811573255875
20.301796083618722 12.125151953654838
9.0856555587828556 12.45096022849175
13.787051599196388 22.575776143022765
5.9613417333815049 19.41684411882661
24.667040228318925 14.888424728914195
15.487034512264799 12.578119962447028
14.978328234267865 14.0897012320175
9.1986228315994421 19.566099707899323
27.362133456664221 25.152404382387001
13.224039263655404 18.364350803505797
5.5532403864090432 0.37359249320581089
11.021163943183401 8.7642901426392115
12.252039943323721 11.386611717685144
19.166941156430294 3.7064496051108025
16.431380240860694 17.428924721603376
20.21749157951022 6.3834929659219783
17.878815152938255 22.722942017688311
25.644440865461643 23.471113688774164
19.957556936030432 19.334578034463149
11.404842362131335 30.050597857071402
11.19403355749084 15.84857327825245
27.605112008910442 6.7486848514778099
24.334803401226385 23.936676436483062
18.32408335775774 6.1314218321592584
15.813586934101492 25.835740830182289
12.91502094320381 13.720387971759566
13.612524761630365 15.226259464691129
10.247513748941699 14.969763833017931
29.543935178120922 27.814863627569878
5.4204373099747754 17.528291276020941
24.169680584398847 22.362362192233856
2.297640622894908 25.158354513667256
30.845302897580456 19.324814699413608
12.835582264209034 7.6526288289050646
28.461581579818528 31.355832303654214
22.923812365717094 11.090697346445394
3.4771420652946996 19.091780235119764
4.4619944464885224 30.438448438335175
28.064045106785603 13.333036980603264
9.6150675814373905 6.1921634656041471
8.9580143549290572 26.854138572800739
13.490785667498928 16.63059858610654
11.260862953835101 27.647991358502498
6.2637838418115788 15.249785484508838
31.501275496056085 20.123441645998458
26.453133683428415 13.502858376199541
20.176732633182436 12.034782574341355
3.6838409540579873 12.661474209208178
5.970219770705663 10.54495138213454
29.278911887745434 4.805825713843773
4.5828193611204266 11.271327851482516
1.2616344859686268 1.8191188758544863
5.4097497026545467 23.412343322184583
1.1342612581719564 7.6292468518189285
24.30088837685053 25.622912590900143
0.41232843699609711 8.4764406545244064
7.2674528191966976 5.3347436611003589
31.452699346661095 13.925949536565719
4.0460956965193979 3.3726878259784234
0.2978806968485061 19.355273750944974
23.666637882883737 28.144053579234445
22.804238173277035 21.441475585983024
29.064790927438324 0.067692076695492279
5.036226333987341 15.833611199321895
22.970477292920492 1.6176586281873189
12.222515978860907 26.529589546561635
28.078086901919129 20.363296163241674
28.60487974726567 5.9628547826964224
18.932830224684139 13.415605327824087
14.108642666055459 8.7872941388098127
0.61203256606403178 13.691524869106241
27.560527311415516 12.096810296569464
4.2340516636120817 15.154099347015746
26.105317145787286 15.504936786886764
3.560756630934057 10.808069307753257
12.280380007461181 29.430251358728551
10.280300077512242 19.756407177584766
20.124420399557618 8.914003160747372
29.712311820375476 22.980744694935368
27.95776951506355 23.953765179598385
1.1924050942805045 13.147531508690388
9.561387878880236 25.324338184265908
3.0034512143027245 16.236410132192173
9.8321608603624338 28.48137888081396
4.2938384785727726 22.795007975125507
6.43458469106133 25.944913478657025
18.935746308382196 17.927282986350697
16.336289813773373 15.193107694259938
12.489035472683955 15.237347125618763
16.362172813065559 19.604665108792496
11.796192822951557 21.484106321805186
25.66292925783549 0.25074053102739224
3.6359477475310165 19.514431237576733
15.55573903187676 22.695577878783912
15.526498038101245 11.828632456073832
0.59850933588050792 6.3245151271739495
21.456665890599403 3.2887870824030063
25.48026959029697 17.817449509378015
13.803770885565804 13.979234626412831
6.5336766057576989 27.217018739623768
16.921099288326559 12.958757103403414
24.815497185200456 10.095159347042594
17.207360492546307 27.851429001513203
12.543730426264112 23.412049479904894
29.906441002404787 5.5808738340536639
6.5683197448942892 29.711401204705957
3.0519684976099524 25.059720952898275
9.6527609854324883 18.553287057934668
10.495678847686749 10.008009593147822
19.302281919352094 29.647964499755325
2.5497993322787487 21.654892294842853
10.975438845942183 8.8900237716719595
4.4387681793116949 17.561316667013475
15.619330864602672 10.726274324973934
30.07201745872371 4.4441794651441473
29.126506572388184 29.771756719705845
7.1605873502050406 23.677565582769457
8.9178842388434916 27.76856911761795
15.286870749636179 9.1405849103559671
31.004530260068695 12.438969649429582
12.706310556812735 3.333391886944435
17.818552422400636 3.760676760405183
5.7253729999001957 20.991427090253151
23.814233680180521 14.261880469257095
28.811015682677869 1.4847610860040059
30.919381054401406 2.9478207025183822
18.094005604962543 2.5494436249067953
0.47819941688054207 5.5116294887346546
4.5044244928145147 13.8766507325333
19.226287278709844 0.24012378166945467
2.8945507614932104 9.3027807371950804
5.7425858489538459 13.962382464654816
12.721797793965804 6.4291254845402284
13.751685373999473 8.9222276049160598
0.1513604068291361 30.276384166787807
1.2847293315298833 26.218528860643119
10.438873131296878 30.114213885330599
5.2743310779313166 9.1484302513857738
12.686258532740259 19.800124747297453
16.340184868610439 24.815973795589169
20.855010654716072 20.077391185351608
14.93706208415416 27.079042551320082
17.866822593208486 17.424681794145457
0.87005755618203906 25.10029206196068
26.894932012847423 17.811386438149214
16.869442017762239 5.241786786494699
13.920609918831261 10.46439276565911
3.7337919957913437 26.147556452023665
0.35113225552828464 27.623913548917507
3.9786382167634793 6.5432111496973748
14.563448902983758 19.760480587876021
1.100341247666089 16.220315384301905
3.8317433082821508 29.591335562430956
6.4646010079056486 22.801098164829483
24.080973444442879 29.737035082110559
11.314170600406309 22.855655969891064
30.240820058361788 16.212929882551574
0.98850369663347126 27.030251816173312
3.801055962092343 3.1184855548067594
17.605485453147995 31.200180902256079
1.4995178573313712 19.331750187376649
26.259061084874904 9.2340991629952249
28.763485360988231 21.785578653033198
16.514492346140631 24.694712779752571
16.061212395409299 10.436183770260264
8.6014165004868133 24.21252951523989
31.15499671130004 25.330245413189687
17.805796486269671 30.650340405526929
13.717939023682703 4.31898178246644
28.835445757375272 14.941625342721979
30.328885419518645 6.2426907367766891
6.7901712645992998 2.1826714662217936
14.540211939252668 4.3241776298062859
23.895479835342091 16.2019077695928
24.083521450150339 1.4028275481654926
10.761928941820878 19.63201841561181
6.8539272728145955 3.6388514545990858
10.214453018784935 17.485945986302404
24.816646137659024 30.552712551355725
3.253178578700505 4.8877564292521036
31.565619778104917 16.548915880937692
11.928210006111959 16.790959106665824
30.222310491416927 26.454856407018916
19.669740032202945 18.930236785153209
19.314534410039137 20.947305606401851
21.367125620306236 13.830038918726926
25.693343483036688 30.763487255965774
9.1089544569559386 6.3206080527764383
5.4553574250406278 26.53032953440621
10.281620446305334 23.252655519802449
7.523217340955731 12.322141981323536
31.06282465656318 7.1854995747094241
30.928356482093172 5.1925985688293164
31.245254730140584 8.9782151119139844
4.6683065160436756 13.306464852950921
26.676086898081213 11.28605290662674
24.810283877520437 26.148735210145876
12.702350048846073 7.6894567194610071
23.327830932307211 9.3619739347513242
20.645464197337489 10.747131701853723
20.334834154687407 28.582467960122528
11.454267456923219 5.6271000374810152
3.8010225550794887 0.16371728608594827
31.269034902489658 27.915187059405906
20.106047335297056 15.722725760176301
8.0530273289644381 31.158722891780815
2.1502250448815148 20.583628331073982
21.292602396489823 25.582964043057384
10.811302242290525 3.1794348374184591
6.0404032758117507 16.589973894701494
14.29599319093294 29.111428218474071
7.1957703141189535 26.607691661034995
11.467458103137895 15.77167210891284
2.5326416704597738 6.61107769948035
23.511093896084788 13.328100890658718
3.6040297690135219 5.3261100453573347
24.623616956040365 13.287065384754602
27.77989963703579 10.566543347046768
28.727026266307249 15.433198854604353
7.4136887064472869 27.864838674256045
0.30257095764449898 12.485730008025566
7.3214741113469275 4.1106799663757227
13.784986090398089 2.4974622395407891
14.204585134734403 20.528491660971536
25.660424875387996 21.080195085438877
10.714257829659658 13.940864095419952
10.356482119436778 26.272518777193415
15.488035441437937 18.341578176964767
26.500835315312873 3.3125520186564974
22.665842565692422 24.083000426160417
9.0452591652646017 14.760552827599478
3.7912147892713879 27.872318021885953
7.7411939642240375 20.342891895150327
29.201847790886511 25.598206096381599
