8.5470621193459415 26.047982350862405
16.880380190180674 17.59419370550858
28.63236709698095 10.438995173625432
14.133664897320825 5.2135921855921055
31.440753166085347 23.784395914956647
3.1419067821581086 26.085151811725019
15.749313065242973 25.592178581925417
15.490522724453076 8.0455047435750195
11.873243165069018 2.6269108158513022
19.841817942203281 30.860727546294889
28.772906908573002 10.763594062545836
21.999357195696913 2.0539493998615383
25.161329152739185 4.588635559138865
22.057899862575653 13.562249873255476
28.289195202046237 12.301633401216366
1.6627137266865133 10.239651882725827
8.7234184746989651 24.52114711024991
22.482867517934157 29.940016634755619
29.606689271524875 9.082424287250511
1.6302892643812972 17.417690862700287
26.667163306816985 21.273645449034007
8.7777223121221351 17.283921750117116
5.1044207045086853 30.263776530219307
1.0144910997938101 26.609813724108626
31.141402620714267 2.0422442607895861
13.042617955177022 18.025232905977365
20.251369008021328 15.152859334523114
25.647805316312205 3.3118144332529011
18.68356995952244 8.7523156886516364
23.557954726107059 26.628759113157916
8.9349410669900671 12.780642131804935
13.155766752675309 12.688420606337937
1.7876222559908994 28.469507314815456
26.67283081917212 6.6748505673700533
1.5549262837941453 11.295301317091903
31.335313480232585 22.99593449977306
15.604855382023022 22.485370111726628
14.000609229941155 20.704538408943417
17.530010166833492 23.002219547770807
11.162828558294516 6.2180458827747476
8.5777990411680829 16.151360395884094
8.5073208614902907 25.629673292262581
3.5894603827376779 30.651690473770827
17.206176762108861 26.54114491071779
1.6586063787502927 24.824234683666791
2.5059833567744692 19.913351820979539
30.786356672448598 16.392830833584561
23.814522982395331 6.657814411704325
11.270085654053918 17.677983643448979
1.1016344708137311 26.918450450789802
5.113478621769934 3.9215105961338415
22.687458824992479 3.7725750656318562
26.509768442157714 1.6151511001750876
17.729375486148573 15.358884354097711
21.609760300589294 3.5000743066769004
5.2499391341565476 29.275982457930073
22.102506703910123 6.8479816210145961
0.16358050514743824 8.5007662135847557
14.036524412366512 21.502042745906934
16.913205032770176 0.58014776514466548
22.465704947067692 0.062865250418618318
5.5868901479354625 5.2385297450465238
18.326777400487003 5.9926866959113125
4.6074617718321367 24.701281243847635
4.6360658599597997 12.786526109088497
11.596023632261131 25.855983772095943
11.382173805495979 23.191767437888991
10.427773362893767 31.574703585071443
23.050261587672505 19.582394408198429
6.3095057997897177 15.182131926799521
28.918373275206456 2.2170945270550986
23.205283910182931 21.237263886855782
18.391782929175445 10.274981276704725
31.154111285848309 31.505370194266842
12.704049893620153 2.9791666131356713
24.046851701529388 0.63705687120840726
25.501905914202414 20.399514805433448
15.629307529156158 26.210561225550641
4.3833884861580676 26.446432510088226
9.1150318562068602 2.7261282665810738
30.515304240356091 3.765803366067904
9.1993905330881844 4.4155586772713908
18.291751475732092 17.675874201827998
18.973035412140771 27.343011333443865
0.74471302835683595 16.96078794772016
20.415546216981028 25.291992391142809
30.693532828860526 19.758682517599226
23.531813057932855 14.117104756958501
25.35502332022142 14.580037951211674
5.8657945328905727 25.865590720135231
16.404563285916055 16.298362665118731
4.0718433678665251 19.270629712871795
14.951928442226498 24.05127189929004
11.680371036729662 18.923184048293137
5.3781105678742414 23.456694404115513
3.7181913663614057 6.163134066749679
29.052151785789125 14.701612011460298
5.7606346021269941 28.459880782712126
21.127708952894331 13.473656031762157
25.788487537508935 10.659551460706224
18.212806944029676 14.506091144108035
0.76812256912686794 2.7764664432335899
7.8641048026052554 15.150016149892217
0.24450787602714152 7.339457475060283
18.411472550318994 30.591050367585318
23.857643325559692 17.092369497260865
25.08978530949673 27.506556619989528
3.0783839226372445 29.155830698890039
14.407017524642811 23.143161831694478
31.253567222777733 17.957455163609399
1.3449521892719336 22.709724114271591
20.404063808828337 26.954979716306269
29.055879018953995 26.361310566063626
1.5809832082910049 7.9888211795271058
14.401051713145193 12.059290456042341
8.9321248752875224 17.986318321919565
25.581687057333312 31.571831230494933
29.037575021332451 3.7963466289330765
28.29586094683625 20.640277977334364
31.412622226099678 0.77681746092571802
8.9781941382467672 30.831862574148548
10.091625574838112 11.870194400288316
9.1130676742443324 22.530521453073103
23.381841850354295 6.9291175500710844
25.210497232405437 18.830094573575686
10.559657908717119 20.150224316880035
10.721211739680459 2.2871391253478799
26.770856393391057 13.206551466061939
14.297184118890261 1.8402466063607836
10.859053670327224 7.167811131342658
13.8155990900585 2.3259908633711643
2.9142104705829022 3.653250144790066
29.339922543412811 5.9183584207783531
17.060931692581274 31.277908512301309
10.140880698056185 27.374387620483358
9.3401330571818075 1.1774785288484644
9.3409403949948047 19.519282844887414
6.6469110856992524 30.235909439386486
16.186932769033447 11.095561761126678
10.156542363109283 5.1109026042704411
24.628890686163402 26.04147993089892
23.840109594096667 27.610870852241717
6.5739035912781887 11.550081451682281
21.228202483277443 20.011785603846974
20.90040700842221 7.9713831654135916
7.410895731064099 17.403414809351407
23.073203654827303 15.78291887159836
2.7660706002444582 0.91360671073230493
0.49484605083554944 29.697370935452515
16.172483971817876 23.403259921056115
9.8893893897941556 2.9115111096055553
13.935591415604593 0.90442577345567265
19.289102266228127 29.988029239669235
15.658560661919562 11.913379118338401
0.23574042688716218 20.207809449455546
19.424963475608397 14.519148384986341
28.693926689157813 22.81006793918251
29.807908053194605 7.1162673559362322
24.536438225199223 8.9058889385035833
30.680014527230917 20.55668659522879
16.104003510277639 28.542086936363422
20.624588131642614 24.486195976532603
12.052619970984249 17.415898645362414
17.901046579496398 20.50975539202765
3.8978409570942474 31.064906783904416
11.643472899669097 13.355731923556329
29.039019966986636 31.258661031581212
7.5770288731743758 20.219230800839409
26.518844148603151 16.290001065867145
14.049894370695352 25.337985044736985
18.759159150719999 2.2989576800216138
27.209152646057401 30.525069464406318
26.369006756061022 2.5952590377040314
9.4051246290963135 11.328594083657759
8.1296207899186719 11.195802035861506
25.627566048348303 17.179031404863853
26.679444265898205 22.919895205711423
18.485596172386437 11.235286513542826
16.006977526080945 6.1555328254403214
1.5713402122288291 9.5153394713609121
10.732912715548645 25.370671193836269
27.507860424731849 2.5330752713436011
24.10651695754736 4.9599610467288144
7.0228530879161246 9.4589530012212943
12.030719626645652 6.3795757125896237
29.374358062656182 27.978092909831126
30.745968863771125 21.938030024481666
24.018484175562627 27.700317259400173
13.114424306468768 4.1479436525401558
4.8449436780807336 18.836013078219253
29.618140434541726 20.113311732933941
12.446562594914543 4.0633769115176825
6.5496866143655801 0.84126785447957508
7.4263876288690192 8.1412580124121732
21.024656381753065 12.095135791130945
24.981531043808616 26.159773905667887
9.3708428255390839 13.670562311750357
24.839910641163002 15.688420523675731
24.03653619729478 3.3814521702393385
24.275757199343396 2.6245912308010193
7.5828235142568214 13.650992918766109
27.825168297825339 21.508492142716339
7.1130151212381421 26.170764376470114
29.476412897739767 19.128408721090583
10.730181530045961 13.860622613259705
12.84767486987433 9.5850392094098353
15.269185973619972 9.1019485434485308
5.5634064996725021 6.4966723351611604
26.244362840339647 17.197733640070389
31.168057571295741 28.841476762000607
10.659632861364042 9.336686848545396
12.252990945077263 16.889165331243568
26.891776136307719 8.3215187696914246
20.501478322497917 13.289428017026182
8.3550306630833084 19.675815513869981
19.487532319483314 24.700628617599264
7.3485270909969538 10.632654866600058
13.36991755516374 30.690214733140795
7.2216707979888053 3.1442410614956131
5.4919991566103761 22.828198552510685
18.107582447561722 19.313719964816435
17.879585838666216 25.313548452427863
12.093565616460847 19.951651488143071
15.475578063686713 17.150820266922036
29.393915006721716 12.567084740436748
7.8760124755489471 1.5372574372095726
28.660359770627519 5.1870287559681341
20.579491264008183 21.473063229912643
21.14271800109978 30.60835679227516
21.695152755420146 26.478418666736793
24.344246410904361 22.465048411695644
19.009180427302383 16.164989230220677
27.429708898733431 29.889702692372889
27.38231989296164 28.298028914275527
29.020497441704439 3.8245905395040634
7.9206389596609084 31.20245050775867
4.3098174661105482 14.150338239306601
13.489207327393121 14.187411195552917
2.8950210952031048 1.880863884964197
9.9788969655013826 18.624562207463001
6.3975854356352171 1.1397749851835433
3.7268786240158649 0.32814073160895341
12.433137044543479 26.721954876131974
1.3122083936850319 20.943944395105905
20.038631862840116 23.535104252088043
16.763924392751406 19.083739198310926
18.1190143116401 9.7659345057636742
5.4462349052198604 3.528698204272922
0.401477989759294 21.47133465775752
28.867692660647879 24.150495029421236
23.820198368779913 19.205198195855587
1.0648400014675041 0.47895314023981361
6.0049939470292859 2.1643011828272738
28.981636200020695 13.779884186363264
23.204791461649904 3.6430756126769377
22.218977302405907 27.806946160183994
13.754226386389636 16.778875956424521
6.990505670205466 27.52140187788067
28.138776070893826 17.609458934088224
3.4967109248245043 14.755909447455904
11.881514938739574 7.911156042819802
12.29136964631704 22.307290225159687
4.6777776132677298 16.776292661340605
8.5744489662799417 9.4005289389932418
6.8508217066766663 16.567161132824644
16.966844100211596 11.819046385007438
26.695906458372551 15.218811182337094
19.233603775952599 23.362637687578609
23.116525239722105 8.4797526461494908
24.814403935933743 25.178006464205048
12.516074471153056 28.337791809625561
6.2850427347480018 3.0878434380172619
6.5565992142856082 9.981734915287694
12.641705044274266 2.1625811903313923
22.939994200634708 1.0262681412290884
4.3086615238575412 5.3762910032901594
28.596847952921909 25.978794630235829
2.2935696391342937 15.297494814377956
20.759918453332773 29.103773851311576
29.507801914133452 13.840000301350207
24.499911681026141 7.7278379628802787
26.289600583565271 19.380471805701102
13.636192064421019 28.799431167788612
17.860878154728315 16.699779424856928
30.838037734819178 8.2458144962406852
10.359427022003024 1.4624979846444359
25.682503837378682 23.9065228893419
18.817221913980205 3.1777217258729928
23.687525841928956 31.028924432985132
30.514575471147246 1.0424642497109051
27.872700629918757 10.240333717101707
11.501104703112839 11.146962449591346
19.193549328799769 29.564179728718742
10.877569326604716 20.154970528144474
28.319792471824378 16.465087269949105
0.89494590086531345 28.468366297490931
18.160894952062183 4.8426200368562871
27.726127101938705 17.463195801566343
5.5378383287363402 21.520436491973285
16.775505380585884 30.437488281650271
4.359432298463175 15.276199805423612
25.631203141509239 8.6129453349437295
30.675899272077583 14.672814669092027
24.246284515971592 20.47865367977931
6.4763294541965015 19.492204658520574
17.301574013121886 13.602091954436442
15.822948277895279 9.6213451978214302
23.167792976750693 25.08099861455668
9.642564051942502 25.900454017394775
19.090750789281046 22.029837961387472
17.473061116999549 3.9530724492106413
19.004005659154018 18.228929532885488
31.450156480641251 28.059424342649002
3.4949718790840545 29.682006308331164
16.978840495141199 2.4034220059321996
30.69055136886341 5.0265200600892959
4.821312528532661 25.464406266069251
7.6286384415391861 0.2514280107393046
22.396829890331226 28.549574585249477
6.9894109994085278 16.574680494328916
2.8857055825506137 10.07939353704977
2.7232911910271533 0.35168590278497641
28.037274654229062 23.992375398532715
27.477612040369493 26.989702686685796
9.3022194767222182 3.0816034857756609
15.164653964759253 15.576166796151659
16.999520228430054 18.132150280894692
22.45164405896675 17.883068686321515
16.134134945440842 18.499860007948378
19.814128896367308 6.6646086614975975
29.47331175609618 21.064047810923078
8.8629796296624797 0.40988777435092438
23.161543575693255 2.3872839230152305
0.50830292667102073 29.705651670614625
7.0003703913072224 20.369386075864703
17.455197793795595 8.2752699744470153
6.301167883780872 11.467319498123134
18.648856329165547 28.782233424502728
12.892351735533587 15.533721900027205
11.65510268418816 23.859924477782545
1.9284420589932043 12.241084097201675
23.941317005173214 15.51967082853988
14.558712381454841 9.8158993617117005
11.774340277509188 30.61963707957803
31.148856652589135 11.011249102714643
3.8613142332053627 2.9648677718150513
17.178205416356349 6.7304636229313877
8.9782433384597784 29.067619460545654
31.488266974582224 7.1709210802049901
26.985542295571616 24.707886969175082
17.055843366572145 7.7101539593446304
7.3583141129892482 29.246986090747139
5.7465303202777038 9.8103660525161036
25.045304197199663 18.331006608638599
13.595739927025001 13.358576622476585
26.12691698879658 29.383322993742517
26.713237816370967 10.588976017145647
27.599958538584129 0.33337359896082058
6.7091000419587408 14.914015605375099
20.021698376387139 11.016484732890051
28.675977221275318 6.9415226322786125
31.455885783037854 14.399791040635758
15.511730866622029 1.8231320529721331
8.2199420725667487 5.9687716238509232
18.546438880684217 7.2675442362248175
6.3228134783736483 27.055961858210047
6.1757825663539574 4.7462226169445527
11.753140480418859 0.62115105951831007
24.495378515074943 7.9362330860573387
9.419786464072752 8.0234310775194118
14.273538742741001 31.575576642851271
22.420606785801052 6.2805929473376771
3.7878053561822216 23.028029354678615
26.038266191510409 24.961928524542817
9.7585231455978132 20.867523839885653
11.264555996681155 3.2568832033298776
16.140789895923067 20.032527586788767
2.6257822228878478 13.093572763862225
18.227524863493738 4.3265544733094972
4.1033379882295442 8.9629387776948377
7.5590750656982504 3.1500605073491514
15.276598035516361 28.463031174214667
30.737229690486316 30.01753755721198
29.853624071143745 23.465757929162983
3.9077647047962953 24.772966097539371
18.359334379269477 18.468989462458094
2.3377658108357298 22.107371688021878
6.0312403187995693 24.856154565543527
1.8076845830104491 25.278822017900843
10.362361304892126 28.762467555374581
21.708620634222431 18.174830191960503
12.823633667875532 27.595736920905505
10.823649149207272 24.550482161743709
14.997728533952122 29.696337974158965
0.0016491864581329454 25.819718999285676
1.1351123004106107 2.2344557062116639
20.82845761218773 15.523634542120799
11.161123150109143 18.714910575981222
2.6891187405281554 5.3262311996605227
22.334859032159152 13.169105440839134
19.724850409606102 19.674357680406917
20.91707895017306 18.653887018263973
27.212689289931056 19.711180984030889
1.0929449546493641 5.7540084608498816
11.220322804862576 1.573785452685345
16.36359776903117 5.6691237047435488
27.943298428455542 23.08238928970685
5.8961986751625561 20.294575601269813
22.300406625079248 30.668130732621339
13.436205797430537 15.189269412862986
9.3392141782487954 28.930346918887494
25.193203320448323 16.026971225687774
3.4818860680254131 6.9123989729167326
5.1210128394032139 11.931246733442848
4.2254868081170995 2.4238068421602059
20.509571403539731 18.455884894681642
4.1923068571606246 1.39664290344648
7.8920579254777135 4.5183542297000239
28.457839291373762 29.32700713390539
13.146365599683472 11.186629072193982
18.81748083745266 1.2733570765741453
13.171039296415042 4.8726070373964827
12.742766381650277 23.220713360079269
8.9847293527511116 9.4339048144756372
31.475535327010476 10.090129221178968
28.403466010602003 18.954424276583929
15.191755824245353 3.1611669412330579
9.9359382894035502 6.1444693927302296
8.8098362805846158 21.402681961109909
7.3767519162541184 24.217865767464648
16.187910875696019 16.271197617656746
4.5841202171254052 11.105235233673598
9.0719528954561977 14.575600797197117
7.3074286832967648 13.775309843316265
24.532481734770592 23.650638951841298
3.0340325050828296 23.901248068949059
2.768154951738838 26.895377500688816
27.530870060989407 9.4766926211680005
28.283866299334409 30.276235562790927
16.518021067188453 3.8601877019856725
1.8854636724489517 21.365416453737197
18.344144525855864 0.46556059685852141
23.614961791579404 29.460171761872033
25.934204491508062 26.817115261985656
11.122783551997811 14.594000232470005
11.727859441915626 27.692073054816831
8.2386483616399104 18.487681812188114
27.63459855991491 25.432445812852354
1.4956770944375553 31.309492989329812
4.4055938107267796 23.602126346730714
28.426609271784464 15.685004889895486
7.5670263952150965 8.0089114667838643
3.7987128135662598 12.399152898872757
22.065301243862841 29.376520801431838
17.043904087278008 29.710925486763855
16.867165469995058 19.889848207359147
28.929979754294344 11.895267833749291
28.049882957763884 8.6147584773436634
21.151543532381243 22.283771394736423
15.201167678344868 1.1502756704337518
5.6907306879741304 16.565979506087633
30.32642204048274 28.281015353927074
17.39331289259443 28.099066289269565
0.25472940524332449 18.254241981369752
20.991491690296762 10.315539493023222
27.69261673762567 18.767037455930851
2.2257933927047193 18.804998664233725
24.703493631974563 6.1131775199744736
6.3305699045178274 28.729248719206232
4.894088757316438 0.55467665962096635
27.819807242979699 13.991786900938626
21.927163260472057 10.264758739288665
10.418818883881775 30.58228404427966
30.448689194315161 13.770485849479009
21.134702699358016 27.96511502118847
20.145830838306377 14.172856493877665
29.498114887335625 0.14939571917710873
15.273128449994283 24.270231705748181
17.568174732323229 29.474310693035324
21.688061038623815 4.6981845793176529
22.771698006620007 8.5084059477079972
2.010410664279433 15.796657773947366
18.819071530387188 13.519207500066107
16.688952470977043 9.5937579325080797
4.9892149109297055 26.606870447305425
23.654163886133862 11.838245469321503
18.820285345498085 15.140812020458641
23.537423883902235 23.58173523931028
12.561004293488228 6.8052618421269404
28.016740738590542 3.3867393320152135
2.912610478833312 24.603929587738016
14.920158510632747 18.564230771256558
8.3707111618965406 30.450634419108169
2.7880084782748225 10.693027393824318
13.271988080413278 10.642819624737381
28.859514699103485 1.5863442440015372
13.108154942439452 19.931982541977412
24.023287941469217 12.912243058249777
26.595501240500386 12.368954134491847
10.620529841083133 17.029018930593857
30.733627010182186 17.629448935844199
28.317841595069567 1.2059478073594274
19.153425283229694 21.618688355900986
4.6728830127638767 20.047679213069667
27.456755416730637 26.699640224480738
20.503537399535741 21.022174052393598
3.1042503319139523 4.4072402264028989
31.352436958929399 24.065894847459457
4.6898861782641008 22.288640882995196
13.081638915575221 11.794612586332789
26.641963117483161 9.5156675873635361
4.1087742913105529 21.58561433802533
9.6294430930466817 14.873014275910307
23.546252230832511 10.72702017296265
8.7171993106419219 13.15352041037309
24.535900504127213 19.839401922330246
21.220302510413465 0.97250965478225682
15.121635689376715 4.6753765882680973
22.701690487510835 21.74202909931034
1.7934403709487503 28.049462336340383
1.8117669239774765 4.0065847249435649
29.268393377435917 28.405289900096474
15.578133069916941 2.957253860995444
0.080258761699103121 27.509397675306126
23.172221320164613 9.6579431951273236
1.3269290195599697 5.476501913895218
13.516934764049449 6.4651760545077028
10.019022409609638 18.56546010684422
16.210835511920155 4.4599806086144573
5.8291384426439983 13.445366598907381
9.0766727803062199 7.4158141480236894
15.446186521973003 13.164227343483715
21.762441853427752 4.5535040854066908
19.035081545959333 5.4889268704228069
4.7946670131360936 16.404072020529949
7.0100289495969941 21.534057426340752
10.999038042652169 4.0039328507048371
29.786377372685298 9.750198524959405
19.920793160055624 4.5270208174326791
13.404325800774473 7.5032966767935365
10.779968878304986 10.036211745932025
14.893822663140941 6.2793624819740348
14.908677122621837 19.43553054681955
18.468529876434733 3.1206050270076373
16.656363011281936 13.508898314849795
31.227127459506431 19.235850150335832
22.149220946261682 24.766234561332055
20.402005318846967 27.577176680793066
28.481916921955342 19.808626056164368
20.49390889675141 16.740785001138697
14.263438497688782 22.172196670051672
0.051803267235271698 9.6777362231645565
31.328320516771857 5.9372670831340333
25.25713240724339 13.222525941880175
16.033478134753409 1.3913188215710948
16.958397495837154 5.1959214662675279
22.52604754192037 22.829921613479993
22.500423357225053 11.60269895290811
21.304239391097259 6.7013371213735464
7.0199684144379306 12.703022194134769
19.765729217509097 17.070768591671406
11.911005874729465 30.588099649577416
8.5509644750888256 22.44919169788065
6.7125940267429769 22.711262685241113
0.38133221906263332 22.238653924115859
3.4783840193955511 16.129710722895435
3.1536017469038673 18.145240552406271
0.97258881485925142 20.182315944207652
5.8627788089836601 18.006645751825406
5.6928132566473666 19.315060674711003
14.760826735291451 25.784640676063955
27.333922609405043 14.09960108770543
2.0615735846894814 8.5254099757992776
21.075430921935286 2.9563969580795582
22.050844343867585 14.449733139305042
21.878426710935582 0.039853172673206649
26.457738053772086 26.491339602070248
12.441221247241895 1.1674863552350823
21.047191272465074 5.5175820451201352
26.613691649944879 5.4549001256110259
0.56205133221274395 11.839518658456644
31.547385440356273 25.570722925652735
8.3121843144217582 29.570172533800957
11.518234227861431 11.954978343332153
0.73851722345915649 19.106920515184925
27.1737979247651 20.521272806400543
30.405111706155065 26.838635699396026
30.280272550347618 4.8816385061814156
17.523526029002831 1.9901117160135378
5.7073140878055275 15.437505267849842
23.628811156429137 30.837244152908216
4.1343725106005103 3.6736927846109966
6.9080329510774261 7.7129149625752893
26.025742661972352 4.2915195472002976
30.129862820605638 29.298337968657961
21.394071650228906 25.105983538162022
2.2797153115893858 12.313430345904969
2.631899474324721 20.829564164213373
17.339963988838338 28.51916017574171
22.57686797345637 23.928051898675413
17.437104290591442 25.376235124142308
26.073408588364163 6.5942633898361516
27.854081883896296 15.17492798977676
4.0212165468974508 13.030528184820977
24.14666025418396 9.7352561397356823
12.382310535614753 0.069169600909508591
27.418557531839429 11.457361380073349
30.032889097212255 6.9390849737788161
13.46763749885403 26.677506119921858
24.54876576634587 28.904601255046757
12.326364619239259 13.592458451025443
1.3415772151521235 24.094109642062868
1.2394210796498411 23.082114693414024
0.38785449093533614 4.8102920847202455
26.816797399258725 28.717995579094097
20.792335556561071 5.8528892982305978
12.25222041262901 21.944910760648696
18.634031920590331 23.539838884220181
1.348841419641629 14.802703827713204
24.792046460275088 31.375234430999946
21.133720193119352 16.962393060428099
12.24606927194456 24.431692601333371
20.740240141902898 30.533296278118275
30.887706425161696 30.777456007456387
23.58584049133415 24.911107665462779
16.778170886739037 2.9017605057889049
26.327293868838602 18.66356241579857
10.217602169006227 16.371996443256265
24.317001188030492 21.327117558357177
14.39629543919075 27.800241782666735
13.510204838335863 18.557781208349031
29.649985147693307 22.341347551375623
30.405163172716811 1.7409811007562284
9.8386194146739587 17.04191772877352
30.085095378331999 18.646407109889445
7.3862508755532525 28.787031635380934
7.6284574624297621 1.5143155289800978
10.325214785815042 26.983117417422722
25.384228795430424 1.6645607642721256
25.80806951650376 20.447386815558684
20.15601452094706 22.600602199937157
2.2532942449161726 16.863449509327214
14.755692747355925 14.482727830653085
5.4541496088558317 7.7010767199038677
29.630016281960049 16.740168964439661
10.614809795665089 4.209717417850257
26.100534222871946 27.881407099444878
13.869616622555247 29.299508549752463
9.300843826544952 10.296100842220577
22.363473351968707 27.352945604151653
21.192509655872726 7.8344657422592006
21.581833346055127 19.776171640169832
0.52677483925299584 24.779353557979487
0.31633221907326869 11.921727525232322
5.8719880206425366 24.296998284532339
15.220186350198569 31.533657274379834
7.6810292020672257 24.997960351625167
20.021454605249339 10.35966680065575
13.903241892034799 3.2619597883439115
19.252038083701251 25.759819729172186
31.443384833721936 3.7405811882411597
5.2106749656860769 31.587297047032358
6.4468207672956064 6.4884531028887498
19.271547894814862 20.485291369954243
17.538375158018795 8.9826407037664708
9.8756514196970109 25.566033191349412
9.8030551806073536 30.826460091236161
1.1696191417114969 30.482642197007557
7.605470988353737 18.690235545486679
24.705863613317252 17.012911536674231
24.980612865092212 29.534730222631751
4.8829485263483248 9.8131778776432341
28.848713878281451 8.7901712031538679
15.088595623697376 27.048260893078037
20.207563351447416 3.8753660672636383
8.3151252468445502 16.432915333131934
4.0153097627065488 28.746087868517993
10.328501871390232 12.347575403032799
2.3661461812642521 23.368281391900709
16.395804802400612 0.23180883326811852
14.671127175080438 13.915126578655149
16.702627707313606 24.674385864795617
7.8327719517501837 23.59947319784763
3.4404081584059978 21.423169606800805
29.419579226358969 18.034609394771536
24.865002137855992 9.8626254249163665
7.8573937300819052 9.6752848994100322
14.058573944031986 8.6635036832511663
7.9900557293396597 14.920157806641392
11.577336071301005 16.055819308063228
13.354209540041955 5.7993146105402209
29.706860067277958 0.29947767031919142
24.414739124886076 1.7660202813234747
20.607618683913408 2.5204763935340089
17.204304074918014 23.378710959294072
5.0697918544518901 20.910011280726952
6.6371123002907986 4.4676496862681505
7.6569541052327352 22.434899923480693
18.162504075862323 13.236566624429795
26.533586297235725 8.044511335421749
10.135179056011662 8.9989080434525022
27.231098872880491 16.23618001506447
21.82407311517866 20.716875539066081
19.272213157704908 12.400027404151203
30.927343478647412 6.0678790484947651
13.845806164057391 19.868856225880435
5.983040629881148 12.792738419139454
27.47061804304477 5.091178400329798
19.86481005465853 28.503300364596896
10.857466160185881 0.30276818073973877
22.906699623006279 20.513299170057035
11.714477211198412 4.9944955180526929
11.082086074624971 28.031132763768341
8.3511794625608395 11.49514440169269
12.423932877043365 14.433653631273975
21.239216766287452 9.2157200844533733
25.519706936846166 28.270874816041378
25.731719296462064 23.212678686890111
22.444444775012158 19.067575377666966
6.7671887472873404 23.543308167673466
6.8835882279620781 31.116488607175153
14.400139349397598 3.653341742873045
19.854419094179931 8.1531370600283886
14.671087939583947 16.599801369465826
15.099582788821385 31.146191931547676
22.133691185001581 26.034748574263897
7.7715353671298439 12.261251843827655
3.1678405183431031 11.559589284183239
4.8895745803391755 14.616060655533671
22.600935962988359 10.147922461003896
0.76617993323548361 16.303297849904954
23.090009120767188 5.2778695976027379
15.125093399521479 19.859931900007805
16.582303329541052 21.329816511385285
23.49859547588073 1.1228212772484014
10.481252121592648 7.597858970836282
26.048238445724532 13.770026221393808
5.5180128681015805 8.515997646510252
29.506859510441455 15.625468827732018
24.671427310348211 14.351794010664449
23.435890328850931 22.673911827893676
10.082339128482959 10.77641501754616
1.3161628635394225 13.848620515221825
12.983719402981214 21.180801647400873
8.7552427618046931 27.393045291638934
21.732123660011712 23.562632735037401
9.2259289647952709 27.582565047801989
9.7348017239622155 15.573433146443216
30.686663942494384 9.053384596899491
5.9957993806320129 17.819412526180546
17.413645629473862 26.858798284537986
20.193968721074757 31.605332289857817
12.897160165014101 24.993127614496888
19.828885367477145 12.764819037753373
19.335723242931518 16.412124109110792
19.668941308616834 5.7244926746251892
15.245583613189567 10.904666720426508
21.827029274232451 11.427867256976805
6.7291490601809612 6.5157146648411777
16.430365579275762 14.746582178744157
21.401211214155783 9.1279630136485235
3.2727355642023221 16.183144467559085
12.539703233566909 29.241085929940208
4.8097037594472312 7.3204586444166724
8.1246902729450436 4.3923665659101436
27.773902993256897 6.8910957055653501
7.7810238433177927 26.987571426539784
25.580502145583804 21.85290105917236
2.802867971092637 27.583841386833043
3.1936428778672892 25.748243317966725
22.674580691051744 12.374280080714408
16.012244987563449 7.2223625425739471
25.264768846754155 2.8925402881267055
8.1502604669143999 2.5162287883988257
24.610846046538221 30.232328069819921
13.300897063429741 0.97847574573464047
14.846765386871999 6.6762221618215598
11.98423138071705 12.344639194723833
26.175149017613016 14.980140716269526
4.2406959037497582 9.7386047239157403
2.9630264737472447 17.498716832104027
4.6693161070346942 28.329210974669579
11.032146952506542 8.41651274607276
29.662627315157994 24.90573010623736
13.685329518860414 26.144836037295004
11.96935195619416 15.553852013975346
11.965114350548387 29.526987886890407
19.585745384082784 9.1831241105976904
28.323071256898753 8.0572021024533118
10.419925425844898 13.211298248628905
13.32776419637824 31.071936558554995
10.250964228142109 29.683801076443885
1.3391041909250059 18.035992964304278
13.389895794443797 16.795766190306164
16.073918338667134 8.2612838443287302
17.587384505916738 10.939426664763223
21.801967773671041 16.874851311797606
5.6909566990492895 27.413982359404979
24.886122076194489 22.093636587571179
5.7027054389465555 13.905596915419892
18.365640304437076 21.851353456268118
31.504735840186349 15.14282790218245
0.87086042936970043 8.7566209701812561
28.266154037575753 25.018151444083337
1.7129449875609515 19.249510694058014
30.127734387319119 15.574274202351592
29.320615116564756 17.330553886829879
17.614175739881627 16.520970602191959
30.031794904794026 10.542068116980909
9.8800364402688636 6.1168545487589725
26.4413387751102 0.8865186956214981
0.20806371358994122 31.269388932830967
13.319076375903913 23.858007163588628
2.3584625896864564 2.8213508480753551
26.915582624188861 23.64946744959499
5.9981307632945606 8.6541247201220308
11.222970123337118 21.211623914686751
16.097451919742536 27.815795007997728
26.71000052538265 3.8459442221844178
14.17410977109788 18.118443812436361
22.558608691091393 7.9058617270980998
21.302088169181992 15.178531438710095
19.936405601835393 2.2510606647242462
12.401809831172253 8.0714453626239493
4.6402103095403762 17.898661149084511
5.3857240117278851 10.970083994971262
21.788775734110363 21.929456380903481
16.663253560731452 10.23399086508361
27.827414435004165 6.7360279118697415
26.080882523926384 30.041987832241389
14.323593228777263 15.611931034962067
8.0303517769924539 27.906233073197711
18.181657759049461 12.349235405478719
24.345607877285389 4.3869398967105226
4.3145851984126073 4.7369461516228943
6.4334561381113504 30.279427147265338
19.785013955492918 18.244651687601504
23.34726550866085 16.802821941220841
0.90336947183592953 10.597427829574288
27.588362227333491 5.194761096410045
9.2693631534864913 1.0737724555281394
3.1750668231701171 19.453834122187939
8.7564230438196642 7.9859355263463314
15.721322782482039 14.786370308068079
10.092071603395077 21.691255663305494
27.530753394016653 3.6910927497991524
31.226034967622041 16.544921510194854
1.750234342180899 26.26485979630398
30.078052528243354 23.132761571676799
23.858376018412834 13.093461297724769
3.354668495684916 8.5622664700011075
13.808016496808339 8.3919555243873489
4.6628563462647588 1.6518822186448976
1.5307484646763325 3.6713387391563477
16.268896158540372 26.845464104035685
25.352677619124755 12.663251643013254
15.953543721512975 13.089158962460205
29.724119595345602 26.573249607487071
30.146490420493702 3.2643040705140551
3.7825253841624953 20.385939796208035
30.002380892259605 24.780063948509163
30.827490592872248 12.826996148184124
2.2887724121911259 30.135599194436981
25.768343507666529 9.7226227701136541
14.477737283120595 7.5481529479344127
27.937999128945517 28.365053119993465
6.3245219320336199 21.729461549666116
18.749779724735522 25.062978212665296
29.997031673719967 11.953865543780495
19.790791340529026 7.2317348516100886
15.790418018114632 30.375873013948016
23.49163345191991 14.570025261045814
9.0966668890252738 23.685798857545006
19.304888286571511 26.473493695038464
25.703827695772823 5.3763133223419937
18.612020939837389 7.6649669906749063
25.899985709367794 30.888348576955249
25.479059164765893 11.665970481860002
12.068215196228168 9.7710598910119337
29.161365096544138 5.3296976991557674
18.251201645323476 19.957060313827725
24.637223167058401 24.268026038520503
13.61590434481827 22.73239497319522
19.821390069517086 19.887706597920008
13.991330777415225 9.9514435200465226
19.668930591719576 9.4208014400653575
2.3306789014468077 31.041405225246521
23.161134764380314 18.144130459473491
3.7435983899012828 10.949081929295266
24.15568439389568 11.217004233275544
26.454643297987793 22.055134353188812
12.594164164694732 18.993846427526158
2.4361752628670637 14.142827869903238
25.019154928949661 11.417915670117749
3.8691770590135768 17.871914239217478
5.7730364998197112 31.581472573696889
18.341773636303845 26.890302904694895
30.477219187628947 25.288135430555222
22.308890510972638 15.184336310263671
0.75528650452127033 15.488923014790569
11.324176914225511 26.582951912040752
27.942775213599916 12.931253741090591
19.885983720107969 1.5837228722673142
20.717168025007425 26.216932494807239
23.41444138457063 28.892586834676653
20.7830527199662 29.237574587330297
21.393844658610309 1.0814971039687469
17.270232620344235 22.077805907911834
13.911837262030643 30.025187303170068
21.041499712252371 23.460463086023847
5.7063984460530781 2.1920818425279585
26.861027559677126 31.546464496610842
11.645499721875737 10.647836254737699
30.985733171639311 21.431020774518064
26.328025802782211 25.402231536192186
6.7699869847559651 25.598709874178478
2.8389763432956339 9.0556116803441711
24.180523444397494 18.205031347211662
12.39501644091596 9.035150450447075
31.009538243439739 12.760008389536891
25.228906719227609 0.88953335811391365
10.860016977545554 15.237846924260953
12.304682885580549 25.540618895258824
2.0704440756905704 29.430787763800105
15.299317788653761 17.691533673057869
26.956661359529189 11.676569224221234
11.761477493847869 5.3532111331707455
30.453449554094988 11.172689686394438
28.565508413275822 27.434492699183568
29.863219738539875 7.9476702670494301
19.796032465804075 4.0540237221227722
7.0917810995923034 5.3296460929868266
17.624455780802396 1.2373430459884984
29.069507487602564 29.928048284984051
0.59371336253977947 13.551428396241484
29.638767076728453 2.3644357419749173
1.429041016700537 1.0518970576406015
27.998040095266937 0.028242569891814215
4.812054933286487 6.0414817878770606
19.246225429598503 11.361962718845472
0.6733073608424911 1.5018489272225926
20.10680660768654 0.61353063837727406
9.2336711882924334 4.6625158497366286
17.063707820960566 12.179101191671998
3.149287589483913 22.5689786058478
10.723231510631296 22.368588334449914
10.392611036868109 22.587584331726276
3.0297245262119281 13.947503722426342
2.6038479638267273 5.3304370526807912
8.0430042257273815 21.191122587108772
18.82637189096814 28.166017715049271
6.983783880537672 18.488885901465704
2.4126864703101494 2.0455861454764399
17.083207578073978 14.948990237037364
14.026278528279912 24.461002144183183
15.826056918287733 22.63745034690572
0.89457547834652451 13.151084642425642
15.239919967487571 21.278689623412802
23.159490451882796 26.168611150344272
9.5147772794946679 23.950315079992809
29.851908003236186 30.307440807049346
12.037786815937336 20.884012742294974
14.159559508374761 27.623440337810976
4.8433284529640712 30.100488032620547
29.224738336302948 21.474868662972007
16.367838644728632 24.731524922277099
2.2306685578727476 6.5711869547554702
18.040720612084534 23.99316250264571
26.808159771259678 17.966443477950079
25.773761689131526 7.5341523852359202
14.955969225692849 4.8702722573627302
31.439185285365514 2.8492867950661345
22.361895969278986 2.3311526257284725
23.036160266298303 5.3728947630410477
27.914337195069219 22.107755685328314
14.673224617856368 11.069501872377948
0.65370549880100837 4.3041282303903827
0.97553551902624158 6.7561645401865764
17.348548061911451 21.304518743982417
14.478847438164367 12.598650254958827
8.6138249290307574 6.349037024465729
15.660651273327357 21.040747323861954
3.1133450356733294 7.3537469811420415
9.0365031538290719 20.219429314826652
24.986570401130201 6.3198532823573546
18.91492706321441 0.22620855628379105
10.322920119617077 23.976384077588474
1.9474957735250003 7.2260563279441543
4.3509282661142068 27.365045333871819
3.4477505924043963 27.908582340527524
18.15753246816573 30.858934440664672
30.888832508931742 26.807460442364071
22.321873203087694 16.34956135481988
17.674323704114364 6.2979004428213639
15.547154626289167 29.5361571486422
4.1913658872848165 7.8763624044167084
11.073097559123983 29.181351750355734
27.427154183820623 1.8293408297070448
20.856946550795175 11.756713447647906
7.92962896168354 6.378451633692781
