11.111028307603105 16.256364971655064
28.582324898523197 11.923700699708659
16.417831849287477 27.151681592168259
27.828491704438772 1.0932827755019376
16.926487878380787 2.8356786429566321
6.2596231751369587 30.614334467140814
14.550539648305364 19.169236248067389
3.220545463592817 29.561787272501014
22.477086787857221 16.909837164932846
20.333177568946162 14.349427362118996
13.993214216395698 23.826145997031233
12.065622705144882 29.861769710958118
19.524885177914108 24.769896350658783
26.824690055009043 27.084595279078776
23.482854539085388 2.7580475552905583
17.365961153460798 17.155773469748862
10.642055464732264 23.748538900319016
12.949486133496153 24.579282821837264
0.87169225893501745 19.747567904125201
30.243737725737137 29.563156133647759
19.61521889088894 6.9841258665652308
18.231169560246155 4.5816312547028586
20.349322651957849 21.973046074493279
29.365703837016049 16.062712634979068
27.98794232722291 4.9032457120164015
0.6772029534076287 15.898546070554966
9.0639981888937715 28.980027910703274
12.403573295857987 10.216756625091305
14.532558236227871 4.7391657698704002
18.821475218575223 20.798581296777964
28.105854988355674 19.412175034680498
29.124784669403862 8.8643947858596093
11.252080669504533 27.102037609502467
13.602182990846005 6.8466173738754055
12.800992800170818 11.155089107412751
6.4683164584089621 24.489763046359471
0.31449176907554899 23.197544593915595
30.440624311360963 3.1533453142816983
1.9047075671983222 17.704321881312037
30.213870215185395 9.4967743015517669
20.068007127524119 23.174901604977073
19.276195232246604 20.889622445595524
22.414140195599739 15.213619866208781
29.589496064175655 24.721459215376314
8.533007088125105 19.186988366958005
21.880630697785964 9.347940494376159
19.32779126871678 5.1940365808951681
23.953360572505559 23.082833680201581
7.5196329049377564 22.842579760144304
28.746573362615678 18.032202475670587
6.8118699565587049 2.9384682207311994
14.223320547064137 27.980952701003897
7.5033197058851897 11.244075507504069
0.025314919193140186 19.740149583352572
15.167558160464466 23.245262515839677
21.001697257084196 0.23082346660049141
28.406889811218797 5.622990525509004
6.7135154063799476 29.615906779412828
20.847521321457204 21.560981429624686
26.685686115186613 16.056895241835814
2.8652788908908167 2.017622798605347
14.27471665209471 17.158145560983247
22.401488703600773 6.1584360116185017
28.156415930459396 7.0657681191975232
29.959923552324192 26.160391242507711
19.002046013297342 30.219311157805389
29.500783042990911 28.144956561873496
23.504531419520429 15.107855875670765
1.0511244590522117 0.8341241378740375
10.781408914564222 4.2939306263782022
13.188898513315019 17.685964257654891
2.4316538227932543 26.326481101080208
29.20148974646937 0.6249301076357755
3.8411304298430444 14.857994540568221
24.419429030590543 1.294175481299167
2.4162632879730759 10.850837149737515
20.303622729524037 30.328965807041396
5.0192282122383789 13.040339377835137
12.743031856882686 27.847917616397954
28.106598366004292 12.795678866966986
5.3833911570720199 26.665032662361977
2.2765532590702922 21.400876566184778
16.267099619458079 20.529614343323423
11.726015665680855 17.510474059841041
3.9304925958700676 26.600980380906421
27.723731219266572 22.590478200282039
14.755967448841936 20.025862850336708
9.5487274584665158 5.5745431695407053
12.803656874424663 4.5223974228888526
17.109858479975316 13.661762866133399
12.622227267924901 14.490269291027722
19.001955376486297 19.468283985176807
9.418911508028911 6.3014018518671389
25.54363721299293 16.805468917973862
30.279636375739447 11.080460695295383
1.6374691495548443 18.782762940238644
28.34900072495526 29.177745124685487
4.959114925275891 25.491280661164712
30.362893912630359 0.037228662834083645
4.1744727699578466 17.958567041074271
25.931930470854205 12.066769882791705
4.9347124574895052 5.3208016059062517
1.1162984886361003 21.291733542883566
7.107031656422035 4.0844960219861752
18.284024356426425 11.09170880018387
30.453319397868775 23.611047721099258
21.15144203401438 1.8289665318752073
16.4494293638047 10.564473525769877
12.616803775079919 9.7212701542167004
11.230281055705193 0.2658163070352228
30.566415938795696 7.5011304433942918
8.8153256872919474 2.0122656170522641
26.887170013163843 16.507569925991092
22.077794627287538 22.9601824229097
25.273886189345085 25.664619523208842
4.5863399608295214 7.7635141241285348
2.227773107003892 3.2113445937042888
13.048724261002423 22.414196327750712
11.311323065942364 29.130004710990409
16.173219957657999 30.023481931593299
18.139208573789276 25.30088522272511
2.9734864232439904 4.7066231201061361
17.778115636027355 18.311098832361012
14.764206921038886 13.112842851810372
20.381056780420906 21.03434840948827
9.5343406212687523 11.6112826491817
13.380265152069285 20.120152150560561
10.812156180499519 6.7997654256389675
5.9471336831799499 17.652225455664837
8.9615754818537035 7.0423433132402078
10.021871944044557 24.52223619524624
29.79844326284622 6.7694027499416523
30.470919621487944 22.871295659049
9.229258929391678 17.063072727551571
29.131776245441475 14.587898438164469
0.73536670376414615 11.189226459179432
2.4854187712144471 24.151255825681403
5.16927473484429 25.402707076795085
22.623336225496079 31.618986354770286
8.7184125515617659 24.420423965794409
7.1649914871150511 7.1242566009297192
20.899988349624852 23.709287915378027
16.57879402901936 12.882244373161296
0.24980718756952888 17.557546116575413
19.724847252436067 8.5487048341392793
22.525796717835387 23.990398970639383
10.530520016627996 18.083156984518638
17.305010501877732 2.0206577948150954
3.6332281458515938 20.232585022044077
5.9900106424106019 3.5982847054237985
9.6739171886843032 10.787586634703237
9.4541726263446222 29.093470630397636
8.9903498242473923 1.4443090018413269
21.936215350980365 5.4758133745619588
13.686846856953899 11.514383858297304
15.073929799169912 6.6851523029241768
8.5768174204082239 9.9898150998744004
21.299889958420628 26.238226489486337
18.015273410642514 14.528978603787271
10.820817104434477 28.516857161764356
24.688998820194893 11.487589240815495
25.260844361769461 1.6881373664492494
28.002859864032846 16.397409281433475
26.990490834649798 19.455458542792936
12.924003816797324 31.094121938442147
15.745310485588364 10.070787727415007
24.476389480566379 2.8693838775740548
7.8278506340563023 8.6474778083247692
8.7929944896925516 27.430726645637947
16.981080221963925 28.953896080418531
7.5359182251698424 13.691040797462575
17.492165993169959 5.0460651221730304
10.961354528548501 8.9810993073965655
31.301739083799834 3.7987693030787795
17.631942247756729 27.121938618891729
1.5529175164557021 2.4568388370164196
25.296429086775589 10.901896256979381
25.748715712337724 2.5345231689238412
23.128595491388147 20.032907444090299
18.128531269072795 23.125793061220651
13.043872947469842 5.1357372671402608
13.34466759328013 1.9458217475589461
3.8067594033088561 14.304678567316317
0.21709569507133453 8.2722443101416161
7.9484164925649221 11.534326157045731
21.955065519950494 11.122058909684137
7.3719974007240863 30.587019943135324
13.729579616241804 0.71420337127430156
10.615918073701932 19.653396202885745
21.846343733750711 30.993976341097834
0.16878625899683913 29.947989996583399
14.584630372145421 18.121084931985305
12.853809359705407 15.738472205355908
30.916469159762627 9.1218285328434305
19.573820614046177 1.3315916921734279
4.5747647589483718 24.438317519146839
3.8428481057778741 11.423636886269218
12.042810501998524 25.254846283321182
29.296532864486412 26.167898668106638
17.534805818503884 19.904634771303279
7.5530326303460047 27.257107727297321
11.088563283595875 30.486373487467407
12.289374260381649 28.647644187468394
10.702356114478349 25.401876949299208
28.263841869904358 2.2149695767855384
23.475921985086906 12.433919685841937
8.5707061835824785 17.894149886586604
14.557047026868608 1.0239888837633209
22.364214373843392 10.237167144681386
6.646271797398148 13.340446316164327
8.8721251509704047 12.961250599141314
15.459678393928447 2.5525328403453336
30.014056330212803 17.726309482755266
26.647919516666438 31.482699097905218
30.858349935630489 5.3412778432269352
17.387454238254971 0.36432533245409493
17.471707277366139 7.7892329139572327
13.236477306022087 25.491611639509081
23.78515540155907 9.2054956207340837
9.3562397846707537 22.662927458969207
19.876737135550041 17.486856961398313
3.3015584902523174 8.7137364014865248
16.474277602694517 21.480007210775959
14.462725527261572 30.492720695721218
1.562031871851921 30.815803628963735
23.309966757091875 17.664871282564036
17.608558052257322 23.836143217274817
10.730803086464745 10.618669586544458
11.798541540760455 24.384043915079843
19.953012687031343 26.27873684683135
20.880260776680466 12.507491461659393
31.341764680482495 6.6221954268137173
3.4148846295252477 6.4341495423320243
16.965486653150155 18.343496639445409
28.560462233398049 22.822992617701971
13.865627863328221 23.756946720083867
31.429801659254299 21.332486878351105
24.796537447688742 18.647694754914756
7.2083248427391737 17.732709126102229
21.025710865015235 8.0266963559198494
18.927913388255433 5.9564293962643582
12.463117593090683 30.102271895555933
2.7678336419884459 8.1580222225704269
0.5127979457814712 26.47470349189793
16.507643821410955 30.552464971251549
25.130195107640557 21.856224922181202
17.453018656825339 0.48549638486706737
31.422917983244684 28.764995991388897
21.64108731832934 16.559473683269665
15.823569517507488 6.1392435492490725
7.6772137358287882 6.582504953428665
9.4385590726075872 20.686169989569848
11.469540532931168 25.698947190600347
22.045815907461819 28.435905473542814
2.3623020869590263 29.770087350367934
20.185393784761548 1.943487336824363
28.898203330680968 19.393738906842437
7.6477187742276183 31.228039315568264
14.461291801919939 16.324896341217187
25.54831896392848 0.48121739350087528
11.035324570906029 5.1503653155208733
10.324097790830358 30.645356595732611
12.013010282611651 3.3836707215351538
30.866323301131846 16.945534859413968
25.883623680181159 31.270194772352404
29.796790548890801 17.800516493947036
21.043915570058033 4.7771727526486778
18.393174901271234 16.093591761953377
16.4111401818631 22.761883373388578
10.703377244799633 17.495245845875708
24.191195921950076 13.216923309538812
1.7791758765180676 12.118974856462998
1.0869680500946335 25.545158015611179
3.497241457636719 22.4651574167437
21.597595539892424 20.048151827592765
5.3661545415053649 28.185526798939488
15.018447752449344 7.2479810396797495
23.116400094052967 27.325589297274956
22.86461611615832 4.0704077501326354
23.377548640816602 19.552206235853301
1.9967353416976623 1.1254198885546143
20.923109611080172 9.4013150268121493
7.2842774558935535 23.759768246105558
16.852795082314788 15.041716759576669
27.379616891099406 5.0500836591421407
30.785869375220102 24.532796062741838
2.6376774261775506 27.531736560552236
30.876494674812488 1.9727894708526146
3.5404744728766429 16.108888764462353
3.4219212039997791 3.5376218985155217
19.771308888638298 6.9607120899293839
22.281836301451065 8.2263791067366476
6.3068563486482363 14.508213723379649
9.3891382977910407 9.3977386028063776
2.2692089726382907 15.451067436667707
12.814242168744064 7.3697822899565235
27.759285676134862 17.527023749848333
28.73268799863401 27.057277700110713
22.785176668124194 26.160659924965284
30.091305096128497 20.821772482550859
15.542575346636259 29.101881970692286
23.932374871424887 17.857011054887032
9.310249939927429 16.498215086003956
8.6554888854818444 24.820844922803747
26.332112524019834 10.964630411462666
20.156689544359065 0.18403173210344187
14.064766733696503 0.27216751259206456
13.61883658516726 29.144990855542225
3.555546763476134 25.484945872748614
16.284291679048316 4.0099448139239273
16.514719411732287 24.541128542774828
29.559253840992568 19.272154860057988
25.159587424431869 14.671017868067146
7.7283036561446146 26.043217626389875
26.251967683442327 21.78981941451206
21.127827825949566 7.7751772518642612
21.590533253468013 29.387420628921536
14.465402228617089 11.823819318685699
24.435069557270971 31.006520549670626
21.08593722285525 15.796875817578909
8.084811304196224 3.1943314087615362
3.5653642837965536 0.616562154128107
5.157026571199447 11.136097970836758
23.416438370617772 10.661876403420928
10.307625347693607 21.503539990364299
12.419401475903777 12.688413687735197
9.5284938423078085 0.63685023833031784
8.9911381496609444 11.423259921645259
5.7561705888281169 14.776165488343873
12.28796668574941 2.010769027976723
8.995015157362813 8.3100199027276993
12.436884161964512 2.4267358142842914
29.939487415347326 1.8703393520646165
3.9887880420551234 1.5985312917880503
20.111012381742768 25.282319713423476
22.29263800324394 25.270719014986007
3.5295766562239144 3.9535569121245979
11.937530289892987 12.93663560402228
27.897353632134095 3.5525774830255394
27.684376675231459 18.913364900911795
0.8695088156124573 2.7367087023869319
26.146265522237528 1.4157985791742751
2.0672791715282073 4.7114683426249622
2.0120865343297569 9.2219227286639729
4.1539076985007402 13.018438675073766
19.03654757800696 21.903772169524402
6.4497912142257405 28.042264187901239
31.128282782185568 25.800337007402167
5.2072418408148264 21.889206856680545
27.336692008452342 17.815270417623193
23.280960484543879 30.007031332025178
5.9049901995590561 2.1472054190855174
8.9104513713191249 23.329825612055867
30.7960412617693 26.813848778981111
15.697009699736725 13.368081602923278
19.109523776218811 24.795548602546138
29.039674144398308 12.739861636313558
23.835318007166869 30.762660740139687
13.85227308342701 3.6774283970436445
12.444095820969093 27.899900410360868
4.4257450073533215 28.551764739640195
21.404863178407734 18.81839670368824
28.385491763755248 14.585581471045931
25.70111163156086 19.509251091473807
25.96995008308636 24.442801510430996
26.065721883625233 17.941547090543029
9.117227704298319 31.586361522209714
26.115806150409576 6.9062422550719393
21.102858514856131 14.827410148188173
24.279637239668684 26.713386734313627
20.59891245668322 3.4007955716130018
18.577714462974598 8.074226948085256
0.33733733244977343 9.4905100035756806
15.380104601179953 29.436714751931518
26.951457547246925 14.714995899926828
31.610021054214045 2.1515215029449428
24.91426643497007 0.06427009875981915
1.7661169208704204 27.726487690359306
23.164831618730648 28.701046900540408
25.008419463659745 5.5320406870253649
18.250495498122191 25.869238189514316
17.62803105078709 20.663697419332628
28.962297290836336 8.7583506485025104
25.280540448122558 23.588859726751679
5.6186559317337492 15.587008890589674
18.558273243198968 12.441005411928844
25.99508429843161 10.082115147466201
24.005103164818699 16.734329225100062
9.8873424015850677 4.5242915206989851
5.8740458782979523 26.663069409931893
11.635150648448061 5.4024041934105469
5.3734616514027307 20.432101561712308
22.174803233510861 13.029992208425993
30.270890554459058 1.0442561439379967
17.828198470546138 5.8034627395751821
1.9761712221798111 20.732095513136493
0.59192080946277514 12.63726734017416
11.988512812814294 15.518586906857816
24.125446102426054 1.7959443034891824
26.729276789000611 30.318765020457743
12.404124294834935 31.189158488101608
16.352539751504114 5.2569460096669864
4.2802328959574991 12.372987045580954
5.4068774301636457 23.500462625862848
14.539513589650761 28.555481248562479
13.93449407619018 20.487747662023985
8.0771428275883661 21.868266807844538
14.788754998356318 24.801239367476576
6.0532385569574156 24.217004153174933
4.2059422097870991 18.869491319548125
25.43069407395009 29.870670746197682
25.834132201657962 8.8956753143373692
6.385173216996499 16.171996000195374
28.282472528027593 31.223652111492559
15.611219846729266 9.1418066092717645
12.088797740175664 5.9511103168298547
5.4779541505946767 1.1690675980349448
23.446111919937728 24.065475265960764
7.308564553379858 25.350199246200823
3.7502475385751626 9.8710779344883388
23.864165746053128 22.219436036167316
23.843713397957927 10.206631493210068
5.0822186273274026 21.716495195844878
29.451673541723633 2.3315403975867359
9.4267889484446616 30.905011597128933
18.833438139842123 22.48972597653329
4.6519449234374761 0.84456421390784342
2.2830753025906771 25.948264334791052
8.9652471399675306 25.902080236975078
20.645778915351439 6.5581872746938314
22.621418004783916 1.1530863082815392
16.79926197243994 26.068065250953637
12.514345197798633 21.026631900177591
8.6631673784480778 3.5245845497771793
19.948583632889591 14.29522200218695
8.214740594030598 29.949616591736412
6.3662533830143371 6.0594427323514433
3.7923236441387957 24.183177298627204
30.175940200333869 14.727375811278387
11.075322843773836 14.997794977773758
20.120852706462617 12.585990053486636
19.021401673473186 28.263430118876823
2.8347472806693719 31.206723080140232
2.3650024811639891 11.635196913215747
13.946288831212017 18.576793582327767
1.3652403407992071 29.364363603779612
26.232075024118238 24.843576499788046
13.539790350740878 29.255895340308481
18.817555744467885 23.74951275353623
0.75626904340950885 9.8974428276246673
19.850851270097341 16.203607099125794
0.35522267272754421 24.24336923876449
21.648231628803131 0.51759329743110583
22.915381866202218 23.080600184719614
17.490467497182436 22.088188742576932
21.821201619365382 3.4030584584800647
16.736863919785158 16.596537122435947
9.5976233829784565 19.42403347883798
29.296555239377902 30.21051006237062
0.31414675966843497 1.7517156531317797
15.709419736285996 18.144932885918479
26.460393391929479 13.534317473983082
12.72674329337242 19.707493859431473
8.6661688149390717 9.890310797971404
6.6998458224522457 20.909901972043507
31.366715721656597 27.85495368678863
29.37963658743967 24.56474325454769
16.940680415494924 30.946112122477214
0.34730398878573615 22.043907578710296
25.116849253305162 3.3724830618460997
3.4221560332759298 18.552845337312885
6.0647514052903171 19.495706251397181
11.512614940210945 26.786619674615331
13.88087517205104 2.5468806930447845
18.878644909948779 13.656071011225551
9.4218555508475426 4.0675617188533408
10.376458492713217 27.194433151765388
27.005685505957224 9.6914276179247807
3.6117303922696955 5.4126953097462973
30.667593853674489 16.058498581978128
24.617804243719728 20.192283939040458
15.331693110218486 3.8601715443842739
15.59575136597784 19.513860988984728
16.969494293089575 9.4928343807465669
7.8420121771472369 24.095529921238473
6.4384130091607652 0.70124281429479129
17.93295097664528 16.921883971382957
1.2447727925729184 17.28141989777891
25.548164653733949 29.989330227473616
14.900326584879663 4.8482641987066986
4.7630976079574863 14.484018963408255
3.0063261643841535 0.68039047009566511
10.316679163791401 12.504644485633005
10.914914155700274 1.5563350719289193
19.50927809812185 27.042483559461733
10.643110367764649 12.111797150703826
31.414972395743156 18.69342026255871
23.84982554466816 25.399541740704532
22.30752785701057 2.5685234052432739
11.476797632346605 22.444991569956226
31.41263446093846 6.941866490259363
2.9026509167916306 13.119199620908127
13.937329399381023 9.258755683912451
16.896779629203778 7.3330267601527854
27.950200667934705 23.868710419209172
16.000968191297375 16.741796046246932
23.636641949052066 0.17525258812510888
15.591335982455478 1.6525435142657148
13.196071336131839 22.821388112678203
21.244872845548173 1.6352193049586752
28.018065207369094 27.42717388845902
16.184786368627819 0.97805804898593163
4.0458244561913643 21.586362095850792
14.175098931161832 27.045516045493027
2.8183059416497507 2.4202863231015366
20.736412306737911 10.031106733693862
19.37936881932438 3.5519909410122597
4.2973921388240592 7.1677859045068599
16.856635645895526 23.180314997563173
24.173740490266333 20.566293412108383
11.469134717085419 8.4831243231951241
8.3712816500512517 7.8650804991831134
19.742457847627186 4.9828759827899907
28.918038870642615 10.690262928668703
29.158229380387652 3.7366531553847047
15.564812709772839 0.072243822551004505
13.151183498434703 12.498582817911247
15.731492610115039 26.923389942932467
14.4759510766365 27.048112681446639
15.972733678191341 12.373199401476539
19.843558156187552 23.27019902763108
19.994182819515629 28.735077850400558
18.095747439390049 15.414249352983232
27.687827122258163 25.389341836077215
31.075393791139607 18.115254608885532
26.27207537113873 3.9703201975690754
27.241896418142741 20.908818280733257
23.783820653510009 8.6839494711928271
7.685612470005462 21.347337009203802
11.444279628396787 3.7084571877628401
23.293382614138665 7.2805078531964984
28.849405335454222 17.306376750799057
6.4020937206400372 7.5640519383790012
14.374627470303793 21.415594729218007
10.532512851182663 28.3999360105032
31.562450238204455 0.23157489809264623
1.2712289522156013 8.7553070585239094
14.155298310171899 6.2240896104415908
7.9427275174621856 17.162812716212823
8.7975560231586947 14.207336947435962
11.055796839194288 2.1710448188143951
23.112177624293839 28.085392477401548
5.9037075131373262 9.9347585473308033
17.629229422506175 8.9207191505518217
25.322605433375269 16.175869661992625
22.549126372931987 18.766397138115416
4.2199247653441727 2.6089806738285528
1.6756361483433662 25.089150883122421
26.820450561075631 1.9737002809291646
24.822284877743233 4.3116253649612792
15.531864608238294 14.472676159344678
17.561154934778422 24.586189788785759
14.021515764534668 3.3264780922781902
12.06489167857813 0.92473357319975025
31.050701547362678 12.479105480800678
13.828981900184926 10.801891939957342
11.579137393110267 21.916811372287864
5.7991867329902407 30.616936399377135
26.338155769715879 19.092083402523343
18.195545534678818 27.956750140940148
0.3293089009510401 4.5697024763346672
25.569546595926429 26.448051084157136
29.329984917662909 3.5391855572176008
12.719763661166866 8.3809636837490729
24.814611521030713 8.3457527828936318
10.364704516571532 22.477982805306066
27.317770698455597 22.007442896910451
10.182886507960331 21.247872560593919
16.8834888293616 15.471427661397026
15.317358412964081 8.4864008108653834
8.2844381689198894 4.90405755720887
9.9436573330543148 18.148420384567689
25.460694208647105 13.895715974623911
7.3602352153263544 14.417691121131629
26.337315319955952 28.374195234312914
3.0293827639231981 28.662647282024761
1.8512469779609542 27.436546310869215
25.95577065990199 22.728149840456513
5.4064502185543786 13.65831944205957
25.123593604905331 27.277963257868517
28.865777486507064 22.216253534100474
0.53404047588561387 5.8655456576902179
6.1347732033744879 8.1422686428530078
20.607093715065648 16.311711745294794
26.848455994715664 11.392283549429189
14.085554315509713 9.8158820805494909
26.581644311114271 15.097931825981604
14.835987359790895 30.687664894893679
1.9277503893849923 5.2397594719514853
26.558949236309886 25.782670350486466
24.786440457434217 17.867144976482678
19.862332178392556 31.614470252840626
6.0882799582381431 5.0352551515921089
7.3151618351650951 10.13736963735138
12.687306587053483 3.940566424750283
10.212895911520487 23.752158719970883
20.5458388651967 17.75138388283262
15.439176503337528 20.981263146931504
4.6458342133232149 10.797479041636846
8.8331747903630866 30.017150379721855
10.440388367762134 14.196019073510501
30.280231369983252 15.965009747485896
29.161789883131537 5.1309376461237655
8.2253783015070709 31.598087410081231
18.367636098134597 0.87026838623926661
2.4347230592840923 18.939233432585556
30.072811228387842 27.16666079414361
13.544953094931094 15.366163340995415
18.269139468768334 2.2150865059616125
27.964071445565658 6.554168486906006
17.884704915979508 30.12452471670985
2.7341850332994895 30.962012485307568
28.994740521414951 21.03660019719748
2.8552854038523772 17.533400671044152
2.5059532678913041 15.620605858046796
18.491874796041373 30.979920030385202
16.50975638096887 28.14702860524325
7.0964527591191571 9.50686418995857
11.895571659083483 11.603835746572345
5.0392827175198116 3.3206904287499737
10.243791696368048 16.279201446820416
1.6192932938826075 22.406466085413392
22.934261937048319 8.0013905257962588
5.4556611779102315 29.038362786215
10.206451418389078 15.329438449645608
16.266768111117891 19.67867747404711
30.802876785362379 12.314521458843954
24.660107143253558 25.145856352675491
28.579090725765234 25.552158892985645
13.841852535025678 8.009974656812787
15.965644464545569 14.397508341418307
3.3238451177307358 22.361677967804255
4.2526098648121335 23.322231910489897
19.675004021539181 19.718200569681827
26.916590970359067 23.857573825266133
14.489612963802733 14.722970975361266
28.843687477405364 23.853667269968582
30.833867714340947 10.510917981535398
0.69498471202791734 26.410282978360534
4.2516744623849778 17.12780858956646
5.6375083967933062 31.570483123644262
7.8458692943284474 16.38322562095993
2.0424273497090195 7.9375316166102809
20.541002345364042 5.1775708344597424
11.06525016464631 0.064647627655405063
11.940923466985405 7.4789686685555683
16.605684634234766 8.6885234649575125
14.67920118853141 1.9883639904932069
11.309287171074702 14.056144736244638
29.937909202205233 29.085281357227984
26.879679538208158 12.864222857538982
4.8358991587644233 16.359277919645542
17.752510054602318 19.545049386322987
12.768194353832262 0.72242206168517087
20.09208441028165 8.7769447585816351
12.650131922887407 6.2936914795117369
8.4607752419200501 5.0664183661109048
29.173310405722475 7.0344354655752603
13.985567802041587 25.311644596276082
1.4793703276677985 14.116559311550301
24.897994802687609 12.477639978180076
1.2478059699307553 23.189731785902659
6.9335836723884396 19.069741611980792
26.485341552781453 4.7729437821066965
21.090406795370935 11.321384991057934
16.66017438341111 6.8650650885640063
22.092294852085292 14.811721244148973
17.752546101261927 29.65639691020186
30.643714387213471 21.065585519213716
15.785719759038159 21.943153918467409
19.476793769252058 10.420994604253336
4.302163433309607 20.432706902652711
21.478971065626943 22.870149302859698
19.073682417491771 3.8532952932663997
1.7780744420044177 29.149726594508461
15.702166841647168 15.837065819955908
13.337626706066857 16.53415555488138
4.4554533898285209 30.406773272682226
7.9811306249661502 27.770500814021378
21.339438699155885 24.606239487004174
27.507480228855488 9.7296775829342863
29.420596212356141 9.9759920122216013
5.1256680470739679 6.6868769508709409
17.678435815822994 21.571886376189536
6.3456805355249157 25.478352181377431
21.754292684710677 21.857215792868445
18.704865715215107 8.5696052114910852
29.887353928831107 12.505977946987828
1.9051475992787985 24.226495985822929
18.544313062796807 18.567217098085269
12.693033525673487 17.369295473031514
6.548298504294948 22.615304571881182
27.41965066926025 12.031919558980952
17.241373653679755 11.692984992638481
14.836139005390041 15.719088975204462
21.051943835071349 26.259172157020988
24.585032001353103 6.233201451807175
22.649926412558976 21.552696042213007
12.395210786704167 14.151813872006446
13.472203017005306 13.575825933864046
0.56556367572880606 13.564392913211057
30.112114638328141 19.451784283980309
5.2685205818558245 17.983126303137162
23.50895360257557 21.634364853624412
7.4977593293705285 2.6926168595457955
16.708595595807491 25.600156350061891
3.3737423598654876 11.678272357165616
5.5839366558910841 4.2252978657054809
22.722763851513481 11.544231283463354
12.270376067257983 9.2069579559480381
20.859702613805098 13.136537550972108
5.8655368473680252 12.358283648974455
20.022610996698202 19.02528700886829
14.076495444874203 8.3264528918856779
26.622925851367992 7.7352228884525127
4.5262950948561471 27.364046655888071
18.543671296344449 7.0726198899239741
4.6744671515126326 8.9994473565501263
17.642172996522525 12.480702706365749
27.045595591794957 0.88802790962277867
14.397250440332458 21.866327567083914
19.719494291337842 11.526444184020129
19.186180052502326 17.997891895380899
8.7989207003798651 22.452411849661324
23.591610272948639 5.5493265695944354
24.443152889646683 24.427073183601792
23.297177916432851 0.97478847717428185
27.909683225423336 8.4660032084479422
17.738759830433199 13.704445800633314
0.50453085594656111 11.663208443771948
19.019004067674306 11.682650087913881
25.55450087365573 12.920774209603705
29.685355514994889 7.8551341869058797
4.3526661545460605 15.825505115417673
19.769807252693113 29.77390035746895
2.3862457867114761 9.8694023675317819
9.946893148821653 8.2274953389119325
24.23265756146797 14.258040624956244
14.010031474389672 5.5478257145394529
7.3831876191261685 29.00052969205332
26.376794990906244 20.494591820150628
1.6034799727588649 14.2718898542413
11.840689524686169 16.550049690700046
14.044308847359463 14.310548203351834
0.80736245632603287 5.278183873703207
17.086273620894666 11.199707537469333
24.589727770033896 6.8001931713896564
11.750495036589365 20.721080759420946
7.0005242830400203 18.142530935742784
0.46558893441109878 31.008259060800487
27.368166309703447 28.153146107072526
17.614029054764817 28.550560172239575
26.170156624279159 17.694699803590666
6.9654389452928305 16.207780995737608
29.997191304740895 30.995385948021756
28.153753137653315 10.114922720879324
15.533841896063741 11.111799301770825
8.3314138463072478 15.169203632136135
1.596905650382006 0.97622067146346081
14.772318768049908 25.765569765400947
10.157615662478433 25.515897034540242
2.2154469012403606 6.833702784325034
22.2519438709048 30.543215649054392
7.675827101597247 1.2664134056016814
23.002337689165795 29.691490867926252
15.676067029793446 0.058719318799992981
27.045618572657222 6.4046650669143679
20.226329349966186 27.877751439392426
1.8978320691511887 19.942339177960736
27.156185282439015 2.6843532375061048
23.496793100627094 13.779037029466638
10.538819492749704 19.637529901933878
10.357657126904478 29.955653250561259
7.5619984895848136 19.426424212241209
24.656036707777268 28.798967499774314
29.793884960956291 21.657719686659558
17.201099296345038 3.9656710154677195
14.839649800627553 22.697999587029173
22.852017875939321 16.33878900374356
30.316466049500395 28.213711934825213
4.4985334704823545 5.477756210727633
21.523687692210423 27.556004363354603
30.724123752436121 5.3443698587068136
25.29045353438649 27.834685316373367
15.755099104198447 7.8690784991971281
7.2008117823177544 26.317582847364164
15.756612606879763 3.2455113907406714
3.4647496698760514 10.042621843858706
17.755975742814734 6.389203765338098
3.0307687896059088 16.944178985871705
30.720426183087067 19.652716525586687
2.9660096950919472 23.67583141231696
27.941469259723846 15.510767946790217
8.5344793362023452 20.18701077526131
24.716234259278263 10.169041714060326
6.8469638322052147 11.221479637027867
31.372522567334517 13.652954524671863
0.72993342576870679 3.6818365546414058
3.775852336784788 27.053873507125914
6.5966609743620745 22.40401835125483
27.790211436391644 3.6657800370975124
12.310293031754934 23.745021043437312
15.734884974427061 27.981052324501174
7.7429620408452049 1.4655601031910093
21.94605874915608 7.0821156648821004
24.318868107367514 28.289205648163893
27.580998664428272 31.573615684682348
21.323110291939997 29.218485499775252
5.4923062974985815 29.451667660607598
0.41816769322226699 20.630932618348055
22.168534865159504 12.224611768480484
19.035665512861865 1.5496245613184154
15.480002494923896 26.000050961488302
20.651203875865214 10.930052684299861
6.9205231105902785 5.6215597928015661
24.81858274775292 23.264545034849771
0.46995055951986048 24.415565005771537
7.4992041418224265 15.261628585183374
5.5675961725931788 8.3708395186088644
3.5715257472659765 7.8360004598799735
3.1187485934888799 20.937159479922215
1.6923880884453337 6.3144961034601019
1.6524977693861307 12.824735817548948
25.786269702239245 20.706725621273513
1.1345946855923184 7.0295005277684872
9.4211231940347488 14.488070362023084
22.804284091340296 18.649098691048245
24.863112523909159 21.491463138209017
29.542751400073879 11.352515140435752
23.792782119326951 26.591404295445621
3.5998080666735555 28.3158910626099
22.578897493644686 20.919217705974376
9.5116416104065067 13.372674157800954
4.9790190106523857 19.659897932271285
28.951348386535578 0.47277747381083129
26.694789911989698 8.5784599879653616
22.49103052067457 9.4211963980911211
17.993117378495075 26.810449915355147
20.884235250060726 30.343698882658249
23.600634332209982 3.5096834096887153
7.4328511606862522 28.821268836620703
13.853771263954954 30.484955885590725
4.1123383391921164 29.781349952390194
24.533432654507997 29.586269162168943
5.7563268680094293 16.947315775912479
19.247379809249804 26.640545600456456
8.7495712691140177 20.976167400161255
21.121076818869515 18.228293538137688
2.8159325323878743 14.368874219243585
15.408250462963386 17.335362544314773
18.923136867691884 17.14864139798841
11.852961365969609 18.822601951258854
1.3807239270165041 31.096649783307505
8.3728627054323947 12.663009064950117
3.0739278772392726 19.533136413579758
9.0207814847335417 15.650258653815461
26.271529860683657 3.4103465504661554
30.943681670840881 25.225300535278702
28.698079995179864 30.543031314786006
6.1741409537087648 21.053868441255872
18.454519625597172 9.9389904086356076
11.837443309182008 18.755557386654569
14.207739412831573 12.973622806437968
10.08337155754581 2.3892347232573479
31.533448068810117 15.174856528112745
10.402543507408611 6.0291332303511229
25.676868769015112 7.4539797548978557
27.585707859341582 24.598931717742708
27.884293899123048 11.034428185665737
17.779056297836469 3.5886613958007416
23.838780885469365 11.785568843965484
16.093776874476074 5.4422898380673503
0.87041889373576831 18.582649670341269
8.8590756340868673 18.557148356073114
5.5152613194960578 18.901237755646015
25.38869780857085 15.095908440408664
19.151162910215483 14.806962130120061
29.781152526689777 22.850699334107514
20.886812305196042 27.913609403320006
28.568580226088773 28.128696035132425
15.744774740640588 24.7289908018681
1.8790443587255146 16.540681119533176
1.0140079883679072 15.408743723255549
20.649338385591783 19.832901603964366
28.388189533281611 13.798475056371569
9.4398830047854165 2.8871364247396474
6.3445026955591208 27.46503070408885
5.7167769746793358 11.166841172052315
31.500802764124806 14.550381733464622
26.676660457383626 26.64034482126851
30.651470076882564 30.494611919870639
7.31117165869275 8.4462208960823535
21.666975722163823 13.871276108250918
18.837836231262919 31.508164067572135
23.677171124835318 15.490274091724729
31.604051977376091 29.893181963272642
7.2485479265700894 4.5985357742082291
26.337299113548926 28.51967796467266
23.295058613317231 4.9593325156355439
25.285340591818319 9.2638470875875054
27.816462222812643 20.909409878481018
0.8168454437403917 7.818960289264183
13.03107095587368 21.648096410671013
19.227765700572135 13.123891527595228
6.092668611310585 9.6859148628379401
10.00812128090981 7.5700918413200355
22.562193701574046 2.2114602422499541
28.899542445147308 15.960695343658205
31.264087385035296 22.560509079422101
21.63469657897684 20.251950652888173
9.8518128525107365 26.892260548362447
2.8509338492560263 13.223457817078712
28.293291615675066 29.342947501519866
5.1994564133372281 23.084305028954368
0.35435030511468663 16.652388819101088
31.376002663522289 0.43300223724448028
17.708220421842491 10.100541309505006
4.7241595043791769 2.3527741030262921
0.39393394208231547 27.629312468001011
1.6237605114943092 3.8458669667546594
21.798967387541389 17.498821196601217
21.175662735567567 3.7274592703161029
29.782414496216528 4.6407406914317146
4.7500313831969372 9.3625734788214121
12.744427423306872 26.555337001676723
30.806381491469814 8.4751283023377226
15.71593179097953 23.816617461670564
10.163674835731044 0.94006310103933022
0.79844451507154457 28.537277673194069
26.907402746917022 29.405416401053891
3.3928076402860059 25.346513808664668
30.29126130431769 14.10755441996753
18.594468670705936 2.7237135696746493
4.0796137059498534 30.818737787024883
24.539580283063479 16.218061197639575
19.309866834393183 9.8431224578244265
29.797288750193484 13.528050211006354
6.9063028932113752 0.42087910230504588
31.358269496043736 10.749792181429568
22.871721038838341 25.027473568492731
28.496859997157301 1.920576885876889
16.764766184385071 1.7929811101839912
15.391963522699376 11.744992027373627
4.5410701002938856 4.210682831214573
11.729575753528032 23.261723950389118
13.016852103603622 18.866120052903625
9.1151250009058291 27.971091272435618
10.899398715923734 10.218180677592605
3.0333707721054539 6.3129334546581672
14.799898816980265 10.14431302927929
5.6023301643178929 6.5243328243127339
30.855808785087458 3.6784095972472253
25.774426611064627 5.284324925247299
13.090000836066844 26.509403075690543
16.356233149865751 18.46231862352802
27.360432475006252 13.873515854174588
22.180057257636012 26.848111495871745
7.4513550604459784 12.753209865961052
27.910557799091659 26.246329408714939
9.0702839427713258 26.17174795442736
10.582285566353454 3.162475634141543
10.341102056813515 9.3483384525156108
27.38195352845068 30.227299897315376
19.404880255831941 15.719407809545022
20.093052651648506 2.8735305603973522
28.559353794842625 20.602919065302199
23.207610174062776 6.4984506989754962
24.506414024842236 7.6536598722699951
1.5016999973048688 10.488266705315548
29.72231914135471 5.9035152394972661
27.780733855754121 7.9709848476443064
6.2698664182084949 2.0240293185875005
2.0904887343753149 22.645985634788641
22.285921875582854 4.4986426853282486
24.396305453854978 4.5351578657819598
8.1800188440301955 6.3080670720697682
19.010122750490488 29.009897502534152
11.180875783130013 7.2840249908956318
26.354716720853229 6.0049359376245768
11.513222729373689 11.217964256643755
22.759079285256433 13.621349496909453
21.194126846339909 6.1715105557735965
10.862969470157182 13.134790831698854
4.7097163986115769 0.010804564995284923
7.2141722917921491 20.270459899077675
21.067214580145862 24.709767009402476
24.592247637963148 19.227530862762929
11.470298375338158 20.377337709450067
6.3154053785262176 12.308247012901482
26.602395330286559 22.987881732020412
