13.419477887643241 6.9497887907617768
6.9850844790758604 14.015443554044074
16.696382090991818 29.331148215247069
12.197933781578939 17.492239988669514
5.4949451600325618 21.73781392011729
29.790204028789855 27.602485183483431
2.2952081381994858 27.103807943325229
5.6034890031801332 2.8109669384560791
9.2911908787361277 5.387616823742392
6.9639970365042343 3.0821715911859724
24.859096530168319 5.5056960893442817
17.279851078695263 0.13051946179844215
2.5186449320876072 28.44210430546535
5.0797859182802014 13.400747627715761
3.2644359636044937 19.817608155500711
18.413813406237633 17.515145947771483
10.430905992229375 1.8418069922548725
29.78693786334091 8.6312671208176344
14.388291422737028 30.813540806133798
4.1707567974040911 25.712799248450679
26.184307652568869 28.791523294076569
2.4387152840151645 12.61481568858018
14.919828823830557 9.3363758774203944
23.422489365369266 7.2120801685651381
8.3423273965833307 2.8730000968365124
21.479571759069913 25.518084144217077
3.6763899799198434 31.097980065405494
2.7539715775045939 19.247005769337807
24.811713557652162 4.467265015969879
30.764958977407314 0.068930015765527958
18.482488214706503 14.413293422597398
31.103444864579306 25.987470602695424
16.560785241126062 8.4008006204508323
6.8943637208553206 4.9768751478706639
7.4920833428936797 20.24105628076828
10.201150457635364 3.6164192789742962
0.0085839372444698955 4.3528954208930299
3.365734410697605 30.005485686130207
16.632985470418163 26.837879401693598
5.9522979800180362 23.811201992402527
15.498461635109601 20.563900867181317
28.482009501886299 30.926499374284731
23.337007109132568 20.47332320644778
1.6744290369564225 19.512246825298849
10.2381357642141 6.8924215088644916
17.156168788743059 30.115886517272013
24.055437349996105 19.8959140060918
13.695294884917814 25.617906153118014
20.284469642754527 3.8030755008853756
21.703285709369229 23.039585304596351
21.329098468369061 16.598040281781039
28.184143403370669 17.854463639729538
10.301553692065948 19.203766153154913
27.141273076188984 3.616406967853619
19.554238355062328 2.6295782986479415
5.9993298974968452 29.493802880116622
1.2176512582876862 19.349539234726471
17.546121711973765 8.3273181072155875
13.135106175521223 11.389897783132627
27.486866547188072 20.70783892260247
21.666084004832484 30.79322255190327
0.73841344852112589 11.989895341842303
3.9044275989686041 24.408445763629167
30.226594023826213 3.6028482163501536
20.9284313309117 15.956167983586631
17.488572667570036 28.059663921936689
29.723753573254232 0.31721062806419376
13.628402121439226 2.5043782943674309
23.950563528473594 25.135132624848623
23.621792294058324 3.2792483419453644
24.384308270236918 8.2097816355016562
12.248446662034327 14.962317325484207
24.002072728933467 15.437067156681923
25.991549451518939 11.68141262626539
16.443716854696735 9.2278819980372901
14.878856222954568 7.2903617507065182
14.509824884180007 22.487433138684391
1.430311020958807 28.665957043578043
10.134038832254388 26.292795212987453
29.836333003232394 26.249459338077145
28.513685198732709 29.506370771010722
15.633644140556868 29.262453566550711
0.42912394795661146 17.049547602257306
22.896129650049868 2.2108473789170349
13.790983194149876 24.227153185302541
31.117219836581505 22.184789178864218
8.6176305939948712 27.962973026945008
25.177905409620561 8.1557347517193453
28.846671078370562 3.2604289906363313
0.96557440161172137 7.6669104433785522
11.386102972798778 4.0066798679106492
22.701010816861178 16.330430531783851
9.2238526308589321 23.361366066989742
12.196523850650753 25.809508444680478
3.8221118370225566 0.17169804443584943
6.4911354587594818 28.253808233354327
14.505343105421941 27.997718354916344
12.91957773222425 30.795079544687017
14.85715766890373 0.64200858454337562
21.609698645883181 2.1909400249650322
16.824095067827148 18.552744632344069
8.7709604564257582 4.5802811910307035
22.261605360459829 7.8802145526986491
16.324541664635365 12.767394846956579
15.57965857231156 13.515464074131623
31.56408943356697 29.040139735766516
21.994506197851184 29.633352465900302
19.391865874606154 14.325804153781243
15.864086164412075 22.444938685455949
10.885966976925177 5.7950794282083944
15.130054486775917 23.874084814873552
13.563324891236304 10.640070562936234
29.503878952379836 11.841371001680107
11.986970997737849 4.479562835675547
11.095695561315472 10.112166908310249
23.994938927513822 3.9987288378586898
18.962663475535159 10.577085172847829
0.6595735083820029 18.111710460155042
16.34607278384637 16.600869253548911
27.373484135633166 18.023594683378665
19.581934647965884 31.534593797217322
17.354979669644184 2.5463188177853686
11.006813806087866 25.226494651657116
9.3023600556372905 13.658860723691808
27.06990286200492 18.955969580289953
10.704451067314263 0.77725692083598996
27.969385553423834 9.6259645825685194
18.025666082727081 30.561140944516435
30.84387800367006 27.599934710033736
30.205307000438346 10.17226967976014
26.062324446220543 6.875945060748144
19.613889769223881 6.3302838839640643
16.684426545037972 3.0804148765869277
13.206923974870714 8.9935295841566791
8.5150031674393958 21.419533644147226
22.716248788667873 2.2219698853244862
3.6756138556546243 0.67793651880651262
22.882826337596743 18.990835025461731
27.324542788092007 12.295423019790572
16.100297106251968 1.6159407379502078
5.6549987938717274 20.208863951129036
21.961537862547292 5.1006024859961494
21.426159353235303 31.357583760398509
2.2290066817590999 24.521918250443477
20.28046771668841 21.441880930236106
17.259316238326086 17.81030696794047
26.696445170822127 4.8718746813437459
22.769857171897108 11.238684431563188
17.749347159418612 6.6515180295859517
12.781954536017786 21.369006528694914
10.937964357397181 7.7087321809835672
22.410273915701865 27.069421809758765
24.340041395108731 30.220577211170053
17.681363271994663 26.601351253707584
21.340996738721298 2.9554316377181786
7.7380319301544995 21.040142870358345
19.00660106927792 8.288031474411989
1.7710160958823546 31.552681736189385
26.412318770596553 15.567418197775439
15.814130915548613 0.0072436081163984025
31.081348162165561 10.096655141808389
17.360847457539361 1.4526945469212766
28.722802521085633 11.849777023913942
6.6685025811486209 21.161032304276564
18.397900609190717 12.977582129349921
26.286868441179617 20.133828149106925
25.573846016859882 28.764794515154804
28.801513495339865 1.3219837561112329
3.0433355889162184 1.4945625425575459
23.000539774561577 23.097078416027539
4.3404307212800814 1.786333319365931
8.3788614658612701 31.204160932405891
6.7303659714118007 9.429801685498381
7.0266555132291257 22.115904098953216
16.243666763407997 18.726239489737278
9.123692361064716 3.9297513916800795
6.3966053126498981 26.924028690421849
9.1195358052635314 12.249996526908344
14.085456826899296 9.9334222280526419
26.156915691324013 16.961847308128032
14.07592034171727 0.068081367942825169
8.0895426269184831 25.868375685221888
5.4864302796872293 26.588302864190062
15.822580060032102 28.297669565926451
28.945892546698445 5.3769593859291929
10.852303052253031 15.014980988699861
13.039295401839501 18.187317960904828
8.4986654552913468 0.96982217249057445
2.0506593976006435 2.114683771671916
18.905253129076428 26.553696023108081
16.031581093812296 17.735881501689654
26.092765376221209 1.8179123476218411
0.67901161175646652 26.799210456046673
28.617707211504136 15.4109910037724
4.1679369317308526 23.88237138902787
14.390544681215975 20.000484436179363
27.567847500299134 16.442358766305091
7.0003923016549665 11.63165801725491
28.762775244491994 24.927628769773584
6.0418849975657558 3.7986737035263753
21.374173418549855 12.590569844542554
0.19571094399780267 20.797497961814923
22.072655630357186 21.959524911864676
11.083649197549214 2.9415038006419429
2.6902562976967146 6.6414325691043974
20.774635921667194 28.202747236445902
17.592986730851479 13.20872099261018
22.026404689370999 10.18434314436432
21.417778906912954 11.340683606402255
6.0780960068664074 6.4889401709489132
25.073022278890836 23.640297388007586
20.82403359967385 7.4231916346526825
21.95717831856637 21.191688912699473
27.696028582466823 13.035713006054259
10.234831790633383 9.8496518641229667
1.9486027775272443 16.704793487113768
0.48096729955640499 10.774136740201085
12.375898374555941 2.2057442972775725
28.938196871973883 19.193141759377671
27.195986369367642 10.798448765134303
23.86464880795776 13.248360379857077
31.343061558356691 12.895449094615948
27.842442742046991 2.1665500795123234
23.791345579129747 7.4764587172432213
29.659589747404155 2.7344801278006439
20.609386975062947 15.77440284267956
28.891626861385859 23.395447150745142
17.565250140260922 19.760854515529633
29.184239626268862 9.6748706026209206
12.614987055809275 16.456737793046511
24.24283172098124 21.775322864280593
7.3574530860333951 1.3039516881156281
31.138355821998385 3.3875203382494159
6.6649861559806922 13.060569514263239
9.4216560327099117 30.137698278951184
21.435635399052586 23.920097475402006
4.8515788338167303 4.3116013559676656
23.905636057859375 19.763699257430972
15.155027278112602 24.918395243704573
17.783147282923338 20.979758534030463
14.408518909501797 3.7613024332628959
29.418351982924314 0.44027345091698206
26.513334776202825 25.977759121904466
14.640795863463108 24.486055972669732
25.691955022286212 13.085684269669006
11.295026471080417 21.049235068844833
25.321955288811363 22.328232233689512
9.5765418449687445 8.5750882624004561
4.4087686684855898 27.361701126559499
5.201120018650232 0.98822189012844552
7.5557337977849253 6.35217274642992
25.221149593105594 5.8338657832326399
31.030562130493202 19.53555422151803
29.987974623997189 6.9328158011173162
19.961200633107079 23.995612044050791
9.2064165878851121 16.413217098191286
3.5582922957839744 16.900067757372234
27.517174389701498 22.277497822781864
14.357616514269395 7.1809800597103672
17.564171498949275 22.580010472790388
25.039459698597884 0.87907142714728237
10.924032336193049 23.566022399202843
19.206136455347494 11.848653100610038
25.684578667070884 8.8577285617485835
22.015677176041802 1.0357417690153548
25.553125966763194 19.015119267416605
16.606297641390249 3.8089557855745428
11.919791948418419 24.132261503819983
10.004076482504313 24.868406820314476
19.414356335857519 9.3803559997853725
20.104080075988033 25.002345851686606
9.1187979947755569 25.862057268127348
16.582192834368733 16.575056274755575
18.339369065252189 6.6121257704177321
9.5948606190654129 15.428516080757099
30.55732413616893 16.74053447912658
30.399640713351342 14.139287594911492
17.843211787113564 29.625823900151214
27.028618553218944 12.085192546428061
31.516898263186913 0.92440240169492249
6.0339600383812551 14.496043699527783
13.689719040707892 17.467714669018054
14.362069203243633 5.8151960278303232
0.47052081749452807 30.76305957603892
19.628736607182944 16.549901361958444
12.944160221252805 30.939266338733546
15.188220529450273 14.793521363593268
2.9021194785887308 1.6431026046757311
15.549225796369004 12.307303920770066
29.052183810199995 7.2726511817382411
0.15491568402337219 23.79739708646229
31.52333876282718 10.882599792719674
3.5483807768100979 17.451174544089152
14.798359067811448 10.70438509814978
28.919623659388623 17.496773153837175
6.2602858235033265 28.464430317720769
9.7831430741579304 26.557568164850139
16.29546928408476 5.7908022673573942
26.126766130708312 15.026950289741928
15.068111902394664 15.913390555894152
10.591431655413203 13.661045879096998
3.4450958774290759 4.2860887619777372
31.237231498102595 26.669158520614342
12.044419049650253 22.406261671688597
2.5164553520217137 11.832436201554614
31.06121432572581 15.836868043342276
16.384709141018451 14.929917638965481
21.271672644902768 14.060860277172301
8.9663345523351854 14.1552479349011
21.706426907823197 14.641258667581907
23.447104337990364 29.606618749759384
0.92401604236866786 8.6251348724628407
5.2719327648735446 27.974959023652154
21.933322849669548 6.4697822896361679
27.191392342915321 20.371595661662557
28.821260806834594 13.392354579476068
24.09940367934114 23.37599637342996
18.08873403297622 4.1072119497736166
2.7378401652573849 26.301471669366158
3.446537369252761 27.807798050010973
16.669521440800928 5.3451868629245709
19.196954355216313 7.0391208222151853
3.0854224594084703 28.21683241901254
5.4715172841561186 25.475646801818755
29.302722529517354 30.72320767050315
20.843707565577628 1.4963781529281506
30.537360246460388 18.423176333594817
12.08781892295803 23.223336211656498
3.8789649023885406 21.903182409528419
27.838313712005615 0.35777550404080211
26.571155177896127 10.617816945904643
10.477245961622568 27.785360799226645
30.077939967296377 6.9939194710844772
28.757931378779535 21.305901043377389
1.5695496750555031 10.733655486052532
28.226514485346875 11.272556958288554
8.0497344301326716 28.818188841081394
28.081864181445344 4.636453398618321
7.0543742838328241 31.317578524588079
3.2423631586723749 3.0551685854279449
23.822410304580295 11.461449325736197
28.15977025943954 19.318990334610771
11.955170178428226 11.522655668550781
23.933433055987766 1.9459542686604234
7.098182518818632 7.8334816473981084
19.075061648128948 8.3720488371814437
20.089789458886983 18.638784006329026
5.9737378326732777 11.948607382200814
4.0111998965685078 13.414997448690421
27.952599439620879 3.2391724948800418
28.603235460980407 27.055281614121213
11.859625522112911 31.063958243006191
11.478748319946503 0.15754254847802793
17.601870095456185 0.4832609164559048
23.422489050702822 0.10374082426060377
25.698471620530764 21.414384188802423
15.501161425534365 8.6881860678974796
18.232503194117761 10.186853437993989
4.4692018854169708 7.4830739614553439
20.792885524088689 30.198112867788602
0.66605662876182581 12.087508123089249
23.835247367357592 24.165739005074382
14.085317325166358 16.649813528708314
5.4231727973431569 0.50063831206452436
7.5011812056714602 17.721905747815857
29.919643673276081 5.1738382008872872
7.8921782026163756 22.335546291534129
2.6091823281293003 9.8044251808607594
21.069959986728893 7.9447421296717717
1.3939145165576845 9.5471342346556245
26.49186424710151 22.819893265190441
7.8327683401236055 17.730128629226488
9.5638375608573511 28.737565113497308
27.851794426739495 23.253122590350145
6.7799073570968318 27.041907184803204
2.217329201394036 6.828759212131926
3.4790492006449591 26.599231419507607
28.28950114796281 29.625991905563858
26.927750931017535 17.588593946386151
1.3494245545874206 5.7746134786694654
12.051536476392755 6.4504897331014472
0.71906106782615808 16.217597339572301
13.825819292858156 15.305549073614166
13.50643657765746 27.117564930117084
20.774036548751504 0.1496778883464677
7.5960197147962711 7.1138921368388957
0.78900213208795245 25.407260226665645
24.469350797991769 9.1104963600125561
16.487440737769514 30.726922790268009
18.85793368688709 28.019193450053852
12.02979776048012 5.2487433246020743
2.4467173664979263 20.51653469567454
31.072237207869769 2.3467991793312479
0.048012156482476163 18.39864405940909
5.3888666119151516 31.190879379925963
12.659252195381406 28.203196654025593
27.984705032055253 31.427522107041938
9.9064267885015767 28.924714812083668
14.836308652907904 1.5999274410209783
18.350895861373683 11.517527296058192
30.454360519203743 8.4363836866105455
4.1109439477711032 15.249294234601795
8.111741370051913 14.737752970626051
29.716906747187579 28.361046721436509
11.971793827931782 13.801342882754041
6.317152978129613 16.648050159997322
5.1677245238021046 30.120942756051662
21.558115854673176 17.944236881423404
15.758306854634663 30.386881574961933
1.8535844116739102 29.982281375238575
11.530108680008567 18.567505537350719
24.397652848407734 10.958719179123152
25.605146446895027 24.853249011582079
28.328670157329565 28.171219044066312
29.727217275938138 17.451546993798623
2.8466168121509732 10.371877238365784
5.2628311746524972 10.534333997333103
16.245688563851363 7.5118570272415859
22.184066449674329 15.194448271619102
15.119021981297939 27.055713723424397
8.0892337410273996 11.581989850119413
3.3820418473269069 6.970553853202464
13.141338466270218 24.364659692111861
18.232840975525203 15.793256703015691
29.912039068950833 15.256705312920104
7.8762481625699126 27.161165099713759
19.137627547194263 0.80394631067512123
18.226616231255207 26.630123551530453
27.565468727011051 1.8904575444741585
20.386928383478857 26.434071467429892
2.595342668371901 8.401870704784308
9.2171841497679203 7.3921871614088142
8.8553755908061156 17.6981644909369
20.360829145643361 13.160384464149827
1.8610460274964917 18.157916576133999
8.5646898470423878 0.79974192578760861
21.81991480685495 18.253482941743616
7.4390420273284725 23.8151153544684
9.7220291510445858 21.248530483270642
28.295319694132587 26.360325824700368
10.834637703197027 16.440214651825507
28.104149390745704 4.766324571977302
13.602450968924556 21.253330707256655
2.7334269072199811 31.259494413696459
7.3261541121644944 4.1583980505512015
16.797351607809269 4.4432205450391198
22.443367921253856 13.28886268983671
20.364263239507743 18.115909185705345
8.3391679715047289 23.273833612100461
8.9620926943369934 8.5056956460699116
5.0101041336301275 18.45727789208053
15.930321466533725 10.361028116134603
16.601511170166852 11.822114487020029
6.3026916484309261 25.553655501877426
18.094330653629424 19.354033725930798
12.54582147300661 29.671071251010673
10.751654570782661 30.987151194368334
6.6661635199368634 15.190260496204074
15.969531246544792 0.20732298150751582
13.020084952504366 5.3800827394585324
13.292825630347323 25.877315612954519
0.49968333768149081 4.2180267157855305
12.091495418309581 15.730397531981431
4.3921615181793507 9.890929705064595
26.964850623148468 7.5686404831592915
26.440224354632186 6.1607443590480093
16.769973342505036 26.46271824091858
0.57009874508719915 13.549918464439605
3.3015384992566204 15.761387753360914
24.320815566506926 27.831958571545087
9.6025825354426129 2.3014363741045467
8.5300945687488365 30.882572850017507
13.690330728574232 4.2402955113164822
20.595409998795667 11.429726471223605
8.3528445998557146 13.0376918180985
9.0090464812740603 22.376710721696881
0.971538025125814 21.661314986455778
29.208945880660711 18.635034497970782
2.1181418243668517 21.011184793282141
16.832254190515833 6.8871109000217858
23.168383493189637 14.84490875754064
23.152783907564402 14.303841031097599
5.3388915017462963 24.629474831445808
22.119028399642303 24.878812091846626
20.06930186732049 7.3948662928319235
23.242937490221113 18.423683768151989
3.3370632292478688 23.222678667113794
29.566841249102268 22.771659648879037
8.0289934398376417 16.37017937600195
21.497357701820441 26.945155590394108
8.1243931876802691 8.8728624725976584
1.5621736496480867 17.529174119732929
7.0416451773078457 29.914016805571269
20.855747925200522 4.8609764572989986
0.23767582437250889 1.039359745321925
13.358102188061618 19.515631396352575
31.519526722512442 27.670884375009393
14.805839988914176 18.756275701730779
1.3675915890768493 26.053891591164298
31.333079892985875 15.014507858164016
31.37340391122564 29.626667904854713
2.9329222205027348 21.397438222820973
9.8375051318382187 0.24927735069058971
29.652413780355147 14.097569707866169
20.978133011994508 28.489425662279135
24.408019231669908 15.962937588418567
26.24149926311059 31.464656212229908
25.184204623397303 7.0309478160860879
22.643704682576182 23.182472250417618
4.3413185538046291 18.324230297556856
6.6666178708761903 16.755448760386127
1.0115854988900626 4.473665311092109
6.0602491581935309 1.9022672053229561
20.248830852784607 17.396784126410139
12.56656375620917 29.081944549969062
15.181043975128006 4.2246471993943482
8.5107251178766834 5.4890854770989774
10.866439311462308 1.6544530354519509
20.896814000993231 21.564716863517635
22.637985975414008 21.034227689954811
11.089174247707566 20.411739453369005
24.958444075192137 14.321214437303945
27.568165719008846 27.142733216656428
7.7047572023436546 29.729136383971479
7.6264080122736768 12.441098932600426
23.451801098790288 9.3810646661436792
3.3875889162121369 18.714420196533784
13.006258207099986 6.1160330318163139
14.910770688550713 17.492014534309224
16.057147113148613 23.259137208972575
29.866817832239363 21.746746548070362
2.1635770802607452 22.815442003749652
23.828974301085886 26.66996265580498
17.486030114852937 9.6898994807750825
30.528458812347271 23.373324810411091
15.363882275042627 4.6133146599388866
22.279315975513146 3.4942683823569776
5.2934160290444892 9.1599825984805232
26.127068201180684 24.41278708924942
25.700404253990545 16.998525077041361
3.0776412044681849 22.485328172491229
8.5040440491852145 26.931224170878831
14.125038695403425 15.182451215758592
6.3568819974424464 8.6778635067325656
22.026964665558364 17.0971897631457
22.648605013110462 8.959578229914122
23.243690115549104 5.6449631434306324
28.66369606382689 22.646525550078444
0.61487114650158192 30.387769146430287
14.480163781709185 26.380180322192306
16.124565714908528 1.5267946511181909
18.839380010831508 28.856315922480629
28.538287043941693 20.076483718042976
10.297932138764791 4.9496689276380375
9.5755300728920023 27.627698884578535
9.7787059583648848 6.8013717317319005
25.177819986037026 26.298292066282688
16.920439929361383 24.856088368175705
29.877766908902263 16.000210945631402
18.153460805154388 3.6043668045646138
7.2862444992476627 25.918336185178447
16.759963909612097 28.290591009881009
28.886210084400268 25.311358656696601
22.235931054735111 19.601199696751049
9.9522316495434993 22.62323848491263
20.520516481062053 12.688618899688738
10.077137734355238 30.199170808217204
16.175512274216583 13.661653358707012
15.75122611440003 27.423226933865838
22.931069097561959 26.101630373091457
30.057638841627028 13.074961377228457
24.217666026200391 13.980853440313883
4.3932112409491744 19.805370949998625
5.3585369472870568 16.898386419821282
19.226095197626282 15.644322037099055
6.3443759268266611 18.092607133817054
16.747264602475237 20.216996156384962
7.0675983668646438 1.4028936653292554
27.716852756186452 14.589222176571214
31.474690374440545 24.760627881070587
14.262756845170946 2.4865394110450398
2.584359556677327 25.597300709765133
12.955704448080649 27.12773521680181
19.018729289008686 21.440870149309536
1.9540176159078591 0.25521401592206505
3.7371282792081351 10.066423295061123
17.503644427276484 11.185360488092408
19.621670560871216 22.991132908926097
24.437560372048342 18.345031715241635
30.203244706451684 1.974930173445457
10.482920602813092 17.502652558971736
4.6650660126216543 11.492574174331121
10.533583567831382 21.571541133662375
15.086089814382868 21.435564306305345
6.3828885861427169 0.40908985330640607
27.393827183903873 21.721227310464865
11.70988431896169 19.949607947547566
19.283487407522241 24.595171351576816
11.397868626444771 28.577657599370081
6.2092972448760513 18.464670614156905
26.26698806457911 0.77546203856260987
7.9073400140510905 3.8239277840727772
13.837489682088023 29.780285035928454
3.2181864477761239 8.7836060510619571
21.036537736050871 3.7799264407415643
6.9673274240959078 19.171969743250038
0.57053161765756522 2.5666514870505006
9.2265078595932231 20.839113388006322
16.305092073822255 21.473500619260733
21.080184111741197 23.861871330108396
1.9223667041096482 11.293469904708099
12.815009652808573 10.518527760353125
1.2332089514685638 0.81137403395665741
31.160279928452518 8.7953782703043561
0.84919692533917579 14.743848980190053
11.022823448057469 24.630810535115653
25.988313280517907 3.194479883674167
2.0754779111156063 13.865304314095214
5.9722348442843822 20.769600261162417
1.0159999797874482 20.524533053961861
14.29420518871024 5.5611817439856583
31.310729243506046 6.0776226660133164
11.236981696269829 12.275444760954269
1.2740554824477535 7.3196377691715435
14.580422838877485 22.835959218001811
1.0731800189742629 6.08340577505321
2.2663223914488153 8.2218776838026315
5.0862170783978735 15.558739848751529
17.564022618852544 14.564811699294321
14.993789972637664 29.245844065588603
23.082076627556372 0.78221867640770892
2.9399068377859097 5.2114103112245287
2.6980612705318094 14.68876050497428
20.003054258769286 9.6344013055460849
19.620589562314226 31.460839865909925
24.31917852471997 25.538287160204412
26.866846045042287 27.931041965855485
14.414212466594385 13.680039278632577
17.973515617574069 9.3281682720619656
8.654226143497219 29.731548415136491
15.129619021099799 16.730406663314316
1.1451653073271362 29.038412275965317
24.794608450274268 31.605028128318406
27.5388935330196 28.192525399012666
19.289454753555486 17.10739480668158
12.69369762886088 14.332685579228698
30.900163593069166 22.319516224107868
20.544876229350709 25.406646892708139
15.600409110314587 3.1204060512684126
27.319076142135614 0.87815503065422307
29.141288084491393 8.5150225384769573
8.4201603478215183 2.5369773478449527
23.122823952494514 24.492695363011443
1.8974711390836196 12.895458154418787
27.948826703055559 8.0535317612141757
30.846997235588233 5.3278494040082212
27.259591602942738 24.518618127507597
11.232824283199866 28.042000446699209
13.08679355934725 22.933199022582979
31.261487150160409 14.415088696595019
17.742985252166843 21.578711947035512
18.404094906616162 23.263663628882355
23.931484813199791 28.555517966222798
5.9522561276638593 15.51501165932345
19.571524524852492 3.9548335610017782
23.54631370130069 12.352083389230714
28.454110915778564 10.556803266264724
16.169138053712686 10.175170288994581
7.6061817202981077 28.35416887244152
11.122770721655739 29.684707210571545
3.610382069270563 12.671395019149005
11.304405099871664 29.950298333940168
30.250978689222933 21.021395982291462
19.323705701116726 1.6692521062261527
15.114080364152418 11.261185716630782
1.4493551079987286 1.5641083359161125
21.686703369442029 9.7092759370265043
4.5519362629752198 22.469200094060074
31.618056813885993 5.9444051091884988
20.777903957619117 14.396526864330175
13.147425466749933 16.222324694164797
15.903228573138923 25.541860956479059
20.554482973033675 8.8500527248007028
3.5183414702941072 11.181359488093392
28.898391423692804 21.205937059688683
17.698340419202594 24.592991804071385
7.7766191739286112 16.118646733979627
28.005888927090773 16.441410663892125
26.320761247927486 13.53764972669561
5.7906948173092845 12.947701052744643
8.1546612440110202 18.885852834421392
17.830305236868501 7.7123524602146807
4.5665361164733538 8.9271061239816571
23.003784386711565 4.0622780057303167
28.178658391321246 8.4430923950065662
27.035571528078158 15.705981021865579
18.628257960546641 19.974648226811343
6.9337806998927034 2.4255064362526841
27.50161683587735 24.188858219459618
20.732217078974717 10.685934909230973
17.9482213182431 17.78832770752636
26.717553154281269 3.1828627371002383
10.518848500941742 23.111625110193287
25.011776436750775 18.635974866061087
21.915829787178144 29.081672445670009
23.114231588861969 30.527124123378552
9.4409975338701795 24.286585386505593
8.4211312026999927 10.412118436469504
3.8403010089852883 8.1765263126554313
15.821187526841259 6.7750012694111561
9.7545568221538002 12.682378543229584
11.143613250336788 8.8124186173872694
0.99410402198012593 27.950959902125511
17.829371338959199 2.125848090214344
4.9783077314748221 17.39597009779235
19.456785661012354 5.0940465218943611
17.293118182387239 14.379754639068274
6.1621975834137688 8.0495584092310573
18.525314896203181 25.000353160364948
4.5663075081504347 5.3533370271373411
4.8987473142178937 1.8924710401969287
19.538205217307869 27.386168892641493
6.6434951208805408 10.122339787271315
22.848943287976695 16.174945058701478
11.898207674588905 2.1632422644656333
18.209100521201961 0.12097615449911756
9.112885258538892 11.475696317295018
13.721142183774933 29.021422768710828
5.2578308208748386 14.109238678494135
11.574269469889227 26.256552809352723
23.668922914514216 9.6934735021852454
26.114373686165809 1.8795174441786937
13.275510402441915 14.07604624347845
7.4782134404777985 5.5318557204037662
26.290267029879217 21.657251365700496
10.032197533121961 3.5275946318350742
31.347813785912255 20.880464576170379
30.157336889150095 29.998929037621046
4.4760955898720205 21.001338142618899
5.5190853535707873 22.243184904655177
2.6387981502246278 14.550731569205587
29.066531150595249 16.485120520444024
21.208207062762128 9.1409685890854142
29.516907217085969 10.244362608281055
25.697720541578938 27.699569301384646
3.2870630690031928 5.2689521127820207
13.750809874477691 12.645875592889038
22.900585818352955 30.512792096902096
21.749956163039716 20.101415529960537
31.383070080099248 16.877378437562715
21.595144380647127 27.040810822805877
1.6920812163041634 3.0790276090575452
18.071047116743838 16.243433450051398
11.693907093333324 18.711258902269066
17.178558771526859 23.424866865045363
4.7640360616651334 26.767023780018384
1.9463875270326458 5.1680460107611301
0.10727152179911394 31.317615024278336
0.3076559513019777 19.442322793957739
26.04113597129313 9.5416411366946399
16.287121137570225 23.772001415560293
16.665445733415091 21.767950136325819
12.03029576709538 9.5049719675884354
29.867525083965493 20.036709101719765
16.352415904510249 19.834642327582284
9.1697361778192601 1.786620972963423
25.139390846559699 20.692173856166569
25.746053821704162 4.4506693115207279
2.9438123818627671 29.455755623690649
19.625099184559808 30.119033298037547
14.397312723804761 21.279418942477974
13.479016475175055 22.970254028719818
0.68849022228452039 22.411784230468182
26.713338154216302 30.107520544371468
26.413426026337703 7.780173236673277
4.6115001229481569 28.627203931409689
29.522414287782532 26.564427064148546
25.041264207023989 29.928604607114465
11.582545417441985 17.233036858824587
8.0652062913511013 7.6190759658045071
12.52569291928258 12.664058838975347
21.986586306959886 6.6990029439151657
20.323408883207968 2.4423906924700218
0.47460772629322651 2.6246970655515343
26.140859844120051 26.87908665370303
29.951749076058153 29.846605328296725
2.1152102174645346 4.1201768162442836
24.358138889687261 16.805768867540628
13.814663119335339 0.69544093330446199
7.7276280484225719 15.16202205248317
29.447501403503093 5.7772982975198888
12.319638890260885 0.86172912469828022
3.5930559704399618 13.602867166003653
23.223615603833789 17.63235076989956
22.198928420701662 4.4228304701996484
19.441124177278592 29.366129435994669
29.154106785155946 24.260411804410115
20.583152027156032 29.869722091655035
23.916840580114666 17.374268232374263
27.018995020699023 26.122466003534949
30.284321930639528 19.83650639485084
11.161566020745804 26.6680864890523
21.076706802596522 5.6059420308127184
7.1088584923591576 31.32860164705756
6.0380436152507775 4.6268900559143917
0.6620676031746775 23.304105033837683
24.048763290163059 21.649650947422973
19.330411924339188 13.534911365558219
4.4746565798946785 16.359567539366484
8.8341501890331369 6.4180093116403256
16.689409568641633 25.197124857681935
13.53608650504318 1.4569375659045634
24.232228327282129 0.93038374846221938
24.480189769580313 28.848974308808963
27.142899779129142 29.277196114442077
23.397311339833895 22.048814372301042
1.1524752933000202 23.867996378144664
14.729758618987077 30.414782502869208
9.5755021803703375 20.036427872049945
25.753242769761957 30.07503020553311
20.544996303234168 6.1275722602852207
26.513960553656485 23.382195869865456
30.493499008140688 1.395833788009653
1.100499331293292 15.357497756339159
17.792823824204302 5.3214587036877887
10.825258309316295 13.229322650491737
14.848519339359028 8.1832162625597036
12.779824609515817 7.8670087305441756
19.326580151302231 12.356079877743877
1.708600090565872 22.088284765313858
2.2824742013612482 23.67497279950004
8.0834668140621808 19.838128348329722
5.950868789298406 6.9209577354153744
31.250793551377249 7.2616381218289332
9.4424569431866612 16.521317807780871
30.333693962744835 4.3402891969871762
9.7727716280371535 0.016699044971194128
4.9209613913208612 19.40253543553543
10.941894630509651 16.003816490209719
4.1374675654014945 25.298027504349189
12.305188622419656 12.790257469394282
28.825432393827509 14.826551635556388
18.517288921778473 25.411898457500556
6.8185082969369937 22.754047238993778
1.8067047227624071 15.684475187975011
3.9881488335738777 20.736963427143685
12.721917174608745 21.268791531360705
7.5611380639111871 13.553179838325239
27.838450819627173 6.5041725166741235
24.619846913749175 2.7568575588428343
19.368991774474793 5.2195033026105886
19.929670191416236 26.479238920913886
30.917728076119513 12.805613315713579
5.1896247859229367 12.072597436479994
10.450386039923254 11.818200608582766
22.8263165414645 10.73475593317827
14.818034983304923 11.987540713883446
5.1568757072611309 3.3112473930967283
13.272012575201686 4.2559568407041208
16.915985995193935 11.156806957704967
29.291103256457756 28.638109784449828
14.34327608826754 13.646586870108072
4.824096419407601 30.871014740655166
18.788289016359421 18.519839179588939
20.094648454205771 28.239751590072959
1.5090221323279933 27.15973611197224
30.596108562973001 25.40008487573467
2.635639984487427 16.347745286568578
27.547544510453761 25.450853993536931
11.680003964408353 6.8446587030005857
29.135965840105591 3.8537112803495397
8.7768477963945113 19.217092338321415
3.9658791358443359 3.6148819306850353
22.788612558188508 28.266419996727208
25.227031861724168 12.610102401009442
3.9459844218208628 6.411913850360059
5.1252214122976865 7.9239364215031447
19.805934657826679 10.765761988761568
26.594980174015443 5.1277302218913423
15.286815557406763 2.6031726749457604
25.337480598472862 25.207466632069071
12.127812784331478 27.342290804040864
24.797245036137276 2.0489558524317912
26.68262853192973 13.835585411072152
25.087094910593525 27.100682216673405
23.555754624437942 26.931057447863417
24.622834540584233 31.115905736860253
25.1986283195052 3.5215241727461915
9.3383209583077047 9.8861298634909733
30.518480236236108 18.098151531961545
9.415571036517731 14.910386627235004
4.9501245031663812 5.2159444068788821
30.577353386071678 30.920852925822192
6.5089795538648927 24.768063654950279
23.08981488540925 5.9952685138461703
13.403840485792202 19.831014646159289
4.2753361324877428 14.72314547708995
30.219255735208424 24.71670762246368
21.244692495196951 19.288202413673137
22.358848095781667 25.341597081809077
11.805364114365805 10.700863509784202
26.24011494070546 31.256874903071534
19.32538723878514 19.128274661693734
26.59767480581349 19.113837413895453
10.107753966687683 19.437647388780725
14.063532119383284 28.179934457595781
25.283448777188621 20.152017623108957
30.511603254347065 23.87168870825333
10.248371363704772 17.960700035770884
28.836165697707642 12.972033220529468
17.934738695920196 28.306684552326484
27.31547453463541 9.6308773550340305
10.694782390060933 11.174862092707908
18.732889647872906 30.402534406394306
20.245268454435312 19.987155503579636
25.603827546234584 11.424992643257143
27.710345932642106 14.241985458058345
19.864498226540281 22.866662933441408
3.8705894106627561 2.7873730992952068
27.330634295185611 30.411300381954199
22.473527111925982 13.085167181265255
18.146395107553047 5.3662299863459166
2.6659025334811948 24.744194875487455
22.628357467504323 8.1467383604879462
15.147313608979974 19.762431619855768
14.933251097533034 18.483930197062325
11.611081121425201 7.7615256631547096
31.569587757104021 7.6382186540070167
1.0701010009065914 13.644303383079587
7.7320910745357541 24.196994246577248
20.826139394956403 22.357749328609447
1.1925929443577721 9.5171349457184427
19.71611231318645 14.915655345703426
4.8352286305371983 6.5078398877315609
0.95696521004022228 25.095840808977748
19.375977753779665 20.581069351712735
24.397761929273081 6.5946532372265096
22.65160875211571 28.384772529549515
7.8333379081125605 25.030027147943901
2.1372089385681572 3.4100334362961746
26.861823100680255 8.7946579401545222
27.508948365560872 6.099276969634678
1.9529440696333304 30.28833291120473
13.042430934981255 3.1208062133531342
11.316855752459825 22.090353776221782
13.277271249878465 7.8919142413852326
22.200766358255137 12.051505370539184
6.0468948651026384 23.356915634076426
13.416931146287823 18.335125420523788
4.6675459370290868 28.999322442804395
6.7850887686900334 11.122042804738424
15.87296068837424 15.144019375681946
12.068643644110276 3.4547663759497986
31.494664633621998 9.3369072886718794
22.437692596770447 0.35607682589745954
13.800948697877544 12.141459394243489
24.696288723430733 10.437579153973727
9.3351529003428908 18.077738251250185
5.6798872366350235 10.407740670026946
24.494638710051614 12.465470162260239
6.1692362251840835 5.7925470018485781
4.7584658265549784 23.388098099350415
18.333829088729765 23.344661239545378
10.870336882379547 14.516577874196697
25.472455338819127 10.133187323146974
18.757298850815392 1.785694255449231
18.798273519290813 3.3221419703232034
12.328925302398275 19.77901741539948
17.269780405727115 15.993426832637599
10.33386134125281 8.6967001894512759
18.901048347632347 21.788472535780567
25.227343491994862 14.656134547765095
10.647689348414291 5.3867133029088814
12.492050889746654 24.878917464007682
6.2621240019775462 30.188765285719242
9.0646809795745789 24.819515014662841
15.345273861711799 5.772408477394201
7.9126048028546174 10.366945227303978
6.3198481879610844 19.564160692770095
14.01694228250514 9.0495321938428024
20.573127205983347 20.172039901862586
23.749198914329991 5.1302542478127391
30.673684552472352 11.622671128077714
3.9752971478817711 11.800892835075606
12.492581511062278 0.81831322171134036
30.175372899353849 11.508781231011506
25.226909040975801 16.022434864964467
9.6661927982633991 10.637132192385968
2.6832977830701195 18.024372747628025
25.065531537798527 23.171912827145821
15.06239279239443 25.997362207957625
28.991921322927318 1.8183625434248094
30.907572599808088 28.74904518050889
20.702189331798206 1.065965617501726
3.9892306550845356 29.76081095664977
28.393187706061141 6.757466642802112
25.582817096704982 17.870836400372937
17.577927434824506 12.630118826513227
12.280692228239605 9.0855159407317636
7.830154545054171 9.2242393184973928
