25.802578594254459 24.647820773148787
20.941735296596274 12.305406355799036
24.924123826591611 10.93782276542608
4.0200606290219181 27.147922185382409
11.941784255163439 14.687661007530194
18.187476859502407 9.1445578372535721
31.452801067770597 26.889460765797725
23.534223382505775 10.276276515149574
25.788013742356721 11.809547556820309
0.41170042369659193 2.4917034665282114
4.7173164198817314 0.21174571114685081
18.390604865429498 14.469774659504862
17.496068317615869 1.6050914997457273
21.235593731144721 9.7817492713111029
13.379938961960754 31.126078618620166
2.3088691238856263 3.4624693699418838
17.058154645100995 16.404115942734677
20.25536006824553 24.731832508324622
6.1844654169831585 12.658323227309131
22.691644469764139 8.6567160952103208
12.826750243740705 12.949177922334336
18.638076714626898 11.427513330466075
3.073724532636628 2.1177415473758017
22.398441904961356 0.1987041709529451
7.3124105079780142 13.577855767824349
12.242050571336083 5.4725708078453268
12.751119387906163 14.762401226131971
24.06167838862439 9.2839529986357014
11.992220291235514 0.34984747287350576
6.0778971856141224 3.7145245382967951
11.947111271780289 27.000245916120488
26.538826693513435 10.494484576127027
2.1944108441093948 6.6027597788886982
9.6051919599163629 1.1162754540942608
20.7107462900521 20.459169612204978
9.9921238441279119 22.922876718788491
20.597522635408843 17.780495353156699
29.177957741510507 24.657367459173745
8.9343190320683661 17.690095299417262
31.265276618035816 4.0089397489576566
11.211490255197344 8.7308415117203051
25.561658423773125 13.061868950600676
28.944827332443221 3.2370006609900743
7.4247386107816258 4.6655451949995319
30.69214151838711 2.5307244293405136
22.432871840490357 17.323180139951919
25.558118848574605 19.64851521566694
20.247734814947108 11.036437095865313
29.62732295905192 12.432635082404675
25.899578483721939 30.480271077150174
14.88810146010819 22.954919537887587
28.873492169136501 30.622665309815883
10.217066453707327 24.631595194927719
8.2357536210740978 9.5468652419418056
1.0245477177029452 12.512270245714197
29.43147479354079 1.2916499964833736
26.119203338578096 30.109003802040576
0.86865741475720848 3.8920310440522892
15.098364379124742 15.881349596251752
1.0581411527533453 7.2099584292608396
14.687318667370299 27.109081805300381
10.54219010406163 5.2513776082754005
19.829738243026661 1.3172222365242856
10.191738043731105 30.463608438315617
2.3939684328146797 14.438311002144687
28.329866281372624 20.113825128133168
4.4800794694651458 23.264871404082147
6.948875905340981 21.233488637779043
6.4618303555711405 11.409263611651932
10.363652097706364 8.5780128182345994
28.4461665880096 27.589621944582149
28.150122421490206 0.17703985456817842
12.309360641205084 30.389063714966763
27.825617059270392 17.903701647443324
10.375564402762421 29.167470327119133
19.896307282368571 23.594740602695083
23.608986526981703 23.774618422532669
6.7807035412813654 3.9232966251981596
2.4086125004341925 25.580066183347885
19.619234496282406 9.8337316383422397
5.3402557186544897 18.983197400578113
17.8162568201795 3.9651995551236152
9.6671945533666737 19.202332162355983
30.696676941068258 19.388831741143804
29.61641894320605 18.444784978246183
17.426352498985636 30.123362771132651
29.042055477576877 31.373164369979246
18.070542251385863 12.992161594277592
17.409184359114587 15.983079130791825
29.425443738743287 11.271478494274749
29.679483534407364 1.1057077967186837
2.4377008563974965 15.039838507363559
10.016584043781274 30.112280472486226
21.931146549016571 15.246441914047409
30.672777057173313 28.372589776566901
4.0925618702108757 10.772956308458134
22.164672457219869 22.955902551119028
1.2766973736017506 17.308468567437526
28.82225297616873 4.8363036675919302
6.3251730057784172 24.115438385940084
6.8952300724634501 2.0802314288088795
27.989002011957499 14.628430500395792
29.208991322174295 23.100397889211497
15.996995992927259 24.366788185495864
4.8418765082676058 17.717085468726967
18.851069049104087 8.2284594907341457
19.389110680570248 12.442451366486235
29.413760179333995 25.336976130059515
9.9782957737162601 7.4058874012420297
11.679813023768011 12.892873560666215
12.760064114162317 23.727703553442836
3.7962394438431519 30.484269017095819
18.758805490359219 7.7204851999659878
5.5261024298178913 21.539754551724698
8.628572420955356 0.9319631934814766
24.160662058405382 5.2022549310924768
27.620384291593016 4.3296910673709172
18.318167171938793 19.68544618819795
7.6246265702770701 5.5061510263630193
27.904082917914916 8.3167654552877863
7.2492333108137048 0.44895260141824528
0.86822330959046035 24.938129638146926
30.944666791324888 1.7433978881983609
8.0371436189204921 20.264745564703706
15.778656298532548 17.945470021103915
21.819386188436162 19.755121865513541
0.73501674322732347 11.444473650342438
20.443308588399844 24.43199662216449
6.0267467975107865 14.213028395557775
31.058856366096681 5.3951156123092128
18.398187344730921 15.851949947696756
22.545780288509356 31.104534806694854
4.3790392277394803 4.5213937280810788
27.561197531041117 19.478907077224623
9.7727986715331845 23.84298210152118
13.87359045729627 8.4655918632998155
26.211333686131116 13.276124928747851
16.931188942432115 18.920532932840779
23.21651077243602 19.350171065869795
15.121023743111534 30.538069853506663
29.417833501852382 4.6691807555379832
24.297561377234938 13.711628496200243
9.7236316718798097 17.065690903583668
18.830931851581362 24.648162814329307
15.315982412475499 14.358813938999013
14.122620071513552 18.655537070379157
12.904529602155764 12.902554855350843
28.380404077925721 18.676234151891567
19.209284311480836 28.434463781591525
18.047797666973221 13.846993960909108
28.15230026971895 3.3405320796524047
31.128236148953626 22.443147045999744
8.1166180133904806 18.359291310967869
30.514292970581057 27.117161862461458
14.819238766239691 12.965895668074369
22.447257240387142 30.179778480852107
20.923801888437435 30.039716390624836
18.425449109507877 6.6337216548451288
17.477139218515742 1.763915625257199
6.7700865802924248 19.227029990124027
23.502725531014654 2.7663512808549573
12.582163555552976 8.405796201503863
12.086821856580217 27.347695846408492
11.907575092048029 10.129065280218947
21.924508312147303 4.20464613336316
17.860255723480151 26.892579045868992
6.6917378537591432 22.494706779474278
2.8514847841520052 3.8578486439106721
4.7013875181320222 12.673153633107676
28.653944009856911 5.9740165893956787
2.5757655636057977 5.4048401797696179
10.820389674893569 27.921384421382644
28.472894688814453 21.511821123451828
2.8929782215716631 9.8447197285785943
15.020347462236328 25.581975708708697
29.699569503255692 27.816576547783406
31.098879553181945 14.122105019411743
13.331778528133956 7.3754862155688707
13.720796853278925 4.2176414970955634
25.742795400243569 27.957231097762911
22.936511794810382 5.0938437196562782
29.176214070134716 20.902400759250398
23.861258879223403 31.32974580320662
13.352942195924015 10.401032673611974
27.575969139862732 13.4679940377041
10.384976320618954 3.5834125866651672
9.3236870772996294 5.6972962742202791
4.6909317474350489 29.82960022950169
10.690894246702131 6.7163689802647095
11.100891267942792 15.268761821164285
13.686601347768029 17.876080886210485
7.6643065310406753 27.30693799335674
25.259672981717596 1.940280561986345
22.939037969633208 27.700115463406231
4.9948331645462911 29.232898447881897
14.937401595450302 19.76805240547068
20.550665595155277 5.8034572161623181
14.641504185174435 17.881671752083189
15.039048975350051 7.8961456868718738
13.674571907614197 9.3477162692445823
24.070103973056131 5.7944967752342169
16.399215209236527 0.62153466495966536
30.797594106827255 23.338906302559408
12.900021138397998 0.98235893657279538
25.226982653449788 7.0947930819331653
25.042177859273277 16.721824921470454
18.654156359318524 15.235716913312777
1.9965168047150401 17.710692169737168
18.152673851453638 24.892759198684157
16.634126906737624 20.602486745038576
21.376394407289311 6.1457547740525715
17.552250100626733 23.436211215432408
6.3880798283471769 5.4047004078648602
0.27580131066380437 18.831840101923635
29.667438513412716 26.313143348219466
5.4468686963119834 9.91806915291364
27.61765907566889 12.09293960418862
26.105044823968512 13.96163715205604
26.739002186007031 6.9753081586395886
3.9740489793993157 5.8994721718682976
13.148983209373949 16.517631984316683
21.05306983016667 10.185968061645944
9.2618504896923284 28.435517782043696
3.3638279432569993 28.400113329740464
8.9969706339252564 5.4195047224492177
10.126170149493822 9.8042914403690151
13.435328522997484 20.230934243449777
28.913213548583538 12.315245329515582
9.1148915205256618 16.173573482384914
18.411558383985128 29.88676983356422
7.5194561601434966 14.866276897912613
23.227915323184913 23.92653329533487
17.373818951335135 9.9889713880628612
17.576963148650822 21.444647319215516
29.107691716240364 8.6264838289992429
8.6197430410340399 28.220324777780064
7.9337384095313395 15.637232104252215
17.438117551877784 7.2315996901275552
11.91563202537491 24.611591026649741
13.308987872207746 25.055997047855087
2.5099184567699928 4.8939444606003164
24.285903772763916 20.92327416089811
5.0231797906904463 9.6360971747859718
20.04254556228641 29.255881485783998
16.295388572011706 31.302148929563387
31.035351974425502 11.561788141371206
14.137912459757695 10.594150102260977
28.687469067045807 7.8410513833182334
3.359137693852893 19.144932066106445
7.5601034295330711 11.821792055147078
18.73217369025755 1.2997018288637985
7.0604774917903166 30.224833388821853
26.503105469752466 4.5241714104923174
5.0191463829613605 28.099704548579368
12.155089249106982 22.090821684027727
17.253680854150556 5.9652283139786881
3.0060504444777729 22.863323168373213
16.116233735188967 1.0710451230890257
5.7245779394712866 1.8463695236081292
24.893884243359853 2.1761944383235967
5.7747348801660561 14.833709430987826
16.023352500627244 6.0318822210876624
2.2606686620639875 22.121364163568387
6.3598183658044896 25.829463016133431
12.813291868032367 2.4344999052598331
27.434641969362755 21.416068118388811
14.90706517004382 4.0295563548732192
29.296917312554754 6.5873441700150712
6.7427126992216477 10.225243345906113
19.836964951087307 13.365626405154812
15.45195481954307 7.6556509146268379
13.472074825595625 29.703749709582905
2.2484065348323403 16.304743482241797
19.481082748819318 9.1404416965220747
6.8123349467916219 25.035814293985439
31.561954142753404 11.733284631388145
31.484463609914286 9.9115478941027231
24.012315448860299 11.526681358070308
16.257777821427087 15.50388072847198
6.3215832717305505 2.7151032658929686
17.195392111120906 12.947426105776172
15.337780384611657 15.340616505234149
29.68351663035849 19.557299312834466
22.830685063393219 18.29096070798181
29.081916951926953 14.083937499588986
5.6131908233982655 29.877056769865593
1.7911243367046989 11.297628594690512
14.934010778237344 6.539051921391879
1.5629726276761544 30.558840654974635
27.96660579963584 26.493109762775731
21.662542872483016 29.228788072928975
6.7492325398263509 6.6947450654803911
22.656312407659861 11.760587424917617
13.472935025981245 5.1478543873212264
13.160492172858799 15.509121671723351
8.6789819702578725 11.721631466866587
9.0500448698646814 14.606668761744778
31.341344951628447 15.513873876870189
0.80912831508232141 24.021807960109783
8.3042349426660156 22.385107029549189
21.688479335510753 16.237408285920541
31.266189979792365 24.222260002639423
22.697239960513045 29.556639642742617
1.3778825397310754 1.5291852619913431
7.3682445740986457 27.335448045300438
8.7593123681209857 3.3375675496496675
26.687307336544801 0.051049096811614222
17.888449343855214 17.437731926460529
16.560178330253855 20.426301867132672
27.333519941383894 25.517953543345541
24.938479533279921 9.1769190061290882
27.170575733368324 9.79367483454884
29.552566798599774 4.0093830698288295
20.097594393025723 27.138724649864912
8.0882044181148753 29.057372897890339
13.539226370917369 3.1823975002553762
14.9191492846057 28.124228570827153
0.26018790867574865 7.4475777595027166
10.088436400436645 8.003062914299587
11.307599964884787 23.886319423472436
1.2296960389437099 30.930523323979052
1.0188033663948819 5.5742238029128943
10.1368245412731 18.149116589813882
5.8441450277577465 4.9464371152527464
18.921347902566925 28.444401519579586
27.436735352215557 27.704789224436215
30.712019220299535 30.660477316780735
27.934652194775193 22.23904309568529
9.5042671323235854 13.226759276312222
25.800764476699516 8.1650614391220664
13.48879722998031 27.595237952937619
1.7288007409902006 0.2705785315417753
28.058790772116115 10.852650004127277
22.833858584205853 16.982086550057502
25.587474882292462 21.315897486507556
10.995128228091483 22.819748465376328
3.0732951591280337 12.119957466493112
10.080103398508271 2.5713356951199624
4.6912215161416482 1.8793411976800625
5.2204903430031715 16.148697764007075
23.59601760176821 14.548220140427887
14.465305541503948 5.7535719736534388
10.240968990155906 26.585013667500728
11.753153315907754 25.855204687779416
17.565016304051799 2.9228528530626461
1.9198455767724618 29.569552722581651
30.389107675141396 11.439067802046772
10.711257492911292 13.331024974586445
19.441881351964611 12.109255580366071
10.515582917709557 2.0462407054441809
7.9025124705851209 13.484936527667921
22.30731049188897 1.0500822168122574
7.6824627704848618 25.182649692841611
29.869268216995451 24.610558311543162
6.0801251376861609 27.080584366731795
20.290052958336762 6.4743434076445521
1.2105822932695267 15.541911578521836
25.77481639879737 3.3120865716855046
12.463037321890226 1.5434117203193523
14.915025026078421 2.4131731633675426
15.648851397086268 13.44909823712703
5.3972253595720829 15.475565568384784
19.596612617600698 14.777433193860906
27.179251567328929 27.881396716847661
19.702828405022725 30.955939992494482
7.4199230774029452 18.88468431934524
10.549585641450131 17.386129564401713
28.369879191954404 24.354408458140387
1.0229368962410212 15.308375974717979
14.045524584981701 29.247407862219784
23.247988196016468 28.906230046307812
15.393818463182916 9.5659405197324627
13.257659470585487 26.872564267004378
29.008687557235756 19.591070406211575
17.733504565644019 8.8627843672948199
0.59350292492852896 20.490874159870437
1.4655292911631035 4.8439803197026174
28.927566196658635 26.383421860064637
2.849255856169747 17.861972014088025
1.7737715022992788 7.6747389096206406
13.961662718517813 0.93160064843281654
6.129857101927132 30.40699481695701
29.970484764057534 13.507489475575058
20.189661527023656 2.9615952616449919
2.2117989559033031 26.505533783787495
1.5374064634527687 22.830502380599455
23.138827048166043 15.478681096390167
9.2593113803759142 25.424431771900139
18.789237143713439 5.2137246386102003
8.3550384770969401 23.872695110403935
6.8260016711932234 28.913832007542418
28.941200767638364 14.378096764634625
21.202120621754769 16.677662310790495
10.245709107467585 24.962169808634815
15.038628458610713 25.190228677408445
14.104928283200287 7.9003686492791472
28.576159934034123 2.2849197539137864
27.980781089903978 25.784740910785228
26.747893174170741 19.222475934243096
15.528530143563176 20.988335672556151
24.623490166807734 12.976229665542316
9.2095846560701471 12.971504544193516
3.8725015200504473 3.860251077306367
14.194167472936309 13.198916727573225
25.839793220760779 6.4297222766389437
1.8096382610997974 2.7458240514815682
26.847352102485022 6.3081699295869766
10.868000000298476 26.555541194475332
6.0626631068830337 27.570735663080089
2.1418795690012806 13.232141000674604
21.353104635914214 23.575028060670242
9.0464386911353909 6.6708047582827943
1.9479661997154873 27.594371796105534
4.0803743639580947 12.793062605071837
12.806082974824347 9.6185067819235197
1.69440798121237 10.161003271959931
12.901292275459157 31.273401304731067
26.274133382591497 31.616038355422084
31.161861670485127 3.9676014541583049
29.19458762985078 27.787950890515976
12.114866242151596 3.1057317442807406
17.044496380164816 14.657877955809182
19.239750259990352 26.891586163672901
16.522022080702531 2.476542848534967
26.267715569530612 26.16536546221727
14.05470326159038 23.475699323324427
14.523464301543475 24.206200551658803
0.81596165448251734 13.933602041419004
24.334208221787954 19.807528813487838
12.02520117724659 8.9471974419571296
6.8428408259938918 8.5463568253488109
5.2839821317458657 11.730723287691182
4.4617369091437746 8.3622981970570134
6.0613510213646684 28.575627487271056
26.683721421334582 26.722953448697258
21.236056645952424 1.3632691244537307
15.784254820783143 27.617593847788701
22.263471752707115 5.0189492518958563
6.3645050073314948 13.531335321684571
16.809403319118321 14.628910071237927
25.806996165296663 16.160550088931334
12.982981797393728 16.766500685057309
14.761824269223387 21.982626277344892
11.76383934489505 17.582692050437931
6.9008719316793021 16.15640927483469
19.596014966758592 1.2820217790258719
12.190561466613381 11.404132708554833
27.284507570884649 24.62649103444507
25.533953676288597 18.726066734062396
10.921364543489462 21.217382736484193
4.5442561663455079 6.0470880273454428
31.030896040929072 8.5633356893630026
27.499867337474679 20.441214155067321
3.3690294113451897 19.135116614507339
9.8109048957587923 0.19421572426368483
7.8618474917193666 17.085559099732379
4.5216775854698481 16.78287870361418
7.1288945656969531 6.9634518059777744
3.0309660008960995 29.195087358217918
15.466095380939059 4.3285663918184571
1.9097498370835342 1.8347820777279973
26.08465921680077 17.319084929302392
2.3012923094084581 6.5777231355432484
20.964728248798085 4.691152123030796
0.87915055605108727 14.194515273285441
8.5350332602641306 10.319126245548382
28.187958760191346 23.278234762257068
11.880750400486711 23.607158463251313
27.145403400616303 2.5094183996582045
6.3725424823848371 18.326127194358694
30.192975170075787 0.24511604484560945
11.476014799524023 18.941235837328684
20.530158533695111 15.239548954872049
25.090848796608519 23.808764307044886
17.81937064196828 28.66042801526039
30.41836842959621 23.78689090240578
28.635544658884903 15.857185258460119
17.413537969693383 18.45231401122933
12.86964544967733 18.165168262205288
21.093807422607689 28.315052454545231
25.316651558634426 0.037060324053402365
9.435389228223265 26.391934099572595
8.6590373847589053 27.244247079028856
16.439081540087184 3.7192830576275298
30.803158274113386 13.114295958171706
1.8552321406808194 20.617993614202252
11.115253600437011 1.3489179286246931
13.308591517106461 23.250281478699691
18.651061730060732 2.3850291539301298
26.740897204499621 18.710967131769642
30.141742137598907 22.311429159107728
12.715711375747084 11.435121009243568
5.4968086179442359 23.12106592515098
29.229073589570014 29.861422758206619
2.246678400258534 20.995942338279516
20.126753927239267 27.627206946978649
31.32637275946475 29.99025462843446
31.256763971574507 25.262258332324812
3.4164691215629386 29.382609162321454
9.6103078972104274 22.715135654736674
0.48051526631232572 6.4796890585217701
19.655961283683933 16.480622696421644
26.047500631717998 11.752219534972497
15.621655272478332 28.933282429781737
24.501764366531159 23.988629886580004
18.043604070039848 5.668977471132103
11.644777030196083 28.378184252865481
20.202425441050547 8.900151032054076
19.353695626604505 18.460354246578387
23.760946726530328 3.3302083032121037
28.679444646079638 12.893487588005335
12.426973734156048 28.656378722301007
8.6437460380462081 18.530911865503786
26.034173966841166 3.9325574045264342
23.34757561206435 16.497838778659926
6.7116237510878056 9.5219222775921608
14.681840308588198 26.218619463757751
0.35151730590444957 20.774868187383642
2.636991962948199 23.549475248898123
6.1929908715398563 31.273358872700957
9.2031154167008857 9.2587526475833979
5.8597394722998164 24.188575532472235
29.915792421459788 9.9552994366202761
27.604018676542978 29.91876287405497
13.990562378286839 1.3822602107062298
21.401001626842131 22.071490102626214
26.963567001891096 11.712297180932461
19.125181621864851 17.510634007197535
8.2120957717454903 12.68021026953936
11.132106114319129 19.659901542513431
16.858855714223459 10.764307770164235
18.113299851917461 0.28367293111061809
11.969966684419193 16.276763501218209
2.4801669207628514 24.490739556119159
22.966840120509769 21.09190254511855
21.399192401715101 26.842710181587766
24.933464029843783 26.707217731826312
5.7074658281449979 7.993197552073223
17.52347301756803 11.399777767187762
14.324574798894032 31.453556629797717
2.1350413338803489 27.928632825083682
26.966200450461436 15.191201789162363
31.443590511135049 28.206358008633572
31.109403178307659 14.837810069980911
14.591104999931513 16.881529687579139
0.58081119813637438 19.551690260358569
12.660805643088164 25.593476195798491
15.99056520786646 17.092896152757422
18.706493436009335 16.692965397307361
20.882809013735269 7.9053186861113476
22.070236211431439 24.010339252452752
22.388890733515527 20.451404031978331
14.912850149232682 11.185227797505446
26.446840437745539 1.3109567547034133
25.983894582353923 10.142419447562276
3.4860872243206802 25.670034475289381
26.625561479263496 16.085277161570851
30.237385944706165 3.2318830694876182
22.24523997409473 28.316854490256198
15.088547397025151 4.8027907767655913
21.206404835112867 30.535403288270441
3.3383109950132206 1.2795224301143513
5.2838030941500049 5.0018595275194944
24.893091497736179 22.704814695877829
24.091565409460372 17.751783678402631
20.218476712032317 22.497438708307108
3.3637008650349918 15.779127336717188
24.679545188059976 3.2181817885394657
5.0304355320269964 6.8237213647878132
10.405534360519727 28.580318587760008
20.953664901365681 19.357051608445961
21.552402964311238 7.389467798906491
22.683491046164708 26.566263591656401
24.053056290727827 18.435262394792236
17.243092552596693 28.499574610920149
19.751266757874731 25.726489354618678
27.549663259846266 16.564353695809736
30.8398634583614 16.719810705927657
15.189843726935626 29.306196837375424
10.755272206617976 31.134093540233515
14.444796925633835 14.439903249937133
25.503366019771114 14.882032173920038
26.658765790005734 22.974046009476918
3.3501495504441934 22.249702168697794
8.2689973326489969 14.48224930709336
2.1289934448003551 8.7204336581338531
27.578098615122528 5.5636606131918276
16.914486691361549 8.4491780961794678
5.9413403639412836 17.378907760880487
6.9812198599526862 20.013420702323895
3.7318787910810576 7.2797507335069129
9.7645601578389201 14.396112133430021
29.980931116843447 9.0262712274329591
23.108002794399486 6.881549216799284
14.157519710461701 12.113164273724452
13.245473477478507 4.307028946314885
21.628526680076011 2.9853685647002512
20.538941406649787 14.562063076432306
22.89806624897594 10.334803638178007
31.283201408051902 16.376169198449372
20.19205252975323 29.379186305911244
11.60235663850918 1.9692275213983346
29.115383044414632 22.882129619130421
18.22431147322397 26.363400597383816
1.8329478966814616 19.093287328866523
24.893402940419445 21.718022657459315
8.8463063486137319 19.880573463916523
7.5106177808620487 30.370224272825755
25.596855631897565 28.931039847042019
22.246192380046672 11.305741885683361
21.103796645610885 12.748699121343353
29.764038835363731 2.4001248808159206
26.296429725515498 28.51293378718897
22.192890166149915 7.5274865755415661
17.975950299028604 21.978014449917911
28.413646002646871 6.9079608711549652
8.0448957216438579 16.743958590747631
13.588363554430902 24.85247829533342
29.968805002455511 29.037693873278634
30.315216314743331 7.8553566651200137
3.2880450548454228 2.835594481123318
20.958826785434358 21.07726523738107
18.641287342203984 29.917606009237119
8.195545029784725 21.622211626144768
15.46260839728213 12.035656020464623
22.257025475327097 13.496310327505968
26.150147820327966 24.708718047688183
26.900366417476548 8.2660805941392361
5.0715397875287263 22.121023526441789
12.456063649589359 5.921828102252106
0.59891164908252092 5.4525606477115067
6.7043925191629032 8.2588774254815362
29.383426393864106 16.449954543051518
11.297425696216436 3.260339786816719
18.953435158316442 22.377850220045872
23.260957203635265 0.95777614270405231
13.293905435993588 6.6616265804858807
14.068434975182887 6.1811603529110872
19.44911647807087 6.2024031644261512
5.1905519775060478 25.389668917086752
0.66305134049486703 8.8889150568892266
4.0861821488898089 21.147020726754569
3.778284304198968 10.062740142105069
20.50941110295571 17.289726170662725
9.2328870235340865 4.3036751639372319
30.68196859596938 17.456051435436553
30.645391117989838 26.282114078714852
19.856017029054097 21.410978686855582
25.102230302340899 0.9967033262462327
30.070731359835658 15.406714271139816
15.50625499618052 10.752629775849792
5.3180467641063567 13.187868681103806
10.818465746430913 11.815539930516829
6.9129115122640581 12.050121297750115
7.9584059204431377 2.1445752407669962
8.756441541374322 20.189022587789747
3.3324412735455304 20.521262100367711
10.217995785020372 15.110413815068169
11.894950413451113 4.7153953625591933
3.8512570731654416 24.525479091578902
28.330134939108312 17.649771807067218
21.754033658649128 18.071753824860721
24.861061209490238 4.173090937684381
10.796397864171187 13.898727090285389
26.866584775216985 29.286528191294124
15.265306883545943 31.265745670208357
4.2797561901962125 2.513434091347611
16.631315694171299 26.374010773341567
22.576172530459715 8.7411490600048261
16.381012732439277 8.3500089241458539
8.703020654519765 23.853874675949122
11.863204845129815 20.408228798312564
11.3782448917112 15.936257066479389
11.612320280247085 31.600342568779098
8.3129488352569965 3.2705960198494464
3.2844645409876221 0.14856828854370371
5.2179871626643877 1.1239093181943072
16.531715539854101 25.150621502199257
11.699428814035699 17.615666357852479
3.1838369756698981 26.221835673900109
20.959128767397164 0.4282377590301758
10.769200087047437 9.9657990182398386
16.842339888537762 25.62685820167755
1.9630171950507826 12.12438946597244
5.8549239289155315 6.2881705517864255
10.520650528891238 0.51217911322338217
24.337939529812672 28.395012113712077
11.745536920516129 30.045839209248218
21.646063708138517 11.667545647010915
8.9145882107453591 29.559992584730935
29.518582749589847 21.473334530060022
22.166634491763691 3.0213747872896377
28.138617808355541 9.6668548276920632
21.234640306602465 26.009953746371259
0.83292688528400516 12.981708523181856
20.477355345857319 2.639356767121686
0.77747492920679429 23.508934335825874
3.7916598921085081 8.2456059536065478
13.492556887128631 21.493394222481527
16.032462188137021 5.6526343228306288
0.082933704181320719 18.266563538134047
11.589564097808491 6.5715049630558289
19.308928779778793 30.716887583878012
16.948464819738092 4.403251876650681
21.39000908740276 27.845782565090619
16.423351440925192 19.394565724486014
16.759398605252994 27.281234824829319
13.636839479973503 11.609088757121723
19.029388744922095 10.559353098258969
17.825028592391728 12.110650608917245
2.7071171804599299 13.910651179121484
9.816866840750043 21.462270048554657
13.252304731416967 19.089568474649603
28.137291944665126 1.5900929261313539
9.3483379253164767 2.3188066237529124
25.520394511048941 15.127873469545296
9.7888550702862442 11.269170412076441
29.971353958202279 29.609785900301752
2.6046909991149865 10.778151173898163
28.752024938099716 9.4771239541120451
4.5654181700240573 11.331247222268939
24.160641041564325 8.6463638159558851
4.1816519093848612 19.596646522365905
24.349615029476624 7.4480136244746227
10.499892264004453 16.415538084433731
27.772680396908648 31.35468044425237
8.2813892003532619 7.7727586109476761
25.554410497819728 22.655560250342109
21.404958435900618 8.9539865154390306
0.5426483781583552 17.385115187720203
0.35665124283875421 2.4143655004967677
12.229571730825798 7.3222776202969984
14.386067912995314 16.398163549758642
13.929930916070383 20.20990134659246
1.584887750765797 18.701978298522075
23.793655613435181 20.763113774848939
4.3637961564699213 14.269943491743007
10.526419818922056 6.0740593706112946
7.1655354693376543 28.763299828908266
12.928481094800977 22.363228458347361
22.715342974670865 25.172781438500799
8.5711364053748742 25.201072398943253
22.988310715059505 6.4241408195702423
27.496995244222997 5.1218648115279155
30.740605548412137 5.0221796866732182
27.998516586506486 15.843686325985706
26.45843211483583 23.222662499272161
23.960155984569596 4.4623098836622903
9.9582893723387595 20.95041217849171
1.4996941683103908 8.8517422480082875
19.360940148441482 3.9289768467709427
6.9937969886026954 21.064362031451395
9.8579823060112233 10.638600310172398
15.938022919849391 30.140148039649503
4.1427422907650522 15.998141733302345
30.724440361608977 9.9087867467910868
12.003026639540586 3.8435775505880305
25.816014806092749 26.670827146296947
20.381457649833543 7.8494699302304838
23.744529213955371 22.354661454091747
25.70307023837244 8.1894097319570704
27.399443023311431 12.989537529867203
22.625022481450721 25.426402925703112
22.326137025454109 10.015850166880753
15.534304922366465 1.5973821499528624
30.062006404495175 31.123005802455801
11.236340698386309 25.418023637623065
23.486236997189319 30.821682815660434
0.71413625536910863 27.007172214941516
30.867804901707544 20.035309547171405
8.1409595545749873 4.7209411278750579
24.131796067079609 15.655011727051527
4.0752649184947529 17.72145062501264
23.909894294054926 29.342143294074351
29.426554446195787 10.670990876780767
15.657233953535773 18.584863493525305
23.326383971294479 12.546088977914346
0.18123308206172928 1.0399482636572253
11.608623091489571 7.6825603280474759
23.055522416458267 12.837752552707576
29.750486063970566 5.7385020416060843
3.9270298360979505 14.902976673609245
10.272307282019499 18.909948043743672
26.305307992629366 20.580398477281474
30.639706839758819 18.298832066112823
11.309801745459124 12.014389322811281
8.890814823739845 8.722106054711114
20.090946304171208 15.98882455875618
5.1765664893868149 8.961024660541641
17.639562549291885 17.851634208837968
4.5942291926952006 25.78285249943082
17.516715627690662 0.13419323596875501
4.5113694825923227 26.894882467644543
22.487913042918393 22.333896932662391
5.5333012431493218 26.307759622771695
17.971203800740504 20.500591616089118
19.09104335308788 18.574638043508006
19.4860200442766 25.841574020935273
0.99943502966188791 26.121058288712419
1.4763035194200798 21.805764702191826
0.067907395937619727 8.3980337519918979
26.745850188125896 1.4012940384857602
19.235348742486693 13.61904323584082
1.3607425263153654 28.902280651297438
8.36516378714024 11.052616867782955
20.182126434322495 4.7182309819414314
24.384276549873942 16.243036915344074
29.401123276056598 16.683626159097326
24.620923270837338 31.396515306619921
9.2917042180686718 15.811301883942271
11.483938337275438 10.589226019973969
31.145113603597022 25.460694163895614
14.953296648019663 21.005078119211962
20.679652523987212 3.9660756839382714
11.910953140411165 13.912259421087278
13.799530394821369 2.5970865083698249
2.7634900169245231 8.2755387376237444
5.2545231220502471 31.434220797226853
2.7512082757850678 16.350754957064584
3.8084031536831957 24.30831999934891
16.247649336808166 11.524791034928317
8.7380229090444583 7.1431223978648006
20.471749479424439 11.145826977250376
24.857371825810915 19.56306266729926
27.126865096040284 17.324282083307047
22.921624162459306 14.192703204141489
16.11804284804656 2.9095696212733251
21.989453635508692 6.0456640196008387
29.853952988624616 14.969890162229587
30.375626297355868 20.687804702544554
14.014354116885057 28.165200299011484
18.433596772317809 10.367240932929375
24.195872910691303 1.0277458479077863
27.157718787193144 14.473229316561236
27.475897053549719 23.962310533273467
27.020667346521538 8.9226536016701505
4.3033732209436399 30.923016817511936
3.7837288941694203 0.96497569474302247
23.943407345855668 27.505811877540904
24.79491696743856 27.752982140773941
28.458934551523289 29.029085616858804
31.575331637402773 28.919741045305209
19.691213312609825 20.033117783153735
17.299088923368995 7.2109647723748678
18.168962444236911 27.482120631340756
22.826050296304135 3.8982360235796403
16.061949030731686 7.0148050287434565
25.343267569373882 25.309295617304052
3.2575779329822789 17.493650364109211
4.8096676870625581 3.6593492956702365
25.922648879686491 17.817201805207986
5.6583523512346234 10.945633199880575
26.941311731746875 22.123622909092653
15.087253514587459 19.468562160064003
28.014324655863277 1.0981445456200414
7.084940227739331 1.3430556890429406
16.585119221585426 28.454115798319187
21.973911454586791 15.21334742393986
4.442644315418053 28.228095646968232
3.1435360130958419 13.122212397673762
12.218868633639458 18.967441159776968
10.404433581558246 20.262278437509714
21.352999481163685 18.690208411572691
7.4260038559202126 3.2664685588179498
0.17328279027203969 10.356160612144464
24.489534847497605 12.09679178305324
2.6552688249325755 30.416868814917731
16.083639988021737 22.060159245262479
8.3175356389715045 26.184926770182063
19.021283012095726 4.8833964283838167
21.186987297904516 25.920174596022974
31.019181995743196 0.66703668754574075
24.48845619618135 14.350798553077828
4.9988367068368982 18.622205107585753
6.2285850402085661 16.710817337320133
2.1391556610752032 19.827535313725051
4.320135802699598 14.123961292793988
18.190052280871058 19.645085047122112
16.358814449691298 13.580675414295371
20.633582100235074 22.625478442673849
30.7403805211646 21.467024934646446
25.623986431616515 5.3032177096045485
5.3805856927551634 20.91529112445475
20.860509299206242 13.768075655555016
27.410087765860069 3.3818833999171329
16.847304862680012 22.094214496107217
17.058777915833854 4.9782926255549054
14.911541244172746 2.8483866579224357
0.098402966193011879 30.187029773479857
28.176488941412931 28.932601046163718
4.9820118892256131 24.438211545810876
13.864800434098381 15.025705726799833
3.3280579101441674 11.6137387547111
8.5472580751335414 31.380123460017387
13.91039590831854 21.85325543973255
5.412313477286804 7.4246871756879909
17.052857040441776 23.215477100947183
3.5756713641617743 5.1641282566878504
22.592264301066297 2.0997643573579867
12.103441741282518 21.271563742738394
16.314292201863196 16.965955202504599
21.805784158613569 13.71441365379383
27.993598276989175 11.012261291892036
24.371069730581187 10.570891402752626
18.65458937661181 0.0043019720812490867
23.469490168189481 22.407092364833197
24.853702459554654 29.782147914054217
9.8056552379017212 27.420426809738974
6.4662110618670194 22.58757604753513
20.086290303184406 19.124739052187277
3.0420396679584631 27.477220291633003
11.554202210326595 29.737557651180374
6.8534022775972758 17.618416639248419
18.424023450807873 23.42875389776129
0.74916258739039576 27.64624532279036
14.02872161384758 30.260314978235513
2.0206060196781332 24.265933567908679
15.775952212965299 26.709647975362078
24.133607234989018 26.149763736869254
2.0436951844754909 0.80548395286636665
16.40151910673935 12.460802916983017
1.0663877758342104 29.161093725792504
7.7421880846005937 6.3864990256410161
19.34006556569372 20.64097004659039
9.9503591095452535 12.143975338891817
14.952498864600598 0.75285210397239377
0.5218929329669425 22.557202632668819
30.998561270188098 6.7976586019516025
5.8810551200399726 20.022653694874929
9.916698839813419 4.0816855118013669
23.538511063017836 1.756963448771659
26.157307927903179 20.917924758621076
27.570212175776668 7.1542074794316628
12.588557074109284 20.25048600752509
3.6758974781344298 21.165447342000288
7.861633171615666 8.3824306833991269
8.7696796858347597 21.77094923128946
13.49286352490557 26.282400021666341
6.1275582451318824 0.72051640658767724
15.844466998112866 22.758865596661394
24.482000639132643 6.6217706369233307
21.226072011739422 31.389253649485379
2.7919952008397173 31.281353336458306
7.3803679310786547 23.929938244492323
8.6439819195295069 30.120785477835728
24.227857636967713 25.732498904119744
3.3681721877270139 6.969492329690711
8.8397412932328834 31.166870806908182
26.380220341093178 2.5906742162157399
0.46404246458194304 0.40630303774039134
16.595737466959285 9.915530952701479
8.5228037704089541 1.5723749524856874
7.4161652354542769 31.617975751706755
19.183564300256574 2.8156426015870419
1.105919981906599 3.7105929871928836
23.976245649311718 25.017702191795394
21.243076423118843 1.8435481498617861
7.3473707145672602 10.2915245929484
22.862654902741724 19.269181597956923
21.613364000659054 24.64578898379024
25.621195988324288 9.7139859891910838
14.635110474909681 9.5181385387760873
1.2202394146981019 10.159239596215906
25.621072839130971 5.4009086946095355
15.679331877256383 9.2241641600097655
1.2823837029206977 25.649986808322019
20.042573638913794 0.069952463708825241
11.219356926722208 22.224736235337303
5.0440728601920419 20.080670263116211
21.967347149581641 21.200045869081624
22.899251043442376 26.928784079644203
30.566854894967129 6.4168241917355706
29.888782138578943 7.5763807203450844
18.39249734709739 3.6106390847871688
6.7389054314777281 15.303702572765355
5.2483271125674031 3.0526714665577308
4.2740575390157218 22.754402392653706
16.872811685849793 24.136071975906756
31.037035298691954 12.994912496589606
27.414955707021115 30.395547152584939
24.629913625904621 17.774871325114159
7.1719004573255809 26.135429023494279
18.880251803285073 21.607912569448832
24.545485006367333 30.087921699629593
10.943474987781471 4.7705071340081009
13.483051658658807 14.002987144798531
0.26821185112490176 21.7161047570603
7.5660429803371967 23.048868384875703
23.563530466412814 7.897904847977367
12.883593913272964 28.8221790151186
29.436232175165873 17.790008981926942
15.453227457281404 23.779825590823084
16.751957255202406 29.719712309355995
0.18864555507507258 31.252998611195398
0.93082424925794016 16.505091496326131
17.188013923521222 30.874192005809345
3.4244603349370477 9.2542570541854197
19.084909014229392 23.509371113817664
18.025058467463964 25.266454318008137
19.467847155477404 7.1605829191739385
