15.126266728622198 31.494048332859414
17.073314110418522 18.709379892372635
13.201697892574563 25.185758854281065
8.5690189840765125 2.3038889055677632
19.588455514369617 9.5551497342392953
18.676388742943672 31.025116908816912
9.4406380378338053 12.286939744453191
23.164477893971114 13.227660692515357
3.4856678192962787 10.778779517720379
26.079686147346155 23.286082731922342
18.453267191555785 9.8719781255616699
3.562799612704715 30.99687324710143
20.697489515626536 26.941934644876774
8.5121226323449815 5.8261967655249354
20.191085446319676 12.322760571835008
2.9231404772917848 13.069275029022613
1.0683842186690149 28.566013656602063
10.755110100913146 1.6736269943966597
8.1080171376781855 17.923523321463513
26.453874492489369 11.436791648244586
6.5178624950060016 13.389349035203768
28.934794571767213 0.23965507826963897
31.141208711449774 6.6349020076851488
13.689020519774374 5.931099865859208
10.503772241653776 10.749284079710257
30.292572273493768 15.648629659642969
25.677821098896743 18.98453512237807
21.772959584200088 11.553128655405384
6.7950437351150805 31.155867945186046
25.900601218500142 29.780496263233839
22.127080406063737 6.2479163192996259
12.858733542723337 5.5126508767201132
15.518657680619983 17.120212481274947
12.717764933774799 15.367664918405191
10.360669542410058 18.003942706850538
11.608978357448633 2.6057949196986558
11.659677431669961 12.299711020892294
17.356690436602069 16.074747641793508
14.911277017766572 20.391105412681767
18.016739717401052 28.344368125959292
18.629320472711129 20.708130861921312
24.971713128106295 29.090829938847602
24.472227756719786 5.8508816842923306
2.3846408342397973 25.933432393597514
11.04254092044936 4.1385783938796576
19.169616984035503 29.181137247143891
5.6268271427519041 20.552994954659823
0.69551023177404703 8.3831893933932431
23.841739964430371 31.56970776231848
20.948730406997349 26.426867487305064
20.092927595405293 10.461216502361538
2.7382706172631934 14.050799210867131
30.696264334240922 8.9748111532520269
26.276056163036593 12.683818696372493
6.3083768632065027 12.179702227343787
15.896996986157967 2.2526694836059402
31.523474252109981 4.2792375408335026
9.6551927317475101 30.148701468227806
7.4929819209487016 27.18257726623828
29.303409850172734 1.8751131874802793
22.097576927402159 26.318062246837293
5.6269337925145804 6.5454541928802037
8.4295745855246089 0.91531908736675249
2.1594798198318306 8.8407891350407564
6.4082880131768576 29.820984547434538
13.849307058353661 4.1033421094330524
20.290065864833057 1.548797011874337
31.525011571732783 29.135502113602669
29.119406668433395 6.9302213535462034
7.6258110536317485 22.596582552847181
25.050990816618302 12.871952179021017
3.8154193100740157 9.5160632765341955
15.311904702005499 3.2090736977573355
28.616824977436025 13.218799894128693
24.63763275572299 20.642087982281797
24.801030913182842 0.66910617108975423
15.654104005038597 14.436263397059626
8.3199738210338108 8.2217447412082532
12.546949009262427 24.084805739064095
8.0947646201826426 15.733764040118061
1.4947001983442221 29.918273283836751
25.418397864959349 14.17516901681379
0.27279932163273479 7.4744519530458131
14.775082343857934 29.481701220933754
9.2185762418976545 30.462138208840475
11.545874621397424 8.535334211330996
28.890122084004705 29.258600707600767
26.636738303645878 20.046192941281198
18.035151175795463 30.0837819703425
2.0392241347492228 13.68592620069372
15.760493549192944 18.724640905368009
11.538192060373945 7.5547069280653592
16.610098152876681 9.98578843571776
2.5956425006574402 27.846183888826282
17.397298825089091 9.4347489540232861
11.926920859082413 0.39030905562476848
4.6686274644435262 1.5784949709244569
16.13621399428035 8.3407603072109051
26.434298584128012 6.3408841844409309
17.154670605790031 8.0391942558551204
18.381415445963615 12.537192317558469
27.660870132953761 5.889273862888424
17.501930735405406 17.569082916543667
13.221749569420489 15.433953006105622
2.329613835271128 29.583834703596537
30.981799926259086 0.83677777481914051
18.550132475011392 8.4126654436243076
16.469603712406055 14.162685131379625
5.4297176142053516 5.5269405495213633
21.261093097908635 7.1456758274485264
29.005824090569675 14.20414534886927
0.56400699152434319 13.502774905684301
4.4351353764882484 23.830006420544169
18.642215735759066 0.055132570823273601
16.124190767221776 28.717422018489554
29.849734923210431 11.651922612143361
13.347325986810196 2.333426110161386
1.5111056914277297 3.1110815755757386
5.3173786375651346 4.825028500632504
17.903995550697289 20.063972925167537
28.346446685552685 8.7178400647181604
19.884890828974115 23.300602326073776
12.956116846871623 11.018921467326679
20.073161591338721 25.053800851312264
15.390864638779197 21.528092180660984
2.9641500484073138 3.5324712270513392
19.430006602424029 27.629018200826966
22.925805688044601 4.0260511824339513
20.254588861749216 18.383150000453195
8.5661401152254193 25.312567390905873
28.540619347191658 3.9932126208509504
30.367169205951349 30.377645696603508
24.34226978624222 27.428389697903405
12.416807267256619 7.3954079374272021
7.7687399437780105 10.542818858603656
1.3985121273162398 26.43279383035901
19.392360751288255 21.95933544373543
22.050972484985699 3.9380324390259291
5.0787889506567652 17.286287744251378
3.4393946583417723 21.965686958470204
3.7394732115424225 15.447730960672946
10.28023598249095 12.657702231895749
30.539593866830963 13.474554888941098
15.753951629598987 1.1169100283091642
6.5063726771714254 22.318607639885034
14.84027500655557 18.324585207279846
21.719686599847744 8.9871311559720191
1.8859581129257814 19.361042975856495
22.434799811024831 14.92139107118482
17.873954729477379 9.340242291328483
18.47169832213342 13.080502315172106
9.1483325047648769 20.342635992498472
14.325196316161954 12.187522448468245
14.224907776285891 6.8890928443400234
17.260922902553503 22.093492126988348
23.943552921660103 16.454593216875327
11.927711981123212 25.333731273965814
25.721781079124863 28.142047057205673
23.53592278957251 9.3090472472654628
17.313965663011732 16.293316222087057
0.91266105102754236 17.189003740542468
23.076089587053861 1.1439014265306839
28.32747224085152 28.803915290799583
11.35251063406227 15.886890221826327
1.6631546859490194 3.7644433794634402
20.462248867903128 7.693520684043361
13.246302902423597 12.267645006361166
1.4930027605085112 12.303387584145497
27.707836703045349 27.600001825954962
29.242538494574386 10.051950335384554
6.7758276192916949 21.351805024182827
19.20632552715411 15.67137263413494
12.979139885945285 6.9976342927486783
1.6199435912240243 8.3700388240840038
26.5376953161432 5.1499853506924156
18.233697177624812 1.5795892955319664
1.6219984960775466 2.2081529628514414
7.6805732560186684 31.226557522561489
12.457008107132042 3.2377758241043071
10.343687448398512 26.415657038060601
20.710706590876374 6.3296899416647117
16.265876829185064 19.815593345064606
12.719317750126969 31.561776652682639
11.550187285553731 11.32850925831276
8.0528388133874742 7.5282942411162503
10.366616205173676 5.0209161533977298
26.892556923415409 8.4978070491774069
11.325281163941977 7.0655608470291584
9.2903547829884676 13.128775144585438
7.8524651518204367 15.006389132910247
11.770485455621715 9.8152940028655458
14.568485674473033 0.62299296844965679
20.246924292299187 15.596584934804664
23.062624155790939 5.5811425392520535
2.9462422047221222 29.870007380758473
16.280650412231733 11.648256608469861
18.707177810994761 24.938712140500076
4.0086152926018732 17.279718062375185
9.925787381576761 28.280067477490039
24.33952615035837 10.729872461479072
2.651958252969 24.688794448936747
23.485844013940444 28.276120226381153
28.774388938707578 9.7203833702503317
13.10940491437316 9.1793494926674608
7.0459976062290703 15.802912006659765
12.992639917891887 3.8823840057795937
20.707855179102705 14.926545491799279
14.179481169743751 10.273341157646692
15.97744544867817 30.158447459075855
0.98115614762145853 1.044132154830985
10.343382545772933 16.243300335950124
8.1253406921878497 14.220113782491543
11.903276938329057 22.984679345061881
10.946314439246622 2.7932845346524409
12.569847836228071 28.124336123979852
8.7293984637615036 23.735559476033735
20.171057351719369 6.4069883418786011
20.580277566117068 31.085639056180604
23.252792601585003 16.893849464162315
29.440649031884796 10.909557174059684
18.396997971339118 7.5066192094093136
15.172244557745225 11.198523773439373
11.700100609467471 21.507398498536112
25.176545789087701 0.030373323473330317
5.1261435412618583 2.6655650575257224
30.897297815943677 23.792621288546158
18.903074152115291 6.5699686229576688
8.8076355395341928 4.3322044593070279
19.486082049158586 2.1096487793166272
28.678161318339267 24.048667917112464
12.43055317002649 5.7237960605081328
19.456013039543567 11.766625032058245
19.324425110428933 3.4441999988305172
0.16818152825897129 11.272871570636864
23.404330636823943 13.551660502538034
5.9422936695510238 26.218321337998699
20.132293542997306 29.947154537902136
26.053530775493055 14.274584799855468
17.255578912626099 1.2669495829704973
11.170720288474557 19.002188950467762
4.5395940634145724 22.898787871653774
4.3988159594417233 20.840848055171598
12.037611532957463 18.9803916109772
26.18619785076848 0.052372361724301708
27.796077458613677 7.4004865332162399
5.4286886332002799 30.693930533868485
6.1977938162998143 22.971353898007173
5.3037832050597151 29.292442800069125
27.794842060437073 23.830136572163482
24.774269415212864 8.821268151675703
30.368255202809312 6.1312576832961412
20.162978487078725 16.71469660569532
25.593629976994151 4.9989099907835151
15.579552177538808 15.459558229038411
7.2775914319960648 17.049275213799074
18.463252775404722 16.873342569478407
31.47543174757158 27.142826392235566
1.9799832410718046 11.339032676901461
29.370203144431137 17.978354408514484
9.6441378680875989 0.015524664985845043
29.010693915899868 30.948541421051317
26.854317321983331 0.22656942927791299
29.761715374306547 26.198801723797775
8.9962070593352461 22.079838545625343
17.567062292090935 7.6775165059136175
30.925619260129949 26.104698738173806
16.369940748876939 27.6160431300748
18.998244927141318 21.328102569541578
20.26893085630822 23.076323626137199
25.009075381871376 17.348397788295646
20.338780917003227 21.614550111721112
25.333542356344832 20.047432801915072
20.45446697933826 17.440713428891474
3.2421979884054468 4.5784881085947085
10.516458779683367 17.65502568781794
7.8149739048926916 13.561109094639001
13.00225050301766 22.443636502945598
6.7974750555037309 8.5708605410631726
13.410094389103643 17.768565325037009
24.637878230290415 29.710575100002725
25.183643939553328 23.764109920645389
1.2010592336684391 24.922445616601738
27.828893613996698 20.826102188552813
23.850769398985943 2.4516450425559468
1.8074062366055865 7.4143025505875846
10.237327259002056 6.5515618618911873
11.421972702366729 28.211408134050608
27.278374105496155 22.494269365556828
0.59354019338462938 21.369491741773892
28.090517393571286 8.6380002450582989
16.408424590868471 17.268788939487365
9.6517748081585637 1.5142494434678702
21.898157662801552 7.4728264963295379
19.392130847172229 8.8066231388400205
9.0689164600732504 27.317640522485565
0.27423371442590094 9.0282012679485177
24.459108941285017 12.299259137201288
16.365085525707272 14.974571738369882
16.68379168886322 12.650734842258933
8.8757012006168967 25.871665833249775
20.555513192831466 8.7147551760996969
14.07147637493966 19.780249004087352
21.425706818778409 23.507361669995426
6.0718478940583909 26.011877549315752
28.720057487226889 5.3518233570942595
4.8778002026982143 9.8734855225152067
5.7449561604923955 10.701319558761906
11.089269689715412 27.845521700973062
2.8684830603187805 19.333943933486932
3.8509987501432512 8.3569964079177854
0.65826327390289696 14.765903940615328
16.057672486105073 8.8577518851217825
11.22394042742742 21.191111324475266
24.08970067041102 6.3070058453704085
8.2628156106448625 29.731846405825937
1.212291339517845 23.38596751431783
10.511820109629891 30.225870747996066
9.9736434396919815 7.4313986968422521
25.236381896530329 19.194441379585143
26.434878327410139 18.360412294628269
25.425199759080069 1.5497602382988376
3.1181796386429008 6.8006734252289522
16.296058614397932 16.232874741242728
30.001123143655917 30.713314058260675
28.021197247187786 18.87201582664926
22.125549802322944 9.9325436919915049
18.544791442705346 2.7364705335236672
3.8963780526385721 19.864408899691156
27.72339617672765 5.1578386493801318
31.549527758109878 2.7321859049920154
23.997836643256573 24.198458815663237
9.6797109339782228 18.680189703201304
25.633963196520781 8.6369774797774728
11.497641632995355 5.8175006979688613
4.1052087426039154 10.184244305452664
5.7461006174918365 22.250214588158652
30.776668132337118 7.6368095720894278
24.115500716677627 22.719964658086823
15.751322665172433 30.449884338262315
15.178661396460271 22.067929137269218
17.256632656893419 25.765259378473726
4.8735261861066093 1.3281811593841522
28.350476963221716 12.0530118286513
5.8809314340955519 29.196372850155765
14.755781888774333 22.525001434991747
21.619495354693132 18.966469506759754
8.8406820366548011 16.789572540248855
20.668021914541022 2.1440297506261312
25.185294051721026 27.427731814802268
16.96296050132753 26.495490829462096
7.5078647988844018 5.985273898010897
8.488936942692737 19.895324967310323
18.142068324595147 3.4244599340354576
5.9770386319820732 12.010450912352287
17.487259718558441 27.42547298474727
16.666270561632135 19.65649599012518
4.2286835112709591 12.166493025348563
27.771391705252078 17.656038248451459
27.359276107223351 24.531776989533977
19.217352819327509 30.54362372271844
16.970902812733758 28.639292651600719
4.3459690190248175 26.555735447240114
14.546042861313625 7.752371681085056
10.600313223866737 23.261958728362
0.67275053702433218 30.46577328017338
6.6224957893499976 6.4977792181238483
31.013133433123233 30.302384573024046
14.891721609047231 26.80030584276556
14.694684147250335 25.999133768366132
27.819938191871721 31.559716525773819
30.947661305050911 29.074845398752064
14.987799274576235 2.8546092843594817
14.435631591584851 19.153616639887883
7.5505600033918698 17.591633650249747
6.896927874023346 10.663000061642498
9.5715007442850428 5.5596208767327076
8.1264732844064014 3.4729297480137267
16.404269036661141 7.1622298071319923
26.614285284979115 17.139007066234086
2.9163547220607864 22.929441007318857
10.256058363400106 4.3297909165698849
3.1446675541939197 25.632620865349047
24.933374309677664 12.455097542385717
11.674216952671509 29.998936916237341
27.311582614316645 0.60954469045231829
20.752796559635446 24.436369590790349
19.835500121769648 4.9451217284037634
18.404431782458094 11.336235187299113
27.474123222885055 26.783324885629096
4.3269207311875943 4.8192317940607916
22.45080895237049 21.625107573160374
4.9338256730476049 13.217554806362852
12.286959666821293 4.6968216033352022
6.905298102127988 1.5348043913324529
27.163272307771841 29.920264789536024
21.783872959173454 29.673756377707964
31.221384433554459 3.2770862392093387
7.0572468868146494 23.963455224543825
0.090920973756212928 5.4604083186679695
12.061015564054857 26.700446118178476
23.301030928312809 10.3625270771867
9.4734321504947445 14.39552810741311
31.220239897871078 14.256909487430899
3.2171421091135328 28.943958115274786
26.816571340948453 11.629857965516775
17.138562031660374 6.4826041826875258
19.372179535224991 25.377578660297122
14.364526845735002 28.883264905492741
8.037745670760529 12.086637930681817
9.4213611873653189 3.3478010717226026
17.354715138559648 10.910139965967524
22.387462529025527 10.983042654875652
20.849321906950397 3.1463256197320231
6.3518092445168097 3.483247535430182
13.768466770304492 16.824229928672395
0.95775044594880032 27.344465635908961
2.7226619599552078 5.235144703728599
21.947607799977121 0.50120480987944649
12.67031447338266 17.035838499912163
21.325690537911512 20.699765839398115
13.525463001711499 25.06443574585888
20.040118621625176 0.554999450318298
16.636233097548878 0.30878826475574706
24.185590684322133 28.515400749299175
30.910047017698663 19.114254608414885
1.1039130344739538 27.860277596051425
2.2717105781122289 17.440949887124294
25.838168178653273 26.55102485870249
15.633565346535518 12.907712465755706
25.775832223925317 25.963996693082795
4.3538725883329201 29.804911744999949
21.5470120804112 13.693510471806702
0.47154142081976874 25.545383655477423
1.9701575324940395 24.556723817072339
13.853271147149902 27.243290334842982
8.3397820132276177 24.702421300770286
18.061457081591048 15.050230763630871
15.994943897273634 9.9821753352639302
24.071905872012696 21.739986442321396
30.041692038530513 21.069064406171297
27.092562454660971 2.8435752390158848
1.4907888724969307 14.714741625687394
30.492822726235861 22.625439749964237
4.0624119249349731 2.8163687293749597
21.144921522639617 0.83950948113718571
18.549778008669701 19.206763557308982
6.8404846762138112 27.785285731915764
15.331496234584716 3.8254776474919754
29.141107955676979 2.9465665264368015
19.086979331205807 6.8386799380932795
22.507271928506498 29.726746491530697
24.580867112648239 10.911376086314993
7.8983727475673096 28.336393253633123
19.693244174184585 4.8380993644320567
10.104275738955451 0.57880824487263427
31.253849433555981 20.85337908451039
18.067266903918359 22.135215419897182
1.9733397786784368 10.113923858540263
25.568926154871278 1.6399883101565687
26.924099049253815 19.501999054776487
21.828744969449325 19.818203075389018
7.3417693654497125 20.268690414904562
13.197143902691037 21.10712388895708
10.100036297930306 3.0990281145619636
29.650748789414195 12.203140380282486
12.043437912025501 29.13817380741957
27.169023856790908 20.763205446434167
11.230058605109653 31.237520996823349
7.4161773202811174 3.7604594085831149
28.91372195329086 17.68292177271157
18.591349754842703 14.8624828228696
29.854400478905493 3.3743177921420942
25.615143976513718 21.904813175818258
30.624684747246622 22.060625342522638
23.667987049416343 0.90234766110259068
10.733432648146902 13.196247248146541
23.891460217196553 25.681685045928813
19.158433735429888 13.80497427027842
18.131677743179619 28.375157596497232
22.69686959408239 19.899126080172753
22.127866936219448 23.692975071535091
30.142182435278034 2.30398519569719
26.14893733037535 9.8259018014473458
10.162933844000856 25.494397184025939
11.059783949934358 10.553217322645292
23.279550219898564 18.601435129540192
1.3623274235541312 11.941841633852112
22.028108409446112 31.560944204062817
27.53959931323574 18.642269861516443
11.76915439052361 3.9728833325317829
19.043402318389752 16.239411868483671
5.4096366636587021 24.621428507430643
22.833260664621932 3.4684304387662275
19.814799099015993 8.0039993025135097
1.059359176025614 4.781882808397663
31.488769138727289 22.350740454786788
0.30163441282045977 25.760196501770178
28.124846093321494 12.343561997095076
27.191404866226769 9.9494999813076408
22.750482523923278 26.368957540941366
9.699420983162673 15.35467207548767
0.084024965280847075 16.999207759143722
29.212730471910206 23.871444918585777
3.873136923954394 13.52820437635658
31.05130407870184 27.199247198335961
22.173248925157473 16.973720528733594
20.269225251654905 10.656111195103929
1.8400181094177923 20.63537182680265
21.255576837918472 10.485081369414198
16.9244903789197 29.895997766625875
16.254729578775855 21.334854330125467
29.844334504903379 16.838334310932378
18.521742498477984 22.656790854235762
7.9066902292208407 30.339915735014927
29.831005149071089 28.252609515285641
19.682370484487723 27.683088299178134
28.991093543722869 27.123702681544064
0.89529186136744421 21.95366538809424
4.187356069607957 29.529667640371056
9.825179736764623 11.280322175133996
9.3064245538928088 11.316919625913027
5.0529658808878946 27.785318807110084
6.088214265774484 4.9944413896419908
8.5599247386111568 10.485218851852387
15.650032188633404 23.76873119541008
23.17506625166234 9.453093747303754
29.810484781072212 27.15301791356881
5.4474837861896601 23.862303548666219
2.1406728097945793 23.308709972346353
16.384855939979246 4.5182819481938736
12.112923710382409 13.828442285774576
0.087675555376847097 16.17742686099751
28.185586634592664 30.702777938976052
17.033019142009639 4.0889854155554568
15.67285421473373 1.4742307914525694
21.502618655758361 5.0171710422971847
24.002262580627793 14.326072053999269
10.130890497394955 22.40147479415138
21.566402536003139 12.708640877498022
30.397919004269408 10.211064080040249
16.83065208828312 0.10671458119431755
1.4071545348326879 15.947899973468424
10.820125128656153 19.78178751569008
5.4482633631782091 19.715695057283135
1.1827995889202592 5.9073571385636381
21.874693886784421 14.431025145802051
17.07388933429937 2.4662443343695211
30.927234403199794 17.102778643545893
15.390739289745689 25.206703060959125
8.241525420419622 21.196097312585842
23.448171869897585 24.835691492482422
19.289679716114716 29.208016118541281
5.5039501667894299 9.4480255493452585
1.9076768942311533 21.827135071176713
22.173030199562199 28.377736546029155
26.895520165402594 15.783379813050221
2.7054595459538118 10.509520868778679
9.9668792947995879 20.652146943872836
5.1520745831349979 16.464383042852162
8.5840548016068006 28.955181990049052
24.465737814574073 15.555369659278924
21.41625518855291 17.766392837140501
3.6404149497546383 24.478700840894422
29.308391008134539 7.9712200496122758
3.6646387431369329 20.997032984956803
18.823670254947686 19.326780779727603
21.094268462278649 28.804173684247026
5.0468894215967737 14.882497740603943
10.017110511502212 28.991844466816747
29.555689943770844 8.7927747330606554
31.091930534117402 24.729527661972483
2.5755023010442937 22.316282121378716
22.344415981811292 15.389677299446774
22.725074408550796 22.15829487970748
22.534856797303966 12.843476954450812
29.115208500998797 25.180371694958716
10.484330899012853 9.5205425088476883
29.460777228562005 19.563541629328963
14.077614016500787 24.194991071982411
13.012618976833682 29.838142736127757
13.073317295003966 19.956971165150719
9.1016783317829617 9.3915311398329386
30.622556079503653 12.270872128858095
0.10710655377613042 20.303298769638271
14.619423978791328 27.859441607726225
3.5083403892390241 18.24894409488784
26.549019884805368 26.922428169054488
28.314444092454082 21.854626405251285
9.023555701967215 17.855544261094774
27.842331513194608 10.814556076276265
23.900059599755341 30.716432035601649
29.88529307331504 28.808393070508188
7.1320615435752179 29.687600765764159
2.7044691130782312 18.662501067064962
25.982874998339597 16.325593867635529
0.0025330077364577068 1.5571072780579152
27.527947896269861 23.014829137025561
5.3225203972266151 7.9699948759946437
25.408605219291925 21.359021196874863
8.1216169325478624 22.205507303895331
5.9625115158269431 31.090294621923871
7.4417629759118027 26.330895387981339
8.1421761354891338 26.754468845977044
5.49718582718085 27.113331542096994
19.918780867817585 12.408716861379855
15.056131486786706 8.3779334804808734
3.8295136191800778 5.549121073495046
0.23171903507489483 31.013662638358266
22.889304736438127 27.715411396263917
27.564817425167131 14.668168004544123
12.86113468030892 14.263985191108805
30.422576881703911 19.694109674417085
0.66971834686693021 22.897008733969926
14.82800586869663 25.046977510671443
10.977106409681507 5.8571197089295808
30.393323880759983 4.3297083298444612
26.286422647677998 17.585874359075767
9.5321073803999425 21.362715794589725
1.7541400221627881 17.997030157656305
4.3858511692473261 22.439572758320036
28.802582409835942 20.654411728281584
2.2945562247964482 28.398214771532601
11.773975673243683 17.619487252468353
0.62672908379381609 18.294017616363583
17.650461514091816 29.903580753221231
29.981971470411125 5.7263079297731423
3.4345890317856052 23.882450620858855
10.044059768294003 8.2870064284148999
7.2101283929490734 12.28139323681701
27.557860035200406 30.144446614678895
8.8047911117362858 18.979075825237356
30.43706911259585 17.734785484209251
9.7574506186433752 23.766310423624347
29.554126021634289 13.32536448946564
5.8440673545510631 14.800539075500504
25.779822866257348 7.4417582038717347
22.9489456577884 23.086824330223148
28.292559613095772 1.7727828123479208
13.505057909450736 26.263169847860564
11.77716075255554 17.498377129908622
10.557934417238707 14.054118065698788
14.55795347010905 5.0267195518603796
17.550506014880316 20.669685776997198
27.260742983635492 13.075333009885112
18.254784246517506 4.8353642956461229
4.2444786140540396 19.068313922439923
4.58625411636765 15.583842814511586
26.455056663390859 3.6082373250410038
0.54849778579882869 9.5175421704573751
21.5745316906056 21.347485433514585
16.546678875802225 22.841883862869
2.0718147631613602 4.5658146791627132
26.189326468277745 21.141244563254052
13.657314726639003 2.7875172083524702
24.820739114726447 17.644425851448464
7.2488631103636862 5.218372742936606
17.436130034650759 5.7264186135219441
17.476503530290131 14.518768754425274
24.926233876683188 9.536358816046171
4.9168097535604423 11.961153470482085
0.1630915774857512 12.249181277017886
13.048027171682815 13.402447761089377
22.141857262631031 8.2656321135683797
10.55610612412698 21.955768902919452
4.5071963739155665 6.7425101368483178
1.6452160388727877 6.8130796011126913
26.097051843038219 28.474676115901374
31.240193708403677 23.880064543200433
22.680996256748468 5.2127401712312222
23.31823441495904 29.234661108962786
14.924563493469007 9.4816572043318477
28.255620353745723 1.3658090250616526
3.3878059519358179 2.1780874456442336
18.928287570938888 10.644548475207102
24.467588874417046 26.459619645525219
29.91009107572421 4.2717003672871581
5.1856532075412201 18.256534822567357
14.153003765485202 4.3562149824757963
25.793836636758673 31.009413911236614
16.231102500238187 11.146542296097687
9.0047523310876993 23.249355412196383
23.116952968451709 8.1491780638675397
28.053173310637398 2.9282587211930395
20.499525843139367 26.147814493325768
26.292416263144975 24.906880718351086
26.377136606163308 8.129741563784858
30.758305036002508 9.9223686820635475
12.015945301243352 8.9846142927051496
11.250984740686821 31.130073754886631
17.482940954396714 5.821670641732001
6.0211616552160319 27.804366407591058
4.2693720800909398 3.9855160856612377
14.232715162040016 15.075746511204224
14.15703085595529 1.9609325597833138
23.581058556490426 14.755651553861384
6.1278806171425568 24.378185200204321
9.4424392691112917 7.3670343413156862
8.2430921748055432 1.2255044893512559
30.167193386946725 25.561465540451803
18.431692975791631 17.798033755550417
23.046311328198012 30.183032629471214
21.260779704171711 3.3197598159949129
1.9676411224224422 30.928909880311508
21.089857012961794 24.918739032648393
23.201120402325564 16.007124525905436
9.5011797969327905 26.875254101159676
26.74182857122327 14.841985528154467
17.349405957067855 24.383025872898507
11.421982996535123 12.258067421132564
23.399083983566545 23.747139738001263
15.705753585524665 6.5520941243030668
27.570258554458704 28.613988377777623
18.991395484166894 1.4386156355959463
4.7295100926600071 8.0294292943338998
27.318932592746066 7.2535850888145825
14.197794769554985 30.199635286534445
8.0651394860141128 7.0588142829265337
1.2808433927908232 10.308650268933478
29.654673620797688 23.070984064184621
0.36168793848703079 15.543448950283109
13.689039211585664 28.613081192905558
18.064696974215028 26.709797016954983
15.834975917990317 17.952819310669096
21.601254174273354 30.71324449365521
13.670348755390023 30.547794557487862
21.233324782580326 15.964062304639418
6.303598873158581 0.59991029303283794
3.5701896230712427 16.357158836216854
13.657031837547221 21.825685579776202
28.981666354014546 22.629059645626779
27.056507881481537 9.6624763950253438
6.1115079419552965 3.6636604117114753
6.6691711035845858 13.811826661359241
5.9307283566531339 2.2433702806663711
28.702006252785118 16.672170104865067
21.159916623225254 9.3599314993222134
3.2732656761464956 0.8881343680923186
22.932939347277532 6.6425720194733389
3.2029368281808805 11.836258560297981
9.5104121417911678 14.712547338672694
17.179671855839636 2.3396781415055203
18.19464165262124 4.3142066456641928
27.841732806785476 14.024093039848156
23.239423489776847 18.524764914110477
13.261043789526417 7.7070194502777447
7.3503184381732583 20.854802452625403
24.045019705561636 4.704239388559988
19.818966336513167 20.533255893364387
21.212065202559998 11.765253492401518
12.500425506961099 30.15267925756741
20.753349534181464 30.132761198061434
28.716777390399621 15.086793150175799
14.171038334139666 1.26198758752192
0.80834077752388211 1.9673937920628035
25.807157252083734 23.232123917547643
9.105323719605428 31.418467569309826
14.005800874805885 8.5515173270234826
24.648233379807376 22.815143254162969
29.128815773304112 19.023903088335071
21.229588794780412 5.4515704535024829
26.170186442748268 6.3847465964051739
0.36451137200057609 18.51411871548083
6.5277696837707957 7.0322142927479563
0.83668378243376895 24.107706240916322
19.363650489543648 23.919592984996761
7.5162032180008227 23.555856366882381
21.906658781696237 1.8200006961346993
22.133206369971301 27.283028550374382
13.366542995286306 23.280943018001093
17.755894600086076 11.492007681638512
10.456747701225069 8.8600985759540691
4.9797733074113308 21.670620087788947
31.074574688602524 0.14898792019752746
16.710928093413514 3.5795941328415974
22.265106141671122 25.014542148436064
30.10799749910732 0.46839955346812773
28.969208931081102 15.629306562410688
1.7481618710392912 5.7600394686093708
11.154589019649718 23.59994296772318
30.075763992661187 20.846544739720017
5.4661501360499951 13.581131111786728
19.72303562269196 3.3969380544664638
4.8575896430960928 18.938533264328431
14.240044040946813 14.188690074077176
17.161526111040274 12.795846084024697
15.182798605846189 23.623041381897288
11.391720988879504 25.438271743856262
13.064473031521684 26.709521158748039
6.1317260779946015 10.535225498038844
4.6196209568863935 6.630490494702876
26.031095843070919 3.603220934846866
4.3126829383371286 13.926592582493621
16.828878162676205 21.199771602217314
7.1043213220574799 9.1960344147503381
28.02311800893348 3.784495031251832
16.179191031532987 25.36592764757156
31.336602332166489 5.26100909698284
24.882560664161563 14.107707341914288
21.608791703612649 18.618165176049036
24.084378427053323 1.7915320796199732
13.211286554768227 9.1440563390007519
0.36553931961681663 6.8939218596713436
24.810061026695248 24.988694996716731
27.787560001058807 15.944546889692695
6.7349075160794021 14.914292752711399
0.61303065546466629 0.14366026884297867
5.8265990239745094 15.856371455352109
3.8923788863494124 31.21851467071949
25.059343072605774 6.841268108983023
12.505378542188145 10.508050480981414
24.189321397580521 4.3864690515267331
3.3674606376531093 1.0349762896761765
18.229678625792594 0.5869608134723594
15.488677139750886 27.34934934961014
28.156692240347265 10.952191316757455
1.23439105414396 13.483930097879266
8.9147011136101337 28.306536902012102
21.271739274009601 28.068770532938515
25.779999324521651 11.338824099203435
14.099682930767758 21.131292898576913
16.124242677023094 26.51394308713439
10.616586173039321 27.039303038001471
20.443054468613958 19.982491197912989
7.7994312258986342 2.5114728486118563
4.551721575143282 25.365619318631012
7.7615435929516288 0.2484999187740472
30.546551642570318 8.2787932490337148
4.5899720972153037 11.330826576742034
24.521092434331742 7.3603932529394323
14.720956010493515 11.592108442093066
25.282886121838477 5.0980281626001291
29.186330433931303 29.766988348985688
11.612382091990307 20.344043983837665
2.0236222063610483 20.79036861133444
7.9580139929670848 19.109602593974859
1.9688176816034015 26.512254286784593
2.8763064222448902 7.5317590316332659
21.453592205088661 16.479216011472786
12.133218102289625 22.352346762815113
30.930989328878077 14.871197594896287
19.621894388841749 18.586192325000933
14.335096127293443 12.920661798293732
2.8522946460897649 12.305763445958428
25.256791724618481 24.993402973734536
10.646845249347246 24.665798178289105
3.4310247456562437 14.804931041906878
23.796053466434262 20.001054614731132
6.827232437112718 19.169319197842849
3.0807095165179006 20.544811872840903
8.5008320039313094 13.191066136923849
26.551809372514327 1.8717402533174718
2.9756338061448719 3.0114095752880359
6.8483397959691485 25.534749205212197
14.433572882155518 14.084535229950276
19.676200535801705 13.771699170548164
24.193449752848192 3.2168649122516682
22.053937729160573 2.0609292735688376
31.053892960825458 28.127058428410788
15.787905384967038 5.4188734236956266
21.648575315795885 22.750754708801846
12.572346765823379 18.941682838331392
10.144671662747427 19.604550644352752
26.384222656567093 30.070501699216734
24.214710490303712 8.2222623260736825
14.067627547080349 23.360927193134028
31.03792878639274 11.130409590551231
5.9225475511494095 17.448606564392406
19.015553991813011 26.764055259792976
4.4308428549983239 28.344590030885414
11.823709018515297 26.59432280648414
20.786114354024953 4.3143027274674157
13.376695394760995 18.679246521313075
4.6138708819042042 25.647670203691355
30.641714293161865 1.9954002542203086
25.066747404373263 3.4964278003609035
30.705344952665634 18.573024477468667
29.506287878967797 0.78079627330042289
22.278518219776302 25.088263042888826
20.188104781936222 19.668872196746804
11.243593068071789 14.895726986466192
11.141519628293509 16.118168945683344
23.715117779456055 26.550177098065873
7.2049095331095669 4.7759654933562219
29.212372797001958 5.1381208697430498
0.57339645407632167 3.6395519204828681
29.931143772750509 14.294028970449897
5.805405794809559 20.62827217257276
3.492065096074791 17.239991501687246
12.910636933684144 28.195225558682104
6.9680405864314672 2.3788093101228527
20.421129293808104 28.506194182535367
16.51424644942761 23.122976568653762
3.162158136145103 6.3011700139682345
9.7663340955623141 24.862026719675441
2.3698634913649874 15.211911330172432
0.50613659958837454 19.973057762123549
23.747469061243596 21.289419774588112
2.4206107794640843 15.946190784160429
20.078193174097098 14.442732800037746
10.889494393947404 0.95571275560633873
17.516026526943659 18.439869203282317
29.614781968246096 7.0218086697320503
10.773190568619741 29.263361643493049
22.710012053514365 17.615454064136141
25.501735278744597 10.3586121918411
28.977725360943111 21.808201982744851
12.190496501143519 1.7374428061289218
15.646553723919965 28.783220268183644
8.7023849628858159 16.117613193226674
8.7543382596713606 4.5038376317044797
14.611242332839179 10.097198133276024
17.748623591362588 23.510917674854124
24.646341162515323 30.479592467152045
4.9343539018139602 3.4376688972128173
14.258891723556786 17.672276390994853
9.7210868247040274 16.782048566600949
28.229492106975997 25.751937530554855
31.403422217331315 12.983146682064094
3.9881203244699641 27.785363773988731
11.513412508227255 14.270150040948709
28.733972765077226 27.446782555934558
12.743460124079897 12.648675032254625
13.288816049392135 11.028316782330505
5.6633427079712781 8.7546023293533626
15.803145254245882 5.2234607360353591
25.208761884699257 2.7945953875395708
20.019660936415686 0.070922422135789351
9.5116730062965651 2.272980978638413
12.041962073974464 24.301967144063791
1.2074832142808642 19.368822700277402
23.364091475293311 12.01454024681618
7.8851789017327603 11.594229843945167
23.26861377293428 7.4041332864529901
26.77155500735169 24.544524370584377
27.080748575006655 4.4459835020936636
6.6129415572312 19.09236320505207
27.117796075482534 25.963174005937244
14.401746690159353 5.9400002847421618
6.9242851765337132 28.576146900828117
12.293241859597011 1.5392732912957163
6.5967701541483414 16.635891225291232
8.5972542136285188 8.7651903463504528
6.4086453649478834 18.307926433769744
20.763134933217135 22.073683671471297
25.729988813995078 15.644070001129734
0.45034470422681272 10.58323423057648
8.9685699616518804 6.153673003604216
24.16628402750484 19.344785231491592
26.90864749967886 28.331729191426113
28.253825815711579 25.649671242251074
22.851481305160171 20.554493752288607
30.110483232371031 15.875356067876393
2.6405384767794495 31.197929249099435
12.629798292105466 16.169944663409051
1.9845357370832724 16.781582706333641
13.44130979034019 31.534309621975641
19.317363576594914 17.54056718128729
22.851510851491103 31.372534485800987
3.0514549777620523 27.367285752227254
4.8565190367884039 0.50950726249935185
2.6165762188235235 9.2413399903667699
3.5701953248577714 26.544815323620643
15.54876682664805 13.167555973392428
23.226444081901604 11.534097051458465
9.2893670008787836 9.8902185472089901
15.404159447212706 6.9972581999084271
7.43459321765138 9.5532212229904321
2.3459314114429932 1.8781103502382712
18.582269711558585 23.659397972111961
2.0885363056104893 0.86582043796150687
18.976958485203124 5.6107133597084147
16.524306398070955 24.481295270716476
26.989409106553193 1.8744619024603464
4.8494302763896666 31.252883929957697
20.936006300451634 13.487167495088956
12.549643562555612 20.525636348581735
14.526857848103433 16.241661019014302
17.811407427937151 24.996405703820031
24.387295028119567 17.97257629634472
15.006151868063965 31.183046798798401
13.197067858360604 0.69591305504511669
15.345872488341801 20.065556072612285
3.5211785872205108 8.3588919199119864
26.679613034241804 13.273053836745873
28.264103075871308 6.6060098132260441
6.3019805160623914 1.0697218837627485
22.824740682688191 2.4784876564361897
0.83985536750709311 29.380429383739042
28.42268832405189 19.912273296126823
14.855203779570918 16.124632850731352
26.87156664960218 22.076478181673892
29.991189144108802 24.609283831349213
17.156044172581975 31.136302473262713
27.752974830555981 16.7726631795137
18.789075651449732 26.121112940298747
24.941582620159231 15.913507890762389
6.6474211570099611 7.804098903467299
17.6228706216889 13.659919830630008
1.6615292661348757 0.12259118853872138
7.3148126624994463 24.918374051600175
