11.51806434493707 24.357982516688619
26.101479145331581 18.569074897258837
27.040347309179577 23.402601727139565
12.048464765862171 3.4126475704441193
2.4170029758957665 15.744555260881009
20.812404829815645 29.909770360114351
26.054600027433619 30.458706435773657
14.774763135483781 6.0531133879559054
8.0060230096049558 8.2415939162244207
24.353551382787714 29.313890517223694
24.737054386906884 2.4520184490230506
8.6298886425230599 1.671285268865053
28.510031389815534 15.604452707307633
27.559913128202826 21.997899204563787
10.842470270819279 20.20961661164413
7.5670505730827182 1.7360704718866995
12.406476009288596 4.1648148704528429
11.228906305611886 5.3766068737164394
2.6434309455788072 23.424483889058692
13.398460422362483 14.21350872281573
24.409492123667075 8.5878514110482893
15.389339612820651 3.8513876884372964
6.2841538903049807 2.1149317054308558
27.69578283759731 11.737119078944481
0.80638837389253071 26.363212645508757
6.8784447328777629 21.516211179306605
19.595538892310451 15.303195202245661
17.356455193298547 30.043175509730894
18.161852103348494 9.7346976805847856
25.213620144895842 16.223858312632007
9.5859191572878384 11.739592380470885
25.114785479706534 24.421301953030316
19.192534085801267 26.041961238760976
24.94297655346509 30.313803812547523
24.342074293639037 5.408363046235781
3.8496672079448966 9.577754611864572
29.507275095132282 8.3769164698860994
15.419737030583679 2.8127182772164367
15.624839762451083 13.816052915686223
30.782918875312564 17.960373179158712
14.5834794570113 23.850723723054124
13.616355851813468 6.5981471763180739
21.612049587699605 3.5002478773437344
12.781179801680787 2.8994675656242226
22.906796792075419 15.166577122080989
20.775382815958437 28.351540947545722
8.408674997554515 23.171566058344048
13.860167581300313 17.829735122304434
3.7847244281789085 11.787902545755719
27.554797983976091 17.834583364901651
8.1978247331939418 0.29785667131696242
15.404432542196142 25.904177073998039
16.76628133803559 20.432241650418362
8.6645231734139916 24.439063212439383
24.964328366104787 19.887661294821434
30.727800081124119 30.268332175341857
5.16089419231358 3.7526437654192804
10.854628643225519 10.047166185375215
28.607159579602335 4.6233644191607262
28.300241630490447 29.516830147634128
29.261271625175045 20.830249293177818
10.257756026374 0.11289551374944712
11.590543290301579 26.640491762231878
6.3802966111047406 5.9408470670259401
1.916820809147483 9.2707206585701094
8.9017614463326336 26.600610586001224
7.5133126155766714 7.5807548081125873
30.698557113775614 5.7393464121367179
16.407087221948728 29.386304288987084
26.194970037403166 16.908551448845913
12.199837582033542 29.689192003619663
28.510383991318484 19.806648781018797
28.670728939244544 14.066788786735357
11.32396038525687 9.1154284265055558
29.427002906327147 5.9828963613906376
17.399400921641558 17.095378288216779
3.541202595551304 26.11882853944671
1.506143258097423 30.430854683915076
0.49728354562543559 1.0021139688020144
7.9353548483579761 10.4542124054538
6.6184500495395078 23.470082013413244
20.564604379049168 19.780411675471289
15.729437305903916 4.8566972771836516
10.783268303734852 23.388000859436403
27.422510635747148 2.3453439446747248
21.037661676968625 3.2435696797882789
20.98715461792542 8.2950707414297771
22.397524747540757 18.162042765700047
14.43383258561129 16.54173578597586
0.32066731597816617 18.623767815926286
1.3780543628414792 28.111711821655042
22.06639847229415 3.6700143624686632
30.815319813571215 28.208160030599895
22.625856797656237 11.685412638611236
23.322002851827602 7.31444488112664
10.906346512770462 16.559025213455506
23.268216274627836 7.1400140066577249
23.037728041991375 21.485016398752443
12.732000890340034 25.350624667076865
26.860767738268994 15.902656605632425
16.418542844825769 6.9701034387074641
20.443494114428429 10.943848659036499
17.878731117488542 10.856313886945532
31.509767611198203 4.8799524922253568
3.9726096228526857 5.756465024348838
17.537820249948382 1.2655592431452858
11.764618203442934 9.8732491293568536
18.46334132616472 4.1831454675802568
9.8557809984785063 24.899280207545036
15.059143892035118 9.0872079751859633
1.894888661228628 14.953580378530754
18.720083750473425 18.21344833141719
29.880158465376208 4.9216225255745556
0.4450065906666395 1.9779188529741061
6.6337268612989861 20.467028134912386
14.853812724725785 19.349699531529588
1.0393840937420749 15.866032225003005
18.875188812265279 19.148418941444074
31.049980951152815 5.7094511204639904
25.518017821424742 14.841623238002967
29.286618015597764 6.3185066283504723
23.235295889897472 13.271688468644498
18.819849635672075 16.803053025291465
19.751724517595015 8.6965445242438708
3.1972031165308841 28.684808199235771
20.727308540152915 21.672107077835985
15.506812932308186 1.2440721679211206
15.996328019093719 26.435523877510807
16.900330035502705 23.378986253109936
18.292838885734358 8.0215667386588407
21.736737750127787 28.389620168084232
14.935871609744749 27.289233891511063
28.932846776788121 28.029318366983055
2.4325705442137275 6.2294883573031665
6.7665222876381277 23.589163359782102
9.403211716480893 10.042279535960896
3.3480948158400148 14.728010040067602
8.8018250257948871 29.645359907053017
11.800924059974001 2.6930186854652454
20.091400906308909 19.029745945066509
4.7802022515351235 16.911877906877496
9.9551992792615245 19.316140219693516
12.423837257047472 1.3719381543543248
9.7795441204484455 27.899204606100152
21.772867468666405 24.193921417112339
22.351791497014958 8.5255742003765747
15.51787995963646 7.7311944755588931
3.8440883662202254 26.579430385542068
19.382635275244251 24.367055044698141
29.156561853016743 11.532289890927155
5.4887321677140095 22.327961474285729
0.90580715199090089 10.163700907358177
0.35346952502408313 29.245339899608261
10.588552302243883 17.701912798057823
8.192436625682058 21.363062722030126
31.343663994330939 22.90650015345248
14.141443641046916 9.5171621151716064
7.2141759859541876 18.456754911288826
26.159818622142286 9.0200854742731096
11.240944916851184 11.826998466646042
21.009656036220331 16.098556277234007
15.727723887126679 6.8454118235312107
5.0527341282323794 13.348392712973359
3.6472510989421103 1.5926950598857279
31.604486973374655 24.561526828027681
8.8008833825314152 13.045894056443727
23.765823049449722 19.834964847868264
25.889619831922996 29.410546149609068
5.9633640226762878 4.6670295003075433
7.1090818971819401 22.364640774253949
11.716416676579085 23.402256220311024
23.400471021804993 26.056064510201391
20.881117399384443 5.745831059553784
14.972420332712332 2.2525479036097122
12.894143618132658 26.284711400827796
2.8477811841453788 19.142302250447159
16.604358445048838 23.37091661362722
21.006877514784186 9.3544062708425439
24.786621753097648 0.42903507274982589
17.306504708354108 24.612166822685339
21.898310624482868 21.954457650240844
24.6658845186432 12.370649316792633
22.550950818134851 1.9828519531126292
9.0848837249284848 18.291850809101643
27.695537017440468 25.438958804526468
4.5700927566364618 0.95191385088859848
28.790689323304967 6.9526593041172298
1.5122113596384306 7.5245287795034503
12.179828567841744 6.9795202046490017
29.989823239058744 24.202537100224731
20.864999014581528 27.471680774884707
7.8304075570419149 26.81629497621163
28.225321117606235 12.296112207471319
29.202267803664967 25.760634911737821
23.956471642547609 3.7635378352874147
18.137786486508968 15.161907654162212
10.755396679435592 29.769715668022673
16.26735933078178 20.492335672118074
29.869934857746859 20.838032232387416
21.89759909413732 10.572173213192324
24.97956233240787 29.038361224624424
20.27044639270488 23.096874032899485
3.0877973789737205 1.6728744334069581
24.5126134677128 2.5823237354881052
10.16577791240271 15.702284331876152
21.5544887210722 6.8315982334853826
20.176851726104989 17.476631665933343
27.541531542039625 17.681843248517293
4.9422867543378226 5.0025621810100596
21.978173145676593 30.472926319093467
15.489110221039693 0.41701293726202565
6.2420147427706674 25.177566211883633
11.345442645068342 16.498223707152668
11.384233156020931 21.250293475966114
29.351522164139787 9.0809361802343158
8.4894358063879807 2.4264680558796834
15.428157233763621 27.714499038074351
5.5338967018530667 28.975171485065495
22.446734557165598 4.8290337122883527
19.928738830005411 1.2403008301345912
2.8364579890259867 18.589281742865516
5.0582419088130584 1.9206928651266937
9.9000328338980026 7.0151772581469922
3.0189835851464841 10.276538754839605
27.832373380635786 30.375489060545132
18.659146554218978 12.589203537363662
12.344803026694638 23.065627725671138
0.24605876810505958 22.98016896578951
13.376343598262498 19.52113294103609
17.409021335305926 3.9019571745099597
28.868122039450462 31.119253225599767
1.4451073812514406 2.6256680597333544
9.4535939058267253 26.808802814218794
12.618377162927771 24.357680586956032
1.1712301331401638 23.337610608168994
21.3008918722186 17.453301908287408
18.239826814354469 19.735092350808483
25.140811473152368 11.531145181195139
26.03924424988967 3.4230242538811493
6.1081106661792095 0.62172329334886267
28.904287227278484 23.642730635312923
24.709257345419566 14.409853753662601
17.635893701456915 16.074405916188791
4.4671810493062516 22.892608726065934
26.517565676767703 2.4253491258710462
22.133787961812132 29.209491578895207
15.391612324754051 22.920559671514408
30.568268617455097 0.78656981848067897
14.526368252976335 11.055029413907743
27.222034517325216 10.859432627112911
16.906318585071919 8.7103517338199623
9.2404858562843017 23.267105556491884
2.6032050535947824 30.683786343211775
30.649573804776214 25.258373817671217
9.5011215118134622 31.145712153160975
30.5894440965439 31.621727129180783
13.091187090529395 14.760879766462043
4.8780365376932018 25.520298246290007
31.478600191102387 28.46878788324176
22.215915192915361 22.125372729804567
2.1440596288961151 14.532901883465254
31.487933505861097 20.121042952459657
24.750490530269623 4.298025256483756
5.9247674418036995 18.073532969260427
22.832482448343971 9.0682180519820204
7.9691501023896878 23.067329497339358
14.713495567486905 1.0589138017793855
26.918390181280479 12.566962321906693
21.672202997717918 8.3125611787112916
30.587783221410195 11.552961132940336
16.385104474627617 1.9313466410385354
9.8083904015448606 25.009980395063042
11.475022358610099 15.289626102870539
16.966780365403906 31.527781213633041
14.53895460909075 3.9833724178015966
12.799116459720866 18.14085295515882
16.284824988510383 8.1640120302741579
16.133839556119629 14.441426747288189
15.383932660173164 12.051201372973903
3.5973302014342114 13.980097253008564
18.586227421597076 29.438217451232703
14.524298027046568 11.869252391807992
22.109353088840933 12.750282202455777
22.673015334726092 18.3113454983806
5.8748217059574577 15.459180483031966
15.829694865014538 10.404707267891768
12.526514069825611 12.745026844904327
27.022462397653452 25.642232157325175
6.9048359343211914 8.9513255399809797
28.720086248074484 9.8905379956210862
17.370413534102077 2.5276793028079232
4.6638704835169928 18.619629132262453
24.312689806424189 10.679261328670805
20.47970993043625 13.535536050044499
5.5033935868964381 29.607429422582758
6.2790204679054762 18.697177480104028
19.868677205984373 13.896776928309976
5.219555094264468 22.953282400866311
16.327650504265968 0.033632267623628906
8.1867397626519907 9.0724909882637341
26.457685477101624 13.202652175370256
10.091165511460295 10.547616714586171
4.4651457638529521 28.170370968699476
11.495377433045599 4.9699425395163495
25.869667814581142 21.872950224293394
10.893640813091929 19.375009103993431
5.3822199132097985 13.16188807953502
21.795677934512121 25.328452496006658
31.176245984950256 30.922300363101293
7.0987124090417071 20.308768487212586
18.11286289629739 15.882750302181456
2.7654824943242371 8.4668231585916089
11.8484703507305 27.554460260541308
9.6848702304899845 20.780572023745215
28.637016759115848 14.200777790284429
17.68362110154084 21.577403890655457
16.881965934636842 13.920896564835475
15.392207206879222 18.078672704742232
9.1483182658779327 14.422463919317863
6.6414364328614397 8.3192846312106798
3.671277173855017 24.721016198888783
31.283580979494044 2.3869871067455652
18.944346506743738 2.6813526799759546
30.053956203476147 12.908008684373771
25.947733407039163 20.195279654314167
14.532953580918338 6.2408512125752491
2.7379098125745895 12.947792283128601
14.961179059035336 30.919525491359106
17.356351068424122 5.5732204749394079
18.467498646665373 26.983810838595144
3.4616556102499079 12.403301349158378
9.4468665877224005 29.664629143532569
3.78455515095271 22.73879791771542
12.890291427234214 18.935734212245073
19.469195393654537 28.792032519948858
15.326013630096796 24.209315157446152
1.2618147248031522 9.9919016277120374
9.8065762659404765 17.821861265356215
19.88193262042746 4.6004098082150611
16.702948659736315 1.816592197964964
2.6471770595937012 24.365285922339464
26.301166610328103 8.2858543198738523
13.323409202953046 8.0684319183928537
4.4694261833965943 7.0951873302362447
23.061437902337115 10.056114661459558
4.9791661372718607 8.1874504518280418
16.659885331824164 5.84272811492513
5.4739183256562862 26.52638427837341
18.3103107793162 2.7458684994042994
19.877545560786277 9.9598245296408692
24.134079837896685 17.731959569277794
22.137083765820268 20.230296169419727
16.704264869538019 26.535602537079367
27.391603206895798 14.185059906738596
12.094899857676561 20.235557741116285
0.011261601906840677 17.242777561043638
28.66885727249154 10.754993855597666
9.4393233689186058 11.315085432903151
18.733488195099763 0.13778910039959766
25.819114770801704 10.687217895235081
21.943574543727006 5.390415334796737
11.135973867536702 8.1256409854071627
18.068038841452996 28.503306534207578
2.9041200974001149 30.899545130325858
0.97126976161028267 16.453907278576473
15.059021979911263 19.378502448829213
4.285764481598445 15.744832994380518
20.416947546504534 26.584182847197187
14.1828107818136 2.495205748140529
28.468835130309355 22.072318717669663
18.722338475327856 6.8724895704257909
23.51825310815483 11.872476568886901
14.301913177424819 0.25150444024951668
4.8014844631718159 2.2332992201643642
16.278976504834681 10.361278179113881
24.908651232621999 7.429042092050687
17.199767619945241 17.957047748438953
1.9611215385235414 25.559065825244815
0.32338171150819311 12.87704572577236
8.8803392430384207 15.871466588935562
13.482770138477351 23.876715210060102
20.987541621045256 24.304763927169262
16.950588847180654 28.091483245043591
9.3035695870764155 0.88807740549712944
20.221305722277481 31.033162296647241
1.7901653165699467 29.724356090141928
27.389313179150381 15.557339150515775
27.315748703326339 0.19067471679687567
10.441026344838875 21.374996276527877
3.8937137115509399 2.9109933966192165
25.964104511585813 25.958334644233492
29.20007342779779 18.516898950702021
9.1740467461777762 16.051715123469929
20.976347160971549 14.774886179697161
20.068900163528781 2.3564079926273487
10.244361962318997 8.6108152281411225
2.3580459751458807 29.107320707006615
23.951857266263907 17.900404707988045
9.7501664406806174 16.984024938744049
12.010281298488703 17.287571377165158
26.301015836322144 6.5105760549622431
12.892280671567605 9.5905051451660164
26.087348372552377 25.192178811319373
19.409693873790989 20.564790065829474
11.541159009012855 1.8696465960985826
16.137368261440894 12.174448827577981
31.153730962701268 9.3697581746803618
30.723093332249842 20.241366660730201
19.698190251464744 11.704454498868909
13.14686028964293 12.315436258564255
0.82463458310704518 31.126961383884375
13.323293995337602 16.130264040131618
16.424154479121125 19.265038139106895
10.796823107111463 0.042809919998129838
28.374151204098041 1.2967831117961917
14.636978134124577 7.7847284309783511
8.5999123420593122 17.222202081414839
29.431710118457545 13.050537275327262
24.925056963694114 26.537726029254607
11.398477701977775 14.997249390625031
9.8242126721616891 9.1310926460338599
2.4627925642905484 4.7507696848815515
29.432661184463282 18.096163658232765
23.247137457354576 5.3916255419863131
17.684839928617713 18.273237403711555
23.3991387201302 16.050434231747438
23.870964986805934 22.991249308297714
24.470229252451198 28.001293978540509
7.8680180004341054 0.34783755613440737
1.1030085199469244 12.692766093414283
27.001833975902372 5.5658299342527862
9.0395535711954924 7.6172961763037792
4.7667323525082885 28.245365631983329
6.3582393330341302 31.367556580756755
3.5016432556072608 0.010746391383842433
5.3073643570653175 30.306348985734747
12.478284398457708 8.8454526635254904
0.49267691042764189 11.063735956576979
9.8506012185441545 4.735098218308603
15.451355722470423 22.469762557621099
29.097126091920128 19.760445691158218
8.59962340446884 4.9140235160769841
1.8879462443753507 3.8460057381514856
15.797897617604578 5.4300694692696831
14.503565162593743 4.971754430929316
3.0029760945785098 3.1347839620341089
6.3387811876675997 14.307915032271826
10.280110645968252 30.524878910240012
23.487817397561418 11.151572618387878
13.957294657556695 28.364305549289494
16.67802335994687 15.098008601084205
8.4200232568094489 10.681157624141587
13.611100410599517 28.106897449308985
25.370111732782771 11.74856967129633
31.549576521589131 6.9680605841781755
31.188908259808031 3.7053946124456787
10.530547173307767 13.107398214846349
19.450557939631413 6.2605871403307454
6.0088020568372951 14.414558165411893
20.656203315612252 2.1272484633254711
23.020078984770482 28.279979035801841
13.635427745383982 3.4630361340216669
24.637419209982795 21.696061415783841
26.622849309845478 10.491777264772985
6.9627520546112054 29.440715985016769
10.895556578510389 6.0624056175768652
9.3661215089623209 20.60546085076794
13.252325921579674 27.460040052200302
28.136009456025597 28.70211022780882
4.041384629608638 8.2826075315290524
27.277138496406543 26.739343002351109
11.396199008407306 7.7747679833190366
20.283885510545353 25.576407734666606
13.659920354759317 4.3681608659588047
4.3805780946482864 30.315855981186459
2.8286246948176221 6.7077648600572699
6.230521224573546 21.953101116353992
10.276175511955215 24.081772487490415
15.45461267181669 24.465088855483042
12.916384731689844 11.490454331871151
22.717225465873206 0.36162183557202798
25.391432664825444 1.3250923642215962
18.112248277771791 25.444221238409003
30.653881791224016 19.377292814768083
5.537985627037215 31.030188082393128
11.58326417115325 1.0280725052960773
2.3274516368198239 11.500145090502023
6.5666150829826622 12.731513905595087
23.395331653104257 24.826389474939528
31.414857627249194 9.9848850262503088
0.017977676128026542 3.1409762761232005
19.02077435185593 14.305891541482195
15.866921281731761 21.621708924157719
17.4636968950282 25.988545764224675
1.0967001083606653 7.5230084207390089
2.6947950587972644 20.589152248636246
19.440928820415074 10.488015356403899
25.891956378295362 5.0249402664417717
7.0959301914827959 31.08875255824638
25.264767367326495 4.3339329590386502
11.51620848607644 25.123300803301937
6.2950238189950412 10.742844594972109
30.01299645568459 9.5556490917937342
23.406222328651371 20.394550473630652
22.13554620523335 26.340246331022605
4.8239072987909895 0.13688780831563122
25.724832694606487 31.033602256781496
28.24999804577762 27.404270259576485
10.618631489779146 1.672443331143741
14.480495843417531 26.819459635544902
25.616216585662134 13.095234189737264
2.8144392907577291 10.19355085271917
4.5960877301672127 12.215864704191501
24.213709637218049 13.600214945873009
9.0638676745713802 21.991819129718834
8.5079902393099349 3.1291930634826732
17.68056990197362 6.9963611473399814
0.25082016103492427 25.01183296553064
7.1079892181984583 5.3984475876414724
2.4072187323413905 11.277323952750015
25.861839827956789 1.4117340018638715
10.291323784087323 22.203219144698764
27.028550461098899 29.927947001773532
22.697669248563191 14.4422515554702
5.598761551051239 8.3111857428572247
10.268763605472707 26.62779044159814
20.965597879092655 9.9055149833642524
26.829966107895387 21.598600752846778
1.5407024195735399 24.509949452133839
4.6111047171955208 24.885945188709989
21.78409054071264 30.160902769134964
6.2694935732961117 19.582947271873536
19.718545185596906 18.535581082717076
1.6717711895574607 19.314047126876666
1.2511647609445913 16.979830423129897
30.554447938179855 27.021010043873506
27.433557193879938 28.848763348771897
31.09344361669767 29.490652963413709
6.4023299712759538 27.142819409920449
28.876831402169564 24.918333338240405
21.959403864555526 7.1279091356401123
22.983915956304759 2.8562102162872911
25.032131958632455 27.919759616234618
26.726186638926734 7.5018011234993001
17.424435520431931 7.1291316519023109
28.660963746055589 15.637005926281386
5.1482484076343153 19.225720455983375
30.244903851101835 19.14797654241956
9.5446496698717169 19.122381456949373
15.259204988807925 30.53485960285953
10.713315120844051 6.8078873505451547
20.028605316108166 30.161498088502253
18.816406084507033 3.9466062545551623
25.131163378237517 17.387194560864955
14.938468484515251 17.112167615062525
12.132184689883269 28.656853755579373
29.869750200588861 4.1030441496804579
21.096592348253836 0.50429992983986838
19.833551437537601 15.33793549329833
17.638066312709963 19.574133917063563
4.0345152368708437 0.048345462157235237
25.09303312958707 9.7447488286126696
24.750543384648694 16.163686666787108
30.046277473517701 25.212390544881654
4.8419719550442801 17.214713650364015
18.88942565279158 11.361583191718969
25.346398692646417 20.513548464119889
10.138412373731787 2.7703024161856584
23.536886680344807 31.122917384913524
17.053591261749606 30.213941122056536
12.531892023553288 16.425760404550672
1.8354170325219623 5.5031500492179015
28.642852499266741 23.040390636492855
10.64596604011245 28.323139694191166
30.30953631843682 21.876202393824109
22.878727109911782 19.183245314292638
30.590887159206602 17.557326949205653
21.338867401823588 20.795053720065507
21.637771782457957 11.747251647534819
13.138204574226817 13.426847918218325
11.50003801409318 22.094929725446132
26.195411619569565 27.5555173093184
18.628915851509767 21.42676545187307
25.583021113562758 3.0169539453309024
29.638793308419999 11.158264839349954
2.4270894033176007 20.188333337110272
23.32157786851463 1.0673900791481368
29.768064383537567 30.039187583818194
21.329911449522044 4.8315446654672458
20.164600372309707 23.970154066506794
7.7428450732319289 4.1340100931744583
3.5657421157606684 29.626123767192784
30.656774826682621 7.6066564698825179
10.664472865493067 14.125871250996255
13.807841813732651 20.997894245326759
16.636522997307168 27.634553056500266
0.57283303148692788 0.19745356969944228
18.271875349268516 30.661293622601288
13.377591381623869 1.3107076322569757
31.275074649733774 1.10870061565293
26.647603020862526 11.781678027095165
29.845636225697493 16.463536667506713
8.4989248974094842 25.855685110966757
0.70643324230622973 21.683594447341893
18.11984282726398 23.007574259641355
10.221978226997322 12.234953969749858
7.1063372634356234 30.447838324221657
4.8898760747094281 21.019257930241306
30.76611429703247 8.1864053018110265
30.165482654348637 22.630906811363747
14.795600307249092 16.038146920774011
29.52163113149005 26.480798752539574
23.533190471370148 4.5684074535783461
24.098372432158396 0.91475429231133287
17.787160920178433 14.25581665654383
17.209580938873934 0.27412022657918489
25.304433617824341 22.687580299250918
18.711879404786377 31.192791858026673
17.874007321314853 11.897427873830567
19.551824003291369 7.1660922191217375
6.9960532555432566 13.480428010369859
27.446412883882147 27.479724631755818
15.655663840588884 28.750504158319035
5.9725366155451356 1.2143498402030908
2.546899572280283 7.6112476074381528
28.366478069678124 1.1614653251060063
6.6020604628811386 26.051549261142892
27.161693618153667 31.103121141016899
4.0244818406225216 19.768090688049657
6.0657116641934543 7.0784632516809722
5.6011516259328404 9.3398033010629149
29.970327665757239 23.399439192438571
4.1703490891799211 18.46778973406213
27.619556890020586 16.634161131203722
0.44347133397492872 30.311716136246975
13.412214174142417 21.413579454727763
4.9781309500761592 15.446208512630857
13.055022025817768 6.1948665627208674
1.554197633516226 2.595137768143482
26.348692268554792 27.923519099451294
12.300192308053738 31.13526166205979
26.56063527183073 20.702504474105339
17.688965789895803 27.053679825595374
18.172749331058498 8.4483021844987096
5.9226231808042042 11.930002797760153
13.145108202797571 10.149157686696423
1.1257762445549393 6.1070864341814373
8.3375484071869685 30.230221019334692
18.216716417353592 23.720872267197986
2.0030495421380152 12.841498912636789
26.710751693529161 14.628687274104527
9.2365351749025102 5.7051163714626112
22.005954561231661 16.826278817612671
12.291408078121334 22.173367232862486
7.3166746093147177 15.575968555090938
6.3287758761177866 28.28631778546189
23.520739150729263 14.581137845522623
14.101832665480638 12.725397857933872
24.542963716771244 8.0591173478792193
26.241387113944256 17.127206299773778
21.324095638907956 19.093445243561945
7.8169898268179612 18.990471341430943
23.572934447712502 12.822573059838922
15.87822062841683 30.272467448367969
14.283968056727586 25.845769213220247
0.52652611314950515 14.693375630811229
7.6184412266607282 16.465967499720183
7.6689271223056625 24.446352301575537
18.375322192360166 5.4837041052162538
30.090564852125254 14.827184947468684
20.695215221151312 6.6293112127739144
0.44816282862396384 4.1044668333491598
19.869110763959142 3.2830749047199728
1.8627118153208477 18.077632515209022
27.699222299547564 6.8835551895699991
4.9363713358171486 10.704911751235462
14.982725793893064 13.184589964240242
20.271407135207205 4.2108840237600358
27.514874486062602 20.433807135403072
11.999226832044032 19.992122614266357
17.52276033033726 28.771165529321653
28.240125511447527 5.476476291151581
5.8548607481222765 5.3013089448422761
3.9565756308873472 13.552205736233455
21.543405452165327 0.10451916985381346
23.716274226915065 1.8338494252467543
7.7545641581634133 6.692424672056096
1.7522198364964756 0.4021408517617639
7.5472386222269101 12.579699061036523
27.63854183223679 9.0619677037587731
14.594338683049125 13.725232999579141
12.149465242977069 14.243901764112127
28.009674074500033 8.424192286461631
4.3548080134162248 11.271379213506082
6.9699974726101459 29.416109648217134
30.862318921492129 12.679664327221582
13.603290872155704 19.831964930752967
20.243380658073058 21.403794310012859
24.270056607845103 15.412752600187552
31.308522105382288 16.321059109159879
7.2084696441486651 2.7817934016902317
2.7939376774384974 16.359100218951511
18.726750687052295 9.6292626018071452
28.689645319012911 17.158378700050733
2.9600990978694766 3.2388884013229133
29.786717284596449 31.443463311222054
3.8868253395168368 29.647254288233846
7.4832714522978909 4.4344409786467391
13.544578401783102 2.2369097325112248
21.806175336798255 15.783834543168869
5.1582292612239424 3.2426996238523249
0.26941623126886977 11.755327156045187
1.7203523237794296 26.561500696523026
28.033366030742208 20.85819221666592
1.3643421223207541 23.511766245746809
9.7046979591602298 1.2109570342519667
11.491627248281278 18.54656388784203
30.068604598130975 28.116416450695198
31.04991954888694 21.52038119552417
1.410753587978381 17.959732871603421
14.643613532374394 14.994978258850331
21.843598430001013 13.792007225191188
27.442444149678142 13.553996549678489
3.5268752895784363 7.0063080447825392
12.699304682484049 21.218861472325599
17.005450647163666 4.753592857244147
26.421339100342692 24.244565018778271
16.026189941881995 17.720747877474871
21.414181405516242 14.983532125445503
14.418567427618424 18.323514561551391
16.127262723801064 3.4924649827461764
13.265741397420081 5.1634490421662536
28.142255767135783 26.181315014870481
1.2466702762163044 27.33739914662911
22.172337646235125 27.624870426402371
16.315379414208302 16.166137844705919
19.00734731656285 22.237481567316291
2.3922075710264967 21.945985789687938
8.0768331726911544 14.438447548244918
22.525297568675718 25.205189372598962
5.4384825663589034 20.226655724653053
17.473088578226598 10.675088087862946
13.279028528485942 10.918439692204345
21.663878152287797 1.4973693983643541
9.6121431320683559 4.1480432269430167
14.564649076190754 14.974472798378873
5.2102590059748328 21.167137567956626
1.342261901573373 11.494984773413961
24.533816931788714 21.282678209435527
16.293537331090555 16.922816857043919
1.7696575074132419 21.178024651661953
19.505591715243899 8.5288492210937026
6.0270445190590847 16.78009500842694
20.483137850180078 22.671260910158903
25.632199278680883 23.87957673490034
11.459703964049801 12.693913742309773
7.1906059982656583 9.7301053438021032
7.5876420020700435 17.111177949265574
2.7295441168597594 26.549754209195939
12.503984826716788 5.189656489754328
5.1670833841385049 6.749136725621578
3.834851785697337 17.232401381571549
5.6912204288975552 24.203926656747715
18.939520144963989 27.33160040570661
27.033850458425281 0.57086566315242138
20.252437246319168 7.5954484780669214
11.561523783556485 13.550861401612972
6.5084602731902281 6.9889479598938831
2.1715207071465708 0.34061251461654013
26.404789125972627 28.95133720719847
6.3702761724615584 17.364110471639041
8.4314119462702095 19.675934186102513
7.5654766398208642 27.792465135194433
16.447180795646894 18.997819197741148
0.79538396515841214 5.1328390180182071
4.7475820688425863 14.402151973188523
22.665329298034486 6.2545208703172692
11.716772385606774 0.097983090884878984
24.092590294991986 24.869595858543452
13.62160372169534 23.054414919631014
16.950864706854563 24.81443312539621
7.4648937551394292 26.105846066330844
7.6418006282469513 11.526799824772436
27.417864271262111 6.3275323213360695
19.107908905432886 22.585055180853232
11.044215284024071 29.823826000896997
13.60094532667225 24.783428825741943
22.047764615705525 10.235456057662924
29.603540699774456 28.871036690760135
8.2944515418469837 24.948961193034318
3.6627319612714095 21.465745627432195
27.4186926121853 24.253360416246402
18.598965265543463 1.746831109551749
2.6524772069562603 1.3703138578394727
20.323239845422542 31.489659175473676
22.449873516768793 23.308729509473956
11.247355646700827 27.538251083830698
16.713012773129851 13.002653858479443
30.150755600745942 4.0054139195473892
12.873099190875998 8.1225924128633356
23.109794400699812 29.814941893226408
20.581507131769467 25.336573356803264
23.572364659050301 16.870473446679558
31.098570566448302 23.859086726708863
22.94308532728509 27.042668886626871
16.086126949858933 9.2306445831834374
23.657307640402323 22.98644546037692
3.840729607546733 20.08289630933735
27.026956833665679 19.294392432275743
18.803969666048868 24.164862959545331
23.493153910507019 21.558943342348059
23.440309236103825 8.6314223734564806
0.37465597704412817 27.609367706365131
23.29695700665857 28.876423768009133
8.839157645215284 9.2117351060476835
14.560744456854426 9.2200885662752032
9.7170617870724776 5.8611469644279834
4.567276698072444 5.9995398079530924
2.1093313706688961 13.717290199519885
26.809452598677758 9.4928503720992854
31.222874650831557 26.623266671539845
19.890123638115124 13.089175888738694
11.536341747202083 18.301219817165912
28.181605245772737 2.6471593349166289
0.40364645196182281 8.6340663935470499
12.90352138679568 15.621055003721921
28.299251165945673 18.749342859550929
26.004552119827427 15.140118754304225
1.623383705222226 1.556027934902092
19.686467668524806 16.285398819413111
11.515222487539161 25.74058641518879
29.136317647555511 0.72900992888857463
0.50650158782491717 14.569650476626066
7.7068321067107863 13.956373655587708
1.4295649150165088 21.984018615782023
8.9810575077219124 12.859758448935201
27.931425622279693 7.913308072081839
9.4442884980104331 7.7729576932160507
25.499371195157405 6.1120721617374496
28.179152481549554 4.7070826548790183
21.781826255575304 1.8420275237848645
14.264612304388431 25.366069173793175
28.721482627334602 12.729917877929834
24.913483876400687 6.2657884764162715
30.496635628382563 6.9549007693017577
8.9900840147613597 28.232603564175598
25.330648675802632 13.588734521916191
26.53332044618854 4.882103578731483
29.013388084656448 2.9839024786266024
17.199247088007866 9.2376462318797525
19.111913240407038 30.043628757444672
13.221799158385659 0.72770967942313647
17.002520582046223 22.37098820882062
18.590005467683351 5.4694784912084362
2.94689488458638 27.816042231466959
2.9354218881536678 25.259841415064805
31.301973611007533 15.448258889887549
21.628759169399281 13.325907030365446
0.13459534626560221 21.348675032218601
24.50277199992026 23.538521006583842
0.96004060064804442 20.18260840153286
6.7484253738807372 25.010019397566534
4.4401737703271476 27.471784298993434
25.940899235581881 22.627255706309569
14.870523747322455 20.625375938799376
3.794655062314614 15.597529933720368
24.718166164296591 25.325922714590725
24.994144776476173 18.791004990173686
14.760254428812944 10.643900902413941
8.2059508721784855 21.543475922297237
29.357495271499804 27.08449127899091
30.373192902402479 10.106497455913706
6.6473451046646419 10.53633624293405
8.1406035430350325 19.984681360747473
22.957841734327211 23.997556640484447
1.1303262711564039 25.281698060299007
25.799190720402823 0.24239637605906478
7.9844916432495001 11.957674388524712
9.904536375952798 14.92586867899705
26.912999103494244 1.6056299676443846
29.101541405653485 21.917607124715236
8.1358106659873446 28.003148629781435
24.362638233365274 31.180724284888257
23.880868786445124 9.9674062928091498
16.504803230036881 11.230996541065721
22.505290057914099 31.409424446856011
24.087120519037395 26.39337873464769
5.0773447152142719 26.430474279748776
8.4267899950234142 6.6425210354478326
6.2756920093990898 27.695125522846368
23.826737409262932 27.417760922948968
1.3792630548046518 4.0818104937207256
0.37912535550083704 8.4434446361686906
9.9148450033701074 22.875043725948942
6.5026874632642668 3.6902936859108104
29.815787997072313 1.5632149463102265
1.9226353133877534 8.8602950242784129
16.913775681472821 12.472424611001014
3.7156371404627087 21.557927074109919
3.1314968428403671 17.702717586730309
14.579335156440195 22.121735134836989
29.762938262733687 14.878492723123841
16.949271474259024 3.5384562971483158
8.9044873375964784 3.5665710019037555
29.271251498898639 7.7348429410224124
10.139090782497378 28.676990147153827
13.200069183393376 29.841969561878503
18.903927142308721 25.423493094615957
10.405050213862969 26.016943427728126
3.7196650823603488 4.5991119730096113
4.9964568665538156 24.123465762283868
30.731013043656088 14.303427155539984
5.9479430281894308 11.747443953586055
2.6373088264843076 16.860309037094915
13.666153102428549 30.778254610017886
16.995567580488164 21.530357723777673
7.1262281210040852 1.2238641441704401
27.282934857418269 22.913745095302414
13.274852133482618 17.311172926517049
8.6893325259808236 31.019002970194212
19.963342914333875 27.207159430668664
8.0201532156650988 17.976770994794691
2.5936210326932985 22.686665393127775
5.4482864523180083 9.7156481258406373
28.267950402416041 24.344350237214428
4.3506179896402655 10.130074378021456
0.60201072501049246 6.4761757147548051
18.250904052720117 13.808383148616032
20.250750367600958 12.228490319738919
12.283654556918442 28.732694729200819
15.983036204669627 15.604857455647588
30.522353938293946 16.108685954917775
18.260169419766132 20.568840719582692
30.801760083772177 13.551037250273801
20.55747585506996 29.041791918461008
3.0562463112605158 5.1021926780317015
27.188397474391095 3.7618409944313473
23.764478693163245 30.264489107778232
29.861204405554755 2.2026683702014749
3.6783910066031544 23.785516835995658
3.7506997811385503 8.638325472067848
14.459908294719204 29.605132192599381
13.71793817983276 22.558927400379538
29.47762005636763 29.651889419922536
9.6328902625869883 13.827318917434807
13.021081206630733 26.694029568301197
7.8441027537813026 15.179662566551302
12.01055719149972 30.701240188955833
11.925905534552655 11.20733843034203
30.328836397001584 2.5745651734148582
27.130644754864907 19.141651075909884
20.007130441661367 5.4366365747967231
28.61833403035217 31.006835355260769
0.28785010576548864 18.472784210508852
31.304859896951811 26.228105025029489
2.6685022207759315 27.645084628398745
15.113791733433603 20.900107082313198
18.321139944275064 12.780664022486937
27.235496500439204 3.8641017756182685
0.91491833183644045 19.809910572779614
4.1726616943594586 4.0797410670892473
22.651369160300476 16.694261790138846
25.783099599763077 7.6246735515534416
7.9383038499049663 5.7424190309735161
0.6522898042836115 13.578658288120513
21.153323309517901 11.858571088503316
8.1133479584520813 28.878892522816205
28.041979667279733 10.047967796552413
19.242557539703348 28.278476712696182
20.404795211112859 17.10426762084364
19.736045470141605 0.90647676869962635
18.441516639178406 0.96278951392962475
19.864607720449598 20.426830905076404
25.717987218395471 26.620851919533557
21.640668580472859 23.126208774255858
10.005804070194591 2.40973714962686
25.149171286380721 9.5194884082264473
11.290477246602139 10.939359676447802
16.124663886191694 25.228485637770167
30.814706577182239 11.262582536648665
6.3662294118352012 15.954461423242527
12.165488629293478 6.6723786991796645
23.188641294033687 3.3676242764201514
6.5056367586662374 3.0969568156177472
10.836418118980831 4.0828384227131567
1.325662827423856 28.903998076930268
10.789809583298329 3.5301652873233227
14.102418860240233 7.699614900435841
21.275753363075786 18.492514971204763
24.033426418291189 6.3005539126257135
25.727271887679578 18.511088553765706
15.280516608589753 28.821921319135551
13.848311276355492 29.486971652840957
21.973399770292975 20.208168633063607
21.593573586992708 26.545744216577361
13.432895635171521 31.342077980355782
18.74129560512667 17.349692836361388
28.704648083402471 3.2909170720159207
29.257746177490308 16.83649036626548
24.014662257958328 19.177169748712252
