1.2936209294772267 7.5626869537421939
0.89393028449532796 24.316372954123093
14.113381258950506 29.930356284846027
13.034171208630752 29.823221362642528
9.9425246714451081 6.092244031455567
0.11804849168714204 29.826160991597749
17.831077035373408 20.639074752544875
18.007552132488485 26.026974586382863
2.2691657241782246 18.844458105970666
3.697649227573252 12.772107705504981
16.793546764404727 16.012043690155508
24.816046211327308 14.62684259462279
18.265520400128562 22.985302609860231
2.966038992865919 24.605993626060442
14.775750695952119 17.928801679275661
8.152790526612046 10.911960718372555
9.8501963585740935 11.099293568274577
1.7648944173977494 1.7269000775986048
25.03321462157032 20.930391068437832
4.6988487391058706 4.0397384437694468
7.7213105542160818 0.65189326022350835
26.186927629779547 5.5699140577828929
13.4464766853719 4.9369598607230332
8.7925573174078391 20.984100907632364
21.717279200968761 13.56649304203631
1.0053111383251081 11.913452168312205
31.073787620463015 31.616788536274594
14.266328758052433 29.290958652113122
7.5423530935880114 2.8628673218573941
18.249591248394708 21.014917574697677
11.26562543821173 9.3306003061361906
4.0699871985717984 5.0852828313433482
6.0897453637158643 15.785222619801376
22.004036004092875 28.274956903389835
31.366671144347507 23.988633364962489
9.7460882358248089 15.889480799580944
15.734968748529008 27.949670462892254
22.870352366410291 3.3142232004922421
12.195681924396062 7.9550435165187929
9.8554410060365409 1.8444816717779917
13.999974042806931 2.0660499096110634
27.906990185700753 31.199609267540076
4.1710564211460985 0.73918829460815694
12.521862358414316 31.315359733783058
21.111486002850796 29.360966530541518
22.045975616268642 18.189578322602205
22.565442318979382 7.6086073022942422
13.935435608170723 15.975129707855075
6.5483094349837385 18.535894081280492
9.8139703753766341 31.364150073853292
14.069178982723738 21.00452571869285
31.426119918963259 4.6708456462464927
2.5074983842218401 0.51888254526118427
15.327153425017009 23.512304998702348
13.547005168735767 23.637214040853216
27.115005522813437 2.421374257823516
7.9884349521462896 29.835023149079184
29.796934518619722 11.863889325236816
28.935043950783946 24.503977669340543
18.657877423253399 0.11134249083936086
20.308192537929447 9.6814552196671677
21.476694617802242 24.82163782987152
4.8711028203194671 11.338430985018002
11.006006810451046 30.333318481175038
28.249284527339714 22.62773451384993
22.658702671345374 24.302963655299443
21.913443678750678 17.160162699654478
4.3948073186861611 18.269590456609883
7.3755233611554782 18.923743468327828
23.427269504084673 15.299944323707358
24.715891506973428 6.4199283887172385
27.516845001822656 12.303738539390539
21.271607955023711 21.019923978941105
28.143313770722191 29.496683607631471
1.6695870120269529 3.6215738975809435
31.15350853633311 17.950896465767247
5.0881163212758507 30.609378313750401
17.141452573399867 23.921091750974441
27.57482658640934 26.520588447955998
21.742340963584521 22.954587767255589
19.240392173703626 21.979511769367271
30.736866856976253 22.820304833138607
30.528383922125315 27.074038346820419
6.8516162511890641 9.1915144094933421
14.835364038150276 27.144800836028839
16.617230801229475 31.123630592657946
4.9812866907250655 22.141117756596685
1.7956427515093769 26.162207942082205
1.1098507212767643 31.068940569485918
11.338759842903229 26.236566478988006
23.733919182835507 1.6245557639316688
12.056993667774423 14.757487489172961
10.573437321544242 1.564399017075937
14.159606913797054 20.683474042775764
21.449496162972174 1.4172631282538635
30.984294075328773 14.613423430618303
23.347597457681982 2.5788900036899691
14.368515924335355 28.177699073311441
19.126955546452336 4.2225249209518729
24.06434702754575 3.4273535924321008
4.3183792393938916 25.745759579990352
21.367659400182461 8.6302745904360538
8.5664931328308231 28.740525197403624
13.737998742422196 3.4059281389053835
20.002213267578586 17.732944508108599
19.722708636310781 13.534391158225885
6.7298977115315557 16.489447446450175
24.626353525410892 10.062333977336824
9.1464655631715157 30.450342022754992
4.3573154582592721 27.888282414980502
31.184126497870331 21.561283106037045
17.577115596726426 29.273001864151119
16.183583557054067 24.52083178268677
12.679510182166574 16.074940882285418
8.1392482816712679 12.398132893594436
26.842174802254146 9.4601318290005647
25.23695602264133 24.746934282508903
29.301112107595586 0.79624401183507842
21.464495641515985 19.752801836457849
14.473838874934563 2.0560888436772409
7.800230321360778 8.2111243669895959
17.08557451747717 6.1320845861309099
31.036721293955917 21.321963837510154
26.993980028236347 24.47235851122819
28.845913776323478 1.4464034673222634
24.731568927022348 27.872408564661757
17.939352185406317 10.189890896184711
19.331168531624424 2.4264817673964059
3.6521885409984804 21.095535673590241
19.093978961676541 22.651957954549204
25.265768947318286 19.778709592352136
20.317016390510695 29.371363113476381
3.502103464721559 29.398356646027558
8.411819208391476 1.5185955825554116
24.054278645840732 20.44089519620783
14.569219684609275 22.275147491803438
23.763181814434599 30.646847348785872
1.764823934973192 29.497926227020837
1.2262807651624834 15.267428072840731
16.637596604768781 8.742851662251093
15.906659545217218 9.733087543024519
25.128925629571981 11.052867333483244
3.8365605351969121 30.434706827491194
27.274712954864807 28.954699886120192
7.8644543294200373 18.333191848883587
14.571280700928273 24.4894977669551
3.2055631719647462 16.82329799818736
3.5400564083927732 8.451464773042531
21.194275912813879 16.053410464422171
2.6657867503867205 23.608152404946942
17.284320573842948 8.175896097504884
16.325484307683347 12.262631592037788
21.324530402081393 15.256203978311957
2.9150818851747831 5.1031313824471498
1.0190881860244998 18.746695255775858
8.3005257457210995 14.638468966839872
29.899537425263976 19.240742931592916
5.129265843040125 19.816568925227131
5.5563177369397403 1.2159083600314782
16.193988936477034 4.9843345562299559
11.881123139632956 2.6009303166280144
16.172840825516587 1.4167903285397943
10.537592110773302 17.689222226095399
0.65367443925225888 2.5078470423510657
3.6706310740309132 1.7404079031142055
22.043484512655628 30.886437974632468
21.940212901227081 18.730609554578471
6.8476640844633936 28.732875202923346
14.005657622542628 14.983211989408908
15.031975932959847 14.752690936761219
5.951599149403533 24.783803260176285
11.995827956278756 23.006018239354685
2.5884671292922259 21.380526901460158
2.6554799023231865 10.805866889633252
11.577363673712675 27.445548692789323
5.2707246862293671 27.915817362637004
5.6115691915145405 17.245182673159533
4.2472901859375547 15.046309640085257
19.417514932070212 15.100505057544762
22.41990093644252 29.671773731865798
22.136287080193963 6.0771668322422006
6.1135229685813428 4.6512004184230342
27.438109666490412 23.696383354176231
11.587446719783875 0.21598966322610336
17.885015027805455 2.1919475240387856
0.90741358865807042 21.293422511873185
9.5637743772701889 10.133699329629055
6.2835955052079662 26.462603373458769
12.82716077698398 21.962766418181829
2.5644350531227786 20.02091027393929
0.39839987293654855 31.05883263685093
14.586288759461171 13.831046976444032
25.129343126253708 0.97312003697060079
21.774121014731872 0.9357158780052871
28.754402343837718 5.9846436082474108
4.5505717789651365 16.606118066315894
26.437826085171778 21.68381966113348
5.737305862996612 28.969381019251731
1.6379454878824888 12.986239497424409
10.722911677997981 28.89826120724576
29.5074488153573 22.748377126310636
11.585569441438608 5.4763765997645715
23.363961783528467 11.012616673723393
3.7170494765678108 11.619620346797822
15.098703657552234 31.123037549021085
6.125135614588892 27.318034092263328
7.658992401189062 19.828804538191502
10.291928121446695 23.508309952549833
21.194705329564727 13.087333629337733
20.872258039119465 4.7179441708019043
0.38015264359227297 13.892877299747283
3.8555433494725011 3.2030893107056708
3.1100841974110573 13.576424754816681
18.126688283667661 17.799068109203755
22.525253336907472 14.730233351127065
25.829221189596907 10.38839461139532
2.2579371585837507 15.698604978265776
22.144600200925161 10.382806380135115
1.3889752821438073 27.187595423266568
5.5506258574065006 0.82911256904815778
4.1998891099326388 0.92330747945161407
10.855877804607198 20.133904071779174
17.537508140767073 1.14836668643188
15.548923325790692 28.826580147798765
13.814930342407552 16.673340579709798
24.795306251895745 4.6204987533180599
15.503615500811128 13.381082291233533
25.082061207099596 17.624229272233602
30.66630847834027 29.793527335244345
22.628932794953865 1.617725896746514
26.524560137843068 4.1793306211930803
6.3242128746021864 6.7584049999593994
30.709503454309949 26.357353294149434
29.207354810468754 6.6757070927818187
20.796594686964045 11.875238342069819
10.930547210827905 2.281144597600457
12.107254676026223 6.0533977340474561
15.101275707239214 16.727736243281814
0.91675426171355401 17.57013754515425
22.502687584658588 20.435082863144817
30.530428435016756 12.438927974826683
24.324001860130615 5.4548452607202282
2.7613078027997777 18.994284755198887
3.1467239995578322 27.707372702624266
28.185702258883737 15.434060792169847
7.9959962348597005 27.177801520139873
25.196170167454483 22.552317767629077
0.99497745992313535 5.0113506678506274
18.29237563294458 19.13346022656301
5.9271781850201881 25.672656715773147
10.066050481108611 21.742249415140247
12.975123770114831 28.580313081956788
7.9190401473114056 29.167509120994399
26.460151272806538 14.485433125689626
9.4863764584054184 20.708912867591465
22.55946742895345 14.474349794484796
29.231023349014645 24.550480197530099
6.1487367072194505 19.960650166273371
0.73765702490663121 28.027426757557802
21.324236718354115 11.242845921142168
30.335144206442926 18.059573906425502
9.1443822100287715 14.61402735666648
5.0878994221632992 14.934985003503085
10.515686001343193 11.731041882748606
20.041586204156008 12.558743825299372
14.670374250681546 26.69625572798569
23.020128949896296 23.634026715616731
23.450252678888162 25.611295220533595
16.304380619816602 26.145608126336679
26.577008247397035 2.685380193012167
29.296826488673354 30.510028398090679
16.895636486068021 22.323675698140839
18.910019772094671 9.1531179415015114
28.682590393707997 12.27998622846212
18.995143221754919 25.780927345402489
10.631941203330911 28.682918864489949
3.609277395971906 21.694537025910439
10.347690899330752 7.702560684697227
7.0281404668783072 12.178795940517769
27.63845619896378 17.914154765460317
29.187204434725654 16.030126511683296
18.639645050678066 17.235218814993136
19.057094050608939 29.995095007001876
1.099482889693854 24.459068374141356
15.638609111932354 14.939157947957058
4.7536844926597697 31.105049421232625
14.217070841690306 13.161633409722633
5.3524362355673478 8.9250580305268912
19.827512950547113 10.650866119878117
23.105003897799868 0.90496037200933444
6.406931089822959 9.9720416501533631
1.2327523175374477 31.620279125616868
5.3331559975162106 27.169618054165181
17.855408307473752 30.669125622340339
12.340869546883116 30.586831651208851
16.91950801001817 10.116883912704983
17.237343564587899 2.6281322437114021
30.96075577794608 9.4558844270482041
3.9139371547923933 19.809058833944537
12.695969722081136 25.024768290297306
14.785479289887538 4.6344875175734854
1.7026895779484736 14.072182519148722
27.427866806186834 20.841575725629877
23.79928284160539 19.640416864609225
30.423160149000445 23.669554886367759
7.9736938440294951 23.477160869196798
22.276160972704005 5.9734724765759788
17.964045164104807 22.354978844531939
18.141081177169692 9.8513726492142233
6.2750854656260842 3.7975718057757466
8.0430837959613175 9.2692836184082736
3.701256727400728 24.774439955981904
28.660448733363687 19.910551449122657
8.6193921826152344 31.339583789747312
8.2431075313232967 21.345537926755625
8.8803736174197194 5.7212386767037708
15.83596543402218 21.295061620384629
15.128352441979732 12.580972045329046
24.793908057880163 0.13675105784716687
26.549045374647932 22.403251157093322
15.51964296178553 20.637042338418574
4.996853791462617 13.15224711159653
27.909605243708352 1.5873536714346246
9.7775542082450926 6.5550380039994494
28.103793598840095 9.2313272299372198
27.934905427700787 31.209871902033434
3.9768450127529134 20.241750638488899
19.933126511916861 0.31113856691137087
28.077611178731889 0.36964121592637905
10.982542432341797 15.125261422724417
2.0736242900621904 13.049793086890135
2.6030752952979812 5.5704733923513183
31.192118637233797 1.1198060915893551
13.045338983281734 13.119823381177413
13.398923803118441 12.184413663435656
27.899286336535603 15.987083454428936
14.618694217860323 6.7611970783034803
13.053563547323904 23.638140224380784
30.556737950712737 5.6557636208654154
0.80250043371613955 6.261650796307662
11.678994814463445 24.714918035716959
20.989911584992406 6.5586161148212554
8.8327949871355926 2.5231109294998868
13.159151292371655 21.802669655300758
0.30334206606280578 22.725205357293444
21.725582630748473 22.734549903568805
17.852639356797344 11.192227409635988
30.624437382033822 19.024524472849691
10.320895986530759 16.559514250272134
26.993423661072129 30.402717478595402
0.36750388180646187 4.7040430439481327
23.565965292825513 29.311980319289439
27.244133763801482 10.678567858843172
14.695462542401609 9.4226973692880787
17.922859024768684 12.348041113690364
19.791289685268847 16.33870458981848
29.887076464952337 22.174952351903929
20.582510685670343 31.058826764000617
1.8018408077039478 3.734134235652951
7.8684616353197088 25.505013639060611
1.9756256346982228 21.708203292945701
24.588403426200959 30.109092600416357
7.5734237943566054 27.590320534188759
31.594386713649186 27.582294493779361
11.727547433653266 7.0574846410746881
21.987773752409716 2.7896726183843823
9.883861415642988 13.985357636616177
15.394061058098524 15.853628153465412
9.1097928249090696 18.185566861625521
0.39301665145056441 26.224164031442157
29.278102593300211 13.348309719036008
10.810361954398081 3.1907101967133209
17.499484255266697 8.7055829650927503
17.220521877397385 14.340174148946005
15.970641518215578 8.0073395699757004
6.684263505077789 24.531873144433945
1.6718119100002597 5.0900111538484722
14.574146813629902 19.897596307105349
30.881322768883035 5.8139177948895941
0.19068049839104786 12.085743632397181
18.647797387987634 26.193286307110647
1.527938251173014 16.981480589122935
27.722408541201716 6.7737648834256952
21.482932881888566 9.689784845894394
22.71205432249743 28.241413222220007
20.788885453016157 16.7102084476101
17.436542821428969 17.533581900099822
25.234794213770797 2.1628181349209137
0.42456059716579508 10.707812144074927
17.738828824363679 14.796807508340766
4.7099342334239322 6.107778275177294
7.2814828666646516 17.537222416548051
9.0501091440947743 4.4981480418104338
16.380624053822029 14.865571090957985
9.1225120462079108 7.9001520389141673
9.5844562162800546 8.0885188149043081
19.208122275049419 9.0168079086309945
4.0509913977554675 22.773523953702181
13.092459255318333 1.386802017716577
30.752933560947607 12.350235880225528
7.1650514257190254 20.725605620668183
5.7634761641941541 22.076574244413504
19.164354760673316 13.521228623205985
0.17801374179052651 2.7740665483934643
11.55173699933137 10.100383267362893
27.908376522428522 3.962112756435515
26.495317809976516 20.819818226774323
23.903325002355221 21.438800225565707
9.337412240704337 16.705690407387401
22.76815387688011 11.498297262049824
4.9804783643563182 23.31557320078462
16.04171789352803 9.963608043769236
14.842450882822519 22.1383330272268
28.373283634364359 19.077092872497889
19.661180385279309 30.84392468604074
17.007529661129421 13.519750485722742
7.7052944126891889 31.346911450229843
2.6510462426360317 0.58231015983842349
27.351025122818005 27.916315748098164
16.090427147575458 2.6341652817144423
5.939421823289134 5.205071233735433
4.9763323908264843 13.909456181661938
22.274897070781684 15.813909660704491
16.116305569300099 24.803618805918237
28.089155411566114 7.8588246206567911
25.803192570438014 16.124514760146351
1.5155653200256514 22.887595739418465
11.663064114709663 11.097001402478735
24.007947587960974 17.681047411540597
18.870080909537791 11.369655640309746
2.6737975641099654 23.259859535636632
23.024129175446927 9.87803707278748
12.328287072518838 2.8723945294506716
18.930169471503056 29.706086772473569
22.729813282442795 20.188500700424555
23.666186840171122 12.939726353286227
1.3250837698818012 20.270468787907699
30.379797884861063 4.0582333409951916
15.137065729024664 31.114712200566338
10.744874610696188 5.2840357818643273
0.27163987497934799 12.832783153494312
27.97490323075597 13.92559252359786
16.066478546532498 22.271348963160943
18.697542670417334 3.3513491585747519
6.9606537538207558 26.077697777185147
29.468210155013825 26.867508943369341
22.130946662995758 4.6514650400612174
1.5010096104039954 30.027936694550448
30.963977555594649 1.2603099322834095
15.619168833449951 23.285554301675816
9.9107104841788978 9.4782456715368664
14.384103086461982 8.2255288739103243
10.897040819845103 26.413202951475203
0.78144577019706496 1.31788933461477
6.3780589639775052 13.851370935122187
10.972294219622515 14.565822251414751
13.558923290208583 0.15973036958439718
27.877807517769032 5.5787702181913961
29.419379776823504 3.9250300091471528
22.648674950564349 21.539220864855746
12.226834131920016 8.3545284071132464
1.8209363448715836 24.456826632151301
14.319479550937032 3.6413466550201226
17.847022142424148 27.676753954968778
28.819110063365741 12.825453769714221
2.7287515162082534 17.325262105514657
19.477705852109086 1.0083187044810127
9.1442216993205303 23.024533591385023
24.841568805738955 9.4352960993530584
28.240718330013134 11.489679909458646
25.581991948725861 13.597626816515559
12.306974250824913 28.284609705697395
2.5953968510264231 31.109674897862138
13.05739855194083 11.022957319589104
23.787057373747253 7.8414326256443827
12.354531565094316 12.286533052501733
0.46258711834759475 14.036641287373438
6.7292153092753235 30.408240274437869
19.093176843599512 7.5443397419322027
9.1660771570512711 25.39765413475218
26.676822080350096 19.163816948118875
15.309194685221486 19.493522821987796
16.239017378798472 6.9914306909435933
26.724350679576411 0.81788192179299735
13.607346240606647 25.571207249682868
17.365334876445299 4.8337284716080884
14.748269135906069 10.378155404243579
27.787330377723723 25.590691274055803
10.043037319992886 18.830694502308717
17.364183115926455 6.5869534817656685
11.868053004096494 18.128027780855632
20.534188217560235 3.2590711428854271
5.7094219206168555 30.247555599670466
20.541682892379306 2.1550844014618558
2.5825359085627908 1.9014796134180849
3.1803426923780398 12.12209172057349
7.3179257458174538 23.855707344946097
0.37675907377770146 20.91322304794376
10.910544867781772 7.834931996455424
3.6037794996254693 27.186584662268181
6.7485248960078676 15.185996437166837
13.92208556650824 10.050690144599923
29.135107501297544 26.099407808280919
10.269105700206275 13.470390102566531
1.9398611007794448 28.354807523761963
28.243143267191968 27.596339557481478
22.195732560956127 4.4066195885146513
19.839992359064937 19.492569729930381
26.342377653989868 17.888805806967696
12.675431229608728 9.4107060515044818
6.669837124330126 2.1398741110484156
19.929176559718677 22.902456119871527
10.648462840919263 24.969506713513535
11.060386032747809 21.763794819683085
14.354024171362575 1.1382175551332514
20.315923347806791 5.6225415379791395
3.4322621666790125 8.9750546166037903
15.064557624474821 25.527646379848978
9.5285897913739337 11.277497796242262
31.100596121090735 29.842668071308182
4.0995060215601464 24.230503913294111
18.502105977136317 27.470418003295954
13.481732964932419 0.077419644583577488
3.4604498318941097 22.583057848607972
2.4331693332688737 25.731027596220422
30.518883968975953 20.116831944282143
10.995904667918595 6.5588256328790511
6.7849737127528842 1.7470097602976755
25.801427007390355 1.888111929793443
17.861773084998415 7.1565961510892304
21.811905114499673 24.334572781876791
29.656600370226794 10.779628684115647
29.644181584745596 9.0743924909033957
11.916009673793571 25.561992987610193
20.941347745936895 17.580906730035828
7.4643455895857835 13.661237138788682
1.5582190447970614 10.135513940818459
17.170710314343506 3.7404055562099732
13.903769062683422 18.658938335915892
20.534213668499774 21.785189801004265
3.8644839074350568 13.770211849226664
21.013824234200062 21.401741624578747
16.784626270503018 1.1399986735206824
10.14440000214366 12.745211341088513
26.926350997977902 8.0019958847160702
18.2181769731542 0.81595165433810701
19.224016564517527 3.6702000429435757
13.495928003988984 8.7507895685882211
7.7975763450601709 10.469904254525595
22.241266062109712 12.717728123185486
12.458765188455443 20.814773247316189
24.502121706716132 31.297401815668525
22.798958256657137 13.027612126035772
25.67034206408724 14.360851046030216
13.475864954044482 15.057804891704752
1.5514339418896261 11.488769151952013
15.714664310690271 3.2305675715152589
6.9432378220070037 28.047652955664375
16.206757571624347 18.799793923035701
29.000466766476098 21.085049847208737
18.992412699179162 18.949171005172538
4.6505845672066704 26.256672740179294
5.9203188774340072 7.8108497047211225
23.628608483778091 4.9766853869233421
5.8761713715678301 10.240027586338581
20.457937843779533 27.686790110767266
7.9264137009112217 15.401622230673475
30.922507360879415 7.644780340184953
19.631694149393422 21.067710151061515
15.802973004445148 29.628508960986508
24.382886622623257 3.3561566418553768
13.454210570621438 25.520617544372577
1.3909423919599206 16.663970127939155
26.549831560565639 3.7075037369090449
22.748220027333403 17.03112576170528
16.853348137751059 30.669452509982747
7.5534024005786602 6.0916977622199795
17.837324401586212 18.930527923655578
2.0467614371022664 20.311696232880742
30.080788934525863 6.8047014835614288
1.0948833788019174 6.8887871945621413
11.01893070612177 23.412086118843227
22.891734766343937 31.16582492916325
26.898579001613932 29.316480496537558
0.35109025542917077 3.4404450972607905
13.799804946871181 22.812793635316158
24.228560468193077 28.428139892100603
7.5263465271852352 1.1626883724387216
30.797259948494716 3.7269303073171574
11.108946129636392 18.438671162715327
25.758038634256394 8.6730848218359924
10.375345198042318 3.7956575700245541
22.666070914479182 25.466085872748305
8.9904924467061953 4.2361447111356911
23.886124441416857 23.37953420981734
7.7671827401747313 7.0339301384123756
13.123812641251607 17.230465854743866
29.520080815913403 15.060136265988991
18.700029910466956 6.3581673512520158
18.695825841245554 1.994535984567755
30.467141610003548 28.599754805751036
17.639016107694058 29.303034143163078
29.611202917987125 0.034034611937854627
22.059479827825825 27.26508688291479
26.418600044854475 15.345910006149671
5.450279187385707 6.1523925426114641
5.7163165245402059 18.969557460890947
31.225145718856066 9.392611633978964
24.334129687109137 12.831721145066483
28.822192018582335 17.311923539808785
21.047909082301214 0.66202321128268382
31.617299723930728 19.43705739864313
9.9447115123904979 27.211536366325259
1.9928751713799036 2.6882237745727644
23.965868683058794 18.042130680249212
1.0075030447733344 15.461293169429087
25.952222294670634 31.051740152726154
22.92197295559394 18.484532941522072
15.256807759982786 4.2795559217371899
8.6469636311066402 24.321517091219107
5.178448162434198 15.511630370402347
13.209102151090125 19.432830245824842
21.857260749181886 2.829885499642482
19.975285747858337 24.402985627261408
13.826052988039354 7.1890995507831281
8.1424669389056703 9.3083814256292321
7.8327077454889924 16.229481492208674
4.4669040248964951 10.121303792380948
16.740736178860303 0.0044573505980557201
23.686422626343205 13.924469052886252
15.128319998936078 17.004054568675894
16.253357171701527 17.713046110303836
3.3975240511717391 3.6716074404679886
26.954141790185105 11.996970535459702
26.657492828632112 27.571605893420845
30.013071829173569 15.547037801889941
24.71745331287439 25.954301911699769
12.075624039761809 28.935125208540668
2.5638859634077522 17.924384073539329
23.55639903983581 26.975006628063241
15.570333683198138 1.1535398250553379
15.631149727977226 29.897528228289794
26.21865086294077 8.922666012537805
13.033939439710943 9.7770103303654086
24.921075522606667 29.716061642304542
19.747266687659028 18.287753807449775
22.433075700698122 8.9678233776590695
22.465998275029676 7.9178680163118447
28.532990576212214 9.993870887575488
29.024993223328444 14.336944020044276
8.245660101246278 13.925553060040514
19.876275416849115 20.257386872301041
21.218519253306741 28.111229438662434
12.350746815056002 18.621829656304442
11.189305336009228 10.765902761338165
10.562896434937118 21.09886925952657
10.809358939762616 27.706064947163814
25.978635003567675 24.883060360837028
12.384670474596161 26.925046103384403
30.101877682016891 8.2940336751237922
6.4411036019924044 17.165746977559802
20.688199486496067 24.010248282901159
24.000633004638431 16.646723685449281
5.270292786500292 21.291669602682632
18.688935520553059 14.969648984188504
16.697810260825353 19.51392476743559
0.96015230502382498 1.0313451409219154
11.728590077199252 13.63303934853125
13.134846864964778 19.879544347433747
27.443250855913405 6.9297043549795294
20.720751401455086 30.806387720933163
22.129110435590615 31.330320400279348
24.837194125657668 6.9276549786848225
6.7622976794959957 22.144624701570397
11.907860119187816 21.140335448776032
27.7208704779353 8.7561096284554267
2.0864162524167393 7.9082588957416728
26.935971133787561 1.0279201910612117
4.4274056195257021 8.2770047191268628
25.621549183789281 21.150207911472695
1.0660772700823193 10.179560324533796
0.60760977784461989 25.398678344401748
4.300607295308863 5.2507532356550861
9.3860725529614371 9.3822621870191547
13.976564386700058 28.26428730114025
9.1994187023279164 24.206178265812209
18.517215022806841 28.197547878277089
18.594649147702491 12.237500659965438
15.109747035262004 5.9139575003151981
14.751136558109941 11.299388044341724
4.9117750187281919 23.84046578311818
24.306717614496353 11.085000254538086
20.675704093748337 3.2593515437629255
27.282862753936737 17.433220487311633
27.868934378017933 14.493150419391725
26.96249490529711 15.7814544293044
13.291886753367594 3.0262241552272058
3.1877125011468683 6.6422118681448978
31.216938552289861 10.825177703361289
0.28883447690570035 26.235428455943634
26.919711943741351 26.59103650482535
8.2874218010808889 17.400864708001823
15.083530476758972 0.48581071374128626
25.214511379052727 8.0558297406853967
9.9772496407570053 22.681155593604274
28.794106508783415 3.0971917970284628
19.630064249995353 5.0257156083162995
31.53151055765219 15.572693235997242
9.2771257452220617 27.420199905516267
20.881037162932113 10.175207488429638
16.258898716515578 4.6878992060518954
8.1987717447058142 11.317942768788777
8.4742391088416174 16.303618436018812
4.4004761205281602 28.919544610230083
19.132209972801636 24.332790245326173
31.584339892666755 8.3458312071093061
29.931537801653032 20.378347626411788
3.6478886252385094 26.505999920283102
22.63885130195008 26.632367786820087
4.8950924598990957 9.3846985588782452
27.96623944929555 21.686846302213851
4.916061639313825 2.5117178366093107
24.100218276508361 7.950240817337364
28.114341775095244 24.241462684084439
9.0075365923842696 19.688849839434969
27.943037722760565 10.611375062244337
25.605937509349516 5.4872268532865283
20.362420992251174 7.8823214879378094
13.880855987012923 30.509526527619641
9.9744910004195901 19.598122932741688
12.285427132197414 4.0611855123850313
24.137765541689188 9.0315565637343358
6.4203603443880572 11.666547882921396
24.433242425826126 1.8110419901508727
25.462998190965692 3.1866510387468523
11.432605206403869 12.256393491241305
0.24191116391300613 22.954647965961239
19.758278143592573 7.0907988025173534
25.510852820722818 12.229284369371385
0.88469756675751487 29.203740434834881
12.42714946550854 1.5914173974653063
19.97436403853677 11.986577275969319
14.390125181673652 24.33864670129109
11.953999659599743 29.86595749026889
9.0772322519783017 28.19439946993209
15.395945132354266 11.330986684480838
31.549506233803587 16.559323662676192
25.448725037284031 23.961584916370391
29.643034743934226 21.313844780372833
16.577122047369599 16.401097812246832
29.495039379293324 5.0258837345596978
16.912305246707263 25.842877367520138
1.0314299004706413 18.683028113528277
25.40500989052822 4.2170600580298929
29.438701802379249 10.829789715367205
4.9700610740164715 2.3768370961170509
18.597508763200896 13.885467662845492
5.8598031604059715 13.328938960443359
25.715299735397217 17.744068878557012
23.216278503293381 4.4449446856552575
26.105968369798827 11.745928591843724
21.451048389240764 29.665059933543183
20.706663893596271 14.038846856997301
3.2123958241744575 10.262645777705867
15.192598934097363 18.755720745906793
22.999692199109553 16.425798598772751
27.687440012142762 5.0498501566652791
0.25157220108108375 19.774719804596074
2.633704487175784 30.566752202713459
29.504887180947907 29.742499009093351
26.801895474848724 19.82599251424308
15.204381141018006 26.063439822676745
9.3554562105805026 17.94139277023471
27.181232824922294 13.573501234517423
23.189991347772047 6.7021690120082527
8.3824203234470094 7.5151083556140801
6.4249319924887152 8.4975362458699415
6.589426413131986 6.0524739742997671
12.608309469766754 17.528232776422886
4.0449286504750814 18.873006064134497
12.090946118682254 1.1002111010091165
24.338028779779581 24.477071158268696
29.222954419457498 18.038940573121607
25.964105068018299 26.089014822900474
25.21545700413138 12.770570719526573
30.864033343841534 24.840957881289903
21.387785907681852 26.438740775489062
16.15553363488581 27.634431869334925
28.137966303569119 20.499984350734401
22.581397990736242 21.873405630977643
10.05646508349108 4.8200262853453841
23.60741255698499 27.896383486427357
25.457595072978147 27.30842207798251
4.3153502461377586 10.529674521725353
30.635973280162794 24.900924368156939
16.961451505645339 23.202246649122912
11.65285589098549 22.509209289225538
24.884740573147749 16.026547761324164
8.6387674809694364 6.2632711389248223
10.850445885801699 0.76664879698022692
1.8433154393153826 6.2638600414323777
6.5120365822859325 22.978078069166337
20.252590150537259 25.504930334957713
9.767121279235262 3.1513690241943428
17.636490248789521 25.044440163053455
2.9004338965615748 4.1085308178049509
2.3424981778159348 14.449162133117145
19.544208964345213 28.163321348555513
24.275992915882348 21.765149164700869
18.406081473149253 5.4002113599343016
5.2304573699498178 20.798321127208318
9.3009384387124925 26.355513161667321
30.684382862834124 2.2828321393166271
19.963006179344347 15.429872495240561
11.066685822987768 17.110726931721956
17.415770991927996 3.465382671294237
14.241134853959144 11.862086915096913
21.710575225868777 25.902024514200072
3.9727834059590221 17.903819645717203
5.8618210140624987 2.8223892922978586
16.584597756311826 11.734285685386983
25.76466507213669 23.114533939329519
10.331250600234076 24.540949293726968
26.051943630404388 16.682038880707804
5.1643494003786321 4.0368357936629637
23.109886234018717 29.599830511870849
15.429677564975142 2.7460862665479495
1.9457024168218799 27.250421753885622
18.078137373631918 4.9309235062800969
17.31463605653374 21.390694139885479
25.357580717046226 19.372272693028979
6.296088435298655 31.533422930217135
19.573725292525062 26.848967360851663
20.622804048853514 23.11342942776799
23.63101480550365 0.35357303332368906
12.922734142595843 11.115445760594165
24.524945809382224 22.888347429418889
8.4086801068983004 19.544651677224206
30.936342566872192 31.288714592502441
25.452022888365221 26.445389816956787
25.983066206097067 0.36356043488084283
9.5502459831219806 29.094172705253857
25.016949024515341 18.846691918034818
26.325867262840443 30.709705516193846
10.947005156749377 9.0576317595062328
28.419126133403953 29.809740980611259
29.256170739357543 2.7065721657505053
30.055067267127804 25.670769953296031
29.805901173576697 31.069875767627014
16.047819735774826 6.2114772388423729
11.990457464439007 16.186462506644126
4.8131891449637063 7.5735582105511527
21.306046135438589 7.8645527239249056
23.87374602853253 11.789331305730981
23.875068298717554 24.849383194401991
25.463523992116482 28.733755092421138
5.5895063871451649 18.439356117777322
6.2609605023486807 0.15541351868317838
30.313460060741992 16.878130689533993
27.752702555632023 16.866867548675103
0.1726862877308718 28.42787081961437
17.777499217863866 12.99969781466414
29.669453863693299 28.759971261425207
2.902318711725004 29.431764066778758
24.40937772913799 15.850537879352308
28.754946020436861 18.811064330859477
5.0451231547545126 25.155166009200546
24.12501659016252 26.496089590639553
18.42440724951755 7.9591909033345303
16.824632678182866 29.115302797976494
2.6270843416681395 25.828128809618669
11.513034878178573 13.006119174103087
20.679328937533423 18.741274483845775
6.9292097496519203 12.786513401676524
11.329502084350185 4.3346178017316497
31.470903054670966 6.3758810905942278
0.91236370400735878 8.9166392061157573
11.50034735921288 16.200258622273267
2.4118657698145163 8.7911256580713726
10.99223439857375 31.438658751687885
9.1938766826864686 0.99600352903217981
30.473488541269081 27.889123344720012
29.640721317497807 9.4918530112888924
7.9772078360121119 3.7992761019431565
12.055182196617187 19.809644343058899
13.38794323041383 7.662616187553021
4.9254927815275353 16.942850985225547
18.936340231099773 20.414955131476987
19.462631957346062 6.1385220808515628
8.6793409814438558 2.7022986568183609
7.2313619632192268 21.74130575366522
16.244870027713304 13.409094976136718
2.3792841202732835 11.761056324549365
5.5630103661558907 11.790762045819333
29.502198720616022 16.90963979634088
2.9080018914402994 15.609552626765664
13.130962822612595 26.762073174678207
30.25270073153721 2.6639706547262767
26.24971011078911 7.1042614786764897
9.8107287208023575 25.776628838879212
7.7377996660240029 25.084734875166721
20.860138120505933 4.5709769212388496
2.807305299938895 7.4425659597580607
21.100477163519106 19.764306393840286
27.966310899246299 2.4033565113541391
26.420243755079543 10.481046248035284
2.7448067822398428 28.322982514597083
31.413561056451712 7.4750744089735601
28.008746593394495 22.498352318860796
23.460342214758239 19.176393363178818
13.328977049732725 27.140974591633771
6.3244546566413398 29.423640928395784
28.803084626344496 28.394865007177351
21.918839632697527 11.653852828787016
28.858061541374315 27.65384238083832
4.8582796628944127 12.24178298640097
12.157934923103666 23.989331633191068
17.110458697102334 19.762671473595116
29.367065978045641 7.3655112559085056
2.5739476289436451 9.7646131173926172
3.2817530883693378 2.4396892822898621
16.63186781525172 17.753022835496441
24.246929294728876 14.483843953430915
12.880460292106623 6.634742365420828
9.8160617394508645 15.218518048767889
16.94926352998791 27.730774722663845
8.0707056222728202 26.483915176554984
19.391677461003585 10.660341727280809
23.196121291115606 22.742200269449942
4.6544636877592556 29.269680282238003
29.757265421499206 1.4590467114625951
12.318882013983309 4.3758997201395946
10.597241022693261 30.213071094744738
26.883104304622126 25.23372166480846
6.579452064483017 10.821566165941142
18.837611406636505 24.183563607930616
7.4118617313695871 4.8485131206312682
3.3787592886712745 14.710480483322112
4.6133600817799083 7.0493878267886174
29.266622607486358 23.462445519003943
6.0804708699467138 23.63127337610301
14.559800095302485 6.0084400169653591
3.8822136891429446 31.26777893513033
7.709140015984457 5.0175617108219708
13.104803578847289 5.8899791024446433
6.633567666610749 14.662113689547107
30.138664284265563 13.856874237479854
20.74789805805797 14.56553927253135
17.914649269258074 24.329736874339329
3.7000779936557677 16.13163467808776
13.630525054468304 4.9946816774896199
28.550373586744634 25.896625713659063
16.358210652088591 20.747871319097946
28.947228333520112 8.1888593837655144
20.139317651834613 8.6141696347731873
15.005182504172206 8.6190099841164436
30.671129667765843 13.83420640341061
9.5178996350059908 0.38831127479190602
17.642089521220587 16.04081676089373
20.405967043326914 27.06867827723261
8.8513113564354136 22.169575899076399
3.3756412420666129 6.7414800325993793
19.637046551391389 28.939067471952665
8.7202930288292038 12.913134712772836
26.711800709965715 5.5742125131169651
13.277193982330521 13.732124011446253
25.761152503114417 29.721517371767341
1.1414600119301246 8.7947836925947946
7.9844725198580466 22.65795664788914
20.011747771238632 1.554042769433968
23.570902572701986 6.142597566857356
29.302980123399056 5.0369665833310791
25.949871815759863 7.0156601353177788
6.6569843508334614 20.488790080587659
15.519397046711129 7.6528066401640595
9.1819741414461173 12.56426628569889
1.5666714405542181 22.42348520481228
27.151156479589215 19.016750251742693
30.854343679144904 10.720512490211151
16.728827890365356 11.208156722188919
13.827549381488438 18.159262138914983
19.109289883247278 16.832733436044073
7.5556033187656757 30.568449026346254
18.384318894100833 31.193349228445566
31.501493827727817 17.496978175548453
26.776970695588236 23.248283630328725
26.762662069409274 13.108123382077027
31.0247161332479 15.857569678774363
26.033972883705314 28.289075343953662
18.298807225196935 16.021950083164448
21.11899387287604 6.5776968953746993
7.0687002380566195 3.4532448554339044
23.255658174672622 9.4697274090151407
16.941889849873458 26.771106441838139
20.303269368926127 25.717405121208927
11.222526676887215 19.622116723620763
27.988708022077088 3.9278142979564574
12.582272265996638 14.498608416554246
6.7667653510357191 7.6020426145997426
9.4763359547340222 30.066130128923984
