12.409283161385467 6.9908033671523011
8.9670487066419398 21.839712717116022
10.261479871116238 12.9942841180544
17.169147712018919 20.875426297846595
8.9234208317588219 6.1323224474706768
17.500877668251615 2.5918619701708687
2.7309229819028569 14.317464851959624
7.3753972947948068 2.3830731203558804
7.9723099360870719 2.0854727320639559
14.48466663345703 23.340690575069665
30.10298061809101 11.415247449653293
24.519022907060709 2.3265141105698
16.005659644627169 5.7207937647870075
25.607396889726136 15.213317947321368
23.56491112738626 19.857368175191166
11.41444092563637 12.99449614914422
9.8465455160682858 22.110952306497119
21.030398944626192 10.860529651272726
19.199473615195103 1.345157004686935
26.161431744355315 26.867754392312559
29.652404144207679 20.401346593387867
22.469240460741396 29.835769050180666
3.4681465791758326 15.129221051052106
24.924531899438016 31.611938248143872
22.18739640917661 7.2597203501562211
23.449124695136952 1.8912285862629796
30.448456457418501 2.97662498353422
25.128500411603117 26.176693439999053
0.26007406022449159 2.1887304169813873
0.6679421861409478 20.217100480749814
2.5908658016300974 19.964641326509863
18.125180748330866 10.84002139630336
0.89007490645730147 30.28382161706211
10.668267917330137 16.827531984373721
19.113455723973168 30.826523530233153
8.5554692601890121 31.299489655493463
24.409090952089606 25.111931739755306
25.845666506320651 6.2793213016034937
1.4334893078725097 20.047059079500279
9.2769849484329097 14.714938072475061
6.5866808497921241 29.405352594659924
16.014811670574744 18.900593189977435
12.562796861053705 22.998098670535637
4.6311110545508418 30.550420631367476
21.486256820261421 29.779430278247524
18.370744008753974 27.934892061282437
8.8663154394657209 2.0105318650142294
9.5601396047900487 20.766426621891974
4.8569971707895689 22.982966792608639
11.718619601287562 18.997481636842604
11.201240669058784 23.728137424376225
19.09133550142408 19.218910622798628
1.3373277749762973 27.968987572714255
20.221355497209306 10.879806082722132
14.23382397260416 1.8906970472903795
15.698689987375793 21.411017630905029
12.133966980234369 7.6137137637187307
8.2020590615651265 18.683965944429648
11.726344558004946 26.432567301372487
3.2856974275793793 0.91818898671346183
28.170161743860255 30.645805189987108
18.474737445148996 6.3796989474958625
2.818694458748741 3.1517180271790379
25.777895117175674 17.59179759714306
13.558531234176259 14.571542852296099
5.419404614247946 29.622085051847982
1.3172236964025161 27.232686760238387
27.361848099286245 13.084820732069828
1.4572482255589754 12.694659452148562
22.09398412294372 17.110191839207502
24.274728943493798 11.540701619593269
30.105510542213953 5.9543570468045264
23.055435323252457 30.75003308013985
25.668655647572201 1.5274416255314713
25.005220912020956 23.384106970095999
11.271164180870581 29.36434162508375
8.0024058520295611 22.668229793785532
16.181418931277186 6.6185193302876693
12.492914978962652 4.0259051312315588
18.664575854048188 1.1804590556407906
2.0418640912185779 8.0493370478611137
17.868650688112684 25.509027713008649
18.226636164720823 12.440706960201966
3.8556162776001877 20.951385710665704
18.276252996508209 29.04149665649177
22.390901574533192 20.423700530738891
1.3479715325256028 3.4344108545737084
11.607506344304864 7.6694212726794655
29.496215029858007 15.648281569907271
25.426015632651378 29.054717415128117
29.515989079928985 17.113580411644055
28.075127817040489 11.120854993354513
16.514700750171798 2.2488551304205702
17.175750513256215 7.8103009608633904
22.221110092346397 4.7023646467197944
17.934506005494626 9.6035594834879952
14.407779042214194 12.389002607047447
9.4110566329914835 10.325024468824486
24.038216098998131 23.875148846455758
19.881069392546685 22.894390324077435
23.17862351401946 6.8460747988600064
6.2300747324606114 1.5845230467296769
27.994167168500148 29.381496459920196
11.061256593125727 23.956694752405078
7.7559541264765146 11.20653565240263
29.124620656100262 4.7399528756308467
22.291289810890806 1.2826507731923351
2.3174631922117386 21.894337053409359
26.892829161677714 25.400092788490394
8.0844293673829295 9.2810721275188186
21.941881695639644 13.655836096480387
26.587616253365518 16.637858822330028
23.971681340405748 14.822234576466926
16.300915656046328 0.49881304542036375
3.6506335968686021 2.5439178179085449
14.009487681276497 8.0314781747528983
24.637087934437812 3.7614058762265037
4.5560897211234668 24.385379714334466
30.005593046711738 13.022421232470002
4.2481657155799875 23.897294045821468
27.899678649456764 1.5080087863999496
15.674197103134217 21.584975196558322
6.7373984863798411 7.4284355976985497
0.72550944595264077 21.309422892994228
29.724813767749019 20.573502589169252
28.164336299490678 16.993133304634807
16.223135643866513 11.044992379907429
17.618757689970089 16.792683431589552
12.405764870896133 21.362183301364173
28.231253789563613 10.25468230662335
18.588809431728095 19.980663000307793
4.6375070807978398 6.3717966336359986
27.750332076325638 24.486561440919782
5.8975019496815397 25.100024353941372
7.3079222638841372 3.2155540554154793
26.156401366459068 3.9204800111230194
18.79835504003222 13.140547125610516
2.4725396345885216 5.4103802148370397
27.009654053043981 5.628978799208566
3.3862750342788099 25.473425027896152
17.341085290943223 9.8244618484348685
5.3529863102647406 3.4492261889511688
22.816430576143521 31.553834462241927
3.324265164733855 19.19606526709325
23.477572476407477 23.598276106956085
4.0430493274481627 3.3421308883194185
17.716986601577506 22.304693867551009
10.523237984610983 18.923956650025218
31.316283742616999 21.184030515184062
0.22016537139824041 8.5227395710394234
6.6993494744914344 31.502764278335203
1.1483081603560448 0.61989217709101763
22.364398253746995 0.052666743992124392
29.919366876562542 4.4162112195730776
10.581248376762646 8.086086205665163
4.4570009424871433 2.179349807570075
5.5152078457081624 23.572989979720901
13.752765364349903 11.683990926308896
22.26418526865756 6.7162277415770326
31.383774324467513 26.027747937061946
6.372077348227168 14.321491895754628
3.8762825603236784 12.132082984833504
2.9459988461959354 13.462568083116608
23.992727355102375 4.6997864276031303
26.785322972397751 7.3556059490220891
11.599599980755992 28.636184263692993
18.88608354461665 10.525733162962124
25.365669976848974 27.574138929026557
4.4186400798712127 5.1600547636314058
21.152954159498023 12.4337487311507
2.2237863644235043 10.344928820304988
21.944233276909561 19.397765102038214
27.703404297468325 2.1293920768667434
6.1719914749472489 28.986236131367406
24.537082035021768 12.505224612098717
3.6320299114630514 13.689087094830617
12.450956389597751 15.944335537573361
24.75110926267082 17.375530210367177
3.1997148148909242 27.056487617712861
11.110267311319003 31.448905581058529
0.0094004774110135105 27.641548803914347
1.9945383789319193 4.2025350329174405
29.110117932776728 14.080383931546992
25.358481449527776 11.025361704142176
5.5684348092717615 3.9311377900603421
29.309560387653221 19.163418786834459
5.0881114032196804 1.0534583037020357
0.42328926113923315 12.169792078304368
12.33932113498364 16.228926784465489
9.8464009211482075 17.44255783635996
30.841746101969658 29.622774383376978
24.880414630249398 2.7994666266566717
7.3837043655799244 6.4277332871831989
5.2172350210375686 0.70090963295357744
24.823043435637846 22.779290220349406
30.562109321945886 4.6666300954558109
16.615679340681794 30.483215047366773
31.368407129188522 3.7481983369930769
0.94013221048277218 15.899347653661309
16.654602254304923 14.059276688792256
26.694229090467331 20.921144840040103
20.661846793109145 18.475028355711206
26.655717893283846 21.195530231504161
11.272403086332007 9.4811499657490099
17.518379487466955 26.452176888244555
17.294599162410641 28.201376631079238
19.836441518642502 12.964622724578163
16.186202707170406 10.944915112389063
30.055845926996003 21.974051700944575
30.366203769040389 7.3126916221399858
24.047613878348322 7.8679405216285998
26.840133783434858 2.9225341246741849
20.593269023273731 13.959825396363414
22.798872684096029 8.7196763954444307
10.727943667167194 4.5303443490886082
19.870138576728102 29.157508434557382
8.2386750908639517 17.306517594504815
15.671185387701604 14.147525574858296
24.485419606438718 9.4440991807048889
2.3866027474710569 25.954093400018014
16.301754333362883 12.571983625168604
30.944680864333193 8.3812137055534954
4.863257264255572 7.6296604472363372
16.977919552679534 15.223622936927571
7.7509176888574753 17.359700612540422
29.630481572790565 3.4107667868006541
11.949204058601426 25.515484557282907
7.6551698432170108 25.947478230667773
9.4993424384891831 3.0674392859469548
5.4992548561974655 11.856871916459371
14.681792999962351 24.840806385249063
19.736673998449742 8.317800366430669
0.97360984763376812 29.499331109528342
0.86127574441409283 4.6273938247716169
19.27959453728533 17.058713009927597
4.8525278431434495 19.069692716131097
8.1254311265743073 4.1327650615287297
22.620763243588303 13.960990713867558
29.823037856635903 10.19209571378804
26.92887413059233 14.957249550650879
17.618121525512734 31.390378752332847
19.214045196951695 7.2279817115048735
31.136708108039809 19.819926341752225
6.7115792923624698 1.3680867325091592
7.235326321153317 18.584834145546775
2.2961664155146133 23.877529735792894
8.8634804524500055 24.479882906753232
6.3528105568317148 18.292731876957596
10.029161402886114 22.870893004454668
14.252044185309703 20.674498314241756
15.687806291130553 15.481190992069598
15.331365395748145 9.2784477255688032
1.354663789388816 9.4328418441864397
28.602023464198449 26.717689007442967
8.0094967063756854 29.176067135574957
18.161605668193282 24.797550088087135
13.21334293714934 13.525905104273876
15.242917297793817 15.853010675588598
22.779139713839147 21.605862932827886
26.483395694909909 27.276857539308075
22.348842832706971 11.754360310097862
22.440383847902218 10.9108819714295
28.652794723377994 1.1076485271819665
26.435645159655948 23.948071017037002
25.342462825389934 5.5884598688360514
24.026732743083855 0.31735402231034571
5.5628829648333635 5.3056395257339135
9.9080291242834946 25.250585392230835
15.864197522167613 4.4388503084386182
14.569835670279481 3.503241186043224
0.87688152157331034 18.875709786729757
13.98603128760476 19.089631750328657
28.169278618185515 13.827649262532731
9.2395429253537547 4.9797678125436233
3.6526811848325038 7.6551802315348176
5.4424638237541654 21.058604388340939
27.304464547010451 6.8069239431457511
30.427832531905867 27.274583476368171
19.621540257576616 10.263747962342336
27.546443963029514 9.0436783626493558
20.428186632634102 24.385957313487893
1.4265334748674874 18.645449733311111
12.459737640863475 5.8259278561284846
20.167471014367297 29.896273263051949
30.774705263109091 14.591054387916783
16.670664625244463 16.591904458915966
5.1543535942166807 7.7788828199978681
10.105073373029425 28.554430567358168
30.040744401949322 22.09705486556209
8.44263107056622 11.288646536581066
15.724424164211477 24.021400997847909
23.334331172076567 25.858144258786641
6.5615409461366001 14.089431064504755
0.76522431411647518 0.92609676539830887
7.9872583420539156 30.285813191850337
22.731030972378448 1.9262150784734888
17.675413456130219 23.792973246153156
1.788990159752069 22.23829579457848
19.740685030719082 2.4677514191883003
27.219621042475399 17.288048859470262
12.88450260905039 26.496910709605267
21.565743241932854 5.3396594481166417
5.9005752673963281 27.559145782926922
27.835025562449204 19.796672164752497
5.8637144799652212 15.593159107494449
28.599260015343152 7.615520052230722
27.995943016955813 20.588713698651841
18.754342483306253 26.382549742402873
5.2963238217881221 21.550679652088228
24.529246176530286 30.638918861644818
23.82383097695379 21.271524992053092
29.087274635757293 14.728206577569569
14.1626595469198 15.827054416935683
25.697226861358889 8.2221702597118185
6.0981993412317408 16.320927592808982
25.713242982489874 29.355882915984584
9.2084465128002577 1.5184768432566553
7.0768505537562634 21.285095001091676
0.82837103252383915 8.5523941355617339
17.537449522577891 18.023810855867492
9.4314352958121876 11.627515924406952
16.211574697921566 28.242593825782361
10.748573250001051 1.3738473946127912
23.415847528212023 8.259685838140868
10.318169266608855 2.0141515136585006
26.399437385176412 5.4708678291978776
3.8630005031893688 22.391123945830294
28.673819084633184 6.4261434432438147
15.467458457312874 0.80286173902499147
19.481740846414969 11.818827636822689
28.013710987438799 16.124420170612492
1.5845367053921331 6.4392174517675711
31.291638276759624 21.95100682271087
14.606151785800771 5.9193041228217274
0.85433761697728172 15.597528749492918
6.8604632193507991 0.26175781145824872
10.507878653496483 14.019559805784494
4.0192853941773619 27.972187430900092
15.396569119130318 26.059101953534597
17.252532882418418 1.1460326140650432
28.817520170206844 21.155705446500544
25.410490704661122 20.708564856296785
21.823940522092325 29.997354842279798
18.542555018817072 2.9502696307009071
11.17454678775305 0.74972494483619923
11.674400591888844 2.1198020054640243
5.5716888546388699 6.8222389624650779
7.6269711712930857 23.670007510714481
10.759132240138435 10.228119712338456
15.189025174478202 7.4344331344662447
4.5724917741507767 17.706712721055794
13.519173400080684 30.650306453281566
14.248158028143314 30.293143589359683
10.529932884144023 15.934892460221063
22.351957292697943 23.282181582502034
28.055623730863353 18.167739093524585
24.594653824868416 27.589683072140303
16.309810037726766 18.282740857551577
26.985463381322319 25.866342038787437
8.7561964498778764 6.7982317623392534
3.3284330440910272 10.786177247963378
30.002767438234166 8.7828237207801365
27.949897640582225 0.28744195839384507
4.9652718102952269 18.039228996660082
26.806307996281024 31.052982976148098
20.038048724431125 26.734311994522791
26.310477476427984 16.217983873402694
6.6751988888763591 12.889007214804321
23.618736679064643 9.7059100641775089
14.044088229060987 4.9716882021170354
26.709064189442692 2.3197695501064235
20.484902288070721 7.2135445198542172
25.068070804382469 9.3393713751008143
10.726274232248633 11.265347845806598
4.8892020018646942 15.639875235394948
13.309485018711065 17.274546344792963
11.268999665433176 22.704149336894066
21.847935338689929 14.392794219482816
14.182055438397775 21.915613572058557
15.193346857999972 18.427147063797662
9.473320667417525 5.985924990093471
2.5095523289392991 1.2806249958804707
31.416743276546015 22.637226169445469
21.527838165851009 0.86621273043069491
27.474954661010678 27.262862641600083
15.854954226284191 9.3885145538006736
0.84552986959135368 10.304307193636115
30.236834552389322 15.394806380554755
28.354757185809387 30.831184157008135
9.9637473732174247 9.5707919285203378
7.6654193571627411 27.277356031308489
24.481034869382963 26.439009730188779
25.442982393582387 7.1955865400749932
19.403808968035719 24.949904508051638
12.202104096408394 12.900712608548151
21.050766213478447 9.79036265306034
10.204328620811166 11.538774686008509
2.4755467439997019 29.346104770088967
19.065133451969114 25.857263111906285
1.5356476761078091 25.645673177848295
30.959372206510466 13.141633554525425
20.56944748819329 30.820480065531999
5.4415746155832556 9.5128554806138013
21.646419764527376 26.370470933712678
30.333950985236314 13.895491924386308
18.86751876008567 22.884561977722221
28.125450400392495 27.437730518357561
9.2034280201674843 0.52046716159000839
9.1746766301552842 7.8847739407312991
4.2664564506195877 30.148966719161102
6.00712611578638 16.932426533395233
17.435793670005769 11.913977908495401
30.682469063531077 24.829917377775491
23.89043763182741 6.7353478510876359
25.024247489267019 30.450228806673998
10.352679043618325 7.1727551597842298
15.504132104456186 13.087107018084032
21.250186645219159 19.740697244428542
4.4548102745797999 16.369673823143234
4.7031654044068825 13.312009490542851
15.287754931577123 27.538708355246431
12.269724035173486 10.40003370416783
19.393918286166567 15.66458707055142
1.2016435398973251 17.085175800453992
28.469352259996576 4.2481719143868677
26.22153649297444 22.296182835163933
6.8433619304572977 3.592157423107821
6.2546034588498305 25.895119052593802
31.492159413137948 19.185287995308251
20.796997881036518 1.8809622433706406
23.39199250671442 10.264860333462796
2.107330025047125 5.2134278406468857
20.633452748429196 18.43009531801189
6.96869130574167 15.312947922600932
9.5720793789578291 19.84983961717651
13.778193924270525 4.2237307744463681
11.851323553998245 17.839190646891748
25.11171765924421 25.031093028399738
11.756975109045522 24.733205638681998
29.72843058310746 30.819465033318345
15.371684289942035 1.3847170408117842
10.319862174979916 24.708046394905285
4.734709973498072 27.16946743810724
8.6738543973239661 21.229940121433561
21.980089917495434 16.381487888447417
20.203393516973296 3.8959550089641892
25.965367609498294 25.665165652026634
5.2598057159311757 2.3485792912358985
3.3297632018438974 29.186693064010999
20.864839814901096 27.792607299125287
7.4087194764751256 21.502891245849543
10.010161149983867 0.55771048461354034
21.141647157030555 21.3712132261041
7.1213597008810998 19.599900137443097
19.154361525335723 21.576326463306152
30.81907076490852 17.15115363098851
18.899740066908699 14.039860105309828
10.084788714818162 14.486420599339512
1.8063787617908382 10.944623597891139
30.620366274602482 12.206114812686343
28.867636569649921 12.163114092002225
2.313293438445216 2.6433721114494317
26.475237774893927 18.073312713527613
8.6799115452865525 10.405638783660526
11.157894214903729 30.571399222604747
13.096848665202975 22.975123808403282
22.570399940499403 27.964137746108477
13.962143147982237 16.156590159656275
26.534227060356304 9.0624224977332979
17.360800658281097 1.050629546003889
5.7345059896140853 30.673910616086431
15.873547541369518 20.207623671833634
11.226325626494701 18.208721634308805
13.886651021575792 18.018673853164465
30.280962451741654 0.77511143024261064
9.8509741030247078 12.851166171468309
12.139386671260342 5.3346839177504721
2.7148240637439982 27.792536324952632
30.543762215790728 18.569384559078305
19.959115294790884 2.7470378558785868
0.17444520123728841 13.022473244236961
12.493975018327616 11.611072470504418
22.45891622076131 5.6185000606295894
4.6858387426983521 28.731019358771775
27.256133041435543 10.956722287320185
22.718937926326223 24.817555174362489
13.28755804954312 13.492500329295517
2.9297647521939481 31.116326611223979
25.813884775360894 14.141750866345177
12.934479407332082 31.341814822989772
5.5743361697235665 26.935569277316638
24.721244945568028 10.711105943831937
31.357014377959683 15.488894841174064
22.960115768933864 15.19493494731312
14.058727942153475 20.561812413905773
27.088322928991325 11.954729055102897
25.631765502343907 12.734671218456585
20.548576076457234 17.276230555215065
26.471504489425534 19.874528747385565
3.4011895297347237 5.7872115643682198
25.215631170056298 16.216464134852114
10.561197572605616 6.6841702741057167
26.994269263378193 22.888136647619284
11.136516630581726 6.0985807681813755
8.1774550727374358 28.575255238115748
9.1733330196204381 30.215182629739914
2.7983237731006638 4.0769827603116253
0.11153859999901687 26.627344999056913
2.4692366677408328 20.521040427165591
25.869801332217651 11.541359140951505
29.223859507897878 11.715949813883791
18.348466150851827 16.528895746567809
28.336671447926701 2.9607293427795938
29.538677809952969 19.045700004206481
12.872952171485256 20.165124296336025
21.489886446672333 25.36901099612869
23.459452751830355 11.229077331946669
0.68313881585793268 14.125593469973616
8.7294182475091304 3.2030094361673811
5.3913928729229017 10.854864955693772
11.325992809445784 20.018528376154169
20.579717585775558 19.907552227292744
21.369190083075178 3.0461063630755563
30.601549255745578 10.83818471156518
12.936376473643747 24.062499629457104
27.914493216022603 12.400319721444371
27.358631250913291 15.50850078904768
25.272884726218734 18.194578958558509
29.528470641204535 29.881787804104114
8.2925109020223022 13.971625804864267
5.7064053514307078 12.308964861719012
21.104415192957518 4.0820675524501082
25.836168202865274 2.5845253057806037
2.7541442044016753 11.989800340907612
15.750909575160822 4.9453101269417097
3.3793471128061348 24.084099817924322
27.662806936553356 29.383106494638966
17.527071291830897 11.18310182362932
21.100528797609226 6.1392909740029813
13.26506633495033 15.270135269348707
29.577415504634104 18.080420568270263
26.179152443849041 30.252205756767292
2.8331632734087573 9.4018956537475216
2.2998673943715655 17.467987763710276
18.079900911539067 23.365619981349635
14.00135453442277 2.0564748055024364
11.022052983003794 15.844596360298359
15.557600232209783 12.308595506155314
4.4893003564001237 17.01750364326255
14.845903783498212 27.161584160438473
29.62525908702845 23.918884388201132
15.400702493443831 23.130117317547118
19.675245396670132 22.042056537651877
20.536021662448778 25.347716595034708
12.686190672777062 10.068532685263101
16.47223812567654 23.377913573140237
7.614738289763209 5.7915297417580485
17.456387673900167 7.2377298532055709
15.608806927564574 8.0714622419375619
23.34746463707965 20.389305622576419
29.543480880797066 2.0986946577163428
7.2582623709171958 13.138202561411827
18.860133814013018 7.8958138005498197
26.858802873791539 18.919828175298466
24.215407708029286 18.503905463375663
14.380803401092169 8.9655364608613102
4.2375252790648812 0.3110685584966455
16.989143273861959 29.841446706535216
31.119751017216796 28.028244228610749
12.663544726825377 28.50535751460103
20.952941739790738 8.3884953865196614
30.217346195796395 25.492839653264181
7.7832420106472258 0.90740362592464729
29.694148822544303 23.284576958282091
29.118146731848839 8.2771986631007142
22.271127114178491 18.630066224260993
15.816613243864582 2.220530172845387
16.193613179086753 7.9272021571218936
25.960580603639908 22.420263424255328
18.891335832787245 3.4706094459228969
1.7176395699061713 14.311928102104909
28.626173794271594 15.651599054781849
18.932063906048214 5.147271448986463
9.6053745388773315 29.220093805968467
15.590602048089291 30.664946035903988
19.810506023767555 20.212309886003737
27.585063898815388 14.446166690586072
29.58170073527651 26.186816231811274
19.196096780939772 11.917799926354071
8.1482370076096746 20.01092140403529
16.543515004612143 22.728487260192917
22.154238704529117 24.490798538279655
16.418169328714939 9.6926463337035162
11.488003159613292 12.359894835518793
17.735869722454478 31.322106012858828
8.9971011132726471 16.152627162608461
8.775507292989726 26.068729553145989
23.473036151471998 25.001580821380156
26.293429732957026 12.636917107839679
26.942503445973244 9.7970433746105705
16.920147116509547 17.249275476021726
6.7044196594447225 30.386932919169993
3.9032403923319214 15.214188431819505
31.16613200370087 18.193652573513521
0.59066616307149522 5.499911351201721
18.076873645298043 6.2562725803535626
20.259413619284828 0.63278650942885462
30.620795744515519 16.358500576922911
7.7007829204855431 9.031044555252981
24.22153562861611 19.263432235041904
6.8225757984798454 10.181852861546869
0.95024160350870746 24.505583730980334
21.168212178517415 7.4796014798995261
27.923698786504282 23.614390676856704
14.478786249469024 17.344430713600453
3.8458245422397277 20.398620707437008
6.8307250382017868 11.813322259426759
9.1399753591118955 23.636808648696618
6.3939537619105433 22.308312220467172
4.7246976347012168 25.790554648580805
18.519512629635933 29.291327210164383
27.666499059686434 21.798247628251556
29.448581500153214 29.548086354680343
23.698589650197416 12.47028187134228
6.2507323617558823 17.92102104203644
0.66123950830037537 11.526352339797645
2.1338206972909513 31.597959899602024
15.847383392712821 25.973031258327701
27.207088363307893 0.39878119001692486
24.680383957211202 8.2212664187507229
0.83865892028639155 26.213771062328771
10.598728602172871 21.383777131941017
24.869452097689361 6.7316600801544233
26.764983056951252 28.407133673979523
22.154615214815852 15.53064989185
17.190441475405933 13.888927663501866
30.07256151234667 26.721161005811712
19.421104965340188 14.420160908728098
21.408145282811788 24.225510927988239
8.3474033830514163 20.140931850748824
22.314024231119731 17.911303890958379
31.400256650405403 1.2688011268154809
28.404603099467018 21.841803625278441
1.4101635486029325 17.300968817149602
9.8682452597880523 4.7005723805340409
31.511506074670162 25.18927740570199
24.263790049435222 14.200031965402818
4.6276072281639387 25.817047052842206
26.416755698143806 10.729830119918287
21.853760131467208 10.299043343824957
28.897292699604765 24.387915859582524
3.9425538100966953 6.2954882035282775
28.451229281374882 28.459863041550662
12.427051179308686 27.740605096905025
9.6312280160870607 30.54456258476975
23.883349870186901 29.297800975155987
1.5383167821927979 6.5797457134548658
29.286818386785857 25.158439488663049
7.3700379503946545 28.320808623167789
24.888917079941216 28.447658116941124
20.314650162922533 26.152779157917106
9.1703146940037499 28.678538885684269
13.456923010708373 10.400734605973502
0.15034736835508872 6.0801623056074758
6.5732252414139278 23.428642761633377
1.3028782717480749 13.534541448844827
21.332854722556576 15.445671995671304
15.526140760184244 29.421658776872931
22.949102298665721 26.593007221602981
2.6332040673082413 28.465028064870754
18.950315288958016 9.2340908497217082
20.871955613548867 9.0577340362374343
21.020996730231737 23.02948236835082
14.851768740130964 14.281536025446464
9.5100704465818104 18.765095437266162
19.902504096392533 23.733814805300913
23.010456402521971 12.913308113277083
28.017377577249061 18.249303762993435
3.7395656409860538 4.5251436158214657
20.512283466919364 5.708343557735212
4.1638316733297858 12.391715102798345
24.889897831536931 21.553326034980795
16.015894820385817 31.387072346048733
23.753958638264393 13.787210092978045
7.6838780693506834 30.37926216978278
10.371976351641713 2.9004398428563372
2.0625618775948187 15.229311068768707
7.803500364023404 15.952550824711995
14.168479654524626 0.32648547353466983
2.8231992580788225 6.7422615332813729
19.833979852390495 6.6255182781312518
20.413090672283722 28.940977043268234
3.713239845865536 31.47139345568133
15.570223729542192 17.427699173559628
1.837597227575672 7.9092475282296819
5.6082080376655279 19.380074927595913
15.42319166009076 2.807456267306077
21.698853977419549 3.3321797083670739
21.462900843638501 28.473973134590523
2.1594678072675086 26.700377067694603
21.535285893802822 22.904080233300089
7.1713756431907285 8.0975585452040253
2.4466253122785386 12.757906280253566
17.854569370830678 4.3206991933672771
29.385636945016017 27.790284936160667
3.9328456952690396 8.6879187270199747
6.6072340362650248 26.630124966067992
13.029545234120206 6.0091816086593219
29.21547554808258 6.3310159164958373
17.753684943815212 18.795104503721909
6.9741659730441805 9.8091771278870166
12.694226720086002 2.2365814164506763
17.0950089535256 3.6265272305744376
3.1847155086188357 22.882797785946686
2.37625675758607 23.366670331285587
15.340103033564549 29.218400869131337
26.496302593651169 7.9584960034944556
10.281971951321802 19.913475037474914
21.013570563196776 1.6926191725937323
19.728308318654829 9.2621994729278061
12.66443830986152 4.2520827565456383
24.187239738766266 5.6052182017710663
9.9208915122218535 17.832286633222864
11.881954491474705 22.399876265830901
10.869183529641566 5.5809098345901536
13.611451745793246 29.551142591872058
19.013742961711191 24.19145246933212
4.5814381770650403 14.279024541211948
3.150456345938176 16.655650418122622
28.991567581911028 22.721626287603055
14.222274282865074 0.37021405123601214
11.719824809990248 2.8526639596609269
17.155828992065036 5.3028610888754812
31.060171259668511 29.820291772326417
31.159281881942139 23.79796151888419
3.6560471194532655 1.6049918467664004
3.0232532613165226 21.488575244190809
7.0664589450409832 16.795849366119967
13.883227004823075 9.0158925041561009
25.794376280660131 9.7164091980113696
2.2874029910220814 9.161585736696404
12.69388705700487 18.900692690746556
22.342904789761388 9.4631306493390177
22.801428553164982 4.2891276999672545
10.702308506925096 29.699985550378791
23.737536066395815 17.591697826978276
25.462833200574309 14.60953809441127
12.264886019663704 30.057803649093778
29.301431022652224 28.440777790767161
16.602909691340386 28.606982407352287
5.9767852988306682 8.9354041031202076
31.534747207496594 16.68443586716517
19.495521767926785 18.796930167993178
14.538823125729692 10.748663658872754
13.936792093602742 23.805724728316633
14.570442732457241 24.800695134380298
17.126586715209577 12.749286190542882
1.1535504322526557 28.468963252411839
0.7689856252850561 24.421887875159648
19.476227921331457 28.055938192310041
1.4250326914734834 2.2808496399102642
12.952482547979194 11.861228094691695
13.959268177509918 3.128869779749635
12.795975706235277 29.420158734385236
4.7303173447165285 9.5889944070270801
13.7808433206195 28.249279985410414
11.215330746644192 9.0044437739213645
29.848633460824768 1.899047570467524
30.866657149715863 5.305469987988217
6.8253219136507841 10.995275222728273
21.329841020607585 27.394916961122945
8.9198135038561563 13.385253302909792
27.659960455594057 5.730772643793121
29.308271622849436 17.015795568441764
13.933276785203876 7.1694137935664566
26.072613130638747 19.247781946169574
4.3634473973456647 4.2577472714133684
7.8090300579724916 5.1602141322866624
0.92179206738905095 31.320793531624332
28.205697753272169 25.247172110639664
29.309146682611409 0.69883052785880306
21.799248603274727 20.968541435817567
16.775410603322122 21.850320062463069
12.224323148183265 14.609312853375862
27.401500794124001 4.1119547760586848
5.2415678084314239 10.670922429050741
25.394046841487427 24.189453893374171
0.7254261750976394 2.8825746955898972
23.293814145127374 22.825790543531294
5.3911305800535425 13.297049239599049
22.073717137849744 26.451621554400781
16.584074488729762 3.4731748905672011
27.873768255149727 7.5300216341909216
22.225181461107628 12.402877112139421
25.004645368185368 13.221070457216147
17.374371649081237 19.216395399038042
14.762099444331447 22.359964426952534
0.46192695953103619 7.1051193374871087
0.27966109758853352 17.739706964974722
16.08420281277548 24.836579837076162
31.070724927182322 3.0911931690472088
12.30768739561956 1.1781019933382153
22.408136422727317 28.591834786607347
0.81769253123804031 23.009597979343621
8.9676987389729153 9.312800165826177
22.99970748960795 18.829587851518951
16.242179987097298 27.12289844153463
10.891115981159377 27.58773071240703
7.8350315361884464 27.0892263551494
14.229773640210901 12.733225461347386
31.034438276947217 31.562076002868235
11.388165462368789 14.848856891354293
12.753703134856151 24.711099868882538
5.5033397222650793 31.364162833639011
7.7906060616907755 7.5693454217515974
22.126845886760584 8.3965746578875784
6.0351148291187782 22.516339188200149
31.425065572371331 11.309477426602399
15.180077702568926 11.146656420589469
13.515471854385869 21.92815108387099
12.831139394964671 2.9839796467018145
0.97499144695335604 22.959187725725371
24.959677209856263 20.456061794824564
10.972172086701287 21.529379391368082
28.137728098324001 26.152336318982222
1.3258231955079838 21.20937854695422
8.7280231933203858 25.448509192704726
29.422070475314445 31.456170366772014
19.430582045940135 0.66740262048229804
9.9352063682429055 8.5551374950729215
3.8985596327050658 8.9917710976558372
23.478586095857295 5.5299983205499963
30.814972525182597 31.15213818912888
18.070970501690251 21.814119295808407
31.258593565219016 9.7932970482376334
19.109356892005341 17.401835250342973
16.776841961435768 25.499835423714401
23.677671806825629 27.066992830574183
25.744127396980332 0.87170998764892182
3.1027518039927533 7.5459245353997488
23.783049116757947 0.75557445452923166
4.3604714900995099 22.136081591383942
10.114736983897501 31.138791142964269
12.97805085446933 17.532858708290036
30.832537743162764 20.367426834894587
18.100363961157257 2.1544444471591757
0.1730296224986542 28.99675145860904
3.1764821141427069 18.030327194700003
23.404483882731174 17.221538126006344
4.6598322722317596 28.605870707380337
12.379902976662152 0.48267606583319284
30.797302618919765 6.4469608976742077
18.696799031958339 18.14768747518729
8.0445906222658667 22.624048749653387
17.631286654586791 4.730414592781127
23.353614246539788 27.9708538968328
1.8447088967290677 29.88654691831211
20.453855578476229 14.565436627348477
25.100482866051223 19.458011159254323
7.907524702037974 12.544648065347337
18.596766679460409 20.713784226984366
3.2558937077832018 25.14104861757524
4.2698160519682427 19.428342796145166
24.256893394756393 21.972426873964771
13.290776272356274 1.1290069368207636
26.637101139094231 0.95591517243333746
19.600541782809017 27.515845768341507
6.3272436997229979 28.07726794721551
15.279964791110515 3.9711259159972827
13.541589521941166 7.1661831049216724
27.360082332938088 4.2669613980293697
9.4823038466106286 15.393092820854013
26.835061322507393 28.581665713105568
0.44782852599296297 4.4378809820277585
17.44346704697691 29.855263684677137
22.646891796878602 22.175755812176259
14.112906596231177 25.946393786107318
7.7924542869171631 15.303011170994802
28.994234368791567 13.114260014046575
12.651875357601289 21.1172307544254
15.157717494144022 20.078489781162503
16.659555092654426 15.454715124758387
26.497771806083197 24.193040184068202
17.557934780431292 20.427460544674506
26.752333268956122 13.727686480144991
18.28651315874481 15.336699227763646
5.6777323832104063 24.621836677641777
17.266180201763472 8.7354609407122137
6.4778095540436809 6.4717698935929633
20.369625575378102 4.6946970260128351
9.093194665557661 27.395539874004591
18.17236337124384 8.3180794507094067
28.113094786686837 19.57140986706743
23.898946984126489 15.748868220134629
18.258334533631302 15.32128720101599
14.125759459711535 5.4469049867414236
20.975295775931841 21.905761833007649
3.814831633386949 26.783926220934745
16.997941654283103 6.2412999493618617
5.0994652324852581 20.441444931264932
2.9584830552507166 16.516273154283162
6.027338646825763 2.6131635831814468
9.5287593616550392 23.508262260638773
30.431157494555752 28.579340901680279
12.964188604166752 19.36063840027218
3.6894196725765913 10.285744935353884
7.1680357802459316 4.657189473257719
4.0331156166511182 11.163973276832866
20.400521890843866 15.647405876475954
14.686705278034305 14.315833588209109
9.8310951914288118 26.618341704104012
28.052328426992919 8.7685000824563559
24.752954127236649 16.221223985355191
6.2321964703709956 4.6522831842507451
18.179162763193091 27.34749687332749
14.213064148882603 27.848890697785613
24.464758312824536 1.4104120362247181
14.38864095392162 10.247356543315599
13.227736043729564 25.349972168307229
5.3344565993194575 14.620317425123549
25.80212468538879 4.1173467231048528
16.529930037997648 19.892672706922792
23.742636823302316 29.006426975050065
21.398959002876811 31.361664810751748
11.680870406905655 17.06455616725567
12.654131695752978 8.758520397018339
15.112270826892702 6.5329500133139957
8.0638564639418249 14.393325608326066
20.879834681953557 11.804586227906599
28.639307293096618 5.4257800710655131
30.850961485972942 23.67596234465843
13.900212651647248 26.443915239143287
7.9078745210230874 24.577652514650779
12.630087135064729 8.8313378758075629
26.828395218504344 30.298227077182432
12.142000331046335 30.974120303071871
8.710756066686054 12.458895052815128
8.9762060069309193 4.0596556535744517
6.3309391309815153 19.751751972073709
19.165515668027215 4.3038819384572058
28.678230185393179 3.0114946635580169
27.966827873349327 22.975488931176326
15.366169471428254 16.812320939148542
12.853560709167725 27.180697292465894
8.1667955399473708 0.34365392873160183
23.702339844868874 30.209220020812122
14.600941891740463 19.153038647102086
2.0389001942141305 18.95447128168664
9.4537847855238315 27.271892071219796
25.798663224847608 31.523836845805423
30.400647300995079 9.3760039930710537
11.534820398066682 20.41516851375539
23.751367586256002 3.4015289403481623
3.2327975688417081 18.357803885340733
11.363600224147307 4.2396322337900099
10.987101233053226 27.716239846269652
8.7678337966039557 7.873442134578875
11.75207200392555 14.174365585154513
0.14998409200781598 30.96173651307706
11.142462396138878 26.377734911637596
20.07146628473247 20.940621483767451
28.894544143183669 9.3525457694957392
0.24806467667496518 10.015936851149968
23.156966773627783 3.5025422681576508
6.6611937494594216 20.606929061045133
0.072726509459996661 14.469137269660617
14.516435566147617 28.929746089618465
3.4333589018306099 30.025551930592332
19.390966926596295 5.5545824827085504
2.2271457913935073 15.791316165599278
29.002400132342757 10.372292323764476
18.974919423448092 30.18351556411978
20.710303610731582 13.088123562340765
20.171803492274876 16.197624881610214
1.9666726580170957 1.4371688628512951
20.516258222726801 31.347913355644419
5.8434476157085102 5.6772411191439778
0.0841891871342451 7.4800713403625698
10.485951493828116 25.699455475682335
31.064542200984214 1.5137654526295921
23.311964003903224 16.28485576538467
1.932810563782543 11.64282200174436
18.791356907253888 31.301616781743107
6.9159859473088954 24.20213425750606
16.971938611096743 24.500171672957059
25.105740736051477 4.6809972468362666
8.6526417539441436 18.50411040027042
22.502684985211044 2.6421526892363207
7.1700963155868838 25.35256301160705
2.1985740045688256 30.860097320267261
1.97846010490903 24.747756109025516
17.942078575901039 13.824991736896086
17.024637667239009 26.888694968377603
11.498452563022466 11.067170694723307
10.792508515184821 3.483460002730129
9.1037977933310525 16.646043996711118
14.871153061677733 30.882679535362165
6.0802062525590603 8.4356097940440709
29.89926139781663 7.5043443620490464
21.074751728507582 17.183627978857057
