26.396253475896252 13.81845147114942
29.967247142809178 26.062360726683281
27.104148452820883 9.0885707038601566
23.558003355707587 12.41732376513999
14.445774335004355 17.120938093878475
28.056470751843666 13.810550692492638
21.460666261539284 20.496138740130537
5.189180776393119 16.916308407578573
25.183451694320439 3.2392791915905734
19.454315064496832 25.083076782830101
5.272796350217078 24.708463994293041
24.49450040522456 17.386552395620459
7.1183813866057823 4.8164117134979758
30.187136721204524 11.605169964362114
17.869613881542779 23.7853401182361
2.2599644325170649 26.62446991391641
29.494519748687839 3.9294872026967127
3.6228114608275233 28.638267353381533
28.193798945898457 28.004685637359227
18.816960571242266 22.370999928597875
24.921281270976088 12.060928534594284
14.223225684527836 10.025967784191243
2.7844655299140877 1.0091298737468553
25.598466353553707 16.085103872302845
27.001831822414751 21.076187729425598
19.07498032189967 8.218232955122879
12.692631498630769 7.8621826731159317
1.1506413738326633 17.560342383179975
6.115909059810158 23.143394093879305
9.0937578136147597 28.388581601389479
23.319180952907207 9.6720514610744264
26.669527165991489 18.384675574666709
16.638633124575158 10.841616615433812
23.262786359575802 5.2929410275514002
26.006932337060547 27.918925527288899
5.1983514656647598 29.492575461076616
27.556949655743903 18.22274820827192
15.051665753313999 19.005676134318048
15.264887488388251 3.0162010432198665
7.6582507610749984 28.766631301776322
11.202763556727517 7.3763403932662097
20.935266500386909 7.2870413077822969
3.4060966925575347 15.164046084894881
30.717920641799545 5.5095381422456757
23.707002617627989 10.089405621246547
5.6902619975733373 9.3014095964434578
0.72261549934092961 2.2569494534762375
15.816703953467046 17.072607540320256
18.699842098452219 30.984253601503376
30.088868704647776 15.883505181090161
25.388988331348745 18.164364293672314
21.208637792540063 27.738780885744859
5.2339986065178969 15.866600395899548
14.3735629671953 6.7227904979648301
16.004890825850001 17.799073708240002
9.90232774423575 0.24364073710891265
5.8718919083391095 5.4577103175096431
15.394067559434367 2.5055041859151417
7.6852671874937242 0.30530907063985668
19.788479653525112 13.779996041437734
25.278235689526237 22.362116258318668
4.5852159258642953 20.650204694713064
13.869208613993386 16.453691698289955
30.679889609285624 1.4920145286906119
19.583176394500299 19.38217831499184
22.527346887966765 3.0463633062561497
15.720210773341243 31.501839779983744
25.012496230784041 13.971497644096473
22.859013450381692 11.792636387344004
21.338840900662316 29.499435169826867
0.9170750516745636 8.9269866551577177
10.926735732369375 16.850162447453179
25.708691808232903 8.5346665033174212
6.7806542170498503 17.696512698390766
15.756353955744741 22.996681196792039
14.457423017490047 27.188731797925882
28.071885323608257 4.2545053705708762
27.871526117812408 17.921566497855256
24.449756552157641 28.427610650362222
18.587729329838044 5.7755257192762608
0.66032646607621481 31.315707705969416
17.385567652102562 22.140913942920552
12.7136608054224 21.335373975639506
22.197306356767591 8.4053966427329865
23.458887668152901 4.7478243229791817
13.952751236096356 5.025511184773241
19.108234901169499 8.0527995989311929
26.153278801838521 16.78388764967351
4.4798456870017169 25.137490493028995
18.792301534298179 18.487064969620331
21.120004244893043 0.88139039920440221
28.441994652548086 19.190886109620092
12.927316553468245 11.929621335444587
27.030382157092046 0.67790581320915344
0.18217260589598069 5.545079770708619
6.3812772170528582 28.919359960682137
23.975379584216945 16.25935969745516
20.838203659509904 14.137150112180656
18.957758153156764 17.136438706929827
0.46090227115533977 28.189327002330188
17.461635089305577 25.091128482185187
3.5566817358569103 3.207461655914873
8.5562974413157242 4.891433796944928
29.897599017689398 30.35443625048007
0.87723760835050113 20.371360313800778
5.4586519340449726 26.005806419517306
15.282321950936899 1.3720138790439314
31.528476655984434 7.9144908915427479
17.445054500044012 15.829336533708339
16.860661654981129 19.902465430695873
17.719620611932488 8.5435272203286665
5.2137167351698226 31.491062280510842
20.586061355704512 19.838025568564696
30.912118113217645 20.277794746952299
4.2181954012129461 23.637273960737236
4.2579372944795963 22.438413856371454
6.4520642653291063 30.918157501693976
11.953448189958102 24.398049699929537
6.7997233518487583 16.497118000849323
20.791860661819136 27.812839902500269
13.87059331260307 17.590463579270384
5.6946072866916193 26.246174557967777
5.9566173648735719 16.46804762176648
12.710390969453377 11.152592989097991
29.057570763940074 18.327916217911032
6.2195961528033292 11.685287677154495
4.5810038663153057 3.392307906849851
21.202689427859955 3.6250419888659633
8.8341606947258668 28.884587907281272
12.181238659453051 6.2932828762150841
2.5952609176995116 16.43611683074873
30.057136502399807 17.654888854222357
20.353221900123977 2.6165443895239853
10.421693140431955 2.8753806205592953
18.809642746931242 22.482324736232538
8.2472190620990045 14.110690001941441
9.7658173098669305 22.976070309935668
23.889308512928231 24.415672591683503
0.21749243740135854 9.7351514878073679
31.030675263453073 18.195556724441971
4.9561247370172374 7.0263042200887664
0.34673358341239335 6.0709400099036683
18.267369720148952 26.469574964053276
18.144697560535072 29.389024198070796
14.459028397098685 6.9818711993392775
3.1267016019184153 23.631004072452619
4.3631613909751819 24.595228014367539
2.8207606984961853 27.40611281507357
27.910892851791157 11.357815897190232
6.1895554906578703 19.929556038350956
22.766064095645394 27.765500648437044
30.187879940444805 9.1669838376934258
8.7147346139791448 29.781653376993248
24.912359430639718 26.504073565650149
15.521267565450989 26.535362168878041
30.419595393087963 30.137777370233845
5.0076998697389863 1.2969325838297412
29.486861385487533 24.466865451736741
2.3229541820715633 20.673588598060885
12.083890004541153 25.966473899045319
8.4567333597305119 16.18739264794014
6.4915070825998678 31.425115414790277
28.733923620803921 29.119142672176192
18.788045487376788 1.8450135806679668
11.979738291673604 1.4616824739791945
11.336532158280306 14.849973708114192
29.403094989749569 1.0155656017516781
7.9537430528687088 23.385009178592643
30.612021069676846 3.9700955142187508
8.0624925994619652 17.77067327525101
14.066797863946077 12.331724707522655
9.1091607211348702 20.188766111014939
13.940244343885881 20.210697767025497
16.560563862490113 14.902884495517696
23.767134728575584 17.363296077123643
22.543869665820306 25.675135873352129
19.763936737728002 30.485307631678424
25.345243564509481 1.8351639787315059
20.43334563567057 7.0786688404509981
20.495150707593755 18.456571029567659
4.8318580832253701 11.868290008016153
27.60505288005427 10.225392709131023
2.6666081924295209 30.914075729211628
20.753521988339273 12.424223830751675
29.647961263297756 21.607708028041461
26.030690832041874 26.848700026233608
13.991561313126139 7.8348794060819431
5.6843153001768005 27.457657513349343
13.278289244452008 10.96532804809191
1.4081563306981513 12.147658819254659
12.217975153536553 29.078436552318877
19.337492790306857 6.8909914351370958
1.9194213299126757 0.17160965973536557
8.4768660646551233 25.70122110940649
0.5027188522693985 30.579832514236021
14.741634987188432 20.570890734955285
28.872433100826058 15.205676695572455
15.313831908125103 10.659637039945316
25.722894466603659 8.7581496472726972
22.818290163040221 17.716080263039107
9.6519168269441096 3.3409703490369171
24.39221231400408 2.1267339489141182
20.904435708867165 17.591161783791314
20.933096904277214 15.306246673660819
0.81497820659871645 12.731354078536031
18.644474626316747 17.397391188615941
14.313172431712371 1.7077627889986757
26.009412222521973 2.5313224355851904
10.706196470984032 14.083076596293635
16.126606522484469 29.25576490138069
1.0305637803067218 3.8173534171648615
20.041123114180131 21.509229927526778
10.975700546265902 19.761592985231978
9.2195208568179847 14.638267993127032
18.253820597555922 4.2237336636442437
26.075253582540761 15.100852996895714
4.8121211198808789 13.456491230327805
4.5975931181478655 2.5291974098689067
1.9533184624482689 4.7996686883768858
10.877833808551484 23.777961563429013
9.5457518395445469 11.649411907317672
9.0757119434773106 22.522436929114356
17.476304873574563 27.606479025984747
13.555856652401907 20.561796443739198
7.4410070808867692 27.693711380367141
9.4321059167344963 0.31066157041098325
16.685520448012213 1.6065532654213928
11.032322504234392 30.503019753039219
20.932806353697721 5.5583895859845276
30.881130923938652 31.078147211163611
28.40494604876222 6.7713652887257627
28.044589773402155 9.2765112195408719
29.21037306572444 9.9119752142190301
26.616411193377079 28.849378552436299
28.70155913361662 12.166716499100048
16.296734925318162 8.4611878409757253
8.1910900608957729 9.6665987315473334
27.678349265004027 2.645625989053324
31.258798722642343 2.5402883939764922
28.707372202076723 20.888213463068453
21.890679762902963 18.009277167395602
1.4131195160464425 2.8063356439118592
11.025660471739345 26.932629673855811
0.3884942053726777 17.221805930932113
26.130545465739857 17.614085282892802
16.063442779904449 20.761740687743423
24.480060446325325 20.655396519063821
3.2537730646867917 21.843933754047097
26.00541698107504 12.895789759229739
20.186177738038587 9.6942285898426643
30.057830359006612 10.829444175181345
30.010072018040866 21.110498599893166
7.9538441462797804 1.3811240392546391
16.418710035899473 29.211100096496125
13.150084888983827 28.926240709334202
1.5622838603557938 22.528503120304606
9.1386109041814887 21.422197925985579
30.509441766904466 22.134240793248878
2.1159953736625452 16.492372523921819
10.211026502919445 12.666354529479241
25.652615583551324 3.8381430237057828
22.409340862927593 6.9057749642216439
15.969732575280757 6.7855754516706002
31.322468277105941 4.5171554541825918
24.009032613567843 23.573926165162103
25.58937738821686 19.852297859373412
0.51865088010054516 8.6458116690759717
20.209653086538687 24.154020323434203
23.92420970265815 8.5199321101617631
9.9163320967941964 1.8079139254711121
10.900758546794666 29.108895348996988
7.2865890079372102 19.035452351779568
12.145927616333175 23.111405753506556
2.2086623349932899 7.6750314183135941
25.171397367491203 15.356108732591604
14.224158740369958 29.968676074320975
6.6703566379835548 4.7641170321425559
9.1683391944688655 27.181608208597005
0.19203758640818119 18.922313607842181
29.476850035583514 22.572911158162924
8.4039069343671304 10.939075248276012
8.8452278917736873 4.1574662555093838
5.5277548740450824 17.837028598475527
30.031832701944591 6.5086098656917581
21.387483352167919 3.1284747684006717
6.949202419705542 11.843799377675628
20.201845544709641 25.899046377077148
1.2139382181123139 27.324237632342001
28.77306878160649 2.1361772638412764
24.7246302222465 22.392405397782291
20.26572377214444 29.56738493098517
26.576128518502024 24.258544519557926
0.01945580761562624 13.233037002938886
10.454619095105807 4.2131910036221845
17.9921835692186 13.137431411519813
5.5621153373846548 11.287795539174024
4.8508015622918768 19.1652422156202
1.8946529131896936 12.838964829234911
7.577582268943754 23.083888827872073
18.470909198573732 24.067945317037651
10.396962852022654 22.653225282462135
15.022373639151249 28.06531989684537
12.62684751626783 2.1904907210414564
10.075587890594372 4.5462866292363113
14.350389863594685 23.763240314972151
9.4406320656785088 9.5249684181478234
9.3730218708572419 15.235119881582365
26.56581874888704 29.708972400656503
3.44520486261505 18.505298968830086
16.236990026668188 5.5426719506530198
16.861611238618838 0.65566341775596604
9.5056692412203212 11.316648233947573
29.415699398897626 4.8997955012984944
7.7450022823035711 30.948407766228886
23.800503678692884 19.758709627140401
24.954080199712063 0.53954927018413767
9.2493232323012595 24.20892461503669
16.146582226452068 19.33472115003871
17.592601390966102 22.978447116177222
5.0692928184634134 1.8958593458199564
12.909706897431589 6.3299456388094599
19.867022262977077 26.766504837470443
20.650517206312717 8.7314433894557748
28.661124114787778 30.43815551230335
20.150497123176578 17.708639124160335
27.385043788065556 24.937128009635824
7.6422657541714516 20.461309323855478
28.644322130642326 3.235024546625652
19.168086282081884 4.7956198356053852
9.5487874028743391 13.085684407813574
6.0825239111632987 12.742980685651947
22.283224051916068 31.455487428624579
16.917058664837992 16.467252180346069
6.1399694308532595 1.290579063380793
23.94673235618993 13.026702578387292
14.884157741798608 0.43616777863682921
21.393043880220972 28.491050364794884
1.3316144501465044 10.740309925905876
26.476122527570652 11.350415756083738
25.624903782778723 10.00300510906065
1.7215374773224668 14.070937451669071
4.0225558231786174 18.963492872521339
27.123536617903422 19.370641359146436
17.752552284531294 21.287495821300986
21.102169268395471 16.289458090907473
11.465850927842357 4.6863381576770626
9.2318598798695071 31.054430793150935
10.693157571024431 1.3231550756786583
20.130530575646485 4.4944437094787091
13.421752402240415 6.1229856589003857
15.649894355046857 11.910686801647065
24.951867680403669 19.93679534382845
10.672113419878514 21.141656097909554
7.6751118039321513 4.1527084437502122
23.601074417381891 22.471043394714894
0.387837120127767 26.305464814783893
28.924667897277953 27.274952969018742
21.587047094679015 23.298154935124057
26.570174772035898 14.688944288008015
12.564057002301947 30.074216017845238
18.328866855641785 10.696864427975671
19.810835710424605 27.334612736729397
8.9752725339353532 8.3936486089297926
13.621836673122978 15.362198413118625
19.59653985893415 15.722009347774803
11.117656843204404 26.119908547876797
17.499851125102882 1.6028797278732518
1.9431117688168313 5.9211898641653011
5.5597525398247933 8.1674142739097526
17.415696589372512 3.4177235227790952
22.839258281297194 13.842534537917278
19.537287627687519 13.151162276070764
2.9373140839418492 21.899599836663825
30.809889108776098 28.103270934324005
4.0470216914314889 15.8312039056653
7.2520708615393525 15.661052057559953
11.540723752164775 0.91381560677064821
31.497554326163272 14.502371197055567
12.202149688047943 13.981471123680702
10.497648095258224 19.287742541556742
8.9955038013207318 17.276879534657937
12.859629634606089 23.730137908018374
3.6893482828926563 7.6949411867229758
27.839217865446368 11.417610247295496
1.80767253728616 9.0290754268124456
29.848185651330965 29.070670756152733
3.2331423723434645 9.0182166630102483
17.015303384204714 31.110646856084387
17.972007921188354 6.2938897973406558
26.532907623634724 3.8070556920026668
2.7133819569160851 2.4972805555292426
22.122772636659477 18.915438809294496
12.697318691390354 0.48561508138097714
5.7802371538566923 22.879765941355203
10.646936561212529 24.406847738676909
13.753948961631796 24.952621643288889
14.115619355852532 29.674221577414286
11.419383788741106 10.920854613855445
19.141077084881218 1.3703748878080737
1.6160258615660636 7.6302742589080044
0.74317712452105411 11.20269322708276
7.2380879496399437 9.3363853427963157
31.566763966986318 4.0782430549545099
27.366478220341776 5.5608868505908022
4.4943471792899068 21.669977490794544
2.8673841244371068 15.216331641735387
20.07299744921389 12.370582516028133
3.7406345886249062 2.057820924057598
23.30957786552889 2.5563330180607906
18.893985570831902 24.47748226137664
21.803433245454084 13.434879243641921
21.896792684337253 22.580479668249946
11.724158487633163 29.113173053997105
10.202491174350769 29.611809262656912
22.269115349359623 0.1225520619885133
1.8916538005558139 2.1713270978458095
2.5514501105705363 9.9148595163856825
20.00789419686452 8.8024057487617888
22.970976105180338 22.952282702373825
11.201601888801207 11.575510731653596
17.056462780497466 27.992990916070763
12.856423106607727 17.473592925475053
1.7403247684661993 30.859496556463935
28.789469988740194 12.646327604035074
0.72970511025720197 6.7080080209694124
8.4594582438079069 24.858195565576946
27.358385830049038 7.8034037214006888
22.532840520920971 27.009604378385898
16.104869722597492 26.014798259296523
29.113072166691449 7.8850128206607311
16.576049220355404 25.691083387607655
4.2115349452748081 4.4435855018709756
25.342930196056642 4.9740808782897679
25.4400980580746 11.032759776346067
5.8619808484853939 23.806956443488478
3.8706077030019514 20.679647866621124
30.110118034920266 13.470657310804645
27.806807551208802 3.9670139569478851
0.9708788433593688 0.79233019705722019
29.670335765208428 18.799129961628189
21.52882527494112 21.587116057794717
4.3292920648360758 5.2060270377090072
9.0196762387449052 13.439544689343755
31.188010257764219 20.221120433830844
2.5109843897291886 17.810616551873569
1.7495887656207663 1.1212788384070684
5.7510795250267757 18.31281518501277
13.88245966145854 0.0082486833590493715
9.9852740954435149 25.304452138281771
29.204140085159732 8.6952871733338224
8.0199418817851189 26.622824884798803
22.379491227976807 19.13999039042201
17.112365716552997 13.084381171872895
24.604447065904008 5.8842905378530617
9.7120593117650813 17.750191047452223
19.86849431045599 15.583939590476698
26.736448384118269 22.85124634498192
7.8221832964343907 12.956506237090679
15.691426472319849 6.2121496938429663
6.3577415027351192 25.080979779309164
15.040364949081498 25.466844406825995
0.21531545391696741 28.452857446587075
11.648753492712721 7.7860257554963397
2.7062553153926716 8.7649755384755483
24.569758727343142 4.6506498339709648
23.961242751035648 15.118731496595503
20.520505171673786 4.3610672713587997
23.601411975700554 19.008828207085237
11.04903811336394 21.49740257781745
14.63053126827686 11.971835784761941
6.3035979161362992 13.680797759987881
1.3080179587815617 29.900986379027454
11.991515239196094 22.246747380513501
31.086390302630118 9.8590013915349175
7.1332707737616738 26.15463241486318
23.66171269601929 25.778019712889687
25.537516207251699 29.105411001413096
19.865278955711027 28.884222498754777
25.41660171388639 5.8031094760172603
30.702973613207437 14.703338931287989
3.7047429218860999 7.4713916807118785
17.426085071097138 29.994598078313999
13.636911446040406 19.164358701705943
8.3450722350638991 27.681766869084399
29.289768823514542 13.760973309038055
16.966949500332341 14.637940369171142
3.5996927825952891 13.388050749948166
4.0796365543562683 9.7817312823669802
2.3066646973257083 23.794091915805421
21.451865838548567 24.990668658903694
19.41557163175073 29.684373734679323
11.249195152307575 22.792082052756008
27.242529554781349 7.7135001848492433
1.1333020095623758 23.160820706553075
0.71285528651866026 19.207194661532423
23.819238384700089 7.2214793029214599
17.090977023636281 26.64881264532
28.193041377540425 1.189755498513076
8.5869797372981029 19.232392925913413
28.200754669795337 28.117298387144647
10.593908204808661 30.778667769998439
8.4134567788435337 30.878158671114807
21.648766451281706 13.51712702084037
10.899268047280158 5.8532617633206776
14.792835896946331 19.015920080307549
16.59560947038549 22.889987565740132
13.62757404580354 8.7569147963593483
26.906333939524835 6.5470952364272614
18.137835124750861 2.3686926809238305
12.720676510670577 7.6352399275679037
15.522104538637514 15.427251626232581
7.1164653716167745 6.0125779006193119
20.167048080351655 1.4790285532546237
8.6797715642443354 7.3541426302658914
6.1347561619928204 19.139970030916476
29.360883729831023 16.774330637139887
11.388922953603638 3.3876951054805051
3.8662670557858836 0.42524186984396978
22.859533502218373 30.387416163719109
0.11208817464035377 29.582313135833566
9.7926104433231664 18.531506288982257
15.203291518310758 21.803210225586863
6.5734629114910836 14.226782407039677
7.112052327191857 21.907981314315524
11.147525786676859 6.4118754989835285
9.528690308966878 29.931095249720233
7.6569840575952908 24.1136385732337
12.543062748808357 14.740922070425192
1.4516666137914205 10.13349238695011
11.653313571192561 27.613337636781541
19.146860660832381 18.969379741755255
12.159415285137538 16.322131160375047
28.374049072625379 20.949406184559496
17.525100213075561 8.0772015645964697
31.132215096714482 12.041436745001569
28.821849971525953 17.246749164336112
13.709543337651608 10.355508042998848
8.7162784480939273 18.555859047440219
26.4655028126028 10.658901269641708
12.384221295515371 17.283545915137712
6.3293020854868551 0.68848852874486843
12.907920348939584 25.3652517123462
11.359666064265213 13.419665301780183
6.7358921085160643 10.276898396999917
16.826884072818551 21.197622503437501
5.4596149133760061 13.089046630623956
19.977094473838338 23.741011219008112
26.403852451959075 2.1575954388650187
13.688263677125962 26.483074673662266
12.926382506998603 3.8514996540524482
29.06271946643772 15.73520934724076
2.7360794128398229 17.787201534973526
4.3477934982662152 23.18108377094412
12.234710409424494 9.5076755720772894
24.988101001667232 27.554725689913816
28.689557793890295 0.23926928820694382
13.731799506351242 3.0221449260332021
31.360672740981155 29.590819088813625
20.93626692262708 1.6192454860053223
28.018571325738517 26.399454517149753
18.556936611093171 28.265773120645594
5.0360361808127392 29.408880442728229
19.679133697805984 10.858102799415978
20.578581903387839 25.615726824449396
24.80468363171159 23.749208710811196
28.6769708047736 25.265282901385664
28.707394166560832 24.322984197907342
23.327093278519747 25.170928924853577
4.3606338163142562 8.3423940795358877
8.0916738535220194 10.59068789100335
24.98041980179211 21.27790504934152
0.70730784250462397 23.767255516511216
6.6413474621917512 24.441999424677839
17.115715670297448 6.3696533484073656
17.572586990753621 9.9635602441754845
1.9501773461442915 21.556883066600093
24.551748427370718 11.421766927683295
5.8494314757022767 21.473440423894068
1.5373379450966589 28.301332276222837
10.057436997172982 8.029105300817875
23.256334724686166 13.514816347799982
15.366913174969653 13.480504297526014
4.1865265105370533 11.851200140160007
12.759812400925027 5.0284402633407419
30.909495993664443 12.978669624213367
19.956079199603771 2.964524295224519
27.308834058116027 2.5629142112428553
4.5759499497266471 26.639546709656784
0.74019806461364124 13.790097665462575
28.337888815738538 5.3325007523450667
19.459240198518483 5.5000122040676755
14.849716920995212 16.063667632043764
26.830424896652858 31.167068872886855
7.2965123790389814 20.954630707422449
18.893324715210976 25.904889593435808
23.763375616447007 29.585512816316076
27.689722108639604 13.221476885607526
23.800203781577576 11.013032490232391
19.945019158106987 6.3815577688537131
11.062825996814967 0.26219569035261903
15.024037174198453 9.655106334538921
17.720631709173595 29.077988506837123
5.8909522586907057 3.1898937560383294
9.285815667711713 24.023421284667634
1.7561607283206229 26.631403586929508
22.722938511707532 11.109814600329257
21.370274603077416 30.993427028442877
5.588376006375162 21.865045541591343
8.1393134843778583 15.17189316659587
18.503357978446637 14.448893426848535
3.2850392301783859 1.3280298733482703
14.288215537354059 13.684533664754863
18.477696242765891 14.640313293991165
28.768582670501246 10.092270175365684
18.763734082144193 9.759976055021836
26.263640679092759 23.173047030076081
28.496700556379068 29.631031938300985
27.4593788175412 22.244740946957396
30.698099720021293 7.4268226744309649
23.822498272603962 21.605404198018523
24.698363183854767 28.791035289767457
16.05956573683164 22.075573722187169
8.7936543239798883 22.036882391860743
23.047977156957025 20.952647945623902
27.453060535214554 16.093156111340868
26.188283504416589 7.4884819977170691
27.45885159768887 14.621745802303792
23.187101532679979 28.127836487462879
27.094427510892832 12.828136540168966
5.5941889125007718 28.247209862581432
19.036038969611351 3.0830201864051832
14.984022572844303 17.885492845632289
7.4827821070197809 19.261969031442799
24.989040588755856 14.061646077931503
21.902710704090886 20.415168146454516
25.066004496599813 7.3261435652425062
7.456663001280341 29.842458610642225
17.503729852524703 4.7173224982802608
12.192815350549933 21.013325194986763
10.30584977298761 27.849337370710149
30.738719623771527 17.384627188159186
27.462334594533846 30.585061944728462
6.7307163909594285 27.879737847775285
30.212251965237236 3.1019308872872116
11.828066190212708 18.566064064321644
31.423254279363569 2.6571524102354758
15.793193719353646 30.35649265939584
11.716744651879655 30.955995871976388
28.56032004939987 22.725284854126649
13.558357141137352 27.936371561002055
0.70028518773265203 14.885189273031454
7.5402294369683522 12.979566218268472
16.582745408373167 12.362455382159707
22.065258678916489 2.2541759159928727
17.475803263884661 17.763644701760718
26.099662489540783 30.860572423066106
3.2870660556050773 19.772733687783717
7.3744456002455943 2.2815751668154536
26.551830367519003 12.175116822981733
8.117766814575381 7.5928778763840761
2.6036089389052313 28.167974762553101
5.3046915270571349 3.9222146641007534
8.5591856076786819 5.6643611019003561
26.684687205157342 4.3782834953873317
23.018609885205635 20.38544982645174
27.546147842821082 15.539154941053432
24.010554777040529 0.15561225055534858
14.588029154148096 22.448848794892427
18.718948210228355 9.5990122132727418
4.7468436255980881 9.0780646327328327
20.083309584384118 20.717822003818984
1.2803300736116905 5.2499957096510883
13.791900337025433 4.4122822606498895
14.144841781369339 31.129771922525151
22.304762636436561 24.403416305165347
5.484924580725389 4.7478196840380127
30.048611733335008 25.293631551877898
22.15395980802375 4.526759013565349
16.683155013536254 14.096443922209374
18.381460073983273 30.533929031066148
14.11192880800734 26.221110280800833
22.187979749599585 12.209300356170965
23.616010349623558 31.22586071557571
19.220685162810398 20.553769504915238
24.722747794075993 31.069483410043954
19.343705482279443 0.52865418328932989
17.090372767489395 9.2525138390476513
26.199712212600435 6.3905098953760877
2.6053201218657103 3.3976099475020609
18.592972376546662 27.264236497978679
16.087262662729898 16.366759678345467
22.776809897270905 23.881507231867243
29.842645677187793 12.551103104061612
16.494232612936418 18.691853514071187
22.566445836504879 21.861809950587254
24.902848077685345 7.2632380356940232
12.35836426460787 20.15238127754624
10.935382050967988 18.121441472139555
2.7049215360079839 12.718508763970354
19.65794379857557 22.774432112765616
3.822281062083638 16.713030360583183
4.0954090840227 17.010801651873983
24.31105379634263 1.516008980127642
9.178057532363999 1.3434293386102414
9.99872266529505 6.6123730324902352
24.169941074314973 3.8251171397459762
15.142196890920589 15.068279539716537
25.540792798850489 23.733976090944349
29.752291777747867 1.6881363009554848
31.399522438862149 0.071870685880017479
16.287748889176825 24.253138278102313
21.737319444453892 10.329359603855952
14.991525790831036 4.8150501062352804
23.621966883496416 8.2719453997932639
21.232983029808079 8.1303338094530737
3.5984876702399546 10.348756173004606
9.9171732683110694 15.951163795082616
21.870978554344955 9.2427418279700273
27.515019325061772 26.866577935680368
26.343424483983888 25.711971686599075
6.5722534864868001 1.8507583306679589
29.972960896643453 19.972400645815856
7.8849227070201113 6.2903563423885558
12.971457555024056 15.9404579612692
14.920851312293751 11.36090945517363
22.025040952130951 15.119631778722823
7.2304572194162562 17.592851509953075
8.9075384588442272 9.2465609685460954
15.825411921225994 9.4432959204243598
24.959594161648265 18.447846412676434
28.000010076033508 22.002201446021143
5.4371293620916763 6.8677912502478566
10.39634698109608 25.621002522851676
19.264720453552872 28.268624532584639
20.969723414906717 19.212418542407292
2.8609513777883269 13.918797303332093
2.5211661554349951 11.74777643070308
9.1399110945452957 6.0478496473225025
23.822063990211504 6.2610697876581698
15.51272214374055 27.526807254740607
24.820887556587831 16.455814552700978
15.787030774016515 1.1055818870010972
31.59874283802711 21.871066577829968
8.0016140316548583 0.85386469229538509
13.624467467591861 12.979143286609295
15.33624605758669 29.131687000381746
26.885499661654023 16.762131664822316
29.314159159029742 11.041799751660994
16.414650980367156 10.166969375652592
4.5899693346730652 10.718452837401294
3.7910019056046917 27.102297922758176
6.3932857179062843 15.37067053512223
6.0821124594023992 8.1059440176251965
14.231924799291024 21.5779544326371
10.248473668865538 10.218214588326083
16.778579356897925 30.991947363323934
8.0938586590891113 2.7299646728971916
30.952516553214572 23.316401965915702
1.0248711139996529 24.47963498333969
9.8644222853133243 26.84497305950245
22.098484385920379 15.050658976782906
13.350118816231667 22.214107994846071
30.462021831813047 23.806320772526227
23.433910386900124 30.053977493143694
12.921959225517126 30.450689997353322
15.904015281526956 7.7296384909354137
23.129481058831615 15.491247344322291
13.183136816485472 14.025153091898204
11.931347731098256 5.0446200414887805
1.2590202775833568 3.962055012506986
29.526096401853177 2.7263547347940746
4.8756546765898756 30.829164855762166
3.5762149259912128 6.2418569110514257
1.9795417260109887 19.071097079079451
1.1573496129390863 25.566677662199549
25.96269893584147 19.318341573644169
2.5470738402354618 23.057068151769272
21.448836109354424 30.264928635587491
12.163668333188642 3.661190590177124
31.48530841636952 21.561073522569849
0.30443162886944114 16.475030108417904
17.963702271922699 16.347767194135496
24.653548998800254 9.1060710207534896
6.4771080229891114 6.7073343420940406
28.25364871368275 6.1343279636167116
8.1312383348857526 16.559534966184511
21.912289072851411 6.6304876428375765
13.667649664340559 1.7753470644403804
26.607589562806798 26.943018559684678
21.985326737049473 1.3683940901577951
27.603476732979377 1.2480877995925275
11.783683431469145 19.767792709269269
15.053629015960651 13.928930476410253
15.096835340768928 3.8490154420116687
30.375892768430695 7.8097338383987207
12.599967969401494 18.911686719057034
18.864872607555132 3.6314629239004774
19.113855948641355 12.080511700222683
26.812501960809215 9.5439395859589062
5.4761304468015695 14.845103849036942
21.515677649142635 26.614452891569368
24.808415193835913 10.042645667173758
1.9095667082451431 19.18848175126282
22.767027127427852 16.397039957502614
15.602572529125702 24.266870943556718
17.140788304231499 2.9254904743731385
28.170292347229019 23.581072116625318
22.863886891609752 28.787449682202144
21.346569355349633 16.624542762515784
5.3751175246587364 10.114283865787575
18.336318796230319 7.155587696170536
12.590657459721374 12.944518587047899
7.0759897135105012 7.0184384222688045
17.635473410136225 19.05352985709219
5.9445745700943542 30.181223147575842
25.189045601171841 25.661960341843091
25.448418813411735 30.423838805242895
2.9188341630453376 4.2220359338592104
27.50648062057779 23.902166997520752
9.1317579071124371 26.0864502111246
29.130972757647449 6.8159686628753136
3.6045129349073979 29.634603188990006
11.246521284512411 17.602238073361264
15.564960158459598 20.395873125162002
13.974568618883564 14.823629899552676
26.199030456056171 21.069502116629582
30.965357841597314 26.884935409839187
3.7775701619313984 26.208820548475611
8.4731553133052753 20.710669279260227
29.788681590504488 26.940891178354153
9.0229091591010064 2.2343277277618259
3.2379189228374616 29.911917929858369
20.688946122696994 22.890764109809929
4.846459652099389 14.756758710340215
11.928652408448464 9.2564838424315621
10.794411641971145 15.750714577837629
3.1181344335886325 31.314273176382866
23.811930995436622 14.598370355312298
0.10005384459777315 11.492135148541015
16.328494912904819 4.077530412005931
16.382637897476332 2.7577250133735087
14.788475736473302 5.6180313763695802
3.3251877303829773 11.459809800846966
22.796065441412178 3.8053929780882672
7.059027213574157 3.4341583679253622
9.6784363629161732 7.3044785519770201
6.7292224779794916 26.737093320196227
13.081780028985118 9.2915385445108747
7.0516223049031233 29.582443821214735
0.010369074696845925 22.977494110281437
30.869239612459186 18.900659676049745
18.493462963965857 15.576831261686092
7.5498014822933159 8.3904825137909409
10.770405289637363 8.6981759252939685
22.457762425081214 16.993439781613297
2.1319808839194843 14.48192936970371
31.412637918383648 15.895013224450279
14.563611302943389 8.6211484926257711
9.982455845603182 5.3807175752207073
0.36917334347765962 7.2942103480588072
30.941888595064768 0.91376709355414254
10.432509395170992 28.315276579767414
18.262117023757661 13.327675121490763
3.1989493450870325 4.707925524740598
12.185856210805436 27.600271042308403
20.124644442126268 14.367476245517304
8.6490502648249112 12.237443382455139
3.9564205090941509 12.862869252033397
1.0860043681955232 15.469222182871889
17.083567126515341 7.2294515774302148
24.201644054870851 27.133149521483567
22.012649844993824 5.02354923760603
17.302643024015346 17.788589281131713
20.741957443835833 21.881085046223049
18.443682503027777 11.844358674350996
26.969546438206294 20.134044766214164
23.618322306437975 26.645730954068117
17.905014219310463 25.676178730423345
3.9961414077059816 28.310504255665574
22.942922522925638 1.4307194029477091
3.0982975174560501 25.041680411275422
22.666545750316001 8.0020072400580862
12.625990071088481 31.409467255484721
17.836383737195042 11.55000364771675
14.267504151460921 28.680511969116608
24.884102778113732 30.034811153028283
12.223539762328155 2.5695568347026718
3.7712537214880077 6.0767741469132677
18.781028813881612 20.991667838585158
11.664425888763276 24.835299212497869
30.303821241834143 14.595243944538197
4.3630923523132923 18.02364478251058
6.1701114780146948 20.597600099858131
29.312900345889879 19.670652044768701
17.78174024001823 0.59213439760446884
7.3712304485288032 25.253459321748821
17.369083410078503 5.1631844141374872
20.240359372296403 31.308299233438781
11.7181384441456 15.683859513207064
26.560633529896769 5.3214306015471831
8.6567140483940825 3.2927445620396347
27.931473910470494 31.328698902291915
29.639436820828838 23.325601919764765
16.348811639762189 27.660531920993503
31.149284983632803 25.728222558602731
2.5252422794821716 24.757517395812062
11.722886185004098 10.350541576398786
24.791197048727504 25.067648750088459
21.283485625372876 24.346113079928532
20.405991275388473 0.0099815413293361209
28.093271786414114 16.758084130336599
23.339658757964557 0.94829583383519234
17.912135992977174 20.448188965435076
14.837665828173323 25.068150583145233
30.412494120173342 6.1563784188494521
21.30535480768545 11.988538212174504
1.0875563634292686 17.935453935904736
21.314105903265059 11.094935148445451
13.00148140449415 27.633433175059114
10.920620655237872 12.337204445776578
22.120834581296556 29.372924517609519
23.875717237821704 18.590019044756115
12.596542530329094 26.307174665802382
2.528837223835807 5.9627118580010725
30.548579348391655 8.9963741688143131
18.058687342967584 19.549665198456278
31.087799810966978 10.593686636171071
15.948704399456197 13.007063182334376
14.011551947708089 3.179559855979543
7.4206361577943865 22.184389898770949
13.368600938802141 22.716501430154512
9.859119054334414 16.665989383288416
6.929216505305603 8.3984504642904021
10.747994856048155 8.9614444365444488
28.845773284451752 14.483109582869798
19.885178751428203 11.050940881419981
13.476585622075861 1.0113898035477589
1.0695116666982374 21.670544559552138
0.073119715045583303 26.939364209683081
0.4329559501993015 1.2460601449910234
13.338414394012021 24.240105792408073
4.08972932625454 30.547849769768312
20.752733958666024 10.245092574689224
1.5703213442789914 25.23915186628864
1.0402039272410593 20.492694748364418
13.36818231673579 18.63280433029254
31.621555107940171 24.824437917059218
22.375962858752803 9.8330650209345833
2.5156177426741606 10.903120948142037
2.0317229999671547 28.976486690446265
11.89716957834414 12.469194591445243
22.92526497174082 6.3250817400369757
15.30497710711394 8.1906334560748206
30.656516353533473 16.278108080050409
7.596771296208563 11.586689769833255
21.289803778939724 5.714858633790695
30.056021527208834 28.705294772425432
26.180123311483531 21.688408278082495
2.2124300579765124 7.0316423572797468
6.3078790775720321 2.9951193984889786
30.069346514580101 0.11622267659278573
1.9526412970704599 29.593669167739911
26.24886794519983 0.85284295914134467
28.821963861072735 26.015120920487121
26.924066584683011 28.18651172239921
25.700316437824124 0.53007400465620302
25.12916974631592 12.767187665162893
10.933639630809637 2.4431637375592707
25.769813535985993 24.923633640586342
9.7500653243783741 19.800827355702545
21.783891886505504 26.215385403696001
30.96004436618632 24.716769226801194
5.1751350562481973 5.9705884287427722
29.550994864753136 5.0509534098621458
10.236040060704186 14.290129858903011
6.5000651253670529 10.209190416541405
14.734445867650543 23.526237871520987
10.222389430689608 21.023755862068821
18.440186667734288 0.19080752775298732
29.308027012048104 31.242983418232196
4.5229421930320965 0.38203580951694893
27.411794289752613 29.500308645135473
4.7967638816673279 27.820380383418492
2.7972571472240948 20.139157734319863
1.5810955713146806 15.980610419254058
27.970189035282221 19.944186260338839
28.414088289036791 8.2015040666418209
7.3825888568134399 14.448119072570686
29.944046910183591 27.711186138558539
19.761168198591509 16.792249439243452
27.273963697338292 25.539001428739532
16.065432690003973 4.5694844334817848
16.849583832136812 24.298764054444355
4.2090872657515845 14.417431721932992
4.9978161505564813 20.024523365812414
16.937149990523746 11.526192527802538
10.197049109074966 10.398658022246181
3.1010167692369701 25.792409642266524
24.046522857103056 3.1536037259686283
15.165429106734457 30.760051583234127
