25.076921082258735 14.952898904497216
22.947403859426959 12.28263748979205
30.617306454505048 3.958461836755482
8.8757370031012357 13.716784116399891
16.202896735189899 26.158495221868101
6.9915928612301492 8.9946437931180849
30.225055104441822 12.626435393923746
8.842163656556604 20.777730589987286
26.778871431765193 15.658534431897198
30.210041139048862 16.139355842419008
13.630255948778057 26.643709081244609
26.649691382220322 17.451927341775676
4.0786399835846598 5.0434843659577835
18.422659223234202 27.586876357919547
25.592389901590508 16.330637262374378
9.2648964024151894 29.237956567515536
18.38588355396432 30.389263600450043
3.8573923813028022 2.223244722599111
5.2130256946029512 13.771044974575796
15.783813416856409 22.277804782022006
12.309464680409652 0.21354620295099952
20.074045802287809 14.947742372333281
17.937916193202387 9.9864342888996411
5.2271424503831199 17.033205829273225
28.146108421445248 22.370762463747802
19.1138025793758 12.207274350842459
10.968772434566461 11.814586080901417
6.19733749028254 12.113994392805283
12.977797932287622 23.394526962422677
9.1263673809113239 23.901676924138375
20.663019971453334 7.1165426146355042
25.911342761198377 14.638763399855771
16.611026931168173 19.863074592739505
15.132676986849361 22.999388342218516
24.411236241159749 0.36153488447929061
11.136570291038341 3.2384628336550119
15.788620659497489 1.8090979185081568
9.1091265095046499 11.492169502358138
28.521730094191078 13.815786378631474
14.820118981688655 10.432153239458289
1.9736862346156763 5.7544573677585023
0.85524089801191339 18.271411882413062
26.568451540108011 20.483699352398563
22.083483004192619 30.189811230836348
26.380215974698856 16.852596652794055
21.957059666576235 30.469920356747739
8.6618629556318787 8.1889815803076509
18.002737252201609 16.518925002124423
19.785865025108343 1.4733658520451207
31.609544752427148 30.45303535187924
21.573269986876451 11.998406580196237
26.32424416523228 15.587821976491776
16.590600510558804 17.450266594646585
30.117357116266145 8.7398094045092574
18.089595646036592 19.392355296113685
28.894465927142022 9.5345139006628177
29.308705660905904 24.190308083249356
19.553494677692495 15.734126763083445
24.141458409636776 28.201412376012058
15.490942312819705 0.093326327488109942
3.4257766475620048 10.911354126650577
17.286805306480488 3.419817767779914
6.4455547304599712 18.907945498991076
22.131410467123374 3.8248876738408804
14.895396784128861 10.956434604115366
12.472438304225379 27.871800792274424
10.175409343692403 5.2121298711179582
6.7542988402944895 21.776100913303313
30.919561100438351 20.524600711384966
20.627269648682805 26.733885062424626
15.439795405032985 26.705456415329653
24.871456713895235 30.449356936330016
8.0808672407295177 3.1088804353191435
4.7093187495446704 25.869746107720925
15.741390124622452 12.125126230163843
14.90005031667987 30.248200968046728
22.914498881346933 25.514113710947019
29.840262703203138 25.531085486614966
27.747740258136012 4.9084808427489275
6.9934956162756547 20.289735735220269
6.1891008634006113 28.509985246542552
23.325875274866462 17.095738647165614
24.450848109346811 20.998478047382239
17.013247751884027 12.561209770622547
9.2000107431758575 1.6646023381742474
17.329916600381676 0.098992236516953602
31.385449762253064 26.083923843631059
6.8151224396325762 11.378771525505696
1.5069856012101424 16.658122993793334
24.627019952241799 14.243388355482223
18.785375039864054 10.701502780047404
5.062158659120664 30.817502453446515
13.335494414512377 14.065117535273327
3.3163805765780858 3.6297337603747057
6.1205864972952737 28.358194389489846
2.5538805364762052 25.184053705640913
24.924722405341491 26.134568830733819
11.467381277932754 12.876058001952279
9.0766435499336318 9.9083317244063984
1.4863249828589957 24.747870777042234
6.9026290331149882 13.908585218629501
4.083035340698645 9.5455612524477047
24.151487195422913 5.227265226490176
13.333429788265967 8.9853463766922541
3.3088795730617986 20.447419194366198
11.395203079662858 28.564660405683007
19.992996122880218 26.558065683654075
12.228760848964113 8.1303816721681166
0.21941103422265856 18.728969539200083
22.774025231556251 13.85068279950093
26.513292441161113 8.9282841408048306
29.670389217786227 15.424275385280831
27.545231820082293 7.1701131813835932
22.225484584655966 18.387233420230814
5.7427534342992095 10.509028078030225
8.0388959494128862 8.1843876989476083
16.20748488567957 15.975772870438034
13.88092720728635 15.632094873908169
22.987343694161321 10.447282654598176
1.3303909090884736 1.0204059466282211
12.410245377197274 18.306348888924923
2.0647048759192641 4.5466557414736348
31.596904441575006 11.364687070090115
26.528130633652633 11.755172312261495
9.5397108214520081 2.6752893890446892
18.475649791276769 2.9676485820158227
20.251775158549837 11.997680175411594
22.223866163675169 6.9892299523724182
16.463363030897753 24.447329928653716
26.344110994753287 4.7425140986875682
19.254527410997618 2.1644709186475106
5.8374968233523328 4.8756030537472181
15.230225842203222 20.921375406514922
29.423891740057403 3.2524681560632591
14.175636139191228 22.255192999914993
7.1736636427487444 26.456343898996003
12.114980588270836 27.063091388912127
17.534436557490803 31.356201440963581
19.860873192485734 8.4438893449590786
23.539888513951549 17.817685628849546
1.1757698668203691 28.564933902510209
23.116533972526945 12.741258493852692
12.04968131174258 25.37746675115784
23.392185691907038 20.452986233848474
28.390217333413645 1.6435233678640344
20.382918425742933 2.1899672510640351
1.0611716256458295 13.492619514237928
2.4987638022473018 27.978219619504834
27.556330588303016 12.74979183388009
25.947383210028566 27.935921383965891
15.041280769828761 29.846308732046111
3.6053397595807102 18.347360042922983
16.14440990776189 18.282401974799132
21.064848329879812 31.079406487670589
0.88906103237332146 0.96630745765789072
28.732115445565675 7.1966531660012638
1.0018150444100293 9.5009401344918771
7.706455629132984 14.124962216084283
6.314715937053121 24.255355954186875
12.165440682206624 29.138604194424669
10.284201632024432 0.259513704653688
4.9482206369009285 24.565665489320565
30.623328442664626 21.919580921358587
16.62265905226252 4.2195039791152187
2.9497979230592684 11.329896690706557
11.076520319791689 20.997485306877458
9.7586899793293735 20.223289171311098
6.707004935588893 24.04456129864155
23.563906504705582 11.717101356420425
0.60953391699440862 2.6889484180622474
13.151916916845346 25.313847227256208
3.771135039553303 7.7890424324544432
23.272253745839002 6.0565986394575555
14.419455669862302 31.425036668257558
24.386466711062951 13.277314439875635
10.93434032682076 29.973454528655161
22.560214109246036 20.616406831581955
4.925208899188493 28.702689603289794
1.9300803579538788 6.609756673897893
27.562340824503526 26.142695824866518
23.307153917181243 10.705270051287348
28.6757020843582 5.1643671911651436
1.3945781904082477 22.531405577849899
13.790816169158564 28.743104200768911
17.621752829898487 5.2392741303212853
15.541796100004353 9.0896405620209322
25.553079853639002 4.8219420965883515
1.7608205937493648 8.299810992690114
7.6363655100815819 1.5762105791590741
6.8232321120133292 30.104787432020519
6.416044561639743 21.983625874271254
11.996236446217008 10.983533257607215
21.13116372936868 20.0260785699178
28.114093611014173 26.807014084900679
8.5920585844271944 4.8838410571628863
15.084559726025834 27.651858166960174
29.591387993035777 23.255322728671846
30.70142986298146 13.982576876475443
1.9348024837509938 1.4197776948811385
18.873922498730025 14.169718898156439
26.148643112675259 8.0402425739654255
11.270821252463021 28.729090173532306
10.041625872513725 27.53864933372698
4.5632928266010113 6.854640543866461
29.274099886596808 17.108222781128685
25.36564242731318 11.891030157880319
8.9781226972864605 17.28833027139008
14.834710022070611 25.661210535656462
22.7836830192463 15.067993368923105
9.6387072642528722 8.6677787676603746
28.157946892226327 14.187895995518893
10.246966945283358 3.9857437340885462
1.9739868934767546 2.4357845211652789
30.327336727283669 10.31484793744348
31.069562680924218 9.9620144149314562
13.198324024165117 19.705966873353539
10.668807849504617 15.023795889163024
20.043740616028337 30.606552323199466
14.344797939624277 9.5196215816423297
10.403172214913452 1.6421113266945395
21.029560145833187 14.766112957605362
20.215622343065615 31.564863492595755
16.883478427026013 5.9227463483504268
31.611365215896281 19.124642482467259
10.690448014645135 22.518427313869179
2.5514490278980011 24.165308478199758
2.0525610934640031 27.309749854504826
0.13206430495616125 21.594984727300233
21.282178334282296 13.305261025746537
28.21359012644799 10.176606267922802
17.066538499392987 30.312934986296526
26.391751444282036 23.024013579652252
24.853449045230647 29.538646156170202
8.1321310973814285 30.120318339762722
5.0621166680730347 16.435931494012095
28.816040047146419 6.8592225071639792
19.145866381671752 5.1680135475649571
8.6542916294955621 0.74330763984371384
28.365419135467761 30.124530765891038
24.309630568578456 8.9546203873611248
1.0858238299115883 12.294253007821458
18.002158916284817 29.31842521004959
12.095786610074434 21.36573933661337
25.095445101717232 22.157023135309085
22.085913128449906 27.210222836834863
5.1095294388442554 15.619569570727677
25.727726532290838 12.67389635549085
4.3617815388170431 20.38384617280645
1.8625152076568521 9.79312196196903
27.378177512692456 27.022973766164814
5.4619937556202496 11.786585338931841
19.231382189437205 22.638315114918001
28.275565693088964 3.7439826921294777
0.21093657506622726 20.148291830080456
27.46151772638337 28.976698938819009
26.501458578849384 5.4440104699251988
0.86909438448483678 23.681941298743229
16.42819182178707 0.48555689629810317
21.709831554731313 21.688725217650013
6.8397826756449778 7.2309545247699507
8.0690512403853845 20.773126277461678
4.1878707143356868 30.068004623417874
28.299975609554739 20.974103030990165
24.295288340005065 19.42303797575417
14.409908234222955 3.2271079328409185
19.555324303661092 3.8380842761684519
18.18489679345808 14.794045321861526
20.932865390332566 4.8754538617932495
1.2374224529917837 25.516405216912315
29.458526574568257 4.4122059430176854
24.370750086726076 16.2861804360112
8.4949459075643983 6.540063264406049
4.419813395624324 27.257991852200714
23.401248911127773 26.70373862087207
3.2123027453583326 26.287241402611158
17.476422109461719 9.5626859754540323
20.730454250283547 23.705179979938492
30.806450332092759 23.629327297682472
5.2539955727476606 3.7727237537869289
24.821018042195494 19.84747764970626
10.871488129616408 6.4630328042667395
12.441977908805335 6.080027381486099
13.417071234645514 24.184169567651274
7.0688813160798389 25.632638510044824
22.715158220915452 0.46775531473166082
13.882194065611978 12.737211190762153
21.170038130561817 10.250083730952019
6.3866689139817829 16.752670358118628
11.417280904014721 17.501068964268946
26.956520039381413 3.4033076760157859
4.6822651733966829 3.1352924347243776
20.794913102480958 13.618627706898861
15.551678206966116 14.223155037293877
12.049312612200358 14.235396548820326
22.160479104894232 0.55025981099591004
29.029753048121684 0.88191959392227715
30.508253365495172 3.8033021421455784
15.164602722313813 4.484574280594507
12.266650021985585 17.432473355720361
19.475893577237205 13.238988213691393
27.905958961559158 31.468932292659307
31.487937110663889 14.962795072246985
8.6537783187983184 0.21011944298727112
4.5191272431355598 1.0202827917787989
14.028662354949414 5.8814956407004351
30.733190266989013 0.30630419764561839
16.913354357408085 11.483276127647985
8.9855902595211905 1.8818391668833176
21.7474749816868 16.521181018519975
8.379569191380158 17.262115619323371
19.137782531826943 21.353751219780463
24.72062834716678 13.009906044240708
14.047594596465595 1.0099887932540004
27.018942722837551 21.512067009066904
28.200636674246226 24.805932509024867
20.1997724132661 18.559453098391167
8.1605068797534077 31.276921952975211
21.714571696888761 6.5915079509050143
2.5852960786588692 5.2282184385587431
4.0587665052685953 16.894543604265181
19.026762016657429 23.425138353726645
10.144394824752267 10.80965385004294
17.158657555283948 28.008017202032249
28.555692350940568 31.267318637000614
16.05957007197993 9.7641381249686319
10.115764242083648 25.99040256293549
4.2000791718648882 11.73713568388148
1.3699015353113289 30.412083953468827
24.442174220071159 9.45018118952866
4.7419657933940433 0.39103455516561458
24.944450214760408 3.399479398131473
24.24099749603063 22.196356220989713
0.48624641396592588 15.495052307820105
19.18572233606104 0.25785442466259112
7.4563569129046936 5.4298272337217126
15.096300421675316 25.37272041559417
26.900579527777371 13.98419005463259
6.9855002917019799 20.48154050248991
19.435889323053136 29.580738265272281
6.5144770396350165 5.5884477187082124
12.399806847329716 21.165542769096952
1.6664267072416186 13.944303758489783
17.140545394484896 2.0013049720284495
18.002297931276182 22.844998168545835
13.751125519631962 0.014286692527331132
21.051599206481889 8.3828412152672751
15.848192580314306 21.172316842448129
18.881040057374708 20.027105223940406
4.4815623631907737 28.506201950400367
24.465295073967351 1.7481944051576557
6.2345135612138876 0.30778820177421068
26.880851759015272 25.894004185954714
31.353849811575628 0.15808669916187482
16.610692443607999 26.262578449247549
26.470609654206534 19.053502730137978
26.412438856141723 11.323968293930999
7.7610775683604931 12.368700170257789
15.62707034818699 19.254646318862456
24.913772509677536 2.3178815743310217
0.20188537395118372 10.150872733744519
30.268707091628446 13.920315902886122
1.0989750658550423 19.889729756030931
15.966590433415927 27.879807630546082
29.194237808686005 27.14905651696597
20.066158678757297 13.389369739292066
17.76765104879879 5.0792707046019254
8.7545762616506657 25.244491557493674
29.684667770327689 28.600638420055166
7.2837568122030829 8.2294454250530187
11.321865717809777 19.387492060759573
3.7603585203755232 28.332685129778785
28.48757873319154 2.2726755406134442
15.390623361928453 15.988454507237812
26.737279917639075 2.6075254358559281
17.674525380424214 11.789790868932814
4.5044386348426952 12.209009160234285
22.601591894196545 9.2092629357073452
20.444989938059564 11.44316300154293
3.0886564832853414 16.986672578620755
2.7658890521277399 10.232610225597474
22.159640487460763 27.003926207902907
10.332391230921928 9.1768883683538363
16.863453471170661 7.3723234689987978
21.008974545477137 29.610745317618719
31.259724742795758 16.645200470208135
13.959540470791975 14.750599767041741
11.83654021811606 15.347077219784531
7.1820395046351226 22.880678153257183
29.093419481955728 25.616806282834812
16.185063348491042 2.9225256229678553
14.555139550388061 4.7591228626288498
7.8893533565021405 30.569299700556265
9.5883899783542539 10.639219095389828
2.96155708347306 23.061682640365827
23.899644503804684 23.509030108089618
5.7578594961034533 2.3031055816798132
25.983221095228007 3.7624689458612179
3.5541265066799639 30.998811021239522
10.505669708982593 18.360119568014436
5.5381165040237805 23.409041016991978
16.726302686600071 21.327089190259095
16.909765693461491 8.4823889274504154
7.0690242881336429 17.470835255205447
17.527988792130984 21.053326098503387
31.594620498484925 23.165384657176233
17.421636709262067 8.7304574769278886
21.285839337901773 1.8383480566110804
2.7250542701087692 9.3121849530620597
11.350506848270847 20.021500144297381
7.3690620651207617 10.7620646958949
13.705082136723234 16.732865989105605
1.5605347934349114 12.042795790909619
3.7364989553308443 13.689390584979307
5.8354390923166317 1.7264754789566843
20.822902435727414 27.413235038161989
24.596985233948608 16.741081201067811
10.629153066696935 1.0295651138773658
14.880188947189037 3.5609898976105048
18.994892218016972 5.3021214553828218
9.4994388834236219 29.870259682736148
13.026139472142701 27.754913692552215
12.122384682330559 24.378060484745085
24.405970164404909 15.356095984325826
30.734037226728489 24.988962020055162
12.287546704486703 13.842802174598628
20.148430709697667 3.8654474158827781
2.18133764898452 7.5993199425169724
30.023955480387567 30.795620497574948
29.604022650214915 31.399021024709761
26.187550271764234 24.671494685184449
21.770391986541608 10.321352984241322
0.82333612543221468 28.914286578476062
0.32884549971532867 14.35322269877781
18.626854069017071 0.84231332957800453
4.9648858007063446 21.091976058652627
0.96587375137738585 5.6827399817406041
27.594275546514133 10.765719544285297
13.295937461094299 21.595209435396249
31.427132583927115 13.037200015774166
14.349294289011807 27.807846488991487
23.496872579229979 9.2620931930208883
29.433074092355785 15.139039821513862
23.464507372987057 21.505222991829612
4.8833730389545247 19.749597568920009
29.865080975535964 5.6796840342200454
11.330180774440501 22.521069779725266
31.117348752549081 22.745354675191834
17.6882205291537 26.492321093104795
31.156817947241734 8.2917047449435266
27.749888858243899 20.21905612867047
6.8683803670085961 0.098012297448560076
21.152922545060957 17.630402348051003
19.183517509844339 28.623465458686777
22.518431166237747 16.895513562143435
1.2665854398712133 16.223366807353095
2.7481885621163538 15.112514885589846
10.039841483858629 18.482397501224696
14.253250500058007 12.467424856854279
23.927777339480116 27.81881114691156
8.1978298623554782 28.29827277342055
23.105991110524688 22.047641699514916
3.1212789825768281 4.3419885589545881
4.3012463818247699 25.50538305679688
12.21580153462436 16.321575678813844
7.9437423851919027 16.104582584903525
14.82521260150809 23.866389883651461
22.323057205541645 19.660659013756611
3.0632038939421489 19.567942491784716
23.156358292196614 29.285262853537514
30.477883602230001 18.524874173177718
28.390472377548502 29.414422625363468
20.431133225272731 9.5917093464859242
28.416190379769095 18.876826386545059
16.426399319452965 16.66584721983379
0.65231712813900244 6.3178393914827007
5.3761433679677619 13.9928424197689
20.650995094227234 21.635335108469292
18.169714041567794 21.156461857676536
29.875285299523402 21.29633774370636
9.744112131468782 24.012778568288734
26.726719889865112 21.573645703800061
13.4062063154288 18.925176279848284
25.823062206140744 22.960112275632
17.402592850687707 17.959259881915909
10.477029082564767 25.258236439889036
8.9492120398346593 26.416504891510471
10.645349725309849 13.8886995585287
24.254290000821445 24.351436333253737
21.178665984733591 25.554150149341464
28.006943993091692 6.2064304671004571
31.373644412380504 11.457572025240005
15.276542269357471 20.128182940387102
7.8682550809418599 13.14057535315315
16.40200174516481 15.123634301104627
5.6409976014642185 6.1509819444555838
21.015544996751341 6.0686305649543888
12.381536080943389 9.1784006981282413
22.739217101585592 28.269750166434573
24.738517290790298 6.3282614569044178
30.296381557731941 1.6143476318065495
10.03764871949207 12.411502749607999
29.727056627828041 10.40103317912245
8.0490485323925736 11.270608929180497
19.674478128566882 6.4525996124585783
13.785133198245964 16.712822639431874
18.031355891689962 13.098481887532998
23.303116432906727 24.84663438652678
12.900601152267393 26.32522821843164
0.97261220223951506 26.036547478971585
4.1429722867570256 10.176627167626561
0.74204011121161995 27.844372421954436
9.9067987238078086 8.2458645371996209
19.277351977077313 18.13622794932143
0.41551481832289888 27.180622885081352
4.682496046627036 22.270253896051599
27.676278381121442 11.792674870996047
6.2574225624039705 27.149754610940782
22.425790647580655 24.798920247241078
16.113023475774607 10.86589031570653
27.354904915128291 28.256200444981321
21.042629771034683 22.97069590077928
23.600642691392359 4.2508782469821274
6.1144662961014555 29.810324196032155
1.5779271423041061 31.181249464054947
16.596642627149361 29.585942915009166
21.636774712107869 2.5678701237321877
19.02796348184792 26.508363651817383
14.836031601974812 18.678428113466303
2.6314149755638279 12.668954657788177
3.7727046667816997 17.599959227650476
12.928927330880027 11.605074922153705
11.654091193971917 0.76074104192482328
8.0289433800072398 15.516563102493111
26.167479838999959 6.646614261207068
25.398567832916118 18.637395148297038
7.0744881680259359 18.681349606457342
9.0108536744881622 21.961974614280972
7.0643274254016797 1.9945236700468219
18.278942945312419 21.932849930762384
17.881757964920663 17.649563822032015
17.466060541032569 1.1081134837934061
3.4176167413884411 15.873354270081668
10.028098730176684 5.6109107014019566
22.428558724797544 23.89783464759596
24.872355911263682 18.21248294483269
22.854147851949907 16.115926970078345
12.548326660755338 1.6097460148166498
8.5217669027398415 19.488766271376296
29.851287053416179 22.20003610675462
9.2058602929849869 26.673182350183414
20.965184811299032 16.43702486596014
21.39473301259973 3.4013426384473671
22.541545680771758 18.559053522233651
31.245055415980467 1.9099901954742189
11.045803838459646 5.0680829357485502
15.269892948804941 8.6891533592208265
9.7716629538097468 30.291771760786506
3.8224157311010805 22.050954878237221
3.6692048930583576 6.3906274893769295
2.0236962044375546 21.655932059175402
13.18340740564658 17.85935133009167
30.660991472759008 28.604139973656956
5.7045364845175435 23.168833082931766
5.1145722245712539 10.847608619288033
4.2959149355777306 4.71859802524774
15.392925934172437 12.082085071334685
5.9020361656774378 3.4780973871513368
2.1669332192109736 17.616077088136027
30.667218252382472 11.870330423355684
22.96170539453944 7.8399212938452791
14.354655905825375 2.3693583782078451
1.8941003949692037 19.51376835732469
23.64478736533157 14.074159984815863
18.64349069451362 30.221644531745028
9.8790838183436573 7.1646153148097786
2.4654950786818781 16.349775577451865
19.367773610662621 9.3963093352256273
8.8775095930916574 3.5486537221086936
23.745258991536009 7.2077049273818776
5.8954309013274155 30.080053093494747
30.522292708213733 6.9256549062037092
7.6731345305628214 22.827022862461813
3.1875128662292673 25.095664133517293
19.172822423922664 6.8807895905449854
11.536973539804887 30.35674321462038
17.88268944406752 16.249377727580729
1.3574394076854415 11.066869763310779
21.230929352758356 19.319321773264516
3.7546570613085453 1.7740824853266766
27.691283483387945 16.446107019566337
2.28187860474402 18.709958592437115
26.354538026644327 9.9186475713461189
11.50796803891777 23.566483665627942
9.7717403522100366 21.863683619550564
25.859717672685061 0.077007483862854859
21.990223177086538 26.119396348695663
18.703276505733299 2.0232382932780175
14.952899741141948 7.2331680068324316
1.9193995219264659 3.0741810201051281
27.459386891594331 3.9736062590526795
28.607131997746826 16.069494860026371
7.0970308536379569 4.5465689366436965
11.164765340541253 7.6614699374726145
18.717877703653233 18.059382952594188
25.841671647674289 2.5729242463229243
3.1539916616739845 0.065179164310511697
14.756130477362239 15.612062422083088
25.726761520157147 1.2983701281470654
29.373134047507587 5.2613942165572425
22.219405025253405 28.606482333173091
2.7409856789599121 23.264109368194724
0.14868788108981612 3.3879177357135219
10.659384887662089 13.353207529482505
29.803201634145317 8.9562326568252342
24.776211738540507 10.64162200800034
12.883982864314895 15.133594666449991
2.2229888753537259 20.559956323404258
11.718963676449183 8.3988658170056798
7.9158310820547433 18.546029920504246
6.4650181010744925 9.3786768583289639
25.620623536603862 26.906774895625016
6.8292718646295469 10.18476923465701
13.486540450401186 2.3806559921329038
24.120165642863473 25.798482956561191
5.4935163314436277 17.888245838356568
19.933538541816098 20.579465676921991
14.276715177696468 26.783145239305306
0.88839701812199023 8.6200715016760512
11.587170086590033 4.492737774399381
14.15442243941567 24.022576239136551
27.965991041248859 18.739442487218799
13.872855946324568 5.8479249020436024
11.066261806063194 11.503249850989206
16.83985443240341 28.797040517071473
5.8715680982548744 13.14348974882955
5.4710337673108898 8.608146892748703
4.0590562253276525 14.818923121892434
31.174048620148366 28.824933096914108
12.277728819259835 22.54557562503803
31.263366489010398 5.7511315950670703
20.050229145725698 16.774344328853381
27.521814772973148 9.8851554811988027
6.8343332866836839 6.9843434438946277
5.425266606792972 18.31473932264419
0.14384000818827025 24.444246892539429
27.442014308783854 5.759391037681989
18.247595662701208 19.231004390999665
23.909899518191366 23.231421896851561
14.877152158985924 29.124389093024746
26.622771371039512 13.139131469508559
30.019660397846916 17.085869054443176
21.179398120547543 9.1506765879278262
19.705195494506757 24.356751747495817
25.184708589737014 17.475165902234806
25.604441459942084 21.531166935962538
3.4813310915456928 21.153149491337675
13.720711170363748 20.453309072686142
23.337030654726743 15.331129238340081
15.6401249082303 31.110492269995948
12.343230831063064 0.13681981619406622
26.002492843195316 10.351977617377031
22.739689697770721 31.116954911635993
15.904995435366521 2.7904042644310763
7.0942094062714558 14.5913199351629
23.822766788273437 26.807557331853914
0.93159029409850902 4.2427036320293787
29.963661278717076 29.900501723125959
16.964851010145253 24.87854125770383
24.711671231370879 10.67703753988572
10.48862489448044 31.322388956057722
23.037170807379209 5.4381895580383866
4.5270286581435162 29.683796129523628
23.506076632169275 2.8173122752320636
5.9083198660296867 25.497426926277257
29.489728666591372 14.00187240954137
27.402882903836865 8.5918715009028315
9.3277957350450205 4.1456088024505693
7.9459806425420654 29.21776922176193
29.73637372107396 18.909249798785051
11.887718158438052 6.0288479354600675
22.010206731358593 21.892874698093173
22.521627929960534 1.3701730190259822
26.995131141559693 30.14452522559365
1.0744555580218318 4.3525377850714753
10.491215486869164 16.448283095764925
20.654062885204972 28.467610742652418
8.1553393287951703 25.452762162040695
24.809210242146385 25.115096743303283
25.322839245633748 23.419199552225582
15.633042605263874 28.746581718716065
1.2157932365352664 22.229882724051109
5.2578735115659949 9.8103787606624895
16.438298078359022 30.403764131950528
13.860184228634058 8.9898320907336799
4.8709883339843048 31.397692348585011
12.541224691262165 19.980453513009277
9.6919230002690053 28.029470235899417
19.074600014991923 16.262894782446768
3.575296457100539 5.9858810954418109
23.309690858214434 3.7458804905076928
18.919303628759444 31.560324335546106
10.392194899843281 3.1150515498688143
30.060968707419654 6.647879676406041
25.783619751253589 26.783358957904305
24.920894269061545 7.9985432864201771
28.600651018867246 3.1949198627405155
8.4715632923643991 5.0449715675660887
24.897746634554871 6.3480888142793459
31.50769174324585 4.6666223513022684
2.2199426027780231 14.860653228427426
31.363496923045346 7.6449155514857958
8.4177128314211647 22.819095165019444
19.307118454430555 10.261405045007145
7.3048103656390211 28.812125706035232
27.174113491767514 2.0356620376071981
1.4502734890715798 23.755041489483002
16.554695593184054 10.326723408350498
25.80520925013283 29.233246286679393
12.607685503438098 2.7359860011855086
14.891807644079643 6.3967050388030415
9.1962957738336559 13.961532858041346
25.512724993230261 31.265153379748973
29.207741295247537 12.795895130473175
17.945877623585869 10.983467904490142
30.435409119865408 2.6700236450675461
12.649937248736528 6.9087324770416885
17.645633863495458 7.1494707041718142
20.134459068879394 7.5779780005599422
9.3047848248009064 16.270658423953016
13.767700115752341 7.5420523731225364
4.3148427486908627 24.280851079696724
7.8103761748546932 26.814560315553219
21.286586945642554 25.032270455824499
26.963899132946811 0.57096349053612039
15.108573209757786 17.23693347369646
3.4487508391868849 13.709141437156903
11.113639491413725 9.3736791092057263
29.841896180598308 7.7199563583866793
0.28369036034714096 6.9524699803017258
26.993821011501911 30.13331746069338
8.7847231928437974 7.1027998584277272
5.5964950432619016 21.697232298405584
5.7757514413408213 27.108478310000773
18.114761203862326 28.558997654888898
20.100089812243944 22.883307055498822
16.887609553517567 27.328491160734657
14.132354460004315 18.108316329868515
18.485379398237757 7.2382432914142933
28.665159784012818 20.579573263409745
20.062978881109355 10.828514222332656
3.710062997428321 19.022116229685277
30.062281849478829 24.27202142757551
13.500452490063589 1.1211552931559661
0.26310198117562816 21.349630955900537
4.3646029570231306 22.855754741241494
18.571572056060727 24.075299503011099
16.603518440479476 22.295233408820227
22.548618299220273 2.3558090511381571
29.085103807075754 19.477567217071449
17.940834780917843 6.3997793624319232
25.373433426853349 24.457748225865295
12.211210819224357 16.094581458722935
13.368200775044317 3.7390833826421037
21.817957270085067 14.870130671458671
2.5457387003170022 26.266197648332859
6.6211286666124964 3.1717665139248714
12.035036081993312 2.1842914810658773
4.715986068394888 18.846858008610408
31.49778688538283 0.97279294214874368
17.538910067314649 25.118042619891931
18.18083334997214 26.403522130937699
1.2348571296034219 31.407271148269334
7.4739203318880403 6.3979098154609524
1.3661428016367567 20.680398654015868
22.608071060806168 23.024163880837687
9.1943466528423521 6.2274562509184053
11.657343279196523 30.711482104743553
26.506147483020282 18.202453438775507
29.291036585125383 26.597091834486243
4.0932319270992643 15.252624229109095
2.7591743522768453 12.151741443814252
3.9052754916527324 23.935344151766394
28.167834424743642 17.173165932456392
1.4238266882178037 10.73269813652276
21.272622809255481 4.980158950880762
30.982777655494214 29.666094094337492
7.056320036108132 17.216851774881857
6.5111406486012964 31.422912322755685
1.4115582835376432 15.122363970738547
18.310238914331229 24.932662496967904
8.2932056844458284 9.9638276230067753
13.089581619856238 22.877906075279132
16.609217085020479 13.898514564765538
23.988644004729068 29.309149573282077
31.529564835703166 25.203090201062995
9.5145764901048508 22.928188703542713
0.22692624867986325 13.009081879704475
30.93877153087502 15.506460219458015
5.2399949204889174 5.0558870577788362
9.9740834852241829 25.054652031973173
16.703557391365425 18.891005006310372
17.500303800369441 15.474484154205415
20.581463107960584 24.564630591380652
21.2312650081426 17.918366547158005
25.149678432637799 7.8683200672872466
10.86343402720731 7.0993457811594016
18.91548415987203 8.5608459561432699
5.2111589314715543 6.5471506600649354
2.8442300576562722 28.221174595815832
21.100555175617156 0.39999598330964975
15.901431368636738 23.526222022274556
20.122719654582855 19.038516151614566
6.0502247841328245 25.519554499942988
1.0104665340447998 7.6211651252768267
6.2364053392879635 15.523026754573795
27.035253611916321 27.901784334416384
29.578034446843329 12.058129859692063
7.4028605500415328 27.57847822373704
19.163215020540459 27.710665041416224
25.013388925725721 27.942636741911297
6.9886252649009917 15.750349540842713
21.357001635572335 20.620671971822539
28.206748352656298 12.632892988947647
15.126361802980544 13.364220328535122
0.51957794432139748 17.283570889758664
27.174618518303156 19.592118818149302
25.926004428888401 19.790471126777849
2.7670907524000898 21.903951275596281
11.061806077007684 26.718902924057346
15.993040493424836 5.9697389033019475
1.4007497640344506 26.79669499014442
6.7261525306365915 12.685009954414758
22.475446609054064 8.7491099338226341
12.545241176326739 12.263799465607354
28.145681367561547 8.6604180947946858
4.089032722373652 3.0766455340159942
10.951842408481101 27.243254359386224
24.430347963316063 11.849054680336392
18.697613747470388 3.8644835404393487
19.119600739387515 25.225935227817153
2.4690599742848041 3.1635726921848066
15.761436715425363 5.4727939685589897
10.641935015496006 14.912490882771964
18.474453176758885 8.4402621158987738
7.6889697023920451 24.502510768314266
16.04608472677327 7.0178790509664299
28.912616274650713 21.776336870567921
11.867464939309022 3.7191721542380471
29.545109178237034 0.70160126224760022
5.4490211498463763 7.5505001024320544
27.403835816315667 31.566186223227678
23.81365079079216 18.44742941984374
27.958252186022172 23.647310528515227
5.7289287474065675 8.2335263723819647
4.9340536878530568 26.865812671372314
10.36383267821896 16.255659716633559
12.855262264973014 10.180505092557832
13.769390442085987 25.238260587450984
25.839041644154911 28.993733435238489
27.593039891969024 14.779369769584719
14.210557606622309 20.958772420245193
31.39476244365261 30.788262693022027
12.453383844819983 12.780059578235329
7.2931620063572709 1.1520335188653767
20.118314975883759 5.4785421849397489
13.989832165175407 13.629333041843948
31.498707437338378 17.102490806087019
10.713085373918403 17.332454589293594
12.002879681458657 10.289946361151246
0.89731229182608563 29.701711985519708
5.3639107599552958 1.4689043794924377
12.432075156108663 5.1061616733621618
8.1987561623445355 19.237792069635152
23.675695415457206 7.4582809439284539
27.029464094684194 7.5920336700791538
21.889344408288519 23.393588719429239
25.280253559309056 20.689692979013024
13.044407101288655 7.3695013742568367
3.0373588641101121 0.69709062257071241
20.088845914563347 21.731731685574438
30.97535595643301 5.3637079326862889
11.458907666724821 24.541087548148997
19.83494712839898 25.650606118767531
14.433669454181436 22.221543730907854
28.623271167205093 11.383424948944436
3.7393570215731478 8.0299504215046937
12.927814853499564 3.9912124390389092
4.3048406195720572 12.878331542765187
27.666361731217201 17.801485545283548
2.5720642464820829 29.607492812555297
21.66164029215447 28.801368116700061
30.499443493849085 19.946745564486264
13.688271807536427 30.647318039740341
8.6635881007661677 12.123538588978764
17.398850342704023 23.526352482488658
2.3449634957952021 13.557876730256517
22.250336899711421 13.647074492766055
29.25950953427159 29.925055604502635
27.187561752928712 23.713126489413057
14.369395206425743 7.7762200223211408
19.241997835241719 14.736842737396488
15.15959083677364 17.496876050572414
20.327722650436737 3.2319049149528793
21.711443966516757 7.8687579787999642
26.159479834514457 25.605070870214451
3.5748658122937038 26.992009852106278
18.855020604655646 12.10811678938353
14.879114511004019 1.570682705188355
9.5526637885553516 31.320304770024901
17.461262968808384 1.9146737975503527
29.789866709928205 2.0881317122012812
11.136622041311304 2.09715324157473
3.1812532980156676 29.849291884162913
24.797159684104855 5.0017120256754186
22.420245715605628 5.6834940113883832
25.947033487710925 1.1480534316132649
26.053512359401189 30.618855730084313
24.60516444357923 3.6462372140368036
22.122494468070496 11.065360082071882
9.5312447115326062 12.745995512344363
10.48213973943772 21.342694756583995
26.95875668316209 24.554342821322365
23.366519064789092 19.618260606707416
17.798673693641469 3.6928749621462078
9.0804268072612295 17.789259478041163
16.163457514547819 4.3874511770135598
2.6143477239688511 31.164472534968866
26.052723026938487 13.77174010639737
23.891838040704013 0.12011123705538336
16.251194223552485 13.051062892930997
31.508466434184239 9.1072835471603426
20.262780405041216 29.887867292795466
12.994793984004275 29.85136904968649
28.736989107935273 8.3818172759818808
28.258953705386823 25.069497941262288
7.1362222225087768 4.018558314648196
2.3094126721932393 29.416610360581956
10.01085826979668 20.124649628698446
9.0032907786416629 15.394316829238774
0.42850169554560913 2.4212437684268266
15.663442592865541 1.027701617101344
2.7365142976306891 6.9335618892326698
17.070357137530749 23.062414210939362
13.957761351160995 11.380445285725212
24.036615643574578 30.747821895342039
1.797234207966129 18.172243568839619
26.150982104055515 6.5800161120492779
24.06967979027883 1.1104221016821352
30.450415956222507 26.380856699962976
13.613995816553222 10.636457463843541
7.8043505544869411 2.9711135279041878
10.583210428267687 23.671374384407684
8.1225872455953425 24.140604277673393
28.643548063469794 28.288988119670702
2.8064300215451459 8.6879448942486359
15.61975387575723 24.660931040592509
6.0603273716014883 19.587465693028861
15.16294824080599 14.491883093124434
10.126890703477379 28.840750745066174
14.470130218316211 19.454587801237242
21.140890566784677 15.53869613703546
23.350770872027521 2.1230928558856843
11.712646679250142 18.952101166399824
22.278788245756257 4.3599535067170079
9.1850700581401217 14.821965418990338
25.599299595758993 9.2384660898474955
28.088351182774044 15.49469443923109
29.173565428334907 17.840628129481431
4.4051213603974437 8.7757683261142656
10.843287749893637 10.042472169769574
20.733600137029558 1.0066375434251922
29.843095648118744 20.234612821513878
2.8240758825751264 1.5370807375590549
21.626814313167714 12.228279696670935
29.19349791531738 28.049533929379738
30.636435825172242 18.04131180882051
13.477844062201759 4.8430709841722992
23.359990560555705 30.202896262250214
28.879898727159244 23.121771284587251
29.383936059610075 11.006239515206847
8.314215452156855 9.4431038220119152
9.5398612096062045 19.044963662505076
8.6447025427673214 27.849227630197664
27.479806883767271 22.523178253814816
17.82278584512213 13.460411415515093
19.582170765787211 17.209260721237197
8.0600567601213129 21.494186183296165
5.7154320362331479 14.921318391329795
17.21554756567485 14.500640420376337
30.921322822166072 27.175743795194823
27.568996426068761 1.357341043417166
19.603533657859963 19.970073915428799
13.051890845623472 30.377758358588661
13.45588981509032 28.949201710270216
15.945026702934348 7.9766698925807926
20.181398647306196 28.251109025829646
11.624004764100871 25.975744833119442
30.793219408316958 27.563574474256598
17.124174440961731 20.020634345135853
5.6605063137361453 20.497412330000525
