0.15397718187959367 11.017708208699517
28.71926817189054 22.347245852483489
24.705548672157974 29.577273278744968
15.429786103367045 23.769609301921903
11.006497410379572 30.119369987682511
29.039035554247199 12.530016820368591
5.8233359984923876 20.638843539441094
15.983426581579625 29.364838718900852
8.9657293341586453 11.215607588988689
25.688347809754124 8.9913874689713378
18.866705366057232 6.9643121148238745
31.558693504554057 19.530785304054294
12.536692641768154 0.11732261509281673
30.627225117559515 14.554037945520751
2.4864102048091832 4.4694126326108679
9.1639153587973237 3.0578373270761401
19.230172501288354 11.930710696354572
13.100851078779405 28.620044955302035
27.666231118870662 31.055660962155809
27.662499289296722 27.334526250086139
0.95957651952483958 5.7854031740253218
1.9820035353270198 7.8396569978225576
25.032204705083778 14.253564148962562
21.884670134440874 9.7438982108054013
7.3737252840787839 1.7734613214381767
29.953351440998642 25.401837321054856
11.211743267169634 25.311353805727428
1.0607585992712258 21.833597513911283
3.0315244652561226 10.103876583590212
23.159777051602628 30.498230787742056
26.361365142712661 25.430063516760821
15.052953911807441 9.7200348667080583
19.532504804135037 0.78664198856236267
14.691810297287283 5.2182182496051279
15.017453225286182 1.3238581286510414
29.022154933012608 18.778212269860209
5.2888599781206889 21.221715289381756
13.004848163785701 1.5334530370118689
30.610066683717541 16.111947771428838
18.368585866517865 12.946664642486686
25.17424293006113 15.940371909744094
7.6943664324187457 31.422256887760859
3.67577489296221 13.30807734585705
30.129756814952124 18.020639942304989
3.6970786817774388 22.140447845564125
3.3391319809640114 3.4969902429552477
5.4552095858720806 25.211501241171469
30.436748629934776 28.580273374116675
0.36597528682976477 27.498057774127602
30.125162455304078 27.526541208022056
27.77624686910157 19.428483090095725
11.282252186024859 18.271062517201617
5.456992366634946 6.137649900267224
26.701752049838497 16.170456073017945
25.245548107414145 27.878672863232083
31.265245182841195 28.794588930756884
1.3682756933151992 31.288324196590999
27.736168890587564 21.636744281544846
10.070717917537765 9.0429237501206146
10.246267241500734 1.0574963896457361
19.999661129495415 29.032622333563605
5.6906986887147299 7.3278647384310283
7.317791338698969 29.564018755352262
21.91008687883199 19.416638679252539
12.224025543765334 13.677811971511751
11.240108108279827 16.175074501026295
14.277050925574533 21.263762637063248
15.763520836046386 13.840432572516461
26.63202109882462 20.793842694598954
30.463564838738986 19.972583803209442
14.097893159178401 24.713401024399239
25.007407310164567 17.885381038925821
8.6319876707802994 21.373181326539548
27.433579096680731 12.936133394728444
9.85974700183443 29.338171487873126
1.2773265953998394 23.138678432851179
24.921406801749519 9.571086135973335
17.234631267997987 28.381453629562227
26.764446453623197 0.68321297537222259
6.2730166084843164 13.97435396763712
7.3328686152745242 21.469829027217891
11.78039218531457 24.599434911325488
17.216850253422557 16.563175581210437
15.059071442258908 0.47640433053930609
17.192916881602041 17.847304411836394
16.318666577777922 25.409581141157705
6.9520120881438743 5.4065925423236711
11.35922200103338 16.727128109944353
29.397776211090356 1.7142125886124573
12.840226734708416 27.687508001155908
19.832067426549379 8.5772387768301268
20.916092862955058 1.283779531894075
4.391907107210109 8.8509182027171871
20.590743486253775 18.469152547131959
21.132586668181311 3.9620059016549347
21.602983127006848 4.801906707943477
23.119078475446795 6.0263088735885004
3.098186517879209 4.7395887577840075
3.7432901442684781 18.352248186348806
21.681559255675168 0.47963966262557389
25.047831913125123 17.77874665102048
4.015810276316981 29.211581902900143
29.073984299978697 20.711465835876222
13.911649958245375 6.5624868675111774
29.824367736492857 13.0065993706116
7.5111985869163957 26.637683580715748
29.526083698764158 0.36297201250020811
25.446621319626349 13.863421335075239
4.7321962366979884 24.662890932727336
14.319170528290451 17.875263027028645
24.062835475100371 1.7037814078615736
24.406840833487308 3.6738071244664892
29.929507330542897 21.861117628006294
18.433562235247628 17.42837026471641
24.052769063762266 16.722500485201937
10.222738985398193 28.387101910384896
6.9923359890212229 0.73507843465446676
13.073051330338998 10.875272107242488
4.2309590343445551 5.8903787945080541
21.102078161778536 3.6155126855502706
11.49244555686098 14.561003701914114
25.781375591610558 13.180811421404632
18.104532175063817 18.58688021765602
6.2347436276577044 23.693427828368904
20.293526005174094 18.946285322242669
14.912015315635978 22.590740821959081
2.4101405973190348 26.936090440424056
13.932298694006096 16.321157792673763
21.654350307981101 28.087759727995849
23.668091569448102 29.413033744377167
31.320245610319912 9.6159522534009696
8.4235204642096164 17.819864708448783
20.551593864285177 12.887404361956582
22.876074618586571 8.8005429791151286
10.366586433497128 19.592633098628742
22.018349146789394 18.115595723020906
9.4573833973349757 18.664740823601893
17.218639781276163 20.758099659353928
27.027932274534979 10.627150085137302
27.640348110442357 13.911766163395621
31.012890927504795 10.109735175898944
22.56336912518675 11.305543740783234
3.2606686731372281 30.738663409475567
2.9141176825330737 8.8589200083604496
10.437611920391126 6.2234009336208356
20.993463215828289 14.830880037269925
20.976828811251146 20.821669414382747
16.614189928615183 14.717398066740222
19.18384555562762 22.117868578214281
24.52915159008209 3.0202673437031402
4.0947694143378337 8.2159131040097755
19.384944642217096 20.048581949582289
2.2768435420100457 22.265877295056182
5.9933407353828132 11.455393634498575
15.146436958376569 16.053416240354125
20.324377181409282 26.397453182298886
0.68909264956491334 8.5317323669396252
20.117062622503465 22.718225063384761
12.857858870649642 26.525854146525774
25.990707541448316 7.7842203045740224
10.385137690191607 10.792125988512522
23.570496481203119 21.220342524508428
21.41949291861371 31.302443283132124
29.772475115935844 4.1539195129160431
28.370535575703961 15.572893208850799
28.490786819565621 12.106524260390701
29.496644473341501 17.037394621233968
0.64018426213622681 29.808119032747978
29.289508184658732 25.389553396389406
22.246592776004757 8.0074008394661877
28.495247018230273 20.086229129139213
25.713934142055198 23.479350571597273
8.747964027795275 19.572512801289626
19.14132298863996 0.70920046831968153
10.284736603480495 25.987553683911443
6.071226397635205 12.072660298522385
2.4690763352377139 19.727559781801673
23.804337261706859 6.8941468135999395
21.299043455332395 11.665583515998401
20.079247249207562 1.4476306332948445
18.127429049852115 16.199008740158131
10.086976580861469 17.545576873100476
7.5133562257827373 22.280058330708069
23.554168163163581 25.132942378293805
25.970659550156615 12.499623737817039
12.700729395574307 15.588566519173098
18.16704465279587 23.070763161213904
19.567481849272262 4.5706732378767745
14.814297825694208 8.702815118812163
9.4246975333727097 24.886013643799981
26.671840276387012 13.956786031697767
0.90133172924257765 9.7069074373250537
9.7014040459555346 5.0435609614634709
3.3527692387920833 2.0593000957122434
16.654850936174299 2.6615487950781547
0.47565058964491724 18.174866067160092
1.5137514074481078 24.826061763320734
25.811345677247697 10.025394827846066
27.441467297801438 5.7484765952354326
25.097138789412721 8.0744135053914619
6.5211652559116429 8.1857156030988438
4.6705759037020718 14.574999895441492
8.1154358181214228 8.4244231153538749
17.501634558867657 2.3668080747835059
1.9996761443412654 28.731476518966065
7.9915467770999564 30.260077072497072
18.717697990931207 9.892485125748383
28.937223621159067 28.500772656158247
30.342898520213307 19.458100293613739
19.300330107923781 3.2159270514351959
25.053887270579818 19.674109796987779
6.8125485057833295 18.230512233285328
29.997731845826291 1.5191033014948878
11.604740221562073 19.007400213654378
20.374521657442429 5.3951719175674731
28.359643494091397 11.206318148311601
17.513276076647958 19.97235468554824
17.711289776005792 28.226757028048706
5.2610162552673687 4.0360013860329298
15.584123565387463 17.359034848652303
30.776160890679819 6.9454595652285915
8.7373133406359713 26.479455660202259
3.2272121278872379 18.385868602572252
30.956172850415516 7.7750367127635851
2.2642353560623731 1.8373959557348865
4.9069548979895057 27.538929015083497
8.9084131557481161 29.899319951068456
10.233099888550688 27.337865798363708
4.9090277497332577 15.732870625405909
4.7949336902779516 5.3816583223565884
12.276808115582497 30.740700296585558
15.089106052262979 24.806598101852519
18.460977168081914 8.0942741452430038
28.776301245263106 27.118585257427203
26.04832554551702 4.4839972115620021
26.574494496696595 23.015612960103169
5.5024524300470485 28.410277758431551
14.515262278554326 11.035298962730071
19.235249914426667 24.115944225254044
4.7031818647541961 27.245201407588645
27.876093770974048 11.179507675392303
7.6533571562956402 11.17275837167241
26.098973449948563 1.8890236992011222
21.16542275912991 24.670135794803301
0.71079688779511008 21.972170462874551
1.5646895854592053 10.136213413081697
21.824008011230749 14.06005467781141
30.003498345196558 18.374395581640403
7.9605207450583615 28.186155757443672
14.513148282869597 31.136136301246133
10.256746395488257 17.53860312771706
26.431339571034609 28.897383405096082
23.382681045935865 28.08129382345971
22.057808422531433 2.5725052962909425
0.38136431429988632 26.298313740041095
23.969551047115207 4.8454364072604514
2.8132374689881652 14.255711992816778
14.675207122932258 25.395572264178885
17.201986124844286 8.2936265815598347
11.952174779881437 20.409804979377231
22.660676689418981 4.7721735138687134
2.623982173673181 8.8418182919020314
9.9394008323526091 22.091832858024134
14.884699788778258 17.455198635946868
8.0305759881552863 27.871031321577384
24.411021276074305 2.2409646942485515
18.363128437391584 8.1676037377498982
10.264208950815444 25.655769392139103
2.7042076044560446 5.8443490988203752
11.553882917026856 0.87786991028624772
17.195301716062019 10.620909657687607
14.359888221271762 28.464562142788878
11.660530051485599 22.300274785344566
8.554986198789349 5.9742811010586028
6.794933590174983 12.83774987913638
22.70577389337685 6.122956251847846
1.4621320448197379 19.959098749006831
24.025819549803288 29.424765397696451
21.068290307066007 8.5342629249806272
13.058252859073967 22.505124625746024
6.9810888323562601 19.308450288796827
6.4779663807212247 27.578828023218584
1.0731443178901361 0.9750075734179009
17.363999272206915 13.176124140532497
20.399383093762275 31.275629779283491
1.8455209084901076 11.811736147932857
2.2972680824397265 21.211248230175634
11.70804852743424 8.0367481238447134
15.819976535065196 3.9242122265470281
16.391591700926924 11.982148553686836
4.1225076125686675 17.752448411572523
9.5102416250714459 16.425027921648379
31.280264242867261 29.217438421781111
22.555574323553021 13.41173894480333
14.431711172045773 29.150932039559276
17.867938421357763 19.072221347719339
18.483194159625157 16.376309945974771
2.9299803371667879 11.66411185565299
10.034504316067967 30.738209407610501
6.0659618472765029 2.1809216195843315
13.894721846146215 30.048134789809595
17.85810126486809 25.690666568534422
8.2393970980656235 11.451010978107741
7.5584267449944953 25.339621736092305
2.8582809333287873 29.318356909072421
0.27874447089119486 2.6597064840494848
16.348443504216888 22.393224642431683
11.658567403747329 6.9229726325787206
10.053581424464031 14.194180561133068
15.628460021780066 28.191526866715847
25.166911995578566 6.5241585932839188
23.666223953491357 16.646227354773856
10.199945576594445 20.601115128809877
0.70451319215018815 14.112801363777304
9.1446557400985906 30.998261224535916
6.6818512215041945 20.82583945623777
21.532606975390937 29.371184320319191
6.4689395623655779 2.2569827245938425
5.0420058572814055 10.188299238237754
28.225285163411815 13.640814244269281
6.1221922133218136 16.009995188928155
5.8461649222833811 28.754633375718626
29.056749851467103 21.365515048207588
24.237567639963256 22.864226819220324
14.93836878523765 23.443436606558233
15.095115992510552 3.5786911645873363
19.579038439734919 10.65825547760126
29.640475608956336 0.28584730569145578
16.802719754826498 4.1707057989502143
18.074806375621236 11.565562411623796
28.483955130842531 24.579128618796986
23.698543847482902 12.48320599661073
9.1618232064553329 6.4191188348434833
28.896336278444828 16.438441686903982
25.434011403703362 3.5094774213704931
2.1970571225084732 27.156945307785143
8.8865426507023759 9.6989004312285658
19.940104421014858 31.240552083812556
17.078472402660314 21.271636918465006
22.531623542134344 29.169019122463293
30.127779199723577 7.9767668259482924
19.345559658796731 2.2054753377343239
24.024379887549088 31.53212994398579
26.497837405860814 5.020288544721109
6.2274991830089901 0.37986388079103223
27.688258892107193 25.691725367596131
2.4027229987978291 18.217749826712396
12.061892138949815 23.633899994893113
11.062074700701263 20.945049075240505
27.806319322490932 23.055270462284025
13.170128175713469 5.2959479020938884
27.4321596846017 7.0730266259759036
6.0556960776104027 8.8245950245866922
27.258247710664541 3.9529960988637085
17.762622650146888 14.973794415468531
21.417221114937004 30.506099397518618
0.52105340915980458 15.697622850128027
8.6054970258714398 14.312824012236945
4.1242246394383555 26.192157813859129
11.114040262208709 7.8282745707445249
4.765458478503156 23.490256895642585
8.0332569045117648 15.544268592144784
3.6786609130847845 15.199130753193783
14.976803169591555 6.8843212288820474
3.9880275672630461 1.8136616289855025
24.615994988527628 24.643689992097976
13.613692952309435 31.418561768588685
6.7089563938745647 14.682162760226671
20.789288988109057 17.373386039859636
2.3336364263322267 13.23944842677224
11.498533978282266 8.8461763025697913
6.6046659830045584 24.81025587056007
15.441077115908428 3.1190313024746934
10.104062841384488 22.514464817571554
10.888962355141636 29.50915695388121
23.256239354388327 10.647876347100768
6.5873829794225482 23.021573071603413
11.495418480958831 12.467028492772503
27.638289785638545 16.656932914458846
26.377255952267106 11.930940276521982
23.879668995106716 18.014169580494421
23.452563787929666 20.659175263488905
17.471166207418097 24.531682595259177
11.282293493472796 5.9812109965116109
31.021984557629086 27.466192162648888
30.576470756343767 11.021738081072186
13.259961267675015 25.282268839050005
6.7936275456417361 11.051978128655126
5.3477627780162491 17.631356221826668
28.431757197068436 7.9629328702015707
19.94852678576294 4.5846607296471191
8.0910502250447571 16.646073373146749
14.258903711172401 12.347727878361773
27.081162361431097 30.140468243171011
9.1666068903609066 26.497019476316183
10.449098833296828 9.3762085542200975
14.510672544834518 2.3535252610805162
13.869055201872314 3.90257291254302
18.271434131233644 21.798095915046204
7.3057525902619025 16.388283922407766
22.608721623599731 24.420346701541604
8.9670895617601509 24.849349682417998
11.41870888643213 26.863439847121139
1.2544218363113082 4.0534614401622742
14.220379477766304 9.3947261202285155
11.891868936411463 19.663850939100048
5.1250362239542255 29.912687102451688
12.904386601306262 13.509748830403693
8.4914353204507371 20.624196970525965
13.8622575863874 10.552665167696718
13.266850750017037 12.71632342357896
31.283281273371443 1.4143898943220705
27.208607828787638 28.581768992840907
29.869635510985084 5.8695175706280525
16.741763020681592 30.070489538355751
13.410971067921757 27.905296036832432
9.7016003738582626 20.506864471278394
10.123176967882365 15.330012917059253
19.291994879967881 17.960430503451686
2.2987004558592736 16.422206531616677
18.567172736336435 3.8063431391689333
10.050103402125746 10.323970105063895
16.768214589649819 14.741392352417307
5.646924694378213 19.726207929199965
4.4089754244307988 0.052497982994372111
29.464086434259546 5.2918958767702922
4.4747253572605707 11.936562740025035
7.9462670250285514 0.80404365462079774
3.784777309923602 20.182847175989018
28.503821217961907 17.78416269852686
0.018768449864276296 12.243457768820317
29.999619521145895 29.861104378277307
1.0432258970545771 27.295837354956685
9.1860773265282738 13.152173208118569
9.0688632739074535 29.326890198871794
3.5491293976533362 23.560531883963602
26.275044807631488 17.811476896807211
24.257498234201421 5.3423103635798963
9.1493786404493207 21.906153128093607
16.936406532723169 30.226293300024242
25.565954601438811 19.11134270853432
18.666749582104323 4.9676186513000937
16.130181694950668 2.1740746394430182
7.7930003996891219 3.5336598750535422
27.532020681675021 4.2038864996897853
20.841150386878265 6.0196545736511498
10.936150827807808 31.223575034939397
18.564307871968939 9.5323067568501614
20.304225177229778 3.0381827940419397
31.432154693368702 23.071933714659441
17.456124276662145 3.3594266989140231
23.87987144858047 7.2491973786824957
11.681102549629914 9.9951409029433442
1.9659823525098257 14.440173440973162
19.203399575619315 26.295966336209201
16.826322493552507 12.588743751811419
27.629600863499707 5.9964714842232647
20.702666751290248 27.204548657266944
16.834148731618171 23.94138682234583
19.812841566974821 8.1975541405785552
13.05243398279398 23.701264029011181
7.8333146717177451 12.754239978845982
0.60175326033354359 16.051197478147483
0.38566379180736826 19.971117320974205
19.369157256055374 13.068735594000405
19.768378542484516 14.389629951493665
19.36446861295099 18.658430806353181
8.089602955759613 23.95338818513132
12.88213843980567 12.232112957433955
28.645589124199489 9.6752812336736351
26.474192597811854 24.713923806324821
14.844295286678085 14.956906789629885
8.9615410567836644 28.20921651489952
22.140013202070996 12.391395553611
14.803268538656054 8.1881742148088446
1.9121768336156497 18.962782777092851
27.95816538727005 9.6831391028943337
25.155001585105055 27.993216959272356
23.929832151402046 8.964866829874623
12.823286129651137 18.271786642128575
14.535397124804193 18.98611490279912
25.861673259860471 26.429288262857778
21.474258161183037 10.069002687898022
31.499077146988885 21.151976078065104
21.474779299630036 17.234854773236485
19.748201365061373 25.469976521033018
26.482960763211221 0.3002907753449599
13.264540158238614 7.6312051202646902
2.9933472509819103 3.1252919408288293
9.5731987966247143 16.083554734702002
27.332247282719067 29.092127678421061
17.480714359985132 10.823797236510813
27.46309483342143 22.164137258104965
18.578614517720958 19.794200628232819
16.398298855948337 7.6745845628859009
14.90417565748564 13.41834633376879
9.4688655834913025 11.752826181610839
29.098057101677533 13.667640796497038
6.3203431654767943 23.913827379568605
21.418044439889393 15.267814736565631
1.5072067356241312 17.663623024421373
9.028773834060825 1.2583035528229713
30.967777581717879 21.36376968137797
16.367624616392966 0.54540274461753235
28.701435360723814 6.9361787069226466
4.5104244005416101 29.646681817008435
5.1563534009865748 9.9129377847263171
31.54918979476281 17.159683205043784
13.214736142184808 4.1790854399957702
4.8384153696468628 13.286975664830532
7.6503080284618914 18.561309949378547
17.404762401572057 7.2558455758620903
27.399142058048145 25.898985634086458
3.8229572592719636 14.88220399890935
28.861398190872194 6.340007414150822
17.116588279664054 26.887839882334415
22.974756962863488 17.595540699550384
14.061433581049009 5.5274827245037201
27.251721365375726 2.8083630264968358
5.461528603962134 16.764297259205446
18.277720991018299 23.178486116803196
19.731332864230634 9.8762169327398901
17.943176795368103 5.2120743081770664
22.561281842437975 26.727140243174027
28.371961892699311 15.363322259710387
12.564251582297011 15.266642442991701
25.484311519225031 20.546770298600673
25.339111105029257 25.874089702162131
5.2040664391498641 1.0524984871637109
29.28201735216296 10.359844386434034
26.547625784077116 9.5057438896311481
20.727630893376048 20.3667772207144
22.577397367315658 22.4210191191181
23.431861070017266 10.69634754657972
12.69675679254413 21.261488896021959
12.402863929953055 2.6271871463864995
31.256804284192 3.7047409782640042
6.6277111858437632 3.4597480020344862
24.146446338923962 9.2225596188493544
13.717996613651586 7.7518195683511619
7.7470127607125256 10.056005911036047
0.77114121525527868 30.134978953300127
29.300189236417271 7.6421283244102183
1.561125913305258 8.000137996907581
8.7851058977579974 9.8506111468150834
0.81631568467915583 28.426401671529838
16.642054844898972 31.295075622404113
13.693853807212976 14.017756278130316
10.134665396345206 7.7131218659851921
5.7949861194959578 0.7984903594707653
8.1269086082189794 14.242951232649505
21.800626824410482 13.435842090081382
4.4570943057982992 2.8828397136796293
24.756019615450835 7.5409626141277624
31.337135213646039 0.59344519847273691
23.815310557186624 19.879158786254749
19.066543461761349 25.51152294691564
30.246573915543415 3.0206284341337954
22.587368233982914 4.0315420905594834
23.192021840032734 23.877714348372962
22.773795715228381 31.289533646502637
27.537521433698409 9.1308673079159615
9.0557365713491738 12.94409105196338
24.532598394341981 24.533056604291449
12.974880269054587 8.565548788258365
13.053853412864036 6.3855029156309362
28.030998166350507 0.94233202147541617
30.276366576093061 6.4359848053646642
31.014403170832328 5.151996442921841
29.354447008273638 26.655076271973222
8.1499397251849697 8.6836597770510053
29.141667705012818 22.868735436751926
31.038514976174227 30.669689396642465
0.67221276523712936 7.0895143545747228
19.917223396313929 15.470301966780426
22.506062970776046 22.10482660469367
3.5098840839229277 9.8689965201484959
11.199165916727463 21.481991782455971
16.171165129093254 16.09414734655504
3.170088209977588 28.181758351877566
14.421171724863445 20.004300750064949
25.832414996501832 17.029078637646499
15.494140536788361 31.196987598748091
12.330048628395467 5.2748600396533494
28.95803168638097 2.5262759248802165
18.217784246386035 14.829142366211524
1.0643375668799429 25.23708875459555
26.303106942204977 21.982813485849515
7.2829007727316331 7.0853444698202148
12.315297203588388 6.8720814997180009
6.3145193407976139 6.2557275987092824
0.043334164349878024 25.063380502720946
20.513264377588641 13.922160678982392
6.4330479431529088 3.8867443588882966
2.6655796834114707 11.048841567523521
23.387073667544591 3.823988350043332
8.0627895821771531 25.998012822545999
26.672253538294292 8.2863086577244669
20.473028189697377 12.616527495404364
20.261945387605564 6.6403109245248748
18.369687319441553 11.575706719407203
30.231451751761721 22.973915936534489
22.061938914074165 27.23533037593992
16.325919673638698 9.15568289444602
22.591731531099576 30.426006188583301
24.25658363836083 19.209638466775687
16.242324763908439 19.513851426082869
28.151929906767315 27.711215834298436
30.273427114969689 26.554557770100924
5.1762570373759109 18.977911784176985
5.3498207898231378 7.4301126721755315
1.9600758902487614 2.9671371137373748
20.981432256197337 29.809191390257702
21.521161840295893 22.136643467565463
18.715066671064822 28.874315615249309
14.136656073364149 14.263411966764135
11.290830176093401 27.142000478306276
12.831498218106566 11.390935100106507
5.5034231529195718 15.197467785490607
5.6417168579572712 12.830572525150911
4.9573368987504169 8.6173533766000805
3.4878854375778143 30.573557551705996
12.663882125340777 16.98681304176289
1.4163382786751746 26.167410449923317
3.620056054212331 7.2291349098016937
13.657822216268663 0.34026609991192391
15.765583903799431 20.210667748525591
30.85513720396915 22.262716000592487
11.48939859117476 14.109662781459136
14.822443012706437 21.941347769628113
23.097002954001439 2.0476631993913812
14.829280733838512 11.734729081812047
15.878997424766069 8.2365399179408136
26.73762537866018 7.2353178819448365
1.1933454387992912 24.067959870928235
1.6794366708831838 6.3741658139666066
4.4593392189590544 23.54730623549532
17.970957826679321 0.20384489456538588
11.891677011304678 25.63155814307456
5.3293684595790767 22.19688357929558
2.2859828223698564 6.8213884058088645
29.433117999928164 8.8159164516679152
10.505212770833939 4.634303307713866
12.913320494326069 17.173247571607305
19.144363270217397 5.9898383313904588
11.039523253944118 1.1418518089858865
6.7671373544855689 15.604248924786479
25.572782024460249 28.806173080892837
6.9934427992923496 4.8754802336655914
7.2041948727296985 17.352807464032715
3.9183496572208156 21.226889720688352
2.3137930242894091 20.940883757091736
23.962462782351039 27.905660975823793
16.530932638354709 19.148164125532968
20.138175488605174 22.438769072216584
31.095786123326665 0.35384285496909662
6.8967567755098722 19.700681801423162
19.358396771396507 17.140628731254225
17.897010535255806 1.4956705236647989
1.6924610683929846 15.38193087258518
4.554611837941672 31.132602035055463
22.278098824641635 17.134925216712247
19.13643340060872 15.238366530438334
23.813190582413345 22.314690774660498
30.981519688600887 13.209389492666672
7.8076755597894127 24.511377582287942
11.93495478505297 3.8933862685267826
21.953582917030985 25.198950002788138
17.504799859474193 4.2217476770457818
9.6163822700780841 3.2987340647452328
19.440911135257345 30.603816511988924
3.2883465844324364 5.6679675260888462
22.259813822048933 28.509542073532135
31.257713455886581 26.374397644379055
13.598509842979988 22.49472095437844
2.7468745897382565 0.87226764648870891
27.267662692134731 18.268573263495252
22.200670604796571 15.864235037688927
6.3683393930210714 29.055172280875826
10.954359805342175 2.0097685536810856
6.3357005264975301 30.798846196708123
15.076025590836339 15.26759247154753
11.49217973766706 11.061277242880299
8.6715788217813987 19.010083681213178
12.926289348657264 24.565294977326154
26.180943472728206 6.1963248129022652
14.555978277435541 27.377400374536851
16.046214180703313 1.5370731776217201
9.7719080025130154 31.536861677466554
2.4157346138046316 23.892422867649913
22.326777935952116 20.870972703509853
17.83254561678017 29.407295744894302
3.2185226119504966 7.4069564039071949
15.861213480635483 26.424305392518303
25.300425089925984 1.107420300762177
24.302363222268625 26.283551505747713
30.876564820144004 9.0658089615421638
15.415589615764292 21.017364354825478
25.165336287867333 11.191300459681226
0.96124163068732682 18.742631314811902
5.3726594621010744 13.866431068399159
20.696662301382773 2.3922213590453474
16.944979224311446 6.6812152171111183
3.1923564279632042 19.922447905324031
27.513985952407655 24.166735612705825
24.233333701082287 23.329633918531066
2.2587032249868977 29.763833148605805
26.814956549051701 20.137223402685848
7.8441534041939729 20.326586748824319
16.030219364463377 13.634639090499332
21.260887170779036 26.211274058442292
17.350996570835164 5.9544114866078104
14.999902793468198 4.831195778073452
10.282166149145516 4.469658214408148
9.8577904079056342 24.09743968610907
27.052350677569226 18.624057898597474
6.2551295506782392 17.413471370788915
25.934100676669079 2.4076412453908898
31.275459116322722 18.490935710437864
19.008235102351318 13.914280497547743
24.362572614425257 31.438976949537182
3.1668057263140703 25.436406105250036
5.2841743419794271 22.428496147520068
23.032053630271854 0.81339048536251868
18.161523209964301 1.4687682572832506
11.840942964495959 22.554173994562252
29.803652766612867 9.2097813827814772
3.2053172495789695 25.099882777889714
22.978426583362971 3.0490467624077939
19.441467830528111 21.385725832519796
8.0345000755613896 31.298120914091133
4.1722898214442834 0.66613399384198579
27.545212542452287 23.913254573149235
23.188230020824616 14.790698133623117
3.7473158205945558 13.217292014503297
23.433273549069142 25.773200526160331
25.555175470834087 15.080487756165251
11.273006672119033 28.619208834352172
18.308978945798302 21.049459041664903
9.5802069541183528 27.568312099665878
18.013245928835975 31.119456559138648
20.590585691653725 27.695294719785725
25.662232400882168 23.058311302159893
12.721323583175568 26.286051733370094
14.226143133084589 1.3552227766998257
9.5786473647115411 8.2375360528317518
20.617719948667325 9.3269980708483349
9.7368373756226774 2.2280335127059718
15.751784408501386 10.446473714892845
15.98159826636943 5.3213984857923204
31.085174289600232 4.868392431621043
15.985932102305091 25.90605870986052
28.794638079398631 19.274050525171344
5.5808779761665654 18.547003604611287
30.589712159827762 12.098969249992551
7.5909455831730659 12.587366904400877
2.9541145112142253 24.018391906601401
28.186748072376798 17.526439674036091
11.892328313670838 10.076416804710989
2.1812199260166589 17.148551152658907
21.412603831381308 11.405423365428822
25.771308163238398 30.483246864301297
19.902883941819901 7.1562070981226809
28.538516355865632 31.414241615868434
1.4933994015831338 28.598863824939659
0.97582663428323368 16.774258795454983
21.961852270408773 2.3718155846776843
19.834156521139601 11.512383061867977
13.239835266876375 21.279233530219528
3.2238319197630143 27.540129325229643
15.179204646121164 6.8601325273231444
23.126384521554545 8.060583958465509
11.216853235585399 15.660210706141555
20.15550009463427 23.999944162353959
2.9332524238240087 0.73575675459446177
4.0937537926301335 10.575659483794311
6.9546993955733063 27.4405373858682
29.645036619362035 14.502361773917233
1.1712498771870423 12.945897401589967
29.879839299055391 30.067209961300509
3.7472475184260303 16.600406531353123
6.0233662719123577 5.0866715431681797
20.120520820909139 16.230111191763282
27.80721292718048 8.2587248563601268
13.359822040646124 15.155408057110746
26.988733823467292 14.955660807851366
19.666008934042779 29.784257172653557
15.344794258243732 19.004521665135712
13.529188575759347 3.4937417229776138
0.69711376924784407 12.708725095751504
2.3373206198305896 12.832786935035942
16.777402864082287 27.325429956587975
24.304413511581359 12.8757740104506
3.6919890396479218 22.075522132065888
28.30076490925558 5.0098226007142515
18.408869861484792 30.888456803308376
15.433674675377663 30.494496574752127
25.163518083731557 15.960517704721701
18.683129429073581 2.795090808452525
0.08663845897838017 5.6224042493134867
5.5309082222017754 26.3728678944872
25.119758481002023 11.283719242389656
28.702452781053307 30.827460294233713
12.59895896565094 1.1577826867355401
20.452303684242167 16.590959604260615
4.0011018270302552 4.1348325405459576
26.843981691810953 15.053016956891904
16.199232735158894 28.687102175585935
19.668319222798821 20.279857826546706
30.821837105829498 25.294157362518799
30.878178532232429 13.557067653319312
10.245407636433125 11.779216156327218
1.3392887855359226 4.222336114586656
16.711763235751281 9.4595227909144395
16.250327428166322 11.881199804991605
29.985415939505319 16.43403190137634
12.937696434678307 20.152572224361972
6.1408106111292584 26.537685520291969
28.80171542483172 4.52097444029486
27.1740756913496 12.290582613740359
12.063180541092922 29.229095431853196
31.160777556075043 24.375425945682426
14.068620874049186 20.1434650749115
23.992669087924224 13.848625451045189
15.883608154215393 6.3785530241359041
24.786747797184532 21.816522434008423
0.43995564545426352 11.275561290482202
31.088481718899416 17.285921244635563
29.270164956424171 23.810328605140416
15.511100056070488 27.467275426405607
9.2767613230186097 0.73153324738477532
19.155299645877314 27.694181758527314
24.775186261058959 30.784766620495212
4.8494195076818558 11.499807168173877
8.850823153844491 4.4633624386487849
6.9518434687205781 9.8225002417060399
16.422498712331119 22.908191507897328
11.009890030850849 13.045358456420789
4.7937025173252437 4.4779122187798244
16.519952231378785 5.2591325867125542
23.053949812568039 12.191177129693443
11.709681167631684 17.631174274730249
10.921373193707847 24.090867914074231
20.946687460718316 21.519541572518847
4.4027107578543276 16.730479242667929
30.529194774960622 15.48884427035811
1.4771464200787827 5.218681613337476
30.778818732887068 23.853435338553286
17.864979286486456 13.515575665173644
4.3397845012571636 19.266473702229728
24.884771094938351 1.0442965603819829
11.585446369173152 11.830784919227879
22.192025647020486 6.9682409180473979
7.4641908393550223 29.21182235031694
20.592862142443959 10.629774555376912
24.672429234943447 26.572750026448471
7.7587924620688389 2.3309374879895834
1.601252227049369 2.6324232907265306
9.9490462601787559 14.521258856320388
5.3321748413011321 3.0557961716178741
26.542108053038469 2.8084854076456844
24.64519390339775 5.4166197063648234
6.4973664500270729 30.530627992983039
13.135403327015059 30.223647711040766
8.2090890992041246 7.4200379610292195
12.70713465204012 9.0754781580196831
25.569632897180078 4.3039714275388192
26.572948671300658 10.800381033805422
29.940126560930089 3.7385037024210628
25.746340577996051 29.983144585787677
2.4259578369021835 31.48379630908747
6.1449000893393437 10.258667434481653
23.387610008690871 18.762954693107552
21.049048231824464 23.657831238023977
29.48365906613494 28.438247667034204
20.307625216890781 28.68736112241373
12.578106112793424 2.4587566852268261
22.663353726722256 19.069952980572051
22.400229852740463 25.959436685634703
26.873636063390364 16.753430100884096
18.473607803365471 29.677479085407917
23.214496566800481 14.25576713559939
25.738535922698293 24.551304818550371
1.1866036111113203 1.6620957905281772
10.263442485350675 12.970287926850341
12.643053458319971 29.691201754780245
28.229715954854097 2.6805266991253478
11.572939008472643 31.251209956236025
2.4307791893637192 15.299493194661634
24.125828990282379 15.04634765156935
26.253427683685398 19.266886809777656
30.39006944730496 30.920966455174259
28.415556219225397 25.90033154855681
6.8346899276302056 8.8862074423257909
19.112527892954827 27.592972033448273
17.250601954526154 22.566615787197271
1.9712607010379499 30.53699245549479
14.948301828094731 12.619515701948835
29.500398942724271 24.219095046297429
13.345537784837269 9.7197444219258475
11.714339631906224 3.9730733204248341
4.3954435166286538 6.7754142237487764
25.714944577362036 0.034607480462794431
24.320765186332817 10.614827381963746
21.308676290956786 7.9283689179849679
0.11888649934791776 2.3823277343692943
21.585055314336813 1.0786366477977731
11.736564694180363 5.1977168206282141
21.490334373391406 23.261988802934177
10.579247843317477 3.1261460997766104
2.3302794177040123 25.740247641671676
1.1358036508390748 0.39089699383833532
4.616953855476865 20.477938533693489
21.251412715394011 19.168998181935734
23.410643967437963 15.829248228027147
30.524029352244575 2.2365986789224102
18.338230177319712 27.113602459338217
15.928485043385102 18.010660717110195
28.456899359010333 29.38263497757664
1.5871591101143072 9.5913433985016336
8.8249809327405639 17.423091477473132
24.759053132874534 20.953626648743253
8.4862577475142995 22.922314584847332
3.7618654826138429 11.881258808238526
21.388280445435207 6.9611544796882558
17.694722897971793 26.176951751410488
22.057405701545566 15.793444010210015
8.5693334393647298 2.0703377477840661
23.046006425828367 0.95203099046464235
13.897454562522615 23.577769015828331
16.478638141674974 16.2024230903424
10.884721317032835 23.380940802971764
19.134925157031912 24.04532106290899
26.676040101029237 27.152648418408532
15.763094192426657 10.656194650630072
0.26235120168473841 30.932648014559376
3.8725966411978909 26.49313306454458
3.1069906711252231 16.51608012393616
2.4210082153260699 22.754628752996265
10.37232745693519 19.03188755398784
28.571682401553495 3.3492335290208364
22.285983805694762 20.31579224417807
25.682839272177496 6.0555889747767484
7.1379769494529093 7.003055087106544
20.763736131800357 25.23043973015174
6.477187392148811 25.68716633134191
16.92304086341812 0.69483891085185201
11.251407447418686 2.7913696610289889
0.91849276101593091 20.664922374959634
29.150937809400673 14.829153823609834
14.001697253755827 2.4331022580666875
24.548179823364023 12.264374594488485
26.983401893527091 30.824220699537932
9.1854700443910158 7.4852391815233119
26.468452726472059 27.248477656056576
8.3868815407043833 4.8415234084038845
17.93937331331604 24.751392577468263
0.55640043472536105 23.355970368976262
21.785783186743611 5.5538154172076135
16.968756106453071 17.721079337933709
4.8414298815834735 2.0912600291317411
13.600557908326939 18.542191072885156
6.5859658331894098 21.981689797100088
14.078894503706392 26.265725100106987
0.79892236273352202 14.224350903215766
30.07876123107793 20.552364722189719
12.997801543400634 19.104164950475504
8.008316105441093 3.6867690045555515
0.17777427464572809 6.7501847979611913
15.991899396106636 21.353731974861024
18.413275196225769 6.3493128334749169
27.378476305157093 1.5295404708647584
29.846170109708076 11.751811691406395
7.2398869964543842 14.062212957548423
0.2521802259600478 8.2898913858933962
14.015708916081506 16.572765497998894
23.513337856853102 27.24651207215479
8.6266480703143849 15.369079262704183
31.464185244142076 14.861824668078841
28.158813626410875 1.2638484054634622
17.698425223248179 9.4550748232412012
9.5942491417923161 23.436619870576919
14.840261137119057 29.71755268244647
25.704572015733856 21.666974871108717
29.706238286105485 10.691053919759035
22.537602737170634 23.635530073426558
11.802361129340529 28.009956988937869
5.5292069995781477 30.68863161649201
22.478499408575662 9.6476172014030244
7.99490983615968 5.8624390801527273
1.5049411706735694 11.186303421020179
0.20072877902450872 3.862481908161989
14.470874513399878 26.675598246249621
27.575849780643996 20.708966424065014
10.128976393201784 6.4108395198647745
8.0555434160698542 23.103440340880177
4.058838503558011 28.451168035479149
16.290189881816069 24.434287250290406
28.579153967344425 29.807853836366167
4.6898505717096439 25.092970331447663
