24.353422967135195 12.104818943166009
3.9295731343716627 12.939181744215643
9.4645053128195666 23.955623709553489
27.625677330618892 4.0561365370769584
17.529894005552919 15.595655540112425
10.298738229376514 25.380471819832692
30.220663175042546 24.193084614563261
8.2185781490460101 10.005942463621542
9.5552604153474388 2.8981602111543245
14.649506983957977 17.653175258104149
28.841397233528085 4.9095175184796851
12.37567440077463 7.6082032054597954
30.100174426020654 23.482123264215755
23.366879449399093 22.565248055163956
16.085751198309811 24.973018039267362
21.44129213777002 24.126038080614844
20.392098749544328 8.8830308489035641
11.825541440349593 24.465963296582416
30.779880458201884 18.605500616735881
20.094399424200706 5.3074869273373286
15.753675304284341 10.290922433275295
16.219102981041924 13.778875845516451
29.080993652614932 0.45802925907357173
10.612208297035716 8.5049646359370445
8.3134153260691299 22.624538143433725
4.9367260949240928 1.1064007879813893
14.156363538394725 10.48108292108151
24.755767190088502 19.84053767010154
26.362871731196897 12.125141586384936
28.925077944050425 7.5102406447649317
6.7348004809879969 20.283958502984138
6.3962303158840106 15.278527062349049
21.004835586869881 0.87982878770898187
26.750587948544236 18.69581986939351
11.935196101823387 16.949128218960482
10.234003249019503 31.208571072006819
2.0349879590518194 11.655352977720941
2.1003301149903102 26.199493484924808
29.998003544877182 8.8351749051652924
13.870717135950628 21.391198700944834
16.945148946558337 3.0184871915613267
25.901741649377406 26.568639855599056
20.49450732757721 14.838708174493817
12.111294551273398 20.0889636875192
20.406241522671003 25.686027489412179
30.230016662287792 26.145744876943713
17.017994671691415 27.725483978565347
4.634950363740642 18.034941255445087
5.8502430747025898 27.94366061553891
2.4851408495939791 0.12524131299458158
23.429596602145097 27.654052003460695
28.061778112218214 3.286716408076459
17.305209291104141 30.756816566607174
13.228629182532352 0.17431764219544088
7.0321438206275815 12.387836266107275
4.6463112811701643 5.9468104151080983
8.0838305010486948 26.186250028208871
16.855964957068355 22.512880382827859
26.544833961482112 7.2488307325436496
14.995200804918829 13.851945935965821
5.6548202292170844 12.593648319989665
7.4376770827770882 21.601340945881642
0.13660808548476214 22.026769086706313
0.89192932087527843 6.5239907544063849
14.192104935016307 5.6506850378445899
22.758195817569632 13.092614461373644
9.3092148486437889 16.04084448578406
20.540062626976233 0.71999872063318915
23.349933358795393 18.638891571955142
14.986000549247962 17.829821194402911
31.563338234119065 8.4021004247244662
1.4579259456082878 18.845043419201897
20.293106295725352 10.150940117573976
30.00706289880241 28.825249763890721
30.059322293058866 2.471203104544295
17.470545971754792 28.104197137956575
30.926089591973287 17.070526990577267
3.2853311996322336 1.9458427630435133
4.6481878026477945 28.421869842894044
31.224560673585795 9.52543150126108
15.481382342190692 7.31187901542833
4.2732566579485018 17.025590745508719
2.3465701583635648 10.3436967768603
26.666488915396553 16.324798934715488
30.84892381580482 15.406445487904456
14.133481583327605 29.924860319649142
22.665639578571668 10.113792623273389
23.179133045660862 7.312583900099848
19.535109510735264 16.273964467070765
16.167062675361294 13.148964213963007
18.187083613073497 31.06965540916412
29.484059192840867 29.854273679670129
3.7358171557901487 16.306054949003926
19.103721994907662 22.629860782113628
11.74840953313468 18.760979601257453
19.995427090685599 6.6425231741017434
24.749072143252157 25.792216895018338
17.732009896568599 14.572471317621789
5.5373466212020315 11.932973242687734
7.7812614868904699 1.1083328930207077
25.483956641242713 21.032672709342318
1.6686226555059267 22.682235424965459
27.933496910051407 13.831423296113963
3.1791380369416449 7.0205033210157461
26.189691425224574 28.292540875113016
6.8043810722147517 14.391916279513264
18.236432073252242 25.760058912875891
13.725928866370872 17.18504546314638
8.203988559382676 10.688790286951328
18.77177620887344 2.6222122555252407
10.531036921246747 23.270045235326478
22.186191067526874 28.599281593091458
15.194684497925882 21.026706933763901
28.829332780112065 9.0767503321511835
23.220252646681704 8.7971532165713739
11.202884057064336 2.5064693861570198
22.408440570434596 0.3653375289129403
6.0035259818287008 0.1194239050147744
20.008618505369725 30.293449638768472
0.67214483732571462 21.084810189457428
25.288109680310974 2.3685781374049322
29.989452671825784 4.3385788201493609
19.674179972007426 7.9590361072439206
16.994405950188618 13.098185922534139
22.339316084350585 18.785683836528662
0.50825135311547165 4.635611903891971
27.90845239345834 24.391960208420247
28.369173178802193 16.628401169937732
16.747078995903543 2.2941263050464129
10.433415884614023 8.093836011091387
5.6170796723969278 2.2992801936342255
19.97359457622882 23.984140666032143
22.079450669506119 1.4237614353705734
1.6675574636940582 21.011293492295362
20.004548244947376 2.9287723572767312
12.88260000174192 18.213599969727614
15.053591349019745 26.234990969154641
11.649719155299568 7.7700588795011951
15.675862353704336 17.157363380201282
13.143696648192273 14.287797950241091
0.21416698277160098 10.318270597868061
12.750413880022043 23.430847398444079
3.9663435047675319 0.26151015115400522
28.838756274942785 26.360122417026211
15.558701586580121 5.5317764054882801
19.873705418335568 1.7114873557116372
22.622498914819637 11.116957032003578
3.0775162962048217 0.074704131293877318
29.943883905358152 31.09889898173299
19.822038772745618 12.812440146465473
2.0548073405267275 28.361707729778644
23.757496226999017 3.5963837413009077
17.04260420956021 0.98831471701528573
1.1036313805075848 16.057228014301771
5.2707210205114015 3.4889748000842626
30.899659672210952 3.4618366310979494
30.008945157752283 20.041991006224734
23.605271290339076 20.196888710917062
30.402615980883514 4.0411097128008882
7.4325378119310992 25.466906427421264
29.073686822186033 14.115480377937107
28.160305333051145 6.4988233760096037
16.008520572777737 31.447809744965539
4.7003378565272147 26.252903485124591
19.088258240270083 23.237245823423191
0.58705562047775062 8.6290722098834252
21.127175632704269 18.995237699277354
16.395982180477901 24.100833440989305
9.7354719564864336 28.866756165545315
29.238526860402114 28.240486390088439
12.621024189833983 29.445555151073606
10.871960854393818 29.031470718649068
11.290556228399632 29.920710013685866
12.901863033090802 5.3650705327054968
7.4346238977160821 28.822816936509216
26.430504916645784 28.956942512653171
14.777654803248364 12.892775557425862
13.944349830880929 28.954422265374522
22.067122675645329 15.536230095055254
19.030085193700341 21.69682180931046
1.614433249342083 0.056025632286138299
20.450906094341821 19.671507877731667
10.470173625350075 6.4629052323354967
0.23715145217647038 0.36272726150999102
3.8959309260346693 29.688432968105936
14.318630754727163 26.180265438588155
1.9480842270912022 1.5404363733097459
3.267914590224851 23.73573109323512
14.698688582868453 27.399313718698984
29.429310855701939 15.030487060350486
9.4467482374400635 11.419729249232301
3.3330687593792612 20.4943307571045
6.942238267350719 27.758485394231535
2.8905406754111636 21.747559053133195
18.374174913846112 18.014053352260898
20.513147629411343 20.481217021083921
17.807100146079868 23.822348007333041
1.2240695446031087 4.5402790370535948
18.894090856850202 16.849876565421681
10.519368421137358 11.050023503923637
23.735592495074886 15.599222665863795
7.7616916036208865 18.812125584140428
16.474333746640887 18.308964168090615
8.8291490621645128 29.287653994970714
24.005830640509263 16.080298776050459
23.591983997473307 22.019370792714632
21.384740152958067 20.865267300464815
26.136968570298418 0.77967161836452137
6.1406174427023723 13.85808003480569
10.522805052644781 13.006540123114092
18.685607226623617 30.645906409053023
8.9829998378247247 14.711638275743988
0.43078964044499862 28.271916593079919
8.5836706816531727 2.6465430967617212
7.3676164495499501 1.7277550162518149
21.857780778462971 17.648035506944691
27.105929122310954 15.568361769750226
18.18414658320469 16.063042367106959
16.941021625894621 23.332353833328547
7.242800503395336 30.969985775641547
3.6395336818341568 11.823877514468325
16.416631135954127 21.14546618391779
8.7511340300136755 11.660175953724957
12.994139719878028 20.303692300736003
7.4536322842152494 8.9231853509991073
7.8888111240808216 14.64916899626629
28.704716471069542 12.135275691584013
10.474772735308051 17.340522782470153
1.3980715975572078 24.394318922404146
12.65396276561996 31.179366882892879
23.770234293470118 13.25923432727962
3.4487117116838304 28.784100209504651
8.6364540431854717 6.6776407432169833
18.932814697725952 19.637087804858137
16.562493827639166 26.618207597150558
22.209130403427771 6.6306908376277747
6.0862904294963167 15.589747126574132
22.058388777776361 10.428686898863541
25.712053061697091 4.6360421742394013
19.87317273246828 1.9173618009208104
1.6797003396234864 5.691552265133268
6.0190631409338513 25.368979195121046
21.436423414636106 4.474713590500337
6.2986238449057863 21.762753575964066
3.6425713480997022 8.8582942202847921
9.2924229779381733 1.0680192824694053
7.7983894240750464 11.307741924799668
31.349696473989905 4.9479453083881575
16.066572361916322 12.176189915632548
1.3865574178218278 20.209741543788397
24.23819775364511 24.437576399959092
28.65223556277785 9.7677714241728388
25.007829762496787 18.104730606801812
7.3889274528513225 27.445516691793252
6.8400828375433562 24.035813280738481
13.119785682967647 30.252698450991609
8.6577355161651077 7.9011141500914022
4.5854497873544284 7.4645696463240023
28.993646991542974 25.1681277498745
30.155313751800715 10.292688414970552
17.109255988691633 18.901959227817393
18.076882393022423 1.7957916029837344
4.0810715662913317 22.615691326720786
30.462692294142315 7.7763995888506878
3.4907079834449743 7.007711596036879
2.0893110877284315 30.301329648841698
14.125879896079972 11.772881888103791
2.7074924988991369 3.3009175977827208
24.275217735736849 7.8687603994329383
14.120893245505071 28.807273023041489
19.28099572841132 26.154047941769253
27.644119908018279 8.3373167384595739
13.221160726578919 11.241186233469978
17.686250863105748 0.80059254490921894
10.741865664155556 25.183948524812259
8.0282107620839209 5.5876908330773025
9.0626193847518159 18.448295475239707
18.149094156901992 24.641712049058672
25.798006167034703 15.173793905308298
31.089715802511268 19.143606348891016
0.69789702864738667 6.9126771748916473
1.405044080360782 26.610481230762964
4.1026948382920265 10.587288345793661
28.642809120842742 4.5298376599371322
14.917013974564233 8.3051512518529034
11.337456546967326 13.954528332636212
28.334047600091694 1.4588346781967287
24.873122091713345 25.398215520452574
14.325879979328878 14.264004780654357
21.230597347793807 6.3026154793949942
25.706734372000785 18.932694928944187
22.264835456692563 22.15707419573117
22.192278576301156 27.908093530823574
22.827804523302692 14.750894232089596
27.919692502288374 28.92763640295296
2.0175604159221225 7.3307247497180255
29.184529050972262 19.305627313675537
2.691569152587983 19.418332660607089
16.40089408120679 0.93766579308259057
23.705932831111994 2.703913047329348
16.950759258894347 28.886811620474521
12.243135590670805 29.914053462394062
20.973325674078279 13.931469954215302
8.3131038560191399 17.661689591574785
16.654304650768957 7.2203709970948786
1.7286192930127238 2.1192732243781043
25.999295762441054 18.127381204405882
3.8867002251426914 9.9507332008106513
30.548805901370375 31.267771221824383
25.860535076109322 6.0833719000265596
13.99128024926552 12.716826916959713
21.181879342896973 13.752356527524153
9.1040430023558763 1.2421177547163473
4.9205391424685159 4.6229389743949065
6.0572926740458222 30.57376387228528
9.2165855716542939 21.981582234768322
16.346827800612299 16.826734756846374
27.204726708351789 20.259811260149164
27.593034079424218 8.965756640114444
9.0634373406882567 30.338106502262036
23.394550350585568 30.436918948151529
23.531878461619311 1.4553167794543413
25.246675106499836 19.730243214246698
29.103815018101741 24.050954924419038
1.3762791735922026 8.9856894943310461
13.268255976733156 9.3188712664866564
9.1067363538487633 25.334179895760215
14.263507563277606 19.907617023465654
18.180493103177895 2.7325742771772559
9.2601074799610021 14.148607732104187
13.122779053068802 15.82793972610723
28.965881791971803 22.44292941366108
10.244764636681664 9.6965292013657844
2.2057409873295271 8.4030401520850688
25.877716470708886 23.693965297069905
7.7492000840575601 5.4285440572281596
15.192229200697581 2.2413647383484521
29.004577546108322 13.160063532200555
7.6727555032122474 4.259880132113766
12.129144201200496 10.561510810518119
11.833135788522483 9.3925671181005015
7.7265272707841657 21.539903343988811
8.9043514853129011 9.3587009881167873
10.778922631305576 21.039677004385222
16.017660243910267 15.584540584629568
13.265065713051047 23.824310824902728
30.526709685711751 11.792217654599751
5.7089296494645998 9.4961255880798436
19.964562982831012 31.065980416550246
22.673601009785589 4.9742183971763554
22.193275809460783 19.13064946238395
1.6932868878982792 29.297194546443805
7.8036268842598009 0.092099942273318247
30.85592125349751 6.2227442828467492
9.6979594696117388 26.69217030993083
23.047711164682656 25.623135436644109
10.245911726953159 29.734300215236225
18.234564210716083 21.758462974755677
9.3851932967082998 31.329667502803005
3.5160591676998578 8.3825612963279088
15.349779063174941 8.6329276981635346
26.866609946198842 24.40765245395432
27.392826127929926 7.213671098473454
11.882902249490375 25.02886875229871
24.123850995524876 9.7245424907614186
11.839990688370298 19.489194091960901
26.65585774407748 8.10857958989385
31.450325238421321 7.6985169370629425
11.524700240434623 22.56620463586605
11.344699894403117 11.049571625196506
13.396507700898734 27.425789773853985
11.911447960354128 5.8251772465001919
5.3809746576275757 22.378095020487017
24.623592188997574 7.7507564545350496
1.911030273360824 24.52356526598199
11.977898379745 15.649023498207214
8.0158840187247371 2.3209863569339664
15.778177012387264 5.8901495631992473
0.078446708732069742 12.788050551635722
7.3069734319562905 30.439860051372715
1.8929724281438818 14.909898938752699
18.973894341053306 7.2533705363855772
26.304981889234195 19.967250083834987
11.11041731802448 27.177048246388182
28.783854786928032 31.212559375764297
11.301554256285378 1.0090897206505318
17.076260412767336 7.7548310090051116
21.55174615338542 31.463857101603129
12.14106835694535 28.248537231629786
0.97052003719594515 12.184632802101195
25.080374776115399 30.526738285732591
7.6844942792287423 13.601335904101539
31.408795936309996 28.009167849958612
23.339149959147534 25.723620856166484
0.12939710996750534 2.5525222716243299
2.2328916575022784 21.175611016910938
22.392458895000935 8.6618621445657897
0.54642404036327163 25.083659420900023
11.522977535112751 11.808276110834271
27.457615540921815 25.720429112832452
10.451009870193877 3.6412865285863996
7.968052042912972 15.069443396198645
15.830777975832248 4.327224562492173
5.4370981273397643 29.55426554876594
6.8668808614575463 4.3652389287002835
14.703330725884605 14.69842290954926
21.010319049629754 28.121546999272205
21.471642023900959 3.3139730732925519
29.92620214668813 18.235786664304232
19.286613358609884 25.525744603855554
6.4512678952394191 26.384072050862251
9.1186368693966759 5.9389529553424669
20.7307570701192 18.562282389241595
5.0914034535981338 10.142158024896299
18.277743569297211 19.284058105321744
25.526418959998821 7.6555012065576777
7.73320044959355 19.261112958967878
26.711330499462392 20.784846837785608
8.5487638539952311 3.7894934767983672
11.689734534994825 4.4103111228982721
24.970232225367287 12.825348030654119
27.308467151498952 6.0635223266114044
16.811191596662667 15.051049324665785
4.7767362888400955 13.218720303203966
18.757651040269074 4.0052664038467887
5.2243588273895387 26.846344617527997
4.9825613614034303 15.26030370961036
11.375188966326798 7.2262632057853935
27.521074974630157 25.43979749170062
12.994833508383996 6.5830601263104249
9.7708738159696651 13.105962129780718
6.7112284325791718 17.225686252012217
8.6212615170483229 27.905767360074858
4.0348815911647273 21.469313040091951
14.477086981333178 4.349031737796027
29.394876510724725 22.626415160024628
11.729076795859129 28.302831501077261
16.134998878388974 4.0413788718962804
9.6810992871603858 7.1355256570779773
10.204441567747446 12.242762188906198
4.1565555192919348 5.7873069188122139
9.7234782786218918 5.4807951895486298
8.8825459058093319 23.297494405339052
2.6392390555551763 6.4335264991289725
1.1783207828022126 22.302715395229139
20.185492670652788 27.205301941709326
15.461031531524407 27.918070353989492
1.6826340223855536 27.285570762674556
2.6744661633906275 16.259254290452741
0.82256760565924547 1.2071003804114999
13.165479711014099 4.9859582145637562
5.2907987443160955 10.952062775693328
29.61057442656168 13.103428826465096
30.817670028847573 14.271041657440609
13.168478166480178 1.8564356828901547
30.502146693676806 22.737293453527613
27.513560076488393 13.122996478973091
17.556074324783129 9.542190009229234
6.1381873655641579 1.3875397034697827
23.839377551849037 20.845131677881994
0.91738335783220548 2.6237400258653927
15.438373163540657 18.804147496341471
18.051022984965204 3.6647684220098236
18.439204608392156 12.361776491409028
19.236582718587119 11.554842569003325
12.593827837492247 12.821033245843539
15.308566007174299 19.260068079203204
21.684021248729785 5.146272915409897
2.8132036252619024 19.862016837116833
1.8726786992717552 15.950579798009645
9.1285591950993652 25.62182564353926
28.953133300889622 15.442121297972257
26.304940404461068 23.841558985222424
26.999741556446637 14.54399343692711
2.0244686736899324 3.21506842418037
25.660943761818686 4.3535140176439731
9.116418720114801 20.675235731153123
3.8564831922681235 1.3281522977379816
25.47536862658821 21.391669766038397
24.230052629663422 14.449557499877157
5.4697732783265813 29.603725195632624
30.203072964509573 12.204151450952182
3.3411443237517355 17.844126670043053
15.594870039362588 22.227609898681436
12.139017065543547 9.0522069737411126
2.595536715177698 17.187214682605664
21.709532464271046 26.934306571423264
18.038880131491897 11.244250715451278
28.611272814430155 7.7076645326080691
22.179646971072902 24.510258974687318
24.408326174669533 5.2062798289617582
27.219699130747937 17.799216278747423
1.3423877505328274 29.852646900417227
4.4430454778616504 27.045694037512405
3.2238574519005212 22.208243776341664
10.94820238945654 26.217548062941404
28.443928302395459 11.888884044650101
18.896634897281231 29.439892719055646
20.415440876384395 4.5304548745544571
1.8452102213286514 23.102183715528085
25.59523557504604 6.5283680839646427
14.310850813121398 0.94878013677749184
10.514549841190121 14.936092536534275
22.539927869311434 17.436374387988067
10.353182973365175 18.170111771200801
12.323989668477418 26.843258796039237
23.675231827185627 23.497358187145498
19.379514008588725 20.772965916019189
21.680046798899326 1.918445414344639
18.23036968934289 14.272291868533785
6.2063993441048941 7.1029931420905887
5.3030510954263503 19.301886157578124
27.361732965998169 30.589688750631694
31.491846768513351 23.464619104797602
19.040781549969509 9.5186523767732059
8.1084773936914605 20.309052872685204
8.6687802736219464 17.457769264364678
22.780434493770048 11.808189415096079
25.133971396677559 11.445960119566474
2.2129543846128032 5.3529234365369263
23.830778771367871 11.061490475596786
3.2244269846729621 18.369742283927593
7.5366300922809337 22.982223498333724
9.3487122255032293 21.875153353114797
5.124157019104711 21.161863472915318
12.434852629304443 22.02317367641572
14.33764476642347 30.829384718829814
16.891892593135712 20.073385055892004
13.215342064348864 13.559973799153719
3.3727118645815111 11.127186872405165
13.642653198698577 23.145845989929438
9.5695309250922076 4.3429019273025018
4.6904712247747646 0.06894781208420897
2.419341609765564 25.026733357293924
21.735867860382427 22.253304043925461
3.9487566931755582 18.997752221417397
17.641130152817222 10.303147235341532
11.203302432207519 9.736756184384225
11.525598286948618 12.5453884231072
24.064158013706535 6.1376731968970697
27.480078130713672 10.703700277675921
20.30551659671713 23.394894914926855
8.9097736614161818 4.4599762335278843
0.40550593612999303 5.8715648405650622
18.126795430815427 12.631937890732715
16.015229019489134 11.294960176234332
30.243558457255919 14.423755069460336
1.2780172319921628 17.47859442424669
0.60159588479013471 18.453243873680979
9.6773482275546794 9.4682503406456142
22.667076399808742 16.331413474448961
28.266355825387809 29.133662300531931
11.534797291511712 13.786946452269186
27.100489887919068 21.895136827772774
16.762258639065617 5.9453403226887085
25.829177756071335 30.72987668975976
6.6365625547339722 29.251954625129031
22.984550600289612 14.190581664705517
10.664497706331622 16.071523353144041
25.025406288747543 29.5326208356534
24.381606129272068 14.243980458589348
13.463689777620781 9.8432048334364808
27.139790903893307 4.5862903995175968
12.975881947482636 17.121364595223383
14.194246078589124 24.855953929665933
14.704412974456012 24.057419769692434
21.734384601344832 9.4337950302646902
20.762035859953787 22.645482972726246
23.885184727116393 19.301500411946627
19.361949922176443 27.260056001165633
15.690973466962065 0.2588095403436092
10.157852601412058 27.433174170414105
9.1102533994186938 18.981839611792925
12.229259371363398 2.563178586482715
15.232507390590749 30.476324514686802
15.36984090295085 1.6918308248125902
26.237529489194934 22.218986765057295
27.11343667160682 27.913164337220987
14.961629646375412 25.078440187182089
27.219715490674837 12.815362078116078
8.7563282770115105 12.743285239050181
30.758817396049174 2.2774879743123821
2.773136399044795 23.432098280563586
11.400711536260863 4.5355577317118128
2.7975792681141241 14.755761294868343
26.562266656779808 26.689811186678522
9.4782585731599216 7.8858190692738646
3.8944707341879581 25.598144129432107
24.319210197262873 29.227094723315915
2.0220406475135304 12.883703734042228
6.3175990540775873 26.24857425899263
4.7282113945576212 23.909936327134428
30.92585561620767 29.172845871959112
7.9958452376342866 26.869728353936662
3.7741158053512804 5.0866944234863984
0.22813416590107527 11.196441446569086
28.223249611712809 0.70376206778540884
17.411346933737967 29.357506413437022
4.786382192858051 9.03919050274075
16.943952716048361 21.759352323775222
4.8555706862691528 7.4674867653986885
0.37437484877206234 26.507500421196745
3.8663343286375889 2.6358299831287795
3.3994328826341529 14.128435537068185
17.232249554309693 5.9509779822814934
22.609744259264456 20.195231183865179
0.20261204871457211 19.839391911882881
12.159243472075195 20.886769222937861
10.994915418506869 20.885993387291432
14.309002595667968 6.8494902072906552
30.44801946771852 21.729234966768217
17.135880560974751 31.11200964444776
18.54454019040578 5.2999213811739887
4.307369133969309 20.552042878929189
7.6671790929600343 16.164048435004588
17.256781521949048 4.4323941964365154
30.120268396312614 21.22204911418045
14.772425153198016 0.84323849649327165
24.187616299745986 0.40240714110597303
20.990863862766087 8.2567696991634456
30.70654674911821 6.944802140120542
26.779246176224405 2.1602150277481016
26.735263731464119 3.5080709020844703
13.529941349488881 6.7879807420212259
21.238610355174099 11.667139117961343
11.846310278427973 23.778574937020483
19.67742068131248 13.364690329104372
28.078111933375752 20.317948985085845
24.38139565493486 30.80205200768134
25.653177123611336 14.733054612019787
20.59536858624681 26.966746737208148
30.289179721624368 20.220968915858023
28.414920634135534 2.2411799372628849
21.133982436902119 11.899799427524085
22.795705895471617 31.615523597589419
4.9908562492681661 1.7998713625885172
0.13451581173284535 11.664197103976267
3.1626968169706497 12.731022007716092
27.890840688037375 15.804826106419354
24.124162574239513 4.4672280817759473
20.564486382226143 16.997576414836335
11.462206990317165 15.388105487309399
2.7252685528861775 5.1342709620636109
19.183372201978877 15.719766262655634
16.663503818189266 9.2635355462941291
0.17981581588280759 23.158644419329733
26.443607933921808 5.4168028454448249
15.469038672360012 22.648273806697368
14.973682243457612 16.101477646277672
16.330705085265862 2.5228646893567603
21.040070351687831 9.8174490052354937
6.6285781045822256 8.41781068803013
31.566604944092578 17.914398836712429
21.959594480138264 15.274981639961144
29.081820663259396 26.70919921327128
8.3911904983631214 31.613076195067684
6.2705943885986519 8.0705948354581096
22.80076997812186 23.568215896450337
6.1682111294190856 4.8881777815600698
20.622962059764749 15.412418548833644
22.585719351101023 6.0090072806931536
26.265291416782588 29.42641695267179
25.507968154107274 17.135383828824391
0.71265160156372387 14.545900793041433
22.588692667615124 21.235542870142918
7.7432955019791807 7.0640929388574873
27.667515385733719 11.350880413138272
23.356863039455906 31.048845964411687
26.332435735955237 25.467562572698505
18.305939897951156 8.9043441262631617
27.479243671602877 27.421065933807999
0.17273608547767444 3.4581432875866382
22.587343940668379 27.062701088082807
31.366289089785163 15.633778246430994
20.15537212161782 21.358303877027719
12.395026092199148 14.569080432994877
28.777711494857265 18.097169020850306
18.071272022610774 8.2548104652131542
16.167153806503425 14.670323306673172
12.807824333064646 12.422986887149396
18.95571290921897 28.381909868487725
3.7425222589136293 24.184674528813019
10.163173262475025 19.930822565436291
15.922463537370266 30.201054501112633
13.806447260643381 18.667589185501907
20.057723854602855 12.417757561626413
8.6042692387151707 16.393623726531008
6.7897763646572455 10.041285933307863
18.954646251545487 28.212703113829456
6.7569141820594965 9.863253980589203
25.334396574487346 9.5151260412840113
8.6176200779985468 28.520241455072689
16.301951305600465 9.4968683814780572
30.427017134214442 29.78820780863294
29.63605570876063 5.610604919735442
0.55201786179591983 30.676878070734592
3.2802799829763298 15.423265465735605
17.834779992815953 6.3794753258349646
1.1249804200968037 28.221299727602069
29.716318097986928 8.6036725220688268
15.748707082986973 23.86413824302636
2.6860393212820397 13.616370262969339
31.007173883794483 31.186980473301009
24.999288962357124 16.579090158436273
5.7216938910441133 16.284144772538248
6.2058263725690743 11.109030585564888
20.313451263814471 28.803884748077504
31.424778452672822 16.851260715519391
27.860134526327023 23.339144842315672
5.2921418952066581 24.346259421205538
7.4616894291819982 3.2096279776940015
28.69057836903027 10.318544543837014
22.143489953609382 8.0845210440301738
14.92669443736758 10.880208709849388
5.9255455093991154 23.004910617500151
2.8335421808953107 30.554635682666259
15.220012808484714 20.969182168079612
4.5568732210444951 14.676754953992361
5.8446636878814999 13.659458640926349
22.091974166133788 3.7619300594705685
25.169508928268439 2.8932719665252962
4.4192342450275159 16.095523477429268
19.936746512563303 29.777219569846839
6.5989820640957841 19.321553163517684
17.921221419302789 22.872905612435822
6.4924687645690504 18.275484751868266
11.740260655431291 6.0677753735914681
15.020457016994726 9.8426011417972319
4.6984687520589627 30.49505917883047
12.078675774976981 3.325792757132322
6.9607011139091259 11.517751998774658
7.3102377936895975 16.385603847906065
11.668318710310713 16.839054976041488
4.5500501832832843 14.221145267340701
16.304732788246938 29.764581347221913
24.989711773835733 3.7551767902572775
15.867155880129339 25.970201404098958
8.5975877862601049 20.341674049411687
22.090150524278833 25.931028189451226
4.2611823075043427 28.345501681631056
28.689303252234822 17.06395934010445
13.886844160351821 2.9442075517065738
23.381822406550345 29.33180589294335
18.267532502317067 7.4217269083929871
27.747805490607362 21.854869069175564
23.341132636475589 16.928539481814404
15.645273334027239 19.888157199802929
21.950770626406751 13.541258849335573
24.849404811793462 28.518655195882612
2.1299071908177667 17.760274158075756
1.1919954303661073 10.576653510458597
23.5034772486399 6.8926834852192833
7.546289127743778 7.6437914847987303
14.711344498090133 23.130511458889867
26.694231938103048 9.9377831448230189
24.732903525263922 6.106975927111197
31.357106450084327 21.472594779094742
14.564678163838751 3.0304446245336321
18.794986516619986 10.45930833292951
15.261464136152972 29.092262787040283
28.05732591908955 14.737646689705544
30.746073930605373 5.389964016524206
1.3143209092776496 3.86495854622865
4.8723537374228787 3.7786290844264072
23.230849035370269 24.584314378194062
0.15331454176167369 30.237275949998029
6.3969814490307675 2.7365511955423543
17.084721515410902 18.176032239345158
21.507400797588467 17.056901863688278
27.675354166938192 5.5999413017251447
3.6623693346932926 4.2957501983540682
27.019171150064967 9.6329578088053545
9.7613451050714488 16.005669740017407
24.943178377974803 22.917243069879163
4.5404835978578175 11.942781565585026
20.56858592806633 5.9318838399641001
5.4626935885652204 20.877946447129791
23.250301336006537 5.0344866708896108
13.053894354783335 8.2140522554437947
5.9538338472384744 4.9927504979815689
28.176225722974447 30.922809850865001
2.7663359142406723 9.0188562738934692
13.514386394122848 21.571618550490989
24.580574221191135 2.000340370447319
0.12787304170695024 29.366366320375057
24.098049951622389 18.202406847682905
25.013652063217943 22.561787803600023
10.539043900787542 4.5151816536454366
18.758181644339761 24.330601927082061
21.805680909099923 12.528663404864242
26.392208942471395 14.047048876515952
28.882349042310743 19.632352294691277
5.0868906011168633 25.176980344539718
6.2645248762667123 6.3252103589147328
13.408311809537025 18.858978948745712
18.433896429712576 20.306812570694596
10.580513953697888 30.774761013759431
15.224664685212764 3.5230736168202696
17.6729572792547 16.880908576085996
19.560872995393602 4.1335244400268509
19.30505201205445 14.191049279275077
7.3712091634969639 29.490463705659756
15.028055427394499 12.055693517165041
8.3084942478532486 8.8034226782610752
3.2359883146768524 27.145819607742986
18.212511521294875 27.102332318144786
20.874930722691779 16.168315625243014
23.423574677272072 28.481504543283595
8.8013894221652347 24.190173175741666
16.058362485623864 27.182464097704258
24.358446447188612 21.511179112972581
19.635531155840567 18.033424800566774
8.4601791883393425 13.018912164159936
23.520562157739906 12.344511717256532
21.304670838221231 2.4699484190654051
5.9023326060463353 31.461541824065048
13.433314911202368 15.328648135171857
10.112387629536737 0.79431324139773396
12.7994519433663 0.66630189391818961
23.84328608672655 8.8863152962608076
4.4419670407828713 19.643531816611933
11.613679907280583 0.21354469392689931
10.071993381835822 14.420597587394916
18.898904465961788 0.36564362064683303
17.061865824770383 20.026446621490098
17.175332295750778 25.741699247582268
19.500450338139622 9.0035192522502978
20.827299100016159 28.838623827100072
5.5911200670037342 17.123063663979284
27.558745726819641 19.265982567597717
9.9884508099822611 19.707752088261032
21.600095499601007 30.23025583209547
6.4867381525081829 3.2513933170834393
26.62023091239158 11.549542948189478
6.2188746241519732 24.282169839073092
31.611211766245557 26.963899825667134
23.011642631739289 3.5054840921777535
30.758203516245246 9.7600143132450068
9.2047104608271724 27.130801107072568
25.315555924796712 13.389620040830289
7.1951654803117204 12.850557292256813
23.361158374542875 1.3683403475082991
28.164758832407461 23.365471341363506
29.912497779983241 16.363413272091098
17.758955680041367 21.079793139930562
8.6345456827258857 30.244550048955897
25.989539890137277 1.5498776047826044
12.856159044344077 3.7281795256593315
10.453643218197282 28.248075149941496
24.702872216814537 23.942718363125508
29.158653461617813 2.794448377251793
12.796739687522955 25.566037426175345
15.669451102755158 28.507327058268103
14.288501853576522 8.9290693412164668
1.5365421479503456 13.962832885700307
27.43656895285482 29.867544951266972
11.617975983107298 31.026315755448159
9.7230489208474147 10.66843074775403
13.419048383965812 24.963590445481362
18.184146740922518 29.580288080495325
21.152188196460951 30.961177110849892
15.148594769254105 6.8428942646084963
29.210863215603599 10.972448753197238
6.5306646300120681 20.61376509722648
21.817505199640372 20.458519066605618
10.436894519547073 24.114002173420435
16.971174906213037 11.020208687512563
28.582865592973608 21.307089776182334
1.5138696938998268 7.7136283478859831
18.821808443131303 5.2614961293921159
28.887975076866315 21.11557481510555
0.52670449532115027 15.18510048420549
27.449276578606462 17.287359876105722
30.979650610120629 25.22535902302068
29.156253101059814 3.4110300344149889
17.871472508590806 26.75158641915127
24.043541305427144 17.506622999616042
25.610905715433979 25.019871274840416
31.572763433217943 13.587139793641455
30.505511216040411 26.311369161647626
23.915800879473132 26.746971068534251
5.8240445108428052 28.055417780103365
17.054818286312301 11.73660851492383
4.0884304362541286 30.721536494966266
25.71514721284689 8.560204399942867
21.729665101707784 29.735246799340089
11.832690658918152 18.097288410504529
10.318124710302619 21.767046979220066
13.094142494293276 26.057829131159306
2.6873940899507285 28.159649937751716
19.487845070603612 10.951530175272632
10.530379038681495 22.880263409738046
30.74623049748147 24.866547973368135
25.477483064267744 9.3881423590423481
26.251020371004955 16.672937042253086
7.64279240031036 25.00708629476631
19.234901879258256 14.737879023806144
12.347598683558099 1.6271334325173761
29.824301270411997 1.4467766977748355
1.5556803750836354 19.116696446617578
1.0430063481013307 13.370191485510885
27.93831565633198 26.833553014631434
1.1874629180855605 9.7492578601871589
10.04681131721102 17.360999119297045
10.714752515641333 18.988242307143807
5.3981161412228298 6.2844390251167415
19.596255785541214 0.21095855913962647
6.7657014643544242 0.94651106911019056
5.1867963505363397 17.791615620812255
27.44799131226803 1.9654514945717159
21.609727580684019 7.3414596865342396
17.235189271541216 4.5913378877699662
17.886344092737534 13.372663392630544
29.127978794215586 6.0454468271282078
25.965375082366872 10.785401883036224
29.943449425716818 0.98632363911457321
25.58695589152947 27.169902229575218
0.68049115560519835 25.680753085325257
27.06085900565823 0.57596922974684783
24.977329573298373 15.669951464891076
10.543189731281467 5.914963101224477
2.6960662196474283 25.852675204900702
22.704253698175226 2.5435759966822893
17.126306618413746 25.062877855230997
25.963313114845366 13.002021034978659
29.725874562860835 17.860014496270058
14.51971656327399 5.0609985432419746
27.009201438301226 0.16201025892287974
3.7392055207906281 25.220887841878433
7.7322735284481521 24.085587146824494
0.86216487792300456 16.860469878177351
29.030091215080553 30.053432074205521
13.782183869834611 19.997968098710555
13.75105831264872 7.9519768728128746
19.014934004324669 6.3227984703793378
5.237682671573693 8.4690495418973519
14.228121923935094 31.338943745987578
21.81110224653759 23.339399803255159
24.89101450555356 0.78847869419630467
12.955129430992512 28.186502257018802
30.958820908350098 0.97392717597835854
29.923997515124572 27.681871944041472
14.08052842184987 22.247752849316306
13.706287536508945 1.8974825375533895
7.0210588983134334 6.2130587659384648
21.320031969682265 25.937780272199031
3.2927760649535025 27.086025993364672
20.098673429481664 17.657008378940517
29.653916207492625 6.8504088171615223
29.143299120117454 25.090458115285944
20.483321405429468 22.038440615382378
13.917910724245921 27.173852616086251
19.623719217082144 19.243507751902101
2.6372396161091687 1.3929177492798575
4.7084861542655521 22.856215907605684
2.8373443526010642 3.8647911065179965
23.909427275841445 10.247332295393445
15.042740784797145 15.765454249838676
16.489372837499509 8.0983422339305786
0.44202061076383836 24.075922656358131
11.785976476656415 26.51846462495612
3.0441852719107496 29.650864012617344
2.0538258542059329 11.824144530780616
0.10654483601585742 1.3889011080260598
4.1321946143758987 2.9864024256308626
20.459723631155722 7.4988978980177974
28.595364468517932 27.964348730802772
1.1809086867097069 31.546541767184912
26.826878431883415 22.759289014844825
30.569447065510037 27.522376011723598
26.580781323527621 2.9842793383091455
13.372811013160975 3.8601030847413726
2.533812767601503 10.193313080911583
12.825010383657959 11.021602533138083
16.916027732401826 16.800026397784439
26.366821094905852 30.773214847578011
25.083890673497883 10.94286588169294
21.171414539937444 24.893006728739749
19.980213072628288 24.790298195501347
18.491834027380833 18.036371865459731
12.097866386859533 22.16633955673117
6.6869501449522506 22.757017852150991
28.00999985603735 18.599482436536832
30.204128630551274 11.029338490792366
25.17454789623736 0.3004383853065789
29.888327101337104 16.435429412016202
25.013346207360375 27.827274934655755
10.724554397917155 2.6083709107440898
10.93254584054216 1.2547896244295105
20.274018580186066 3.4041547257344162
13.894515750962722 16.307546096120088
7.0119834021916381 17.755461653132048
9.7147480363970171 2.3343777945208966
24.299706042556924 27.023156894080969
22.559161896720987 29.766072069153093
20.599267090513191 10.879494650116033
30.710651988753792 13.156647887347326
5.6275314218831847 19.159250889847407
0.0057775354724943009 20.179353907016679
18.629581788433516 1.1243720613969161
