19.697193801900415 22.575373904159111
23.323054434264147 20.097168740548522
20.969023718231433 10.185659727912565
1.6477694125230629 9.276976401676345
30.832751662655902 23.719678521569687
1.0576330280957349 0.23586765611236324
21.601456036675007 30.349214790647849
26.320588462859188 19.575492391465737
10.182371558332617 21.103420999570297
11.542823939869955 24.160594146607981
8.5965924770905975 20.797567000794917
27.407950813276592 15.015425931243735
21.286408096871405 26.389024119302569
16.76119683016978 25.978842289245776
28.733456290844686 13.512349308864087
29.149842144226998 23.134881164055631
5.7712868175441807 12.3492716780547
24.271550147123083 15.153711726753022
29.492117974680323 11.096012393028333
16.349730804175106 13.613728884707079
7.3877645318058534 31.310882493887391
4.1704577366636837 28.57193811604181
12.054056555891357 12.567533404347774
17.461418309185824 26.668520877875334
22.925417819071836 2.8000983321526558
1.1781379655452371 11.22712219956459
0.34137979683351088 17.811603141152709
19.484573135476818 5.5962222285781991
9.3616266950138272 2.6564355348401945
21.687007532027152 16.952356083915145
0.97415956333682507 10.899618699326931
17.282083201270162 8.3389928664795914
12.210200320910735 8.7247758947311027
30.141447523024059 22.068682644909341
16.615437860938357 31.023709553958238
15.42847988914515 2.4130229043852265
5.3660766686479739 28.531469946126823
21.083876275255733 4.8656217147181824
1.3316135193743905 21.344893941135716
7.2055190809907916 8.5487175937628326
22.051443921464795 18.005626877124719
13.952428833895782 26.275347506847041
16.169426127563685 23.579684480400623
28.230076238720475 8.1385287042907901
15.394368709213079 1.818366764401572
5.6634147372411991 29.068020538771101
1.2021577648995803 17.648776143553345
24.284202216612911 3.9150769771563261
14.432534734038189 5.5509705760159838
19.983989425181974 3.8516770796703943
11.46546227277854 8.4822372557181964
0.60216822929335811 1.1765809506065172
7.851632275066871 6.029448928401381
1.272787194347428 9.9493864019924629
6.9804278782156324 30.884259023088472
23.873167012325347 15.261225691955392
12.864555951383133 10.887288200974355
25.339384805836961 31.439959617851923
15.830533570921048 0.38963269500529396
28.966670063790726 11.259721733705184
5.3339878613497582 6.5578729805160938
7.7802013986167804 27.764154137565917
15.726649233248292 5.2082218807390035
1.138907380520729 23.969462096606797
15.270147832270734 24.591707646913687
24.366788391888683 1.9731514757002162
16.16432633066783 28.229899876329327
30.276447694282233 3.4307823231435988
0.40623655193141694 8.7076931800852773
22.72746368697058 5.2002862686306699
28.864903592396548 6.9317016794417849
2.9663944911620086 24.307675091907175
14.390865382628933 23.132770314396954
15.655338304641933 17.136975759668733
27.191177786460738 11.367399019760741
1.3798337810098009 31.076353866583617
23.679753586721585 17.68057877173289
26.54589343466883 21.152632896865285
31.230787501700092 20.827484777290259
3.4609078349551963 20.920681888937526
15.153836875442368 21.044198804336055
17.947527279749004 9.6190126240001739
0.1421971980833388 6.4120483989539609
11.824787403024931 15.276123059986915
31.400216632954393 29.812227392084893
14.842028264202286 9.9800797382321171
1.8436842767902377 7.8100208290074722
21.292988684198434 23.984023002549819
12.687287570967792 19.158040630326894
8.576153456515371 1.6247972710887293
24.236870188251931 16.323117027052593
13.748491554543442 2.0911397308548243
24.083057438721855 30.080011799322691
7.0319037837224929 21.11456622165808
3.8217862145835868 14.229324553313742
11.536762473458786 3.9723413182801863
8.7361629435728183 17.27554742279187
4.3508060330073812 13.710232262556129
6.4296872861463488 26.267617032324782
8.7395091302386589 26.616321207229529
18.700307776528614 15.884489133405712
25.187394022160834 30.142163820988067
10.097411075348205 23.21364831251941
15.574057521400732 6.8995697966861167
21.041088398604213 14.986102433487357
0.11457766183929086 13.246786384136463
27.743237727171941 21.076364110680188
21.099525566040203 5.2962787687251636
26.511586762890964 19.488596428377694
12.274759566986665 23.6248844498895
12.204075393642858 6.1030633806922161
2.0602533416401876 20.417000624964675
11.246199016819649 27.075385396857985
10.389154307817574 14.418458975424105
5.4860760233462882 22.461789900056591
31.077982937845679 22.164574724209011
6.0534287201077319 31.347809239522817
19.317476881241745 6.7778297805327217
22.126915785601415 16.282891499383403
13.486253746065408 24.234318470257687
1.0161787412672807 26.449177484131226
20.423027067097056 4.3832814953030841
19.42354961799499 2.8046604152375023
19.353971198467576 17.467250704416475
0.60605690660409484 20.647030135500291
10.422117307682102 31.316729683779418
17.073334387589224 10.596532021263979
18.660403813197416 12.261415975591486
26.64594408723929 22.302696922326735
14.113948450051181 2.9708224874921867
24.476623581486479 28.115810517062076
4.7330661058831582 12.808356292856784
21.59971327353778 23.860889831849576
25.214192646630366 24.11095752867277
27.917747280235055 25.25144670184466
13.18098396874375 15.651317481910716
24.522844815391366 23.973252302054409
21.519142808854745 8.9287163152528404
8.4254874614647459 15.236809357992902
15.028592365830757 12.760513500162997
25.035292266410579 27.521165440335952
25.535007498312375 25.555573493494183
29.541342914643145 12.530736378615883
2.8403547377848009 17.621083361224471
30.917256976068131 3.3547212166579667
28.677269282978916 23.821312180227206
15.052356479441004 8.78381238275567
24.597580923117562 6.0550417778681886
16.155493797969655 23.071644757885824
11.303390117891427 26.743956522026465
3.9457631077248685 5.919501460120248
5.5226817246454578 0.29434199344532752
14.251672317623855 11.567039722247959
21.397828570004169 7.6359131845987447
17.386883756955815 6.606738388476157
16.192468316002248 21.580582329564315
6.1769321732561639 0.9849899523260166
8.0271287899291064 26.725906122438783
3.1017449604346394 15.198119948818892
13.796314484177755 17.296664084198927
16.72586130117104 5.4172919143548013
14.349322569828539 21.029121586488536
30.99513792837779 6.130092077511164
31.48599802784236 24.368053714628271
0.82834574465174449 13.405441814273972
24.950739281228294 11.52998635363819
30.755100378672562 7.622971789722607
14.336783329040756 28.564848328501547
0.64675037697558357 3.1624554046381941
18.31850592744771 24.481267148791552
19.970383009370185 9.2815373325866979
28.033387305686247 4.0436426640239471
23.980226126301385 2.7075741286223751
17.193900078895155 19.533975143470428
21.080559861986711 17.914090346209271
17.479223291980347 5.5750249266165817
10.916510810778275 28.219323690524298
9.5281131185628212 1.3602901936826139
6.2997598231702092 11.479411346980029
13.207579671653116 4.7649936460747293
18.966280014751842 25.532478972756451
23.174576253420483 27.53304749978189
10.921110707381841 10.105685597947634
5.7728293989590558 4.9114081502123677
19.805265845512395 14.699482829677507
4.5608992663035473 7.943982281139264
16.404789372675751 30.039567825402425
14.713697218453021 30.930658044345495
9.7340535282530123 29.094526697618246
10.753899920412008 5.1103339507204142
16.625876735082098 16.264066108109841
24.532421026324414 9.9164567633614897
26.282175428400688 11.765851040523959
14.220220788915531 8.4730904026485874
12.730555319929845 27.636308002998149
12.857799433382002 21.621084977389536
19.065880206652459 3.263870238681279
23.097961318088174 24.592035899818249
18.577251801713288 12.931623309223522
5.1733886907815894 20.094156290011369
2.9102950626262287 27.783001753397006
26.241169429703618 1.3104113597412863
6.2179875855460613 9.2586161914835117
22.82741407495476 6.0849186019896688
7.2381077193432111 13.057550714445036
5.5714429774369432 8.7463750959765765
13.059597419829318 31.529401605279133
25.883916960408456 7.4517971979615636
19.65715989061302 11.999068605209178
13.899178356240919 19.53308311039844
16.593831010908506 3.4236321442863251
3.9204107860329453 31.383048206891267
10.045054285182113 8.555452207854378
25.449972791135153 7.4124955002461101
12.549900641859308 11.061173934884019
3.4467503593032873 24.458697006248105
25.434629877384396 5.8615808645947443
19.488552870860097 27.706942486308883
24.768460985174311 29.102758444089059
6.247855460689407 12.116871733362469
31.620898041074913 31.353899004458185
0.52934715025621604 23.820933168234813
14.841404486179325 15.67085799369382
8.6376980563453962 12.618435475607995
26.819818923272969 13.561176849917874
7.058933564063274 18.562076568422132
31.441966310895452 16.659710815078991
9.7701500665216479 27.294788472076455
21.173830274244434 19.347306036029693
3.6509520814359742 18.493611880262936
28.20249216976395 12.198765298465668
28.483336523938053 18.034482113690878
25.104320369432099 13.142211976748744
9.3233220636959278 22.921859936817992
23.676886822834255 29.37125379305316
14.696671239035201 18.662094697866976
0.15900555088415508 5.1436374768909943
7.4758652506069465 25.86366282141552
15.61156146121596 4.2650699501346683
16.564881420974018 20.683789141695872
27.114988825828323 28.417351786214201
17.887074923574147 24.787670530392138
9.9449094828497717 15.664228049479835
30.084746274543342 2.0837815437528748
13.239045406492941 3.2132112077123569
19.097546249015718 17.775138818098071
13.017431385285688 16.553842572345271
21.84275273768251 21.519323490783012
23.044229959280976 22.12927564386499
1.5395456977786992 7.2328843133897118
5.3016708113839623 3.4592707788468582
6.4929228176961509 27.626833061493933
21.937292485625512 14.879642684400871
2.4340673539532229 11.042394268912961
21.562105370259598 11.6231708169116
7.4142264058574421 20.967189696447761
3.8967968805533117 22.445035751587927
15.780677500207682 26.630434173857616
31.43858947794223 8.4720340969630303
31.15165177547718 11.438916975841378
8.3626831954832515 23.239063466893747
5.7247817884715895 3.691730467744025
16.385008187684956 15.366783868169277
11.325744080049777 0.68514320037938159
13.519191017952638 11.89496216001408
30.191845993346124 31.289716481242671
17.9782998553246 16.745921908437172
10.164670773911514 1.9731664520918182
22.293638970729631 12.582772141649274
16.120393089326438 11.209991742414141
17.38144732674122 23.443137210037349
29.749734263527184 26.846577300996824
7.4896630059647062 9.8722296404451981
12.198801930300464 28.114989853867062
3.5999153664651056 21.540947657188443
29.011078780983926 25.186829087966562
20.006643716351324 16.131201348495118
28.378607847808038 0.78270344506136902
10.139511103977918 26.60300352573984
19.799400105090978 14.862642314405711
13.526891628847798 27.540812883632491
11.421869068372706 11.599559481434907
16.434969532323667 19.877243521508053
14.454435086253037 10.12247944583906
27.877042390501796 22.14609735758896
22.800443072592952 20.128765052245051
16.564330601007672 14.088217432279967
20.960635634607446 31.416646271278609
5.5692616798378412 14.484264315311018
14.480949283302955 7.6376944215080638
31.547533227886611 10.159649314405975
23.589067868010439 9.8565267480485801
9.3922112352391238 8.3815903382187109
28.849124191123547 19.522465514538865
17.650251487143802 21.851253420273675
0.66662113140887747 15.950047124591515
18.995947457033182 6.5386890956394925
22.110691475695297 8.793308505598219
3.9859105500139238 29.192043488976598
27.281255943162286 15.271343048382905
15.641628019358487 8.7896848806261385
22.982533021867056 23.098363065825154
25.130036083970339 18.55854193624528
11.569516608782836 20.909397850241938
20.369250526168845 30.898006910378133
30.815737505098159 25.725765750422564
28.357818001977513 22.440848287874783
11.361807384482386 4.607342766036477
18.81003560696961 7.8542428031646585
22.786323925999039 23.409215251695493
2.5688905885875011 29.347498445245666
10.735816581032337 13.748816635488758
3.3113884629816153 9.9026829075576295
31.266561307536097 12.139123729875164
17.02782030259479 29.841489034972327
1.7560911978641132 26.667796133586673
1.2254200413868368 25.150308211893986
12.514921675133664 29.68012702834762
27.771610084037636 11.887450531395997
13.012522650000241 25.204460900071876
1.6608917360109368 4.234689851230411
25.749292283310226 4.7165375705986285
1.3809261510986708 6.4976890865828141
22.209183351679336 7.7284481750246412
28.501435958343155 15.53701418125906
12.661651171490034 3.7841895470905169
24.582345478458798 0.6189184959267634
1.2321180718541938 14.428711298357815
8.3853019511287208 24.47317340078062
24.331657493942153 25.372063981541142
6.1080266908828662 18.738152274094229
6.831247123138164 15.715455901787131
5.0353039897906422 15.898021906789703
11.233900880147685 15.202327290777696
18.513009659678424 25.889862135144185
4.9882858177309952 2.0335479323971728
27.703565011972366 5.2959277595518728
27.413565847631627 26.099426540110599
29.644007616098602 12.684507600294291
25.194105602472224 3.1336684853751562
19.595164596481041 22.801760298335019
28.572562949824412 6.337878472326004
27.698448904135365 24.274440099005368
5.2912939367518828 16.793579529762454
20.582292930026544 17.195662558916489
5.7857966423450842 22.392413020190006
7.7569360718065692 2.5214880067539478
10.482757950667359 12.730712011898504
20.226622072215935 2.3266044126770238
10.87871781229836 2.866626417548666
29.075557267189293 3.3001416278123634
2.4787559412311775 17.963937358878628
26.999662652170393 13.341586222460334
31.482513963796617 7.2787752770220466
27.61670130072617 6.7540201740107184
11.90861831807274 22.819712607674763
9.0538453724172498 18.796590000541297
12.357550546415494 14.573714086949177
14.102742168484056 5.1263138539415367
7.487248702964842 12.573631813834325
0.90426769817611796 5.8280073088318032
25.675661315561072 24.668921334270024
22.721077672717044 28.877258186387639
29.019289943215828 30.86537542118808
24.01469689041582 4.6995705686845328
17.626908962417154 0.52396814527819913
20.814231154989148 11.040995738910437
1.8649770994816652 16.607568346219878
11.01831269986835 16.136797765155141
18.593246175617683 8.127634194678123
27.696778070031542 18.58562641432
12.319280726397531 21.084011163343266
11.102618936210247 19.415315856251606
31.455824332293972 21.010209741811273
14.929878362872856 11.022088173811525
2.6418623634341309 10.750240937593928
9.1004949980341081 14.09909692772195
16.07958424550776 6.7311293000891652
20.272205723266993 11.950626191379834
8.9079699052041903 10.980792989329396
29.564722951553385 24.463264026190572
8.6392908916714699 24.343787306382865
10.442571813528522 7.6304062994372339
11.979932789908244 5.769333667217694
25.545037515948803 14.908965520545717
23.77499340060243 21.049590429274922
8.640447872817143 7.5366404397386395
25.911854791043858 16.428361027828018
30.724548725329694 12.582366050431537
28.077135529621884 20.229903069685317
25.560821562138297 15.510118095349776
21.876597693893913 11.730046379957816
4.2169502657474514 7.7826797752978472
12.082902931933253 31.122401237303645
24.366428146946298 18.463993625539683
27.445742619916377 5.1168592128687029
18.021403867278391 31.111568972539981
10.006412709330339 19.723887630180833
18.577078318476943 10.180530427617153
7.8126805105593649 29.562053186283453
8.3862256664801311 25.69769310201907
1.658570168853283 15.321748402231432
31.146159036932072 15.248828980014137
26.545297176895019 14.496387566253349
25.336501834334392 31.337363830327337
25.402065358061723 28.531660658991019
27.593777582512161 10.674235619726257
10.876668297306582 6.47584000316236
17.921147825933048 3.5431376764689784
2.4595209361760202 25.794948533893862
21.649107402186655 3.3937822014493007
13.976966515379011 19.755845490896089
14.823407698353039 16.938439430524344
0.060490932457471253 28.806959559726312
26.41175074070323 1.1824828781709003
29.835841968681859 19.828371323966916
27.99599333136474 29.53482739411513
15.747268114931021 3.3674309981099797
20.700298510899898 28.455649084606332
10.527808764030087 1.2677782611026787
15.723939374972975 21.940079124919137
2.8967337027980866 27.469684013284613
13.611188897577856 14.609585787757338
23.915611415736858 30.864549438773242
26.277639063556453 23.434630047572806
9.8568210645533849 3.9345029472742601
17.11808237709629 27.706447047705712
23.339197529058605 30.721332759639374
4.1682763229573849 25.353332297559867
28.221202465387464 10.011427419725972
7.0820614391592951 22.791435405681412
13.284709537552288 20.646878031914952
3.9055974605246839 14.764626961933864
20.774212340597948 29.301230753928881
10.446076085725613 19.045536824119409
31.063529404027427 17.255880767961195
16.064514428407371 18.374903450433408
14.633697146655793 3.5386481511496704
13.081580817642173 24.646958741279224
9.2541323413406182 9.8405809258342547
21.065871273762518 3.2493282223137481
0.84526997713630847 19.189565575743959
24.309275980465539 11.569266116737909
16.746827875850141 12.529813527029528
13.354044517251744 0.58609691317787826
30.093785191705997 28.574382629855698
27.483421230786636 2.5718554863786105
14.994526810940851 16.154847956183044
29.963214688867929 22.438371396725543
23.267289696408518 3.3357754920689855
22.162968525115907 0.031167787320401104
19.121427759520166 10.495230126873814
6.3509925137071548 2.1557897296468398
27.686679367026059 17.644384013412473
19.707608899281603 13.725696422519272
5.4114515140880233 6.9352881796390671
8.6632147760023273 19.701184096483598
9.4299812100352991 6.2650105182174229
16.587261985190842 24.424538089281551
22.940252083849426 16.226451501384972
30.858050369586838 0.91628044252237839
26.45570988690524 30.93765080160788
3.1186703265519888 25.829864379682611
0.96161542166475844 12.134991084992622
22.208848428770445 4.2276809061830463
13.587026909013423 6.7070877185796274
13.778923858866557 18.164036110339641
9.9643215921825359 7.0770433584050743
4.1860343421198456 17.7043181009942
25.933629795577964 17.586069430500057
24.748132256476055 20.672530057974697
5.5617760762705499 23.472039673525071
6.4194087489166805 24.614792623475612
4.3539039393253915 12.604524283077621
25.201672093025703 8.4737696702726026
25.027314653100316 16.79661004871825
30.703876910267137 5.1286448768444162
15.290208121404708 29.497682091264299
6.6123652583237682 24.060505569039528
21.84977820426781 25.097176858234008
6.7815977265648817 7.177558869193307
9.1625203477547341 29.494355602500494
2.8979548806659783 30.703923907186052
4.7297581032411049 0.69265818274172775
28.871312936586726 9.2348921248840323
11.513481286759598 28.577388191525081
17.532042456193 20.799525446878071
3.1204991297982256 7.8008165140450867
4.2188231077693175 27.073721010878153
7.0022477570041826 22.488592805259362
6.6018572534544147 27.109223761247975
8.3424395659674264 28.156727704765672
3.1042033227618688 16.367165767165567
0.90437857884105821 2.6653010261630601
7.5118349645192843 0.49619045055659572
9.6837943021819406 24.583760069886285
22.414861874980211 6.7906941307254796
18.409866879095407 22.812133445199454
8.0804537035786375 29.138365804425192
20.12379693069991 9.7821606638838574
12.04373486132384 16.554578301213528
27.058365229585942 7.0964015837492722
18.022724642682622 14.82498023715037
26.90194185765888 8.5618873861838551
8.2364995617397483 16.760095458273955
12.70992007149836 14.068969743013788
0.26235360484550002 25.437745400578933
12.321180056909247 9.7232483631496809
8.1638699431668087 5.011256933420781
6.8130127438925889 5.5484407833062468
28.790272023321673 0.49952932210574519
25.144893463803786 1.219477367552835
21.60392210573329 9.7891689354823441
7.2976882363706341 3.3181436343802404
23.777008180231771 0.58190367883809724
9.7213520215742726 30.209253922566869
1.7083021376237526 29.227819721560788
23.56701102615914 12.207714776019889
5.1869149671226928 21.002806569510515
23.737562484476459 11.091545565273764
4.9184365163233288 2.477685846211239
9.2083804661685225 22.193128704422762
1.117303457609452 19.792385157589283
13.859560562738857 31.146218797249148
20.393179818709331 27.327438973386979
27.180955338146699 29.457141164896903
27.673453511306025 8.1621940936549979
21.442370295573177 20.631105630873897
1.1693280202669785 16.590071533541508
23.491308766597975 1.631100047166633
22.85386139833788 15.148505410645466
26.421212202639961 25.666990616506055
10.683633882156411 30.818289594691528
12.455437776242894 30.750441222905419
7.3456663976106285 17.270227957972331
16.537657082636041 1.539522378823114
30.247255314393918 13.868528747495432
21.939326937348987 6.164227006122891
5.1864700606496434 30.080851917334432
10.860472894309089 9.0549675315855023
6.3357511685274739 15.440142082095603
19.530034082822102 11.110112910721925
29.776036320196614 18.211819370840402
2.5538745410199302 5.9589453196854079
12.019632882922943 12.850721720065001
12.946321928351432 26.19448460780244
4.994437243684386 15.211116807060732
13.230849413815795 8.4334638396503401
2.6185628212184575 3.8850363945771269
24.808197371231152 22.411383756616445
17.867649156726348 30.443246742012651
12.277835708064828 18.432991454004831
19.117988498334366 21.501029671542661
18.988345475687606 13.609930476466413
21.941042636244433 1.6136555193865316
24.912961205647225 4.1786769905963856
0.15388897145766856 22.658135071220713
6.355074786295754 16.491620469648716
0.5625835416992323 27.313636819465064
24.910116038362702 22.900966545067337
7.6551851071743497 15.508896409009465
15.481113822949423 5.7844634704070472
25.016114824316201 8.9943950639270582
27.844465923227045 23.498199988267412
4.1950582703193326 4.1182609309960778
6.9691727962054015 8.1561589854762975
20.30961358058217 7.9928783810536066
4.2247486833139867 16.122799744365842
7.5116956156775441 10.427329199818573
16.456014803102907 12.095408467003454
2.0978214457085333 14.327752228713544
2.7785829812841998 0.24989109103251431
16.548807763334466 17.031705221015439
8.323697607767981 30.643651484951921
28.772028753748593 28.732077722626396
18.269905787010469 2.0400797329805633
20.270821110905445 29.320446453513959
6.7324854979937561 29.885955584716278
22.130832811647164 21.901587266562299
13.313968428204875 12.42031320864373
11.501878130486647 0.36466987463794448
16.296731296345566 9.8407063493831597
25.578697935416983 26.617427556533578
22.183503888619462 30.675935776887645
8.0078029814100358 22.232278147086205
11.718880163627173 1.7657715860003405
12.870976281100399 23.095349511475906
11.452397714153214 20.092518943787304
26.877208230182227 18.475850367250704
14.472847483370197 14.292428761271385
27.111209474314052 31.446432988927089
3.8101476855515197 9.6146876797106806
8.3910448493547563 9.3809021930420009
23.491206767773726 21.645464706958276
22.715769550418255 4.4129728415619223
2.9970815529676549 28.882232805579214
16.690967546947185 2.1481818369539991
8.1035259984420858 19.889916397619761
1.3982793028803815 12.561897399354086
19.994901626165191 30.272086572103049
17.055877228917268 7.414602929459849
9.197943373301273 0.19375505347140856
21.443307529478538 0.70845340300208692
30.506775808914796 24.78721302041447
1.7269763442843982 25.210528790448745
7.7315581091775822 18.798960200122057
24.121149457034555 19.449791264849221
9.7207595508280367 18.335520292064309
0.068431597425754054 14.166470909269485
4.1845851169444144 23.510218017104695
17.06144725418708 25.128869405128519
23.055898974711877 0.23488677221043447
28.385643236536758 9.6221075401862191
4.4698374761960169 19.068891753328142
20.539050827229193 12.998184030324948
11.731780434053411 18.067012420087718
19.598568572086979 31.403378220633719
24.108890607190009 13.160235987292792
6.880730756150542 17.359117314795522
9.9705296414894491 17.212487677225521
3.8543265669598612 6.6267416060109081
15.824706349904934 25.138397160885884
26.881144138181622 24.89780597593278
2.38558222369491 22.168339856300634
9.4382175470015639 11.166215302560357
14.56489328508091 26.168443580570468
31.577574067998317 9.6947362720234995
18.011071704884419 9.1789092302290936
18.283460438569648 26.651519268725899
17.32785014214776 1.1101179074392087
31.452189078683325 27.418932092226267
30.782307911805042 29.23914318017184
28.515031262543474 3.5011003300481449
14.130530822740614 22.862354636359537
2.0047296484880115 19.348503698098142
3.0292488687096841 12.503571599932918
5.8428718123597436 13.465211423656349
26.059884879618515 2.8126240413148382
15.333168512239309 13.259983817173897
26.592073400409781 3.3584530065967182
29.311456390437463 16.685373617570399
8.4553961850597101 7.4594192548631684
28.717110753440263 16.705763862871013
8.7560771553508907 30.770150543239627
29.217464849095258 30.479489417094108
8.4010358208758191 3.6633791534023694
28.633551744298821 21.523126118802004
15.944876293381306 7.880123675084592
3.0746579986742435 13.106674955907154
18.804168297046527 29.595630224067122
29.721358175169378 5.8536387820430997
27.230440532177873 20.300619788280365
8.4871344707752847 18.037630472842647
17.908274028220692 11.487625145615141
27.486434300012831 2.3621990255700074
26.129084706832867 5.8644507394870464
18.131080986985683 14.770105670335457
21.940972233003802 28.828567683287069
30.804554881860199 19.865280905756553
25.826561327925141 21.254948256316467
19.127786217229307 19.627849358200578
10.264851840848623 23.885929059716993
21.50091105633711 13.600546453201504
17.395472965443002 18.493825048827411
4.5927397197800435 24.444591306324178
6.5183411615856137 3.0674728754850014
23.012232618940732 9.2511349789234458
17.644090778191078 27.994228670942562
12.783396136221539 1.807766778999041
12.581310565760429 1.3500308793029643
11.493549428166213 10.120294374973939
16.535556430520778 31.62027002645495
2.7472345894258074 30.455372054738007
26.883806160447275 9.5545236928829951
5.086349139028373 19.148462647062441
0.90858143710211792 1.15558309763655
19.992335773743473 18.579129086525857
12.591053991449632 29.257157022153581
26.145607359295347 4.5769440835431219
28.474348103243212 14.304110758015003
3.9994937535055555 22.765111261319834
17.055202114462865 28.971123178556098
1.3253939079945001 4.698604702673097
30.074295956842072 28.005054787643125
18.329965175833824 21.309167815598268
17.747936643816331 11.313774232152735
30.186019986341943 23.56656802640094
29.462409125279908 4.4128686306524427
19.982311809251058 18.98329888359827
0.81499642877527378 28.837904318358696
4.1029271312718381 20.422649943449432
19.863920495883725 1.1068553067173568
31.387109576799244 1.7942302286053176
21.925567456817102 25.6044648528054
17.408571743368697 2.7665716039864452
5.9720035004423044 14.037338670581136
29.9233216190942 7.5644160264955529
4.0025646070114487 3.4556376420863484
5.3176609457772113 24.19540870783543
23.861528718883811 8.6724916040477495
17.913614399468312 4.0265308426385573
25.266420310812876 14.305703522524281
8.8657813384866913 2.9129756615209281
22.151653599597509 20.090991491666529
29.241722530635716 27.219734558062253
10.014202278272322 25.554982049156973
9.6093850053864571 25.633528026086825
1.4021477115908989 28.313361837316368
14.366585798195326 21.603145052438901
0.42884681153534698 4.1390893392921022
25.441331406364156 2.3027519674810457
28.730293638493482 28.861224950883123
1.5036698420894214 30.390120415798354
7.2298976937898383 4.1777141355031437
4.2123442113462009 29.918377359460131
15.344975007387175 11.806014980120962
27.919359465093212 16.450499707265084
28.035765968400458 31.039124499181582
8.2286642510896009 8.7876108091092835
18.898569689322429 30.869704424814017
7.4918564761205984 23.909499356370752
6.0806096189612253 10.736484512186939
27.550490862879712 30.357231446622837
17.552676791923574 12.938223281912155
1.5143032242364123 2.4199809113792012
14.772953484070699 26.916428506652814
4.8824252551598999 25.777705004546132
28.045029653947822 27.549179336662633
13.251813799326156 17.774327520258975
17.222041787373669 15.7369890762577
21.969202328258735 2.4260018684139539
20.675624291120069 0.89561908367157683
4.3501638275803893 11.416717896163924
29.660659870106926 29.684468092637683
24.137213271153183 25.63521757797389
19.375037123936885 24.011707014859066
20.724959528117655 2.1390217499304622
5.4829944425854693 30.728730874763507
30.061370466734566 6.4395437228650501
14.485027225741637 24.352093363522226
24.478261017060841 7.4035229206588502
5.7301655702042904 25.49946413946234
11.334796980512786 13.69888983367604
11.701394857516409 25.343823064054767
19.442978002091397 8.7572987479256881
12.482860918873735 19.739929561551619
11.365427566481634 22.208704016068477
2.8556666107562334 7.9959516239799147
4.2728764097036862 30.863872919418778
31.090424893089637 2.4406370873444345
2.1930858950533785 12.75676817526379
26.361197493347937 8.6556443842512856
23.673098473826581 13.987160974702226
23.001462101025588 12.538294786592148
6.9672545026244768 28.371955807721548
20.575441038932016 6.4762092956793085
0.72617664443505481 30.142050868734188
13.284914073695395 13.419375046191396
29.567961339212115 0.74418067635075535
3.0308051470327153 11.528044244098215
26.732759567853403 26.797816259615381
29.523102272992148 18.051650777095833
3.0893229257136325 2.685327950955021
26.295541911716938 12.697094860881631
9.9194814179449917 12.397654208871037
31.381742038423706 31.041732566438171
28.071255184907873 13.226957567256555
5.0652055216557352 21.477261426711085
20.692184778762869 6.3239823361395295
21.296632654406995 23.098470758648283
10.065681198269845 28.396886934963057
30.193634128671121 26.341569591780704
29.924161792331962 14.884064058962508
9.1871548042180322 27.802600211580035
9.7182356630241777 20.545224683926083
15.528966104214566 19.415979099126357
27.023551149666694 16.995162011014486
3.7280402018435677 4.8157114756597705
13.414690263473661 9.2734232310852605
20.508874923890033 16.513677189248902
3.5031105447427371 26.365217128251278
30.319615123429955 18.979198180839326
17.663360546222972 13.920814536219135
25.125588621333492 10.152901866686303
14.948021423619288 27.910536989983566
11.830663933710126 16.981073628781569
16.242308004155309 26.548773989974752
10.794238200867063 22.582723521764372
18.54668411990821 1.928092529861712
7.5821010156398749 6.8050900928564948
18.220885266107789 20.014226542711899
7.1846105647262979 14.060601581167131
22.997195494112159 26.23591595401081
29.469110171615473 2.1840477189484111
13.711494465887647 28.313113232320376
2.4192492651494293 21.014267306779246
6.2366441112823159 1.4701070321932161
1.9286207215701228 9.1789952203506413
9.7823252249623636 15.930296236048374
31.459747091242612 26.083970735745531
9.5052878680053574 4.9432441007603183
17.907867109560371 5.1222115434818551
4.9249997166678092 9.8310454500405147
20.773370217355769 25.396006155208212
30.301277915991175 9.4696097675314661
16.807185467589722 8.6925968125531305
28.625836729370018 5.37442730542005
15.777329062580215 28.085718733561229
12.963361094640046 7.6330197682846626
28.424604004346271 19.348262274487201
6.2516742680619206 10.061010166438301
12.552256581005604 26.505043489768831
7.5748860955712667 1.6894894350477394
11.492754297307979 7.2917930888706053
20.596929300506925 20.530980931043384
29.712368507221573 10.742814175310656
26.710519169843142 28.142773753820848
6.8898274228110097 19.603040037765517
15.238850374729024 0.55244854492863738
3.8795565042282578 17.021414642537646
26.428139676409462 22.395670914070088
11.15104458631612 11.51319247778771
18.948351998444725 16.152666934082745
8.0150792579436168 0.83729111718094174
24.731375366521156 21.97215082145965
17.927464865512128 6.8258607835003264
7.9327661821858175 11.743844164388335
1.8104736981121743 27.511268571481295
2.6213849387488914 15.922211627352867
26.662565362095616 16.299102424587961
19.518034934217958 21.010371522694232
14.249496575373144 13.213311625104669
15.444174959935864 29.57021397866335
17.715406394355181 17.256128511278671
2.1407206199464821 5.4763986756416179
19.993343998453792 20.305621031913091
18.370349397311809 18.237314401581589
6.4476033703503131 6.2571350440512266
31.077903671749898 27.611216993998951
16.320805270124058 10.096162529590893
5.3591677534211239 26.381486161938319
2.6834141578502817 22.895473275270138
11.015100152886728 17.951102854238197
28.86474796755958 2.0633689066378533
12.316037420851361 2.9845392690285313
15.001644466004995 14.586816147493462
29.666412209507062 4.7068845196716502
27.063827423787654 4.0206257900455942
7.1378288585847356 25.305362924548557
6.2024486573670483 19.840528604445215
22.621046317605128 1.3031564955202994
22.177065601677199 29.770789311291562
7.813301819442545 11.183903864994454
9.7796336323094906 9.7973103303366962
13.372592333311875 6.3087874008772546
5.8738709662053594 7.887754197823611
8.8566526262407486 6.0144512365543426
29.998667670954248 8.5279886018836724
28.153814748621997 27.355969992860828
10.587459798875893 21.501824449070597
23.764263088301874 27.119004616623346
2.2902939509946414 24.00968537438856
23.429793101716911 8.1115500484809893
5.1817122256153567 17.883419168510297
2.2399991936866814 0.4516795699572515
11.072506713127638 24.489245899909555
9.4899244783278718 0.23271207484251152
2.1950800493934062 3.1846651325954491
18.57788956994332 0.47992734960671551
18.426267712306103 19.354182467715027
10.365436670979465 5.7167712678374452
26.06166998447366 29.247352525174598
19.27375806507477 1.0228556823454087
13.866417886912199 29.885878695659045
26.638434461784094 6.3876443824485687
2.9536152064982075 6.5446316818314108
1.8660196726205758 23.183451203779107
15.15369349324361 22.987250007332229
13.751084701811541 29.684731915136275
2.4004321292761266 1.3579957617154483
30.371391617970826 17.202092612962399
20.848799656141622 13.278243854902936
4.4595557840375966 27.474738615390201
27.065201305077846 0.53521040756976901
11.250997303344016 2.7303322637784389
11.274767107711801 29.893833992924225
31.449386622641995 18.457689314596855
21.661597634504034 27.476447416792347
8.4978956445417353 13.699810527038233
20.668301856830105 21.791089111352832
20.879067812614903 22.456765680176773
10.116153011140833 3.8039055855414539
15.162986983674989 30.821353783658946
14.356013882440992 4.2190143715095223
19.012403979914691 5.18736232802312
3.3880495105492896 19.629118271558678
14.699777189955725 25.219611965215439
6.4952932337454543 29.421689437374969
23.113188218153326 24.975325084595557
3.0225503281843418 4.6654091020114716
16.694379878907348 4.3479360449210391
24.334752004633234 17.131138369466818
6.7469964711993509 4.790770481805855
25.864852668489728 10.323342008538466
8.5904789495819944 4.6011347932676534
22.886295055742575 16.990371131721286
1.4203776329849482 22.030090918380775
26.678833961663788 23.713244384845893
23.122718138307462 14.033919142569804
19.920520227007859 25.991090150605366
25.70179098292251 11.724704865366292
23.065758621050851 18.485212560930488
18.700349982644006 27.435050384752259
2.4703263369028781 1.7776646258192119
4.5741734243389329 9.0004756693884538
5.3706332271852659 27.633908461988756
19.342753062719062 28.192420813173396
2.4158662938097937 14.028613631035054
11.350552838263324 25.644854614421106
20.507967113465476 7.8204373049889195
0.81590917376950778 7.9365059778511089
29.635549684583673 20.913717853774397
21.2607741879788 15.389022101008345
4.8330652752018803 5.6719514490939167
8.8014965297328214 21.544732887809051
19.87329267435652 24.160125079400832
27.814171912810469 1.5033906928607861
25.831348767466849 18.175138098362982
30.11317621220131 9.5568554946799953
29.610462760302635 20.913002721985411
23.309907127792524 28.477965642197351
12.134193939292068 7.3136562228015078
25.433305146463894 20.475058762840614
30.596566245821251 15.846929219847567
18.103210303698216 23.305561945113237
22.81841759932286 10.695570403810557
5.128857978300708 4.8979920809956354
4.3181543077493316 11.249474610327617
3.6638493102836263 2.4784361848714167
29.035159370189564 14.694582809829498
14.533469358412049 6.9034395995295688
17.049740168549583 22.273947235976852
4.9210289300721399 10.697319742332576
20.070462346921847 26.452864460716469
3.0301432228277103 9.146403419275714
2.9221307831552905 19.347213293517065
13.217261069403664 22.193772339890497
23.949935333441537 5.4462143391261559
6.3643541961765973 20.98920309054709
15.939282739995404 14.884244045906623
21.59107131613418 27.676241224789742
28.248061479768005 26.270772372248782
31.131202673601155 4.2893932161374186
22.185706629118666 13.746569176631661
5.7962280406987228 17.681088874603908
29.265511638511345 25.59296238937884
26.236289709762541 27.37194900862135
26.066159857618256 30.039983118486276
14.277126659805228 0.75417360990005822
10.280624164343969 17.195917878650015
30.891531186395891 10.978679985007577
4.0358890558143816 1.4210765778022381
7.5093893353353174 14.341153819433936
15.341745404619621 19.955910754053352
23.833555011012905 23.638947404029153
18.046741753319488 28.909941381676873
29.775204076960488 15.892047489424142
9.4494301880354357 14.451897419162268
8.6485404541462767 16.007009585533993
10.241148109771293 11.044465512708312
12.621062594244746 4.9183242959265279
24.611489743957922 26.56642955646948
31.429119409154513 19.168143978960341
3.8809679927833596 0.82460307889819295
0.33760934012447169 15.147302442427604
19.11523624185828 4.5103097783964747
1.6595146437330666 18.294737926019749
15.212063382043183 18.070731089337627
21.4269494212447 18.947265137098452
30.567864961518445 13.927219764402411
22.513730704076142 10.538846016014469
22.768855861419912 18.691634327734423
16.864582088613719 18.231818066889847
0.51620545245762273 22.537886326499684
23.400187672972411 7.3790018803083957
22.57105812207481 26.722774206486029
18.906981558649875 29.301323050029666
30.445346367893087 30.33483257500081
24.858815750219524 19.605866355857934
13.433458963916888 10.128867547106671
25.069383594316442 13.288238928319409
26.525146531897096 10.164675491449781
13.686087932698255 15.814341647875819
24.119138253336672 6.5339010323421416
20.108160786843683 24.647193729513795
29.075253136978265 7.970415274623595
14.458656833140923 1.602207818919738
30.482381709514566 0.60965927893961425
10.906745999414813 29.746561583897513
9.3678463190854782 12.668514966811291
