6.28318530717958647692528706657827307	3.07389353708890811837838796850139409e-59
8.88576587631673249403176243239510482	5.33554059205573632675670306699395181e-60
10.8827961854053071035644692865208852	1.76205563719020261742203287885752821e-60
12.5663706143591729538505731331565466	1.44485043371972785366909738768225609e-60
14.0496294620814527863127492053043426	1.59636822547298986850833621781141637e-60
15.3905979619423691465284363766669071	1.33459633539905956429707755408081538e-60
16.6237457641321632829847544139303575	9.69269835293846999917524108169292586e-61
17.7715317526334649880635238647902117	7.24230788482327305292791727008511229e-61
18.8495559215387594307758601997348205	6.56634742208790463601047279470104786e-61
19.8691765315922024688671014126532043	6.28414938818328072826371406401845174e-61
20.8389681521886246014519559063894287	5.34998823338075301169600808346952781e-61
21.7655923708106142071289395730417683	4.66269162450111359825597466695188183e-61
22.654346798277955385066059573617686	4.03173192322943650002799844696744821e-61
23.509526717077995712331238790188423	4.19091457879435876587238420053958203e-61
24.3346720558416713817177643700197821	3.68044522494921219226128725497545136e-61
25.1327412287183459077011472663130912	3.42878228291736911885102079665889339e-61
25.9062366868303815796469296420776673	3.29344380449835441192923589271021574e-61
26.6572976289501974820952862971853165	2.80687644020420826760478636382739907e-61
27.3877697975353819248427266515273696	2.50302858241777345996565337534370917e-61
28.0992589241629055726254984106086851	2.53945226203561823914109739618555669e-61
28.7931722755848165675373685926979932	2.16569780290717875812615381608288847e-61
29.470751386686148733217853696733042	2.13197393571543885966092973965368548e-61
30.1330981629871738771757606296390203	2.0125949079814929708189317678586365e-61
30.7811959238847382930568727533338142	1.91172328038364482313967140482488645e-61
31.4159265358979323846264333328913671	1.78361424998873245798086259504313544e-61
32.0380844888281873754652476953200889	1.70479348584533274660511753985949716e-61
32.648388556215921310693408859562655	1.66111834132058006503018887101443417e-61
33.247491528264326565969508827860715	1.70413849903726207822079128779643864
33.8359883929281072772620598416477277	1.66616214316240636392707171860835211
34.4144232572728586510198805026903211	1.59876344823661321162277976067810767
34.9832952383717058658197676059335963	1.65041198071165332054653214670983197
35.5430635052669299761270477295804233	1.54304435299693048815193606149643636
36.0941516169004218594866290134876272	1.63760468536238339093435812403222167
36.6369512725629610645127510812636704	1.43264512787865163619721230536444827
37.1718255692737023614562986900278707	1.4548734766767844727862684460800518
37.6991118430775188615517203994696409	1.38945366813781763172914101497637219
38.2191241574322981709703253200596725	1.37316038757209850168532767261295167
38.7321554908267726021431278151867854	1.34012545460788312099536885956002104
39.2384796669027423282501958832353584	1.31888144426889346888006452708195362
39.7383530631844049377342028253064086	1.29887327196073310250666153797986236
40.2320161286835687892124977064080301	1.26283246272979966237964668187237655
40.7196947358770390864083830378720372	1.28812715816226969650509989282439664
41.2016013886277202117464750429072049	1.22239857880473055299993650951417248
41.6779363043772492029039128127788523	1.19647030764930700143284945123327697
42.1488883862443583589382476159130308	1.16899603230882822022610721841177697
42.6146360984162574588198595845268107	1.18795465650027987724770399508525207
43.0753482563379796099583979718056528	1.1505896310582321556695934671778743
43.5311847416212284142578781460835417	1.09460396555508242962270667839562251
43.9822971502571053384770074660479117	1.145667612440058280874229774937573
44.4288293815836624701588101619755282	1.09477257559630795634738040380631153
44.8709181744950384990309053318289545	1.07295916218494643610289527513840682
45.308693596555910770132118147235371	1.03581456729694237537442308172176135
45.7422794909801584889484413525441695	1.03211670455842264144767513295228408
46.1717938858271074395853091300007214	1.07255560370235757250437834811477927
46.5973493692469475012438983953197927	1.03338605075381496348221340713747814
47.019053434155991424662477580376846	1.03433441857006328436255097653144594
47.4370087953316652321517219531791371	0.997397806811603126420826992166725042
47.8513136815775539432077845195818416	1.03786022757843281229895424388272563
48.2620621053129953601455415462508704	1.00691849243240955201630086244865315
48.6693441116833427634355297400395652	1.0218636408465822456303683299297527
49.073246009060818015925800115151299	0.976302350867750998930060274640125692
49.4738505826073834767214445761299174	0.996392192141160863418823167287821106
49.8712372923964898489542622417910683	0.988682793044791648596203610301110034
50.2654824574366918154022945326261824	0.97984131499894771928739249631202846
50.6566594268042238902403940419306528	0.966081415102774712028204087544387325
51.0448387389713542561702632088900292	0.961818419742437330539713692666879477
51.4300882703106791959969068100686549	0.97225723668647388153116590486594759
51.8124733736607631592938602841553356	0.955212524170350803077322432750386518
52.1920570077541873731686039034056748	0.943153612145558194337315166635864452
52.5688998582338644443389558039589207	0.949067631585975580895329939395133885
52.9430604509163018195726148860801926	0.955336415088431068584851470868368435
53.3145952579003949641905715943706319	0.95202856974616570689860557597090118
53.6835587970664694149437215870843267	0.930296229404935369857640193338498454
54.0500037254619451628890333028797541	0.956957844494331589418059877440328889
54.4139809270265355178223474326044223	0.95661342515200557580381768266362381
54.7755395950707638496854523030547382	0.964746434245383580578743437805564231
55.1347273098863023169725941790614295	0.983275838444684082634773875036215879
55.4915901118347832218300324897163168	0.949269153515052613456040833012573796
55.8461725702329337665802809840731	0.937751242922317077566297926253309018
56.1985178483258111452509968212173703	0.930275192270402820039355408705111822
56.5486677646162782923275805992044583	0.974933537571765680665940318407200831
56.896662850797406209185757327003855	0.960861516841472255683568518250681565
57.2425424065149910375976413432618108	0.967786284172979336762859297364196185
57.5863445511696331350747361853959853	0.927509027041994158406272050207921221
57.9281062729516640497543284122650231	0.952920082311063831834801214224715902
58.2678634752874679733911613834085128	0.966113819651635586521018921913824087
58.6056510208622868033593539976270916	0.972693097544523251749096918905243242
58.9415027733722974664357073934660839	0.938216564273775421502528089527922766
59.2754516371474951944958476139771481	0.960772480002017229794166134502345699
59.6075295947766074066013042379596129	0.965090943634294666532192568048702285
59.9377677428558106395671969797243921	0.962049280862134540231938932096147016
60.2661963259743477543515212592780406	0.966811881233801217121241653464982293
60.5928447690421728247362597446906496	0.974110480500646063262916373762205423
60.917741708057422379930792868288313	0.962726417830539740432057944606007838
61.2409150194047661990399853181979519	0.983095027839826763726408710350616707
61.5623918477694765861137455066676285	0.980684902494027788083017802492377144
61.8821986327463250718718060164897697	0.990331377327227139854416666771544452
62.2003611342171274582223340267657368	0.970912502563162913678054588523627001
62.5169044565658738043558687191682841	0.996365006092332929439109773662421699
62.8318530717958647692528676657827291	0.98864561114285825433138379057947914
63.1452308416090983729353741995376287	0.979042901518336221073838946320448476
63.4570610385042833531314387681706798	0.997351925206477889778113339504890446
63.7673663659462711463034002726156382	0.985764930727668087371078748496777023
64.0761689776563747509304953906401778	0.987747254788889557625561424992651561
64.3834904960699581043609388865128397	0.997482176396047725611731963334288607
64.6893520300048148069680409074292534	0.994548649365772776525894407864008629
64.9937741915811924705111662673830445	0.995018537109697199594021900066692887
65.2967771124318426213868177191253101	1.02528862535023237973117339565047837
65.5983804592381713306955142148179936	1.00178625868061834691089603712830604
65.8986034486264192203096631559503386	1.00193363383410185895357980081162427
66.1974648614557990065633056330540118	1.01061994399707218256575706784133054
66.4949830565286531319390166557214227	0.987627714812133549281280665864564648
66.7911759837509530858474363734022274	0.983197931909186921060341932323170923
67.0860611967698363708532492874260476	0.992438977124820979084730792007847381
67.379655865113358151230838454673674	0.99114312501048353201073798139217827
67.6719767858562145545241196832954554	1.01989646097473084844807809035655186
67.9630403948338661551981777208530539	1.0105148207751071879312031292738559
68.2528627774262467096127824352400709	1.0058455392228511300175470510956481
68.5414596789310776242581119887173327	1.00382098428175312318066969275230293
68.828846514545717302039762005380637	0.997372104231710835391282645974745186
69.115038378975451246178154732361006	0.988439861096622324436423209285336112
69.4000500556851688355440201950420995	1.00760734123178066502102901357941159
69.6838960258104716174335973465638575	1.00008203887682143245490518603004627
69.9665904767434117316395362118671998	1.01160733976192673185999173665665304
70.2481473104072639315637460265217097	1.00434491469627786304132239489020811
70.5285801512339871369937163705652691	1.01215396167804057473190930655022613
70.8079023538573283328809302975728338	0.995754699716248216266890875368889028
71.0861270105338599522540954591608467	1.01455820790041154818530859541822683
71.3632669583036189022849052251228084	1.02611275759078246264618120792414947
71.6393347859014285654364117993820193	1.01223435165431154425283005498878157
71.9143428404294320731436503319381099	1.01228613450352575367803881108054867
72.1883032338008437189732570269752595	0.995532252364361170740889894675963463
72.4612278489644335202834742472916834	1.00716840746771966801126171280987017
72.7331283459187957654968026152023535	1.02449742777602733941885879455791276
73.0040161675250141451532941100593473	1.0145934598034554498248836776139644
73.2739025451259221290255031625273481	1.01652215409547184708926122915348673
73.5427985039797661024924317457453998	1.00073923113067824070823773335863131
73.8107148685157090017927634634996457	1.00715996765582914336055943246685301
74.0776622674182624753967656355259559	1.00780730009082627355427598711697435
74.3436511385474047229125963800557341	1.00915681677047279281609959538213044
74.6086917337008279819957436937132681	1.02418388758129842307740173661309765
74.8727941232244630827702425288674367	1.00776146789630224415576971120845877
75.1359682004771475745294328685364101	1.01357337835923884698855353599255443
75.3982236861550377231034407989392818	1.00358177800430097354927047989054288
75.6595701324811123125122155797842325	1.00279997368641325018473151329694455
75.9200169272648768513114567123791318	1.01694499983572114562186751399718541
76.1795732978371497249512870056461968	1.00250491820419086280753307976315841
76.4382483148645963419406516401193399	1.02390678129952124423597096003623014
76.6960508960484727304893222299987762	1.00271989924624228231019389408071044
76.9529898097118457326421818833345294	1.00625072599338052900124909661400021
77.2090736782793723330490292604075318	0.988914534982264770917105500649470841
77.4643109816535452042862556303735709	0.986117742787763393437539955827079266
77.7187100604911447389407899262329998	0.999167928805557090134721875223645147
77.972279119383479191044494798186422	0.997093598525764294789751913519457836
78.2250262299438436160009276654335319	1.0092560210967231730172734334287311
78.476959333805484656500392766470724	1.01657025714253019275128086736382
78.7280862455332214753798122079398895	0.996451849669936490907655138052626439
78.9784146554517429122241620120794635	0.998978103356882002516239394332808309
79.2279521323934768883758571628259593	0.998056071845118038969899684834773937
79.4767061263688098754684056506128172	1.00248552841863309513013442280994728
79.7246839711613215657132165159112679	0.993246215149861835136406675351234156
79.9718928868505924462858578915559515	1.00254895522682524677548673348657054
80.2183399822650395107001670438967364	1.00700037850672607636149148253611835
80.464032257367137578424994412816053	1.00986325976582160863266011677577689
80.7089766055732903965461906506498999	1.00001873782693201715979851352282518
80.9531798160105266343704826600488636	0.998243353992846898291725772921293151
81.1966485757121108369954226308144388	0.999912226300256469813667713269468944
81.4393894717540781728167660757440744	1.0090819155555207896258966042522001
81.6814089933346242000287278655175526	1.0055459192147095764544086576557498
81.9227135337982067065267262626558135	1.01174196201130451709540919711158799
82.1633093926061457745281789545821079	1.02072310064178077578755922114507836
82.403202777255440423492949085814415	1.0086998297890516864377085689016745
82.6423998051474553393049672893167741	0.996848584055123731648591850663511722
82.8809065054080691593277787170363437	1.00368211850357497159098069537886223
83.1187288206608164149237710696517833	1.00204082653121339628423854271536837
83.3558726087544984058078256255577047	1.00629974934987573232232049968562884
83.5923436444466838716513262691092161	0.998013845781272223236322841492036869
83.8281476210444682196895395181491911	1.00925749196961678069152298541672005
84.0632901520038101529236915508407562	1.00262860251134535073141057670729334
84.2977767724887167178764952318260615	1.00078728811792499597571669139327282
84.5316129408915019552646941377319648	0.995515391567075982451812889377536427
84.7648040403153003980648975820425023	0.999843743755362427653956272120075094
84.9973553800199745308054956393572005	0.991584340734039934818264900452524102
85.2292721968325149176397191690536214	1.00398275426769293946624718030041545
85.4605596565229929452900198383720658	1.02723184888568474861953970873093755
85.6912228551470889348288061449394229	1.01015517938232307503551927444056536
85.9212668203561826818516194387488781	0.987243119523354018891054109573652008
86.1506965126759592199167959436113057	1.00867655262416724797686016727766326
86.3795168267544497026121047780939878	0.999802129134167075493510373434497567
86.6077325925803957039464319759612996	0.990275261985027413503272508825143944
86.8353485766727948866977465061320432	0.991813361795719785873247077150750518
87.0623694832424568285157562921670835	1.00240421833110860401478715973342781
87.2887999553263697733529032313008545	1.0173708069594545006406677598119344
87.5146445758956521411420172130297457	0.989181029446057723976691142313093212
87.7399078689378367339615421372697746	1.01273469967594525253735799108739971
87.9645943005142106769540149320958234	0.992885358932386906530896277258088414
88.188708279792910183906460571074089	1.01115468585203679292609954293258403
88.412254160058446199653561090199129	1.00143373473759679481605348551777776
88.6352362396983148052822506044464068	0.989782515300126895338825105640684477
88.8576587631673249403176193239510491	0.992308036340967926045982276224698818
89.0795259219302554632365565698230382	0.991391762367123435562446466565028824
89.3008418553834338040413857896086369	0.995848848666038895870725428416838873
89.5216106517558094280697785724079948	0.989689761757908660673008129194140981
89.7418363489900769980618116636579038	1.00307186054828678190420700119256538
89.9615229356043864625184679795888787	1.00853506330788538799542177597609435
90.1806743515351602846894426213653143	1.00302674325580715241579221132889432
90.3992944889615216315272818889170702	1.00294375031561901662953272880623095
90.6173871931118215402642372944707368	0.989496960333319151626085916282458706
90.8349562630527378476898895757885977	1.00710762801066328523112542695944792
91.0520054524614039806133337091227028	1.00109909680815261361456595181468796
91.2685384703810115433097789218918379	0.993574836220380958693400094304305312
91.4845589819603169778968827050883389	0.991758112366413695148544008366101039
91.7000706091774693964235638254219828	1.01449673851126987900782682079880605
91.9150769315485639697430993372074714	0.989759086173826605065941241648596563
92.1295814868213129895959875940023182	0.989328856488348611965568456217328149
92.3435877716542148791706182600014427	0.987685460971587679006692873787081127
92.5570992422815899969378323211945652	0.998154674118007827099194430723600666
92.7701193151648410427003930962926164	0.998449757664477047713279339114152013
92.9826513676302852181907972474286978	0.991932247506174496000154031067207971
93.1946987384938950024877977906395926	0.997785660746389843301455139765546936
93.4062647286732744609341681061329236	0.996148813703613102262812056748208132
93.6173526017871884016608799483456508	1.00884568448741192775850060325976042
93.8279655847429524133665564557988157	1.00096287061983099132427022579694706
94.0381068683119828493249551607536921	1.00889507708652606628486307371713435
94.2477796076937971538793009986740992	0.997680301976720811956072241735719353
94.4569869230687465476109363174997421	0.992693002532445467213260356060985913
94.6657319001397549850966628867350999	0.99547855987439021786150469444982534
94.8740175906633304643034449063582814	0.999148600095788433201063684607843206
95.0818470129701071892522770155542956	1.00890801877173629300479241653397604
95.2892231524751697580693583012768538	1.0077613465865550775023556144421511
95.4961489621784034577802533066429111	1.00430640086943527309721357734467585
95.7026273631551078864155700391636905	0.991592376260433616032275409361095812
95.9086612450371044837679629788164346	1.00439219828453359593336943358576778
96.1142534664845621263957430859602544	0.987286379064786066625456059410109546
96.3194068556487587224615108091000401	0.995072812820031625983205888583060935
96.5241242106259907202910820925017459	0.986936910762941636643953437223766879
96.7284082999028366140037473836626693	1.00808596306192535726510071408997758
96.9322618627929748833503326406401017	1.0026861631301516466359600915242201
97.1356876098657513364245763392414372	0.993537338016246054787003816509920538
97.3386882233666855268710584800791355	1.00803109934463714163930210098225515
97.5412663576301007855339925954934439	1.00193103235850301026205733004414598
97.7434246394840574343493817563461663	0.985458715826486996782860792165292807
