5.694025520959574 5.061541064979302
25.375999552793477 29.935210564421027
24.588974964762844 2.3127479266096396
27.060226368110133 8.9804904536209893
19.292394860980036 31.49852928658855
15.970561407566873 2.0473785343411128
14.569988416649997 26.035985185098518
11.275036045503313 25.968558927454687
18.711476372391036 24.794734842490822
9.1456493735186974 28.693323415947809
4.3356537587328798 7.5923454755545006
4.7523494925522778 5.5864968136768907
11.450376278506861 21.977362256806167
31.370105010664737 1.5424079006079683
11.207164422194873 16.817241610470955
23.094329752234277 25.57176319497545
11.614833393868331 6.4767088681378153
1.0619846919191669 23.495075126197523
27.381457583291073 23.168584680158546
30.899006808751341 19.210044344612754
24.567004264326311 29.507752663544746
0.8669377110063673 25.730002253742985
10.369451625281039 3.5936165763014469
14.00125042878703 31.180569715566264
17.808102604957444 29.60409017819677
6.1378255678203857 15.780642165041789
21.461984005468285 13.710369705714582
25.166759208907575 23.012640630305416
16.129559091645277 23.140658559171865
24.552819206366493 6.6703295694348093
28.668146349864156 12.028870413477426
2.5503661347671245 11.94648433620125
18.841162448546132 14.64448571133854
5.283124555281967 0.53916838817882629
7.1440101023234321 26.277460161002278
31.416183714584008 10.235105863692937
27.907213936562538 2.4704928626492175
14.156519511198796 10.542659748606201
9.0841949488457097 17.596111671513778
11.979066766909337 26.879081357759546
16.532072938703788 28.696322768408347
5.8902173529082802 23.167124929963919
0.61729431787045808 26.948373698527448
29.77577451791403 17.691187676697464
15.76347836171758 11.783663985602553
20.97496017115775 20.492564178993241
5.0194248591304262 23.603919408672514
8.2547631656558256 4.5528916186698405
4.1199214857700515 30.731556936065832
27.538017356353219 28.552043616081448
17.28998444409482 4.6954210702102985
1.7978594902034704 0.89417034937693751
9.3236908173490978 24.059224814051518
31.521524850296146 2.4477453115030388
9.7807008339654331 4.4817175662115014
7.389738880982164 28.73560927509099
3.4064880241453368 22.889396039541449
12.405485830232607 5.6995393999116839
15.278438108802614 6.3064828565948057
2.1476817481808279 12.790961361131247
15.053028917704616 30.905492316307061
3.4206053891700035 11.480495695871021
25.728179086743381 2.6302291769126969
2.7265223372102017 30.790824102591394
27.067310009254829 25.893063425876409
11.497584587343212 14.830295874346804
11.698459595865204 8.7667776686465153
20.242280542841904 22.784549481760312
4.5620315880094466 3.5845082966624293
0.25762283231281252 20.642835272223039
10.855854688076821 0.10352173153956196
12.858989250071952 9.0137160235214075
21.402273608846745 16.308082960095188
30.142895408498319 7.8200058042709362
23.35683271545415 27.32009020745592
24.945359408278083 20.299809381986869
10.549208744075692 12.616385598946691
16.961924675081285 3.635803981337415
5.5601048617886661 28.232045549365555
9.8303408351810511 11.972043275721392
28.749190953166764 9.7324249804969014
18.532757922008035 8.4099244215474176
5.6692980111083395 19.970530932281523
2.1263189838617382 25.352655357443286
11.568131132370889 30.76058565575098
8.5814158564486274 18.372102891356665
21.846699109001705 5.425059152134545
10.724760307672762 11.370966314875572
6.2180605677498599 29.83604319898572
2.5958612618302501 15.673468322615298
7.3151876234993853 4.0413536571961437
16.666841538576691 22.115014916860648
24.64595875196277 17.411837494654808
26.408088240162868 7.227936348212153
29.009155279533754 16.540242505620117
29.42653751861581 12.612422176874386
10.630306805125914 6.6580835370485776
14.355949537226294 8.9098694045947013
9.8488043471417033 19.876412300629681
26.539768832056851 0.60164556304298655
16.221016403189754 2.9194502128314732
4.5477253415338712 1.8612288699856909
24.567634945936888 22.266842390771224
8.4573296994859852 5.7658193112378182
1.7287355895539416 18.125776657105362
12.230245072998171 9.696706964523786
27.582248398499189 12.298603036575022
2.9307949771232376 0.088654770168572553
19.59982546408721 8.263579601134774
18.166792864799657 31.354754458117011
20.448574353437408 14.551723162033614
10.117196265643065 28.918440295257898
25.596866000500469 26.09320463413319
5.0499441252631856 16.531678989177472
24.860940085842593 24.887405245442153
11.370862130685357 3.1484327844561464
24.935037547222709 18.480710362713218
7.1033462216943875 9.0767565777336721
27.439949158424206 31.293893855068614
27.531141112484566 9.8391349487801048
25.442910744848447 19.331284135502809
2.5072761465886431 28.084480395266642
1.5695335133882946 26.247817228951185
28.289006878296892 13.02378833787537
26.417258283191067 31.131893593911933
8.5890030273251341 12.246536452925442
13.466385677804086 26.212795818816392
29.051815600326584 18.389086145776705
25.68448440456234 14.576780373307855
13.147329161425677 10.382531631324872
9.9958618617006962 2.1099491974597204
29.095162544669421 5.827064035243656
21.00880382572975 5.2161622816582334
7.6938583479046789 17.681659001189018
16.152588665863714 9.3072103495412257
27.644855959497793 14.867594013076918
19.237146810055492 26.494985783278029
23.302183998143953 2.2030513168663362
8.7769891547553502 0.58722848254610449
8.6588527975461531 15.70854312646305
19.366717208319336 21.588369472521361
8.2067609919821045 1.9808821692747862
14.888801491947621 20.286915206261131
23.701109012087478 28.430207032106395
21.538280097756275 2.5692349678613726
14.262057439939015 29.091153510191251
11.64776433733034 19.389822559772927
19.474556636369478 25.33477634061132
15.170964052768346 21.299792195804049
10.672473512866105 7.5550380480418227
5.1979967102617239 11.633623240883187
17.22491384240799 2.6231081695364815
19.554808066794994 0.72522161805656371
15.675359896934898 28.404520835386272
8.2200532893536256 13.201131338412983
25.681668970617789 0.43788369392330523
30.84113284056151 27.47884914833498
7.4452847470889374 6.4039517841502036
31.585963147859367 13.52264040785472
27.465586916279232 26.905392768629206
17.914750572832688 27.36100837688554
1.006943032359036 1.7403039731537286
13.598506436199592 30.228142067927383
18.196809847444843 19.855271669102045
0.53807332307860678 22.275723011832451
2.8929025835639495 6.6835982491149659
31.282669287402928 16.707317453451857
29.260660298518154 8.1017402134720324
19.982902613396654 4.0103904822597691
19.575933111189357 15.197839234276715
26.375198358680841 15.615276139993428
31.07103744924499 29.032849631254471
13.103607344426024 6.3860252190956004
22.657320578429399 14.805801305170736
8.6701197413312379 9.0810797747797114
29.311901123210447 14.409252797434547
28.021421572884559 1.4559542593687349
22.45939152133089 13.853623373411848
29.057272321226225 27.307328993761089
1.3243849608539762 21.558566441457
22.504218159094588 29.17182819573291
30.467095464095838 6.8977229372559492
19.076004106968362 15.976195131462603
14.103759905412426 6.1019735636786443
21.320590242027738 24.309429834778754
15.08490499638425 22.850040465644771
21.628037164649974 0.61964329334859503
26.06824986796736 18.445083822107087
3.9587015470735567 27.520539256727577
29.979208260703018 24.17139403911413
21.272153856651766 22.504653796767396
18.416128390895491 0.69599206676295022
30.479114846524052 4.9511887042996854
0.00061653440104888623 30.75215565385675
15.352995115605228 29.33598722534337
21.983225052112569 15.53140041746604
17.818807100470824 30.594289835251967
25.570390130583316 17.529476465739656
4.1041418221804822 29.108209430925434
20.268145474681365 21.770271219302074
1.5373673408137667 22.586716663249867
0.54660284592922903 8.664349064571498
21.667996054754489 6.5381225023440308
4.0133448326305423 16.831112689317138
28.120163511111283 20.810597740878791
8.77500697654337 11.368646475953138
5.8066508696838941 9.7186945788679964
10.891947575389125 17.688498747118537
24.79334101010528 16.41024620195569
3.5331410431180887 15.175508559666699
17.6531036087855 26.501371232184685
22.734723144878366 0.67582358232971262
0.91896941483566963 30.531091861610875
3.3189814142858931 21.845487762022298
14.636649197841434 2.5869122925130927
9.9314817403519164 18.367714927103155
25.642635963308795 12.445084058540328
6.7917747982663013 18.326574893676668
2.1810488807176536 14.787763257965521
15.169415114895848 3.1583462701929017
5.3221493403965479 13.516186986336454
26.151832038393017 4.2202732090193882
17.668288529392509 28.629504964424566
27.338695660347007 18.903285986634067
10.612863482453646 14.475324234942097
7.5774691745235474 5.2420727588285487
24.29144336106204 19.299258932348636
18.45077357246597 20.997706618239544
21.847227549189125 26.412515162531893
14.899824170895128 10.04366148214004
22.556604723722398 7.6509795000974128
15.918388256374335 20.592293957340381
26.00816505483953 1.6833710121676597
24.363357626890519 10.25272661107908
23.777371136281964 16.540415043970029
7.3274024035912042 19.88309399737042
14.686194965919929 7.8776777352600176
11.37282407881275 1.5249511201191841
13.837252393653843 14.073863084048782
13.791967468189872 17.556642259069346
7.3113090727259555 27.296504533533739
27.308927640062574 20.007389015571921
20.76582195227116 18.729346172945785
0.094640847880391107 21.409763572227241
22.046006252814223 20.592439815836876
29.677812834914807 1.1446626609498241
18.124306633717818 15.72125798561814
12.460939873252542 4.0439535721226996
22.661489070089388 18.143187192844408
21.950702855175646 18.845404107247962
8.2457038469740898 7.6185860748646199
17.305428631704576 17.480066766763827
21.220485656840349 21.504809203698951
9.2310316657031493 27.75535459642872
8.5085447555071703 29.319382298434594
17.79341357113675 25.283385574754654
23.971273737990298 1.4954881164482332
16.906058631131099 31.560739572239473
14.466437845296429 12.944731549147003
3.3693476854049811 28.432669242281456
10.20475109800252 16.303584185311358
5.4885811557517332 1.5109419848097223
13.516859264386238 21.919041932402116
26.192851421097345 13.626916565158082
10.279453148951665 30.890207862620223
12.958072448182008 0.19532886937053714
24.363200316713339 4.5960576569211939
20.358105672748309 31.123190562200833
24.83913262364047 23.938812706592305
26.680426050081046 14.622955922688453
7.1817517708960148 29.766816185859682
10.542197719381212 26.596202995366987
18.759805766165957 11.438446505348985
24.380124753198913 13.629361043206659
1.2114171111700522 13.36704365727514
29.578483550993059 30.823003894419809
17.192417466492671 13.742108894565169
1.624515277784641 8.3639958090601354
5.4644935410472435 12.494925991897379
23.67798200748873 14.676323482620779
6.1763449020221355 16.681398875043591
23.917027291946397 25.008468090060816
26.970395965875987 1.5659576723065052
8.3509032672892705 24.306245547832699
31.489960036817774 9.3554886676435292
29.348867891065662 15.634228783509593
23.471711173468996 29.336365174795638
15.523953242725151 26.545738237575591
10.78028946829823 19.929578745460212
16.097747538278405 16.755100037975325
28.222264723645154 6.1156394898052078
15.321722277196841 27.55158813259575
3.0983010746465167 27.149135023422385
16.739721529220503 26.356621302628447
10.913859188672241 9.1480159372047467
4.8215135332768462 18.991666105877162
23.62160259770847 31.251944119299914
26.507725982854822 19.437313213037417
1.3004695447652588 19.91633374740147
15.046020355278884 25.131884967097033
20.137452036918564 4.8586696743793283
25.113136446396883 1.4766819798040944
21.98655236804246 8.8648330524077394
11.860133469407847 16.20913438403203
7.9958536548817731 22.875030468661603
18.893159259947577 9.5547687373308445
28.458637533116573 13.870781502045546
31.346499304530905 4.3586633205558609
15.285373569093641 9.1081008657089075
12.082190417904487 2.3872323204463499
7.5435017726736193 25.020347146381081
12.387165333557986 21.547479682079228
15.045099939851113 17.764682850335799
6.4488159354795593 12.547414428980058
24.675019196542578 28.463835829896571
20.533626129148999 13.426578366940578
6.4705794590258083 28.728742361947965
22.319222380040753 11.841478863655995
4.1106679223743461 23.501308852191428
28.429547210248003 3.8098929014629839
28.952243884702458 11.151296165588017
7.3112214296850437 2.262213895780274
12.1177929206023 24.435120017129943
4.7499097685263632 20.043387975583947
14.250248970925439 23.41386343758634
6.771423053954293 9.9696020422528573
5.4824421540523876 30.459552961717669
21.607181598264916 23.325385895543594
31.504162528726244 6.5322076204486272
20.470183953764884 2.3061091477509499
25.057551435839454 4.0820218705363658
25.792131543038053 22.248986658714408
9.6067546378352144 22.508123631567784
2.9396766993532726 9.5664160255978654
5.1028365244631306 17.431582249759842
18.542026753352317 7.5829384737927024
3.1913996524205905 10.506629791640936
24.047948335546547 11.058089132820335
23.24604540033447 4.7139303541262034
17.398449623245359 18.986656904116916
30.292209189977878 3.8992000574858632
12.000101746027868 4.893451839958594
0.5210684511118695 16.825219359539012
27.775698224624776 5.1815493491108899
8.0032371638202147 0.98467319938087516
15.845809225700913 31.174414099005009
11.233178257737359 27.375399214280133
17.892717254891906 24.186024779279997
21.491866924925716 14.668077822842971
17.847248879551216 16.723226555527596
5.1116889889437465 10.565692508082178
6.625227663816176 4.72289631814935
14.526583862725285 28.286447643730192
30.727565789399751 0.76004336156778074
14.523611066535741 24.341811109696014
28.80451438453888 2.8053330757300419
14.640383869907946 14.869558767507764
24.01550036768614 23.557525398460328
16.713304159797509 15.444839924392287
0.0086947084099035406 25.518897189108056
13.860304647257847 25.273681840715749
31.467251227552406 0.18031143859022031
8.4309948525111285 14.048365257978995
17.871627756475615 6.7231293857293632
14.979080077674173 11.281836668476936
12.588946800628742 3.166630027313722
15.839643834144276 3.9502220569787667
31.48048182614324 26.638444504134263
27.393099078236403 29.629625942243916
9.2036278220716579 16.359085694875411
26.744573356461732 5.2216951599459653
27.836977572112527 18.057007750012463
1.9936009999180289 23.838089366698785
0.55033469655765355 12.661675407346104
14.259902036695053 1.4871351170043996
25.087421992144609 27.05767830669372
20.054762977025366 27.16598372913602
0.84494438985289588 10.386338282939269
30.550553642215601 16.03085198379263
25.911666546128959 20.30587505013731
26.014346153438538 21.332674993431546
21.681011508409412 19.660281039890652
31.233668520149589 14.639888637501365
16.697728437302114 11.883204323126815
31.011201095772769 8.381105905503949
5.0250607676128372 27.195207420085854
21.139720079168395 17.121161758651755
9.2757943417784663 19.108660233659698
19.544164995020964 19.490078998505243
28.18967213513357 8.0741051463179812
16.607664403206268 18.530990646775987
8.0634750091613352 28.255886482639077
23.217210530508403 10.040700682072774
13.844485711434517 20.119187283272282
1.751780347320439 3.0291200417317676
25.598019801877207 11.194611809437644
3.5185060681533349 18.799930544135727
20.512727840258648 19.552521442321293
21.446028935514398 17.945594981329862
19.803037929395977 11.497534184479766
28.323277249046562 29.315933066326835
1.223129986275967 27.596200234803348
5.7906669855154815 2.9898197857708171
1.9752745702827676 10.253668483706782
12.592169016558197 18.90707830664433
7.2032143161569868 13.498682883563003
5.7232298330756377 18.805100890422246
14.216803752173005 3.8526316540138414
28.962476658598952 1.7432439147250787
3.9807232026256445 9.7910458221500125
3.4670677684367806 12.63429366412759
22.46946372980652 3.6063255558304701
12.991192426153946 20.892137295846275
12.268296240642989 7.0665147552202834
26.221485296491927 23.331025927103383
18.85095149830553 27.384543448963058
2.5252445010370077 19.954955559602496
6.1618622585192231 31.345385315134461
22.361961828760744 17.252038014681059
17.305186342044578 8.5962959985373164
15.641590281880251 14.954019237603745
20.253948092188718 29.350559851748219
30.034255391346868 6.0080172343204135
25.523987637242659 30.855444385540377
3.9656764511311833 8.6792139177427448
4.2456858944226896 4.8643503645420454
29.378365538567596 29.040589654388768
28.59299472062256 4.7517361148820489
18.757441933252686 29.722233895236023
30.007756907053306 22.881332248451624
2.478718853870526 17.140105353995878
4.2042904294202827 6.4227679161364257
4.3042042646339507 12.025163834839661
11.346988504274506 4.0733278700290318
13.506988091906818 22.927152283249359
1.1761802345634937 14.864607310567884
29.859251006793723 0.156877481889587
24.319036010788817 27.443132093965595
21.240320822550757 29.470061137878261
5.7085184176321091 21.535368385808265
6.3315156135125399 0.67212523845277805
0.16527561868493246 29.629493386908148
2.8087423553419102 1.0731380830553345
19.988166969160439 30.201095741244615
6.2777201876881801 13.606253988733632
30.469129570209642 12.306854379955896
20.865721786547908 26.650218820901181
14.642198023871556 15.967279186020008
12.757113077088675 19.917032152051405
15.459048136311875 23.855988291316837
1.2034890421070485 4.5430871191282245
23.228083190383892 21.797111973553786
19.172989577554965 20.364290596754095
5.9063928305365918 17.837480297269206
22.168438490367215 9.8486593518947316
1.8426140602568974 5.4063117775354463
27.319930790991705 21.685374435273818
10.832090346545179 2.3607698824602279
0.59164262513599408 0.94216149029159069
23.823129033002136 9.3199528251117769
6.8667350047281186 17.167363927617352
30.679868669948075 25.9308203419519
19.842647087314127 24.325662744090124
27.58874844960464 0.56932360070904564
22.505145090457948 6.5640506230260307
8.6685165850909396 31.189872821043924
3.5253689476635364 3.454323361577778
0.97407031366058805 3.7871572737647967
17.636503601377736 21.410815865415778
19.054041516111088 2.574515218493751
20.183502627041634 12.600084594349665
9.3822235155806482 12.868634652447421
20.36391241814459 9.9579821604209933
15.587975127448123 18.505838544661657
15.302615011747843 12.602244900802992
13.689896044675228 9.5251235953043754
14.583342100949118 30.069709177157428
28.342745998574049 23.716533042950847
12.627024087195977 8.0361824791795211
15.868829541324063 25.663052894375394
26.159783171960765 29.428908233107443
16.911268160832741 24.269131346321618
8.3429532161934787 19.548253584130848
23.079377357604034 20.75809255814298
16.083369019309217 13.14885840744088
16.992112047808419 16.270478511385587
7.8912161720991456 20.636533981906375
4.9554044092583469 26.140332318159327
27.223863220818355 15.895260419283813
5.1407709040867955 22.432745273273049
30.845923758529285 17.589526969170819
26.913150459943804 2.5545634248476641
13.924852247953147 16.700555605074982
1.4133328370008644 19.015087256891039
5.2423874971250592 24.511168175602094
19.076432338128257 30.593028655152537
4.43904465609657 13.070107317038133
2.2022655626409615 11.048545000770197
15.781331865612952 13.97972657015489
21.081417404317524 3.3765117071406348
3.9374341516926963 24.459138286180249
26.058734494101138 9.5584765522508786
5.9332651927980731 8.7991102829302328
4.6205436137289011 28.25420868926436
28.519673709222779 15.057102081067825
3.5498723268819954 1.4608868545907512
5.1301301733945106 4.2415870148546144
18.507691065168835 28.394429701457852
24.615801092656426 25.95275375846143
16.890113241403814 25.350352913544132
12.736311326116793 1.7212980139740299
11.333824274397315 10.181617526900208
21.708983031012433 11.159761479622123
4.991563303751378 31.235716785761269
12.808528237429208 23.722442433022479
17.910369423605989 3.8318010685268398
2.0693937891477958 29.533190396516023
2.9124433793442677 24.829864407684283
6.116881445318719 2.1050838965791576
15.394102047776048 5.3397928896551043
24.075122332124007 30.298656338493306
9.6681701206860975 26.162763417660372
7.9018535637139511 21.541697631502572
14.759010905156481 19.300102417736912
27.25739336083701 4.3035950619731294
0.85335821374720111 2.698593510003743
20.596515897201897 0.34755918931844298
29.986179951138908 16.773663607033278
27.094788016600937 24.093870843473091
27.275347290470506 6.288665125541443
1.969075655885165 13.869956440362204
2.7605679153255505 26.200320739235046
22.079237982141041 30.170932798278354
30.654324387836276 3.0037284679709235
13.474995354130526 7.2280940031943359
30.598313543884743 20.92802834584775
9.704015449867315 0.96824776593929207
12.194635723006993 29.235306419898098
28.083513389475616 10.591090314426355
23.359521391935719 11.635216584811806
30.398154946150388 14.143535833971884
5.6222991511359997 25.466594808326406
16.956111537339183 12.749298373351944
4.2575074304189187 10.858630900735868
29.926652260020234 29.811669170481011
10.133941371747275 23.336015622622995
25.770586731724535 27.636989034355619
9.1473096099290316 30.350625018150303
0.19928149472083362 23.320665470194637
19.679206693963806 28.049084455142715
17.937710015970129 18.118943383917738
22.835768635784831 19.780098130483744
29.818952506251346 27.814742701259515
7.7596538094859211 31.114171064867318
14.358278817095892 5.2354116045128087
15.75926871747744 19.499253312303811
5.0569052113633797 21.01770779693809
16.476814459395886 10.780254598728414
12.325219648565556 15.351668597918694
7.8165488126072162 8.3793917205095969
30.364750907191201 9.0886517715100759
28.472582238297388 26.506029315054214
9.4892475566715273 6.6068479306451167
22.191668750413854 21.592721120187342
20.642916985127563 11.112454591374048
7.9584672587749861 9.6701578185397903
16.801480677778944 29.589904178408037
7.3461242907701498 10.710831519432789
30.364139073483887 18.570428632345514
21.205444597610668 4.1476278021868858
1.3799171832075221 12.082806878015868
13.045055084614035 14.699599394164675
15.765109745283999 22.018388704465629
18.524839818455806 19.016785658105285
25.386528009111942 15.620339496490958
7.3413712407168346 0.32193777055169476
25.537371532353948 6.6564502127542173
28.419003294099848 19.958438784489321
27.862935666174149 24.656393080467669
16.329595744989884 4.6964276747558742
16.024182827414087 24.571737155544785
9.452196453581692 25.088671026393875
26.301209482884566 3.3777458464772963
17.005138413615235 23.291202639743563
15.653031974070982 15.872279061862265
22.992097239042987 30.289576501352332
17.744867384959093 14.989777871445092
27.638374917964992 11.371676248916961
8.9457817446300307 4.0533511159403215
16.347636086520843 27.255762628634606
23.81110257511752 3.0666419864374497
13.030470771607167 18.100175516877631
11.181426786823518 29.31135486123453
1.5033858387359675 24.680651449965797
26.646309818346534 28.571410291815816
3.0886097147958802 16.442207853819053
10.618187001647497 0.99535141992901033
14.793536918550835 13.846068594182373
2.4892851853195648 7.8306382177354301
15.759715822941025 10.451454541901295
11.821716759991265 0.055656565765646947
26.661649013925924 10.27884235648215
13.625903552201958 19.168838001503861
15.85162723131273 7.0008502373793995
3.0229937363416939 13.398696114499343
26.770587742742968 17.918989080371571
10.428244202208106 25.345950364961041
19.241158585953475 5.3137014143841093
8.753498288243545 2.9319121141015172
13.798929834056969 15.365096578261033
11.604367745794621 18.386493431116985
8.137464539809983 15.012074838624059
24.466652391129788 12.541221812351981
28.195389109709531 8.9317525332005108
28.031101524658485 25.716176693731843
10.263710216005906 8.3849173792665948
7.1935572865874216 15.660875292414735
20.994263615409999 9.1446801724323201
31.141409672727146 22.478817758744515
3.4798120883045578 7.3939164077212745
0.6255368461543328 28.462852569059589
19.469535868031087 18.528406044732684
8.446196343984834 6.7286819728021054
3.7965433443928971 19.607037684721572
26.311208894877264 6.0809024125572826
14.488419724477476 22.12604632853882
6.1970921444521396 24.345667014431442
31.33715535802509 24.314380036863923
23.504020353680083 17.407702864056557
2.8966211231335954 5.2119621607225639
13.400124992073408 4.3615860501400698
0.59058401817325012 24.566228287933036
12.118531015991318 17.56246222728609
22.577139511972696 16.429713322509095
31.528756292690211 28.013572518744155
17.404141585433354 20.324107179716115
6.2775145459612451 26.143551278166473
19.944330365497173 17.066854223986937
18.61882715793395 22.169031656028274
23.723494362131675 0.62526585777363697
1.0807259052619815 11.311868199796729
30.157082707687671 15.142993095043595
3.4122687269604 30.141911539867163
20.911650034206769 7.3049044067586335
0.8691025568878008 5.7753582769030674
21.129835034960774 30.487064972091282
12.24092481523296 25.864172136730318
0.41134747166375007 18.828367202633071
20.715488572552051 6.2590868702474909
19.659225166519722 13.937551406347341
22.714491402483247 28.114916133433578
13.548974647187844 2.2440582806414695
6.3734944178059338 22.259983161263733
1.6463571900241936 15.919434603860397
0.88338049490487425 6.7048025142299554
26.33800428390014 26.542123046761748
8.0088164593816096 26.109606899563012
20.650272767489138 25.022968903545106
23.89381839614618 26.343244257959171
19.323730461129266 22.848026674642334
8.3235759354250636 16.942747324956958
30.171383535654559 26.734570519216003
31.456974100033598 15.49086465711755
11.444136613546604 12.518959524778074
18.847930674676817 17.770341527405158
9.2246076974315869 5.3431663445005739
2.727002704169645 18.086442936903971
29.184225868296195 22.705256479236908
21.610666736367822 12.72160742379822
1.62038733756887 16.836096037473762
22.789251626278087 26.514607647828704
11.556596614681698 11.462891990053048
18.016342686656991 12.054499172170773
22.187210750232989 4.4109418043993927
24.787248515940725 14.549532352976938
28.19644722638786 22.641323985621227
9.7245507878839685 10.966193753962269
13.634767388699602 8.1675245476351588
2.9294549539397186 29.344355374314933
8.8389494814428602 23.228312394655276
2.4736797180322245 3.5712127921941712
6.8883619466693107 21.229845366572611
7.9652104210258869 3.2974090908580953
11.717600259884138 28.355087501675161
5.0797353583570555 6.8395067847265958
20.171518877670927 16.240608545977807
28.734255670939053 28.328241006450952
9.496371475602313 13.746224795711125
29.567066300014485 19.228333851988907
12.101164033252257 0.93502901878223699
6.0911509880056824 10.842060382931804
4.6308758836636468 29.813309452700917
9.1539512864541557 8.3168885615670352
21.34564852238147 10.231574196775458
28.771730442957239 24.997469993959072
7.5918380952851496 16.326227580453683
29.565620129879253 20.07264861178874
4.825084431690521 9.4743647476891901
29.399317768738584 26.176288471666204
15.030053406385056 16.920546599723071
31.590493975678523 3.5217690873492646
29.383870543488207 6.9358598515228138
30.625519950841852 31.118402280914538
10.869764732722436 22.636337973914902
25.815170655275008 25.139442388251108
26.713290719320998 27.548181823783942
16.699751507048287 6.9853212283894095
28.343585818796381 19.081633544622196
26.669896785644482 11.161871967725315
27.447724437982682 7.2385943849407033
22.81782655246456 5.5135091426272087
11.389097188859918 24.908283680680409
17.983416373404939 9.2701208408526146
23.948261588526854 20.140305967687361
14.259744125182817 11.799670879217254
3.1083770602116139 8.5416221215212254
25.067991564517424 5.6705049453654821
13.439941093544 0.95187464533270116
23.550896724529242 12.583922518375902
22.484231974239567 2.7772118574587741
23.493166420552576 7.2755450209019603
6.4418471756867399 11.598536521445952
13.215644525434788 28.446926136763715
28.358287805498488 21.730264131271085
15.177340913609992 1.6356365978066709
16.307321228759406 17.595272321981028
18.561930641566548 6.1003288138449792
24.65460154489816 31.140883180568864
11.265654844279833 21.030645743710835
22.306254463742984 25.160962992936415
14.934949639457107 4.3987827876208181
25.636541099703798 7.8140899086110762
26.732550922772521 30.243869716242688
30.605280836507792 24.969255086885546
16.433117845467738 8.2216069955707045
23.439903228568845 13.686438987154711
0.02617289490634114 11.26303945941568
27.422843429235623 13.849966435486531
24.06174375880455 21.219502582427232
19.015460635236124 13.290705529987942
13.209298928530455 29.379236035876243
6.8213979803816187 30.783301817001792
28.850951873096459 30.164210070497319
6.4529345727357859 14.802388927698274
10.374247526213244 24.33199054250597
26.883740732312219 20.832429565667926
12.412726627715585 12.753968221601463
19.017796983685145 3.7502351176569162
1.8395214854169297 30.49982200819796
26.425023156927175 12.109742622760484
19.301833133875014 28.989528757162091
9.7517253350510895 29.801786804181852
19.611030978144981 10.461081263309646
9.6793063702976205 3.1071893089919107
23.543886905192458 6.3004712317161076
11.881633084605268 20.399441547929325
10.626223936279919 18.883839376646911
15.24304427195278 0.5724513005828985
12.542604458684806 22.519242214828544
22.859170330171327 23.3472742005752
8.9410122467553013 20.364391337807991
21.745220561005588 7.8327250088274916
27.513636634405213 3.4591465061970217
0.59376842646429973 14.268064982062221
1.0643435948856197 29.403095102948839
9.1068575151418774 1.8136337569054073
2.3865164877487466 21.745890081959608
3.8421628931331453 0.043734917632649022
19.731736436613641 9.1290376917688789
18.16030234508661 14.003103893039791
31.583970959498931 18.078851673189611
2.2608721502976517 4.3946011080233847
1.8239271034467597 31.610272243353592
25.92965633562121 8.630688426228371
2.0056430556410252 1.9121046266898352
0.27857654470327264 5.0988910307093089
4.1346036462537681 15.810564883847674
11.163716002570924 5.5953743662789908
11.195997768484022 23.755300541716824
10.495983866413429 10.263571954062659
29.170974300442627 23.886459105289408
2.7302237046732554 2.4109942738917285
0.17622053079610167 19.767743154723561
29.515341165122347 21.716903645499531
6.7085840706632736 5.822115412672888
1.0798185885325791 9.517382548180823
5.5616997986416106 14.513199191830795
30.767453504101372 30.10446331918088
6.8928412147268219 3.0916528480863708
25.309230090844338 13.364889924192491
13.371553913744966 11.391739103620131
13.459961415264035 24.330873382950422
30.318312922526879 28.617139889918302
17.61492321371675 1.7986638324205888
12.984332313312001 26.898682234868325
15.584240430138136 8.0155771272018388
24.999173378981364 21.336223855060894
28.137110722370686 16.078464470112007
27.964782430786538 30.559174996219213
28.669415971012452 31.386271126260205
14.542531532488759 6.9869046385197962
28.724632041929119 0.58176277433505286
6.6631243938482694 8.1545267216847073
23.233947344004669 15.700101707865731
19.954064398927066 3.0443232400327758
8.7310634847646842 22.01993809298682
16.643298254308288 21.086908161404914
19.23081970072694 6.8429749471647678
29.892245539735843 11.522020091630409
6.919572992108062 1.3995781693462113
8.0466072557903416 30.072137032281844
23.713193440574553 22.631178394419724
13.110357173861475 16.061515929296093
29.48303643802149 10.324880582922807
9.6706027303557089 31.521624008559172
13.589668995387099 3.1363312578739397
9.3228922171606374 10.022760764036027
4.4720573400058106 18.172210169648704
28.665108114956052 17.452325676590828
24.978505066200967 9.3610880343637781
2.065239289290103 27.074753654813602
21.669167062899511 31.325478385881706
7.6113904781107795 11.533904199404585
28.512310892662356 7.126751378963422
12.276909261617455 30.166731305621934
5.7436827084716393 6.0602444340402277
30.738045181227488 23.488760296401711
20.080556070597204 20.691398393727024
20.208114640685942 25.948179316841419
25.515869553197721 28.60729796487303
26.749955578858266 16.931508044532549
7.3188028320904408 14.461168298085264
29.598199436183808 25.263320613433297
10.058092929497265 5.7934139453254145
16.685080016481098 1.4452736984101444
2.0688000521643537 6.267303762229572
26.997247673194178 8.1315190520673291
30.390873456361568 1.8725175709100335
18.028750497210456 12.935771106450781
14.350936035477703 0.34089948674004267
5.4250141573204287 29.21515769241833
29.535677452254763 4.86125390926553
4.3399348579973944 0.80027033522530744
17.11424049308577 5.9962612448442076
8.4248419672402868 10.498519296369672
3.4662184186011182 5.8442930370863966
24.616109826292465 7.5823388179350415
13.156146097505603 13.441465050149761
4.1269776828601108 13.937301456045857
0.92600113260233918 17.696297194954891
24.799786697327036 11.6930812908427
22.599791556277008 1.5608425158617185
7.2418520285220591 22.393426543517691
18.220683567130799 2.879212837712378
16.314566799614688 5.7361974067035142
21.615763988650802 1.6299515816472621
5.6305394735521714 7.6950739453063175
30.63621876979726 11.040902819886655
6.5663700705361592 19.384008926361787
18.579229792903185 10.518728049655778
17.01559069174229 27.793493572801328
3.5336999603411541 25.68434638042012
3.1388301182619416 14.322634873819041
2.4372267658617321 22.835933865523991
12.858562854298496 30.937595712715257
1.7316130976461042 7.2206160994614992
14.089601833121304 21.078318465864555
0.87978212883034301 31.596154071016283
29.436003289017322 9.0067059510523055
30.345974860181414 10.045697132939186
20.205846421257316 17.912051918845741
10.236669915753373 20.887781186920677
18.497589615133496 26.002047510987637
2.4967461588787447 19.138881442820448
20.600203806296253 28.38957183526664
17.425981174149385 0.66312776814430041
20.733529204964857 8.3501114481856611
30.749856236128142 13.189090635586821
17.617182365604673 10.323650110140639
21.436462186043943 25.557248654320553
24.749205054068153 0.50149114128919492
29.753363631744165 2.5719439173636913
20.728318730358851 15.48401074411078
20.634591412553814 1.3247294596084294
10.931240535098507 15.642616142296689
31.450201519945164 12.118163682917631
29.275569702963825 20.916768349492738
31.383020349975709 7.5245971402870033
14.427940892336307 26.976400972140617
11.889307256801905 23.166483810002557
14.265799455945627 18.433086592501748
22.073296452255192 27.437176476310277
17.479037268445328 11.249957103937684
9.9733725647081766 17.26469484060005
18.670943349662174 4.6028445205385626
10.515707964776029 13.609695245365405
30.533394704530913 21.815287839763535
15.882571890743671 30.021192145728143
0.66997327315193889 15.776838826341315
18.559802985723259 1.6212182145211445
18.846100770740335 16.912018306561109
6.7742908398049781 23.51981826928888
25.922911412856056 24.130203358430798
8.5923658392465878 25.365027791693471
4.1421892068167363 21.288914833629754
10.650546481734361 28.223796186958118
20.999776357845445 12.059830700006444
12.51132645673137 27.872121201819038
16.107261143469081 0.66481218594093439
23.197762727326939 19.006922859862222
24.932338344644595 3.2453885195526224
27.977167365339835 27.667282859492179
19.898175440964739 6.0538305441558204
13.776711127089447 27.604604148091379
19.076203344118898 23.763591760735427
16.90605248537393 9.6910567722605752
6.0799151248480383 3.8589252910848346
11.557512498761922 7.8197234224898349
8.947296259539387 26.594366701293001
26.792511867886049 22.384488483972458
21.160980521234464 27.659709767164966
22.744609552007041 10.788078808264578
12.231583573603572 10.758508069206549
2.0654512628185699 9.1690316104782141
16.671606837970472 19.725327218207244
7.5486581198407396 23.856184265962728
9.8446074818759257 9.309863631836711
10.834277753331591 30.094281155134908
11.573126046949268 13.572312604093659
4.9503079383276578 8.4114738370577466
23.600692170138835 3.813133878078601
23.366454689981346 24.31177462626977
9.3259030685196329 14.704255368888999
23.904531828083666 18.268272871973149
25.658969951867387 5.0653120639132556
3.6473858007821254 17.650470909372125
7.6505295578476709 18.779709126926249
19.227875239738488 12.399950087400033
13.300756811035706 5.2164277960162559
22.879365625157035 8.8455167103254642
7.4548384783216006 12.438656455206706
9.9966183889047109 27.426919555784789
22.316264067245761 24.207308327407318
4.8344736151775214 2.7129608199727322
8.2693051620835174 27.288332234653421
22.605802741282652 12.831495800934178
3.6427831484650883 20.50954291696247
6.271156939079888 6.9463483834810882
0.72586308771637853 7.7379196141410862
9.8939005154836241 15.290586978061054
10.666668825442684 4.8234109318521892
12.801367574752573 25.226514878562234
26.763014072949669 25.050941781041132
6.38163412109596 20.580268250619486
17.433648610605839 7.6393059906626668
19.95473778937934 7.3820666269251385
18.172542642458531 23.276444016580861
30.643004012530461 20.131367445119345
6.7427589026867105 25.065048750690433
29.589963066233924 13.440598254644687
12.57605432579696 11.841475927178529
4.3513611216325518 22.319093102957424
25.894028030140387 16.616914967302041
22.624122662641014 31.290209832751955
26.931362587629764 13.02432916639275
12.25898286409203 14.047979154269017
10.210506422535063 21.769177532081507
19.601282704657777 1.6711481243280555
7.1692269538564375 7.3252304720206398
29.421779208112387 3.7099147004970643
22.422883398298907 22.559538946030347
24.298289394022824 15.469060735919005
27.707630331310842 17.023941993287163
3.645966110141023 2.5377888104224153
17.641187401400977 22.439996004497608
6.5831121126996264 27.697322771643201
16.735023838534669 14.488251868463459
5.8916721411858672 27.030901825498152
4.5903863739001425 14.689093868701375
24.093917330673495 5.5247983332515638
4.0736680302228754 26.490480066677105
21.709909210515232 28.644601429404759
1.751671707207451 28.523745610591149
4.4456873158442827 25.183157873200329
20.496433425690007 23.673124056735574
9.1725553168716072 21.193550192080533
17.902475768532597 5.3337233622001889
12.705953321845744 16.91131555445866
24.651665606888042 8.5361169794589742
1.5044919423987722 20.733506447618851
31.066830968571342 5.744033951133245
16.79466311063053 30.623948959244533
2.9393017657969627 23.9030931482177
13.574834866863949 12.576175376479322
25.382977906737874 10.37760578485879
9.4911936464816566 7.4725488514029461
23.607162883344806 8.2214885602790115
3.5090382293063911 4.3766941682945291
5.1722612707331361 15.552625999149141
2.6735174682592406 20.829256326227952
