13.015937534814672 21.210051489478779
23.978991569282726 31.316495730028887
21.145196460023474 28.917281296397991
17.772116229180533 21.32639136592811
24.84154809590877 16.341391875191491
18.635087142912802 0.52552608300840975
15.806693356169808 0.18512267003649241
1.751861065376207 19.729311178493603
11.781440669482866 5.2887575501456539
19.759342656957916 19.49140910509858
29.966822036178652 5.1645118420136997
13.726770083764027 17.025799969495164
17.11475978894007 9.471223689414062
22.337611015321119 9.0971053794939323
3.7326244804684223 13.823748030603761
3.0164529903081254 29.004185256149135
20.109783775298471 26.577658840570404
1.8655822179402572 22.83888017249955
20.10617622742096 10.310449915521247
23.315450045401139 15.75263713822531
31.379667272962138 29.70953501734294
4.2714239935970353 22.184500676095372
17.625484155705053 11.949990964936715
14.873442641942825 22.676806437431612
11.36722523751331 30.3829127871468
23.999270482479567 3.689367315392122
15.752202524153089 21.441900836903745
12.789062745668637 12.574465547151091
21.930240624737699 0.16071209773678646
21.74468244846501 18.367704751359319
0.7340495875178995 11.591614467862222
6.6480840428898453 11.444064551431223
25.004667417203997 5.834542904141478
21.457604181686271 30.932527711992389
16.048082216595798 16.208823383190026
4.4966275600119365 18.71076473145304
17.85055180302512 22.380815499117901
13.515139742901672 27.689766317002608
13.508017422146981 2.854159505892885
16.471349150544679 1.7303028814348169
19.932338370078998 23.260979867964313
5.2527573039214017 28.786914225002114
7.8169344357852157 5.7203902681178818
25.035838753226589 29.533868447944819
19.098736174082767 23.759398392377467
25.107709776588639 8.6315582104836786
21.268064471701532 21.621002286519506
24.091496735244903 21.428853832475596
31.294545131894633 21.124956090229464
20.764566893704782 24.068565009436576
6.3263315924138244 26.405845169540292
24.690986176281033 28.576645766704264
28.809918825742027 4.6694377224967969
6.6222203390482601 14.465260133795638
24.570621258088845 26.722546559839518
18.735788595421315 11.031005552851475
10.694816613000647 1.3832507823023492
25.947436821391619 17.351291785532872
27.219645669654739 28.351533206060214
23.856573032470894 25.004928315608439
8.1975031911376881 27.524802356650135
13.447571634378967 6.2580662667651774
11.582085647065304 25.837987015733262
28.627354994610588 9.7673495496668199
19.011721751862883 10.183620906423501
0.34949587158770662 18.003618357298901
2.0090691934691161 2.7762193503254831
15.663684027601315 20.403584579707019
15.033692604950236 5.1269462449870007
5.8331473593903569 21.414722344513137
10.401107050681869 30.115309515355744
8.0050730515639241 4.5264888764923032
20.08305750438679 25.589760915891706
15.77126402006254 8.5944603532511223
23.869228571537978 9.5150781575999837
30.170300297059267 30.294681305018731
9.2362475870176421 12.449230299138664
4.8397031182411601 14.190988716132949
15.411292351183524 9.528428860938881
21.383078558190725 20.563742660001381
19.714884319503593 5.336682825094619
7.0881690142176499 9.3521146674106408
9.6870430143660862 31.406695609911313
1.296921744033295 28.154293131966156
17.989839284643562 28.251399290522833
25.859450744269793 9.9965676241434309
8.1005671905918657 8.7972334996117567
3.6963016144091765 4.1782149735204515
9.0652211793995274 21.828729198311276
22.199876253179983 10.00468121510351
30.75326243328341 15.586062391362022
2.7449659669989259 2.3402765666604601
16.679992118437792 31.396846245682852
15.504752870219871 12.480809899057064
28.853223236533097 28.372005992834342
1.6079207963902962 16.605457824808624
6.370561219517481 17.600450739398255
1.6345922149009626 0.22075145116735356
30.605777306780439 16.576368046633942
13.892105715495779 30.876634851830378
5.1698395184933146 29.730156627246579
3.8918710404316248 7.2289261606308477
9.9093638474296188 16.848762390285767
19.561772628910617 18.195765158691966
14.321164688536195 10.603747232672522
20.898282575453766 9.7268570438552437
26.267818062731351 0.71663432170401131
11.669512941273739 19.283097254321252
18.10776882755944 19.594202433169549
4.5155660274253719 13.180767301612452
1.9386090816489909 1.4874156909686498
8.1373123048802949 19.623282207530096
27.760888711723855 20.668741772481752
17.023428443968964 19.257561564852551
29.038063819417907 17.797432215950721
13.522781001719434 0.43383630591471556
23.859615924414026 1.4074762193015939
13.861723480797004 20.841345465600465
21.435084462702235 27.899480606045287
15.648297296234603 11.389213312630172
8.8379165662093904 2.9564083428801986
0.27180027948311491 10.561347136210989
14.799860475970844 23.678789940613502
22.790266222206881 13.528280157683414
23.859252069344173 28.88434674807624
23.119787676660636 19.461322849430985
24.749808544536634 14.128897052047202
3.388206216026509 5.93221897970672
6.6913269304560332 27.778436325568713
17.88305372366202 3.1022404751435504
19.921397364107065 27.779209692096885
27.878987724384267 5.6701943388825606
2.9033247230363757 15.917869451829549
18.928983650038425 27.965642829356891
8.7899406602251826 5.102466908155642
23.021295818203221 21.273960738037001
23.024548834982031 2.2447945766614534
7.6836743296041581 18.514210647865454
1.4507551434489905 4.9258538311411613
25.424174870098629 4.9582242953122533
1.6684739693687836 13.777220718264379
8.5909785932645502 13.393094666246471
30.567882305856184 25.403860572064616
2.8032140332643452 11.637062650826197
29.650842363505099 16.77569016875486
30.133625201706582 0.8445333557380863
9.3448877270316419 28.354856188697106
4.5356067093738996 16.212076819322377
31.275060358183001 1.1287602782533741
26.804347422212761 20.628425444875337
20.521393543854732 12.645825791125656
18.896856119266523 18.856316108787951
1.5495613034887197 18.703717525598591
20.976062738227203 17.75002613780514
28.630557327141158 22.421858303869094
0.59869734909111771 26.96932542027308
24.350424602055998 20.467188877415712
12.912420021986525 25.926429956853209
23.960421751359782 27.678721979512076
21.580325794192884 2.0206078362651456
2.0289211493163375 28.91379235478335
30.659798608829483 22.224920386977654
17.590282645054135 15.549018723317669
16.782548501022145 22.837188362797836
25.968767517753022 27.209774374930529
13.892202880347277 19.514134220787948
2.8364366731201804 3.5527257807306594
11.85875351397625 11.974092466672143
14.113022372178751 22.032160143950087
1.256780949644934 30.895825700387459
12.713182663603554 9.0852383669184942
15.595872128957559 2.6229619391252039
5.8039641572199221 15.002652457477666
18.09570121681341 31.224396614729343
12.697799815726121 26.963320628498259
5.6559046727266518 23.883578554529848
25.820988604200604 26.299025638956945
15.541535304411346 15.130692230428386
13.712469007183643 26.645069434605468
20.417627917576695 2.0009525138898945
14.948902874407832 18.436910839282127
10.70063462881685 2.3590916287980099
2.4355122966846414 18.406250359948324
24.233857465916664 24.011309187882485
31.06062560106982 30.638966446281522
10.676996254204843 31.144375693784987
2.1342394094918156 30.615702597000482
24.168730816374399 17.613352660185519
25.699708337238114 28.368314538106965
13.37980280036896 8.4974175231461793
29.55389222818355 14.683616463844986
28.485055103483475 31.028694584167969
10.004886958923834 4.4888993357482825
23.309863249694626 23.378678467364217
7.3540099419228948 25.991293409766808
11.765213211844914 7.0685663319578058
0.036335618072714869 1.8298180213281801
5.127914313536178 22.793115292779881
10.838136195452179 22.864706442532999
18.472577677989758 4.0463677519998393
29.632754803155212 6.1403602892139801
11.903700162545483 3.2949024058004288
25.166676909679193 12.063953350368163
12.167290717539712 20.396440017085425
30.04669023397906 13.602322575504603
11.603535901758903 15.851715778487799
9.5707334492432459 25.175540295632469
27.419876774541166 3.8134096042624517
10.798159950052147 3.3630418592403188
10.574548462602287 14.532148251308493
0.36083123911412746 8.6073259321225528
18.691832716503654 11.992335876155019
19.114008201115375 4.5751606151762996
27.988273538787258 0.43946646728110433
18.487672797974625 5.4513723860071499
11.357763987810522 21.997797619348916
29.706107487783001 25.847205681827941
28.515206040615105 12.171658382714529
1.099491965120829 23.500914475893087
14.418082899185963 30.020568208852538
17.363779143945933 5.8977286320033011
27.942067708568061 11.186294282868726
29.610083516327624 3.3229445798928134
19.592026820480481 3.4703252201485499
30.368788598368958 21.205990568671158
5.3561698280005281 26.396466323223915
8.9241760370242442 16.466047805582296
15.965660809085422 19.620907436615887
20.554986912078288 16.353856857766129
31.558406758404683 14.694824011367706
22.828319987439173 0.56007168976330857
5.5048699730077102 18.028334272837796
19.326279670817758 30.209257241455521
14.896977372728003 14.238284131920741
0.68951400190023449 25.917615060083953
21.746889239787102 24.348679379607386
15.771187350106155 22.399623193173269
30.123637958907747 7.411001098403533
19.579328364894696 16.057709843169043
14.432010739829954 13.234860521253811
12.208097128214298 25.298187955432489
5.7690632092207244 16.560690086162712
2.3666411400765623 4.3545198682858155
4.9086478381533123 2.8013076230893899
28.732206123118999 2.8423386472824781
3.8043001122429505 30.113600017926135
17.674813258019785 4.9109975100011418
25.343994485935418 13.337847989712163
30.479205319670427 24.499175707708027
2.7727982412892067 7.6633865955709908
29.832066231111792 23.153237163996955
2.6117108389380093 19.623221533839732
3.0400608629108685 31.087220819211353
19.737493591922011 12.226219741098092
13.351564494697655 4.6868921704546436
25.721418226485831 31.072588728204725
2.2472451973132119 23.847628797375737
24.014852820791312 0.58881238370129796
10.57163952086948 21.443868734319874
18.609473448822378 1.7480775893823972
14.24202655425486 2.1451069455717686
21.585869196120161 1.2374914186011876
26.58258726740462 16.198378122680293
27.904363612024156 15.504139427995376
12.1856616976068 11.06034899895662
6.5988746482238509 7.8634709182267715
17.591455933547554 2.2518931238915627
4.1781832427135557 4.9385942175787516
9.702688009887444 9.5635520496629969
31.235904125628572 2.6706080758061113
12.201405466329703 30.420672898188769
6.7678276517030378 20.474116808988715
21.946253004286003 8.0249662518251252
14.104100546989825 16.156740894843161
23.378189990406479 30.227771493637324
18.714283553920122 22.833756830875434
18.585574734168969 6.2703058351023309
10.709637823389656 5.00556993135908
0.77555071398882636 20.333631979720224
13.536825911588842 15.17543450819166
12.650717382239144 2.3910121846418186
6.5911513123587442 13.311599724559255
27.977326717068429 28.901878241838908
22.018379371745475 4.132618085758863
12.366555132364988 22.725925132144496
28.49227055800182 25.833255754823327
4.1361679625155254 29.280595647578867
2.1907445552649754 26.388978526662843
15.487314703038182 5.923288368563087
22.629844509833646 5.2412212790331543
11.925716107882858 31.521364661046967
27.483707162375072 12.090263923283789
0.08699788139700157 15.777038262325352
5.8859597940815149 10.683013702782871
28.540713082190198 24.415187933830939
19.757440413402321 9.3785017798525825
8.111238846437189 3.5867352477844121
5.7070188772584256 13.866783530274914
13.054887706099134 11.636292520835314
8.4801026535519206 6.277905781231393
23.210133660502013 10.033332331707285
16.523257914819357 12.605160112016813
18.308747653496003 30.185460408568204
9.3125412474267488 6.6667085077774555
22.171674100313627 23.657168303569545
20.967747563633221 0.38309518913951857
26.386275757572669 2.6015681190880295
26.602698706056163 19.404981874977114
23.264541419514032 4.5416733345289311
10.445409628291499 13.363676932731897
25.447188879718933 1.9823430736716383
22.380352421214056 2.8603365399945546
6.3024354772733764 8.8143751839798394
0.49745415438310875 14.068693977637556
20.951670126718934 13.599810961831547
27.011797587683748 14.311755230875601
20.298086943227815 28.645620828043437
20.099441327653768 29.78370415499602
10.984615805067165 29.193918457912289
29.749419139747538 10.896474341545268
2.1549868379797399 5.5817275827340609
14.129044831504151 1.2407021249276924
10.205342197939844 12.301259243036894
2.1690303650326586 17.411801263210602
6.9206428571213303 15.421543092623708
1.1809965413219252 17.798967972675225
30.669032684705925 27.826129995895005
17.603603376143358 12.873445294282726
12.772870043531523 5.5072597287629783
14.058270294047229 24.364689651454206
9.752316811096291 7.418321635050761
14.702707260959562 12.054126792495969
20.336485556147061 1.1187224962636013
15.331575820366458 1.7476306348467789
12.083380256765132 28.068148500405584
14.483255153202284 0.13071708998145518
22.65829577951785 22.588319445232461
31.429777989026224 12.839701348409983
28.651376370539278 8.7451415549685851
14.502051169072065 9.5069555708762774
10.934954887669639 26.683871866472945
25.149792036406197 17.461594821805264
22.04543155866941 29.593150069205741
0.76451630526938641 7.8826566127125188
29.424292428597216 12.64235601499804
2.9586305850069667 27.110503953186491
25.756478755749235 24.897370148267896
24.175388325551044 7.5624618152290664
7.4697112324944159 13.818072250376208
9.4328086461526226 30.55451010396153
12.505449643082308 7.8153994692977733
27.838637993925083 17.564245572430941
22.015308297443898 19.432605335874026
16.527013121801176 0.93946297501883569
3.4247206884399937 10.722389744538143
0.40381626212890914 30.834526831055289
17.174007471826457 25.875430117539658
15.168589138063139 10.708887527801288
24.15282792853932 15.406965331268816
30.386635787953079 29.271125388529697
23.407569191759926 26.86797366136209
12.566444958375659 19.217123172731625
17.784119925390659 10.088844688119492
4.0236861608616552 27.35104227587237
7.2613294717595442 3.0970626733439133
30.280672855700324 1.6800667335285404
24.096611314022141 8.4637489713405394
3.7047085093126944 3.0825760664088464
11.272542194630811 6.0546799766568089
19.77549701473178 11.270708705881534
29.675009524363343 24.136607669356113
6.7879197214013427 21.580421800997744
3.92637710654992 23.029071958141444
18.584254770313265 17.682507360897951
9.6520163295474095 26.622913647925287
5.0543055592492356 20.004285975959402
30.339060457989351 12.525611725647247
20.108434614974673 14.175902853715396
15.980341592166347 18.661242357934078
6.8949371559552395 6.0095573032904159
18.514520323701721 9.3530955535543576
22.084937714434361 17.411385051388159
10.994666415070142 7.9133209538529581
2.7385279813567882 8.9284966889931816
10.804504494353916 25.052973031545008
1.5927149467908461 3.6957919812270568
1.9541382064431552 8.2333049043867668
10.288467471505866 6.0640381481916759
1.4039424235189537 25.52791102233342
30.491711556656448 6.5205726704203668
19.681166938885546 13.355224787053677
9.418771896908936 10.677444002807846
5.8996380073307337 22.47761387577637
31.570836315451704 18.957462771143721
11.246940357116973 10.526386881487229
31.326657920265131 6.1296823012816013
24.816599120972189 22.168495979683517
19.051879691740524 26.002454420451524
26.63143429122993 11.786036815571789
5.0949961691449479 1.0882953851305339
28.405012943504612 19.543281951962307
31.055000469793367 26.91634246989323
14.244753453638861 28.722000478312889
2.5066998922507757 0.26638193459196752
26.479751144369491 3.405609111348824
15.701673824718867 17.621111251460558
2.3059468549712938 12.534718017361456
27.67539891536623 26.997870770445658
25.184868081616234 19.751031439780185
5.2687420319641367 15.592947669919447
12.375888585947271 6.4538126883090756
28.829217257730082 5.6164970141818964
17.745942922581481 23.411884617554222
21.928312909389675 26.608412587024123
27.026664616750679 29.488485146915867
10.84989722997183 16.745936076323481
26.125132952957483 5.8100837186268333
19.272346805909709 14.848373460343208
9.5426049049494726 5.5434041432325998
8.8177172455665431 9.5781669708475423
27.687440566084447 24.680414340389472
22.240967929411713 20.383208080212647
24.904533182826036 24.786564861956297
26.984070434807666 26.471396910115061
16.585021125595887 26.539838687819582
10.338971176898115 28.456506285915424
4.2549812151151949 17.796619655592767
18.670960796966614 15.873973333051374
24.60814621471442 10.421517217632722
29.418340876282453 19.597577919755338
22.681201132442474 1.4242707010223901
24.481562851053678 12.914583232648512
8.8506532399830551 29.590789713343799
27.643299898613275 25.663498033819852
28.59295537570954 16.889288498691492
26.450022409745038 1.5931000389952981
10.955367842541635 11.456964143484964
0.69328827525045378 6.7263042376770725
11.196790336390688 12.6385588131029
7.1714493982730474 26.981884582139724
5.2342270957877668 4.3591665538801712
7.6152260440157686 23.315997757263869
19.094341834811107 25.014612758152111
15.218768482205387 29.723350647410875
12.820653753821679 17.37892544335693
23.963664088728159 5.2768866797968075
6.2928448374465775 19.309545441739047
0.0063179744901584647 24.996903979953853
16.312152426615366 6.1081868850830823
23.33358358816761 20.349082613872486
2.5824117672251181 20.798819178438119
9.8081357698607317 24.294905326570653
13.708727023457742 25.426292711779674
17.196080164434491 14.523890469948549
27.286633120778077 7.0308438875742123
6.7490279603319188 18.453891159116385
19.350388317432781 28.974857456799935
24.324793140911336 23.000431491738496
16.483289209497077 27.911453639190036
19.113125817195041 31.137494862623701
17.240389196179361 30.678473328572736
5.4978915552575023 31.359106760348361
21.690811874245643 12.976844717317945
9.1568749248330299 8.4959626922226796
11.70268121469342 1.3197958746197522
21.688608907292799 5.0774042334573242
5.5379246117706487 12.877442842408602
4.3015491034705677 24.609075457943341
23.153042303395559 8.6623644325241944
5.1508280071616985 6.5689966793341776
27.087565719988785 10.679744358382367
13.251740011334366 10.59670399241574
7.0542496399405525 25.016785109418961
10.216641781614408 17.75519686856348
12.31093376726075 10.076587135192192
12.584897280906311 18.181209426510645
13.160773359826806 30.38087652933325
1.1823692719882546 22.150323975020054
19.232821561681462 17.025892592914012
14.534934148945762 27.811441016253251
25.628377448292554 22.535602046164374
13.529648978758281 9.710067982304432
6.6832658112511183 10.202689566125112
24.391795547674487 2.1455900541369752
26.44818482341277 7.3525449343721556
4.401605745111401 20.737854908133553
21.353629311989717 8.8890698003189801
11.894925830645372 26.881813022649411
15.886650192782074 30.597225431589678
11.52649882466228 18.247856302253549
22.987629979606218 31.228734011883283
0.79181310792316895 13.130228068660378
6.5335862861557095 16.190633295441774
27.871201384560024 23.486547644942732
23.30639534151917 6.9732628469995817
0.6944562008285885 24.464921815828177
4.1321865880148936 9.7862698429524162
11.286077760310503 27.936882761615248
25.202396216257984 2.9328967034201159
19.869116226076471 24.467944269266241
4.2523881001176145 8.7972221968004227
24.23732831868513 30.025382977655358
3.6326803779761532 0.44175491077281653
14.34049229239036 8.5941882471727844
17.507341379425633 0.43390874050871797
3.3772312722338493 26.243284654324565
8.6646433555235838 24.577019369993046
26.639891697960451 30.402595980935232
16.210827298607775 28.982302138011246
7.0978224590911942 6.9290628802233121
1.6745248213847628 24.559378879573124
12.551931831182271 15.238059737789527
16.581925786489847 13.524394563797463
20.112700694414571 7.6738439163924586
20.28011141473489 21.041716984136265
20.408800616316743 18.615249266939443
11.698970089061506 23.305809532409569
20.204218882224698 4.1869665758560597
24.244179348282358 19.439869153987601
26.762043676014674 24.571389635942541
30.835050392178257 5.2555940977075144
17.21247554622018 28.683820680208751
25.181494784762631 0.31366087704768025
4.7854846836855156 25.522394390455997
19.758385567869393 6.1755049757209424
13.532792349919676 18.645239267804129
27.387622381636504 2.1053111622529879
22.436663198365331 12.425061322481776
2.8227077700660708 29.950119803461263
12.497657845222639 14.263349052744763
20.479088600428611 22.108579646044689
15.859333632860606 23.443927556560052
3.1624453675211193 14.51606169470293
22.260953494575016 15.096774474875517
1.9386660851310433 9.7691270834580273
12.158734709935107 16.60664799695618
22.883523958782007 26.136890644183655
6.873788535737158 3.9540017272673356
8.4061466003742158 1.3830070519970412
28.047476673560436 21.595197586349165
31.604901357138992 22.213672236966389
19.123149868991035 20.094827145154543
18.790098254802299 13.893661357474857
21.701119176470492 22.692515295645897
1.4882851815579314 26.934779065485682
13.907859125723075 3.8311939875049008
3.1650851405889791 9.6544046333239848
7.7986841311655528 29.591698514439905
30.532565359774438 18.813575992422251
30.545573636977782 8.7411592408132268
13.257501206514215 7.2454211156253692
17.159215658234494 24.736903685277962
30.485268825223535 11.674602321898371
26.215913481163309 28.975991072091393
17.461127786356133 7.9318725588264556
15.282809564362642 28.758886566704771
28.742184803099864 26.681635378470656
7.9147865054480393 12.849883355882243
18.23615334300834 24.205630352816634
17.711373715677507 1.3135967134752085
0.67361660392947587 21.392395432349318
22.080330668124393 14.046413037503482
3.3212875651488001 18.960078631190505
28.578529883567661 3.8620603893789842
31.043889977642902 10.92387702079589
5.8511598028491845 12.019753754747015
16.590474896472337 11.649145332935047
15.574358180750684 27.744076594268058
25.932393603678396 20.161303223100283
17.163505147547689 27.31390245345947
7.3219511387418867 30.409743160750573
3.7107508436355445 25.440142257512818
6.3590241491627753 0.1856511230711991
14.592968685983577 25.792930248865776
9.9128535367532162 19.292204998692434
3.774382366274931 2.171307085909318
4.5996808757832799 12.246952062736671
9.6881575641473301 2.3559836037218713
27.649056197588724 4.706601975925623
16.47490829495359 17.197438936609505
14.908201849886405 6.9557233012660653
22.248274443875292 6.1917127981238176
11.429580655107774 20.705153392627643
7.1077176119744054 17.100342882846945
22.366044680616682 27.374621410354266
17.476395656985702 29.626374761753656
31.458599560574843 7.2111261412637075
26.696854606878084 8.5309086018562983
22.853679072887015 3.6676593918980402
8.2935009529661574 2.2408280767687172
17.372849707765553 4.0104377910633966
4.263823014305121 6.2189416595109437
8.8974664395261058 17.405269049313652
30.686291882303092 10.036583509379216
18.189558123391695 20.551631823055846
10.889884508267118 19.690928771863302
0.28551818388765976 5.1687724822043046
6.9642151412403699 29.128916798145365
6.0223884826583953 6.8830559324318852
16.674548611502139 8.7586926727979204
4.9228746146029243 1.9529431206027332
4.6452770497450118 7.5862248382997919
25.747589713364508 8.1168281231462771
8.8497609848716525 15.430944491876392
9.567881924880135 13.495454212314332
18.301172497954035 14.840515925467614
21.201549557768569 14.577617314771285
8.7554595664083052 14.409726582427803
14.084094203077797 7.5422279356469346
11.687987343746114 2.3380172360749238
16.681803075296806 20.922690442692314
24.37129445055411 6.4112643446767841
25.025427781857481 7.2946029123098413
5.4481045279323395 18.996822795737735
13.872092494435343 23.200022823120303
18.079730464145275 27.178983737787373
18.503044411226277 29.188287617161553
2.1278988117392639 27.771715156875427
24.932694892518718 9.5273740799335851
15.197364732102502 0.90619714999370626
17.575584314769834 17.565435338775213
18.757513369621929 21.683337140757949
10.074449263441691 0.6783393522944815
9.9733448622032448 11.334051412380596
1.3040452035901289 10.614104575626898
8.374474049636234 22.697060126945015
9.7883491667632931 15.735210533035922
27.356281217273342 13.071942193792463
2.4756355103498056 13.515025252460751
8.3785579738553366 31.458583794875935
25.765897236770371 6.7142473288127196
25.207575706082192 23.601814261753304
8.766511720153618 11.788990133449756
29.220727888311515 11.545238078156594
6.0373122999992868 2.7794414943629695
0.93178446698727568 0.77839292283259365
0.93467649616436888 5.8643440662863817
8.5143555956908141 20.580296253031943
29.099522510520028 0.21927616474611467
21.104377098957865 26.254429579536698
18.81579998458983 2.9384593230613563
26.122579739542935 10.942080732195405
8.9462271434680503 25.950186985888624
30.702007605397242 3.7159375356485711
5.9323630449081728 5.7738910800827892
27.6993363489666 9.1709341239036242
1.0680040069456822 1.7770781627448247
17.684335477582081 11.004839706012424
11.494783400768334 17.390392215119416
11.550116831093911 14.832185206184079
25.16676798006019 21.063729898304636
23.360421399326246 6.0493355392168242
12.968390079685557 28.329003906823999
7.960089245292659 7.1729277579607196
20.443846165170914 30.854523747413097
29.660850317484435 9.0207067211492244
23.870209666569391 14.213562719458004
1.4240304320236123 9.0009794414531807
29.069005097457335 13.711914802608122
14.855959775590707 19.308894611864297
16.867130088301813 18.240162165801433
28.238680534259895 1.7283684989417092
12.129850987585097 13.223890128260519
0.71253781390328541 29.7368863757067
21.44037171651847 10.513527995515474
9.9921952861526329 22.233411057005672
20.821742952773413 27.333754980368379
10.332959715505824 25.863868083211283
15.885191829454955 7.1070814034784719
12.680499782774696 29.363478377323901
8.9281852888413589 0.55878986516210583
29.844005104289185 4.2667112302834562
3.3462678524039395 17.923765030846084
29.16759466376579 21.353584309042382
17.210082979568597 6.7706914453789304
27.73428931326837 2.957929969380197
23.841655757465524 10.973167512753921
14.923130812282583 24.845622645356517
24.53963585792685 4.5414292981689668
14.630718056773551 26.81537740106064
1.6265381975155064 20.815267303879477
19.326416411103384 8.5535927709535144
11.277924991206508 24.362689981393608
7.2354673029672165 2.2473893493613581
28.310056433746031 13.197360232736594
20.892410338598971 25.126430503176405
28.748677227426668 20.536425878960181
4.050946924550856 31.088521441792164
2.4491509965978735 10.575247611156779
5.0120614509996182 27.721662867174452
1.6010947675846918 29.670740764786594
23.95155626518881 25.870578946428264
6.1239990720896396 1.0175714523440889
13.221253198605234 13.739240537405331
12.831270199621683 31.482348097276823
24.796932727319042 30.873749033357583
27.876346349435664 14.189360877526177
3.8759767491173873 16.784017063564917
26.966366621373083 15.275418850086893
19.594486518368498 22.287319339414758
23.067273962406951 24.289519289161859
9.7225941128443605 14.592744984498939
25.916689195292658 21.399604573780376
8.7426274277461822 18.899586762757927
27.469528135251242 19.613971730569077
27.480446197352819 31.111973366987801
29.985108123043435 31.389592894710638
29.277974673994034 2.0690895137012801
10.452199648986383 10.182468521840173
9.1159262892520445 4.0908984026369479
12.150890278777682 21.636014549392954
30.894256986499645 0.055175616055168672
14.817367917470227 21.405568914408068
1.336139176912283 12.493224901340765
1.7942312399066886 11.489349636339915
7.8579783839928607 16.616899219289923
29.488082277922455 7.9917623017925816
6.0910289622038318 4.8542823617348727
15.457157482429519 13.441348697040812
26.096241364538809 4.2557789131912687
11.376990408978308 13.812585405920286
17.14230685030472 16.485777536085408
6.1071870840783609 28.606309720845207
20.186738320640345 15.218876892848241
18.709274809621856 12.904070036255062
2.461452821705044 25.47284669417397
6.1957766142540844 30.620388698538687
19.402467025972111 21.0338126535664
12.26299447793258 4.4271677343957583
22.072530360357845 11.373257694124538
23.080384744686551 28.057313151266413
27.646981242043307 16.433200033476378
29.001945177884494 1.1067956241141736
6.1436974715196788 1.9428352108855418
8.0032397547492842 17.751563503074429
6.8826147368954924 12.473372786038686
21.450616140827542 16.702008317961969
7.4730591658705814 10.925500784771119
27.546059315641454 22.459305961830065
19.168674702797901 26.972504867173555
14.368737796362442 6.2290348334983037
7.2502375062586442 19.622848248977064
23.116224545868388 17.663421526943807
28.849268959849699 15.910054707347332
9.3193285635967982 19.921927906970993
1.9529056934425895 6.4524465079774753
7.4714305118403397 8.2202280696638734
0.22733314031256854 0.21836870185215465
1.5965719303564752 7.3131252212520952
18.068861546624039 26.243356916832134
15.969088562307011 4.6281892011028729
29.417888022266975 27.289293836111767
8.262240352806673 26.634191905386707
30.796025707027248 23.248752073265599
25.027890725818164 27.527558881356192
15.054963312282991 31.001264914360185
29.560775040659468 18.689279344692384
10.102778651907288 8.4257771822920038
4.1782733448236407 28.383717923562056
27.802497886648631 30.122659471084319
2.9104047483133817 6.7512561002245981
28.377949214275528 7.7979035677451023
7.2076082573046145 1.3021565460096471
22.929592349507857 16.699635246073367
16.663476120190438 2.6789552507181784
3.3400207142862723 12.936774989437174
13.999850984347701 11.58724451209001
28.195510467911138 6.6767775049945328
18.147830175354425 7.0901140658091766
3.0535031254468148 5.0765775562229587
5.4954151714482329 24.859504735170049
26.993205462084379 6.0712236206031323
11.801825920700722 29.197220911375339
31.603378559306741 11.945080745237025
20.52284365664492 20.099544986293001
25.935408309074575 15.097468424972194
6.6049565615879704 24.187144692649898
10.381558384138696 27.441788189064532
13.731516180605595 12.77758661531732
26.51105845733295 13.300114368311819
31.321856157372764 26.033342593222354
2.3728658006014074 14.775694964912844
13.154027008421711 1.611591821559015
29.478058387303292 29.259765214121035
7.1580729480856862 22.366731345742725
30.989756057288744 17.867628266378912
9.4763793127080103 1.5361179508152976
16.295232947800343 25.217843204590988
6.5274469442495713 23.204211807334232
4.7277636932613119 23.757163224764671
0.76272683215120574 4.1896907055208343
3.0183776871338814 22.102471739681459
31.312098454739825 9.3676908313093321
26.540234733939105 18.244700309684269
8.4302310791963553 28.663748659245101
9.8668129366026847 3.4094487714915793
3.1323417296647622 28.100191983371616
19.96786136505839 31.587105921540577
15.66035128169011 26.791523407012701
19.389353760230939 0.91301834936005866
25.750281662082315 18.76199265702774
28.644619127495947 29.687636564792204
16.842059540224518 23.893197432509769
23.837585953676069 2.8868136960688382
10.575512262529232 18.5606246299497
16.530299295009655 7.6224442964270169
3.5759017728758744 21.395320624688477
8.4193290486092653 30.577906349455851
11.799436158228888 8.4049663896980071
2.9184310481506528 16.898396313786009
4.9063734593492532 30.545596624329512
31.023718600957981 13.617987400124187
13.224806285818051 22.22141975563753
2.7721391360758871 1.2586140842958446
30.091353423118299 17.669552631121213
3.5502819217555692 8.2872567668464665
28.534853083874424 10.569955389696412
31.454735512659212 16.920182966571307
14.640002269941039 15.349413662919865
23.870299567260648 18.569806585982057
4.959721647157334 21.491392652663908
24.953331994420026 18.515369449360733
10.339755725501458 20.508162824227327
9.2288563040418694 27.441721613657837
4.6427026020702185 3.6563097346402764
3.6913111689035429 15.498704468755562
21.980485257565611 6.9149429901284938
5.139752338581534 8.7219619132487445
26.490281928257499 22.587689573446738
2.1203483578336093 21.751085586245299
16.11909987810434 14.351018074651369
13.931750367613054 14.342613612306707
16.668127963377401 10.667364750938301
25.211207298027926 11.127349606828538
3.4110260982362237 20.322528331329675
0.20193256740372459 27.770448202611011
26.009670758710488 12.442095361098023
24.163399721571874 11.865449600113838
23.128227686591945 14.694274086712021
16.590043151349743 3.6084359648166728
20.941579276703337 23.116557367951099
8.8593511726180498 23.615461231444996
18.769992161758651 7.8464915863015712
9.4524978302116622 21.007834021117556
9.7776647552472955 29.38567846763473
2.8866238066348755 23.053507186971078
22.748001964630955 18.55547448741401
21.845594155806378 25.435573671505562
14.066837018738438 17.95932885629334
12.472210963801917 0.97130032467098981
10.434588865600984 23.703682127489497
20.695130037595451 6.6572835218118209
7.2008459915752479 31.286146721549233
25.684718083098211 16.185577736730369
4.4365731828982327 26.54502758911886
25.169723695390612 3.6888136816418502
3.6582142291340332 12.032648553993974
19.420750489215322 7.0525583128186788
13.058584707561371 23.482841426784738
20.177798657942414 17.282068100323233
3.5076960062272335 23.960329384553052
29.720625225846156 9.9634856484937284
28.597965003234815 14.778221478588721
14.757118744947325 4.1757556692391233
4.7278680203878363 0.29112062315689191
8.084676235670484 21.767260437289799
0.28956115616831196 3.3058633165871139
16.627227167840644 5.0365237117000659
16.590844102092639 15.401424833987512
31.017227063356561 7.9741681378436446
20.67681247844267 5.0397895233006924
31.161166895837926 28.675707772490991
26.640097735891562 31.542833804012801
5.5657655083791404 7.8227017640567604
31.429063778951207 20.18265768869664
21.272528061329986 11.986934809965771
28.421847697580294 18.564651125406918
30.299090992251038 2.6235205951120633
7.7427850654410202 24.195274637275457
26.521081801172265 25.571857428418848
17.989010590116621 8.6398488224616887
25.036129414171452 25.843177316129211
14.657293062819003 20.323492398766479
21.179967745800671 15.514829492198052
18.121728110587185 16.640977255680074
20.734997521809092 11.250598156325413
22.850792512578337 11.033534652405717
5.8282413566033116 20.377031810820771
30.128854398691264 26.659662835545575
8.1212134034770713 25.373802370025533
5.7780045497796477 27.390574112447968
12.221456096627344 24.220916279742521
16.132736840860382 10.012899329390526
7.6618662108115014 20.885909346906061
27.499860133975826 8.0844331214485905
26.738392536610981 27.667263384437035
12.833137919621949 3.6379012537193063
13.644009025265127 29.332944946528457
0.669620685782362 9.6956795190987073
14.841667731275063 17.216305197492861
31.288178544843081 4.3015749630977602
7.8212763129519933 14.654635565701652
4.2415823409013056 11.072858058398623
17.749941126555775 13.780815681943199
21.086006178925956 19.264352021480395
4.9440790221694542 5.4081583322106477
15.602275338268731 25.799909841241121
8.6530395760171785 7.7111990807908386
29.914448759021973 20.43567868377632
16.467502705181349 29.897310657660338
7.902688004870293 9.945037051811477
8.5103628094863186 10.782176551318898
0.59945636662348156 28.742327857224279
14.659532464759133 3.0012074848960513
7.5484861952218907 28.279782316744711
1.9914265976415688 15.757504004969917
10.746682266820956 9.119652313921458
13.113337447797692 24.566871127108154
15.591334166935029 3.6557764897006892
29.743441179103115 15.67110283175175
26.886835875398752 21.617561630131259
20.471307666629141 8.577782365950231
11.242315083586316 4.1767572082992297
7.7906181888609156 11.882672614334016
5.135127399185043 11.315610454889582
28.219165438177338 27.705008008024297
18.084309752458203 25.17822340583659
17.08029257397277 20.165366972061715
21.064619178130151 29.946168949801784
29.271944599511933 30.528880114592937
23.621364203004539 13.160399653310572
9.5108809954689431 23.015318215651796
25.932538916200841 14.169566365410811
26.735717168739129 4.931113981156261
5.6865062146870144 9.5623066370427328
0.36861668058455627 23.053469063383382
5.9463382175486963 3.6368359076064385
27.399634838508184 0.95427998209983433
21.134250258470157 3.8976747961375353
23.556984123500847 22.249503864578308
3.8834017402204508 1.2928644254104409
26.27041801622887 9.3226431865316215
23.03992542584 29.283490318501485
10.654849500005744 15.662679419829653
16.851384920890133 21.902090409092747
22.717582651579207 25.170958419659677
28.836147825951013 23.354598834148661
10.678734346114684 7.0194298260750951
5.0778026453136 17.180602572783116
15.188752967285554 16.355212076655196
29.844747789039324 28.188764230947502
7.8709408644246341 15.704174389074335
30.53818577195538 14.592154822496152
24.991564992813149 15.121177492568641
13.097981966584356 20.066999247454337
6.2449642147469762 29.788638046623063
29.645145853893535 22.145937392270042
26.977828293256461 23.522789325328183
1.3357319032227639 14.720147231520929
21.119921629184613 7.5684689523513038
11.159250250065528 0.3391354315296965
13.010889306882595 16.143068405169878
2.9269943891241668 24.684560658118233
25.754198576552074 30.001446717003802
1.0082085716638198 2.7033946747698172
21.104270925364883 5.9482887309236068
22.218398127238199 28.571382072583788
17.934874873213442 18.594540880111719
15.765746901748217 24.380031451041621
27.439801868738954 18.487784939129856
0.92034111885765102 15.537266080360364
9.315376830719563 18.268960946906766
27.280854042183126 9.8871050939502663
30.646200064995565 19.755803036012864
4.363881055932727 14.917320033417596
26.904253775186419 17.1936496805545
22.186360270486436 21.591421221797148
19.396598758879215 2.1241888790952919
0.72352619272772933 19.291462960552387
29.05318070539354 6.9482049394551604
6.1493460758047114 25.449466672208636
7.6008945526319769 0.56340724661560504
22.176542543187384 16.034280655741611
4.1030728349835419 19.576473224288911
23.252544508042376 12.1266556702182
0.71742817189062313 16.755313068966061
23.989734217853634 16.662737824963571
22.333129806762678 30.497819189395752
31.348381674770884 23.937080383698884
25.116820327077157 1.1221668736007417
15.150881894565487 8.0138762538651207
26.002762364097212 23.760557306560599
11.615509929517785 9.4175165254641104
20.361037309639734 2.9111251013099135
29.208324669671875 25.068295586429212
14.060794386866236 5.2264354078951403
7.0965784738510216 4.9080945341808047
21.382115013557389 2.9677650696809943
22.881306227944997 7.7128593717318026
4.9256844115205904 10.124600199825469
