10.081439238255669 13.384987077384269
31.197888855964596 20.175496820478571
18.429361525860788 30.128789493200802
19.760334601214115 4.7139427537189489
19.994871067277277 6.7441695515709936
21.142981864461159 11.425232831955226
28.345757960547381 23.222921744069676
11.792006213614334 29.568231836560692
17.951715119923602 12.64186404280683
12.438510962891824 26.175574855099612
23.174530869581766 27.384545409786593
5.5693618524533113 4.5331067672533054
27.753689157432984 9.2865103894462671
21.76694214275226 28.121816300509018
19.521460639003958 8.8393003608925724
9.3143732440456546 24.187224376369766
0.04835065067029197 2.9970713502970909
17.780984145268004 9.1465772665750684
27.101384620422245 0.77685308516245333
29.485895938361065 12.310570019767647
22.371753527666304 20.345679108067898
4.8631718266204436 2.987745076313038
2.443992201790536 22.485339659110416
6.3660364385397088 0.98334625387401264
26.586033078281407 4.1876243084974645
2.9264424348407716 12.298540691154399
12.385990208203918 23.378584582728081
12.636727983499236 6.2354499251943558
21.321592794630043 27.029857733951104
30.274934783396457 22.638701705093496
20.028072184743078 12.501133606886366
20.865773853357073 25.697256349725052
9.511250806626343 6.6605623234199189
19.378180115441953 19.001138831079601
22.917689877103975 21.891650628192853
24.046732717244801 3.3626795679368402
25.169378178042905 21.15762005179139
9.7715544949443558 16.251798063737159
17.295405141605894 30.100460279728285
20.972991262028263 17.560524170193336
5.7996181309708614 24.682529927174365
26.108124302258041 11.793125417287465
7.6774550777819108 15.555963607598612
3.4621970314916721 3.7537153640832801
29.967091813474664 18.89768524312035
27.965937868940085 4.744911671096359
5.3276637029633811 26.643098641294021
25.278137752968853 6.3653575720158102
25.253807564470016 10.91636354686819
22.989871420839563 10.54183066537591
11.57419244050995 28.445831652200091
8.9705907314623641 18.317249325216189
28.672005919548319 5.5875992095596549
16.834478932241105 12.712866700922797
18.467770981090784 16.92033276680603
10.921815616276882 20.496540118769985
26.108026861010984 14.553769284304263
22.133921038287934 3.7935001648934907
1.5416042429774273 24.289156837995215
28.028130153391196 10.230427236314068
27.126136327361671 2.7857983827322972
9.3123001004155626 12.19946568898053
17.438935442328567 15.304225145500778
11.697672812011035 6.3737489403115664
23.044778283146293 12.03787593302553
1.3932169944708133 14.75480231351678
13.977001950844343 30.256553522804779
22.171669796616165 11.046367723566215
8.8796128858544314 30.664942979013698
31.385026531487107 4.8993459449376475
3.5735119744079524 27.850896455270778
3.2982601283350639 25.569612595654291
31.079395946379002 13.404854737019898
30.357436952134368 30.1406005189958
0.20503960753320499 14.940394580249892
23.518094084450752 6.8619612095736953
19.831300940517352 28.380244791866446
21.072480265133478 24.669137510166856
9.3896845205736277 25.110721271482007
26.427353214305899 9.4625265482317129
11.547738553627349 15.624959213909543
28.686982022914357 24.093436261156111
29.400531979343899 26.504281642166163
7.4716865887713739 27.049849787569698
18.061783884318199 6.969408715302051
27.612540748097182 5.7727630709458966
31.225148190452806 10.804650445256312
25.208709176028041 12.112311187349508
23.460337922626948 29.924604764987649
9.6528208576431958 2.1316210541827512
30.055096614798199 3.828110583444936
15.763544552887746 6.5458205385580515
20.963839400913084 1.0260569236764041
20.547353690841874 15.733817710616909
24.86240408923101 18.99507301154463
15.985372743741069 24.45642169250522
6.4283643205430483 17.461901767929287
26.913056992757294 5.0620451865394767
19.740364484685969 21.050764647810798
19.065881675950383 0.76215270042305883
5.2882173494573941 13.759982879141166
6.9734548965622807 18.225656949102103
11.745009071875721 17.88189461162888
21.685370223384655 22.464896114834836
23.855391003286805 22.312770335573685
26.698988684881879 20.022658024010745
10.217830264308406 21.987679042932623
11.759100309285204 19.952657961196614
19.907162712717462 31.229956236637236
7.6875156607413233 6.6233622668865371
8.3133318876084168 17.572005960581684
6.5915900189284171 22.658687652129622
17.416703455359794 19.080746609388569
13.092127478086164 20.133561429938183
29.798310380726157 2.5600001161539407
8.3890976300740885 27.224505994101055
3.5532098670116481 10.589279579440786
24.102310779278159 20.392839666435517
8.1712182411737864 8.4437979023466117
19.015130933478428 31.30344659150424
19.36015082264074 29.221973818134312
6.5280771314887316 11.344663224226483
10.96204300409747 10.307268715190807
18.782806299530524 10.45737538341732
17.466800080014647 17.285712239574924
10.053437316961036 8.9562947893302649
18.380551681416694 29.104364621692749
9.6816279838188937 14.201154904388103
11.978219643145842 30.514911235076035
20.005959867138341 17.509333717339189
27.045430112041139 10.203850264458547
16.430841461088434 11.544541383332291
10.905376296157591 5.1588411786186326
21.525167006328147 14.970080380135567
11.693217182800195 8.5738267739674949
26.059353098407954 23.875584804478017
10.133926813153206 22.841829894549392
19.806456200216815 7.7620126892396062
16.307930593496142 10.667936730039115
2.4403037237502998 16.523556965569146
15.626240740855703 5.6766122210662875
18.988573628956466 17.627328954528185
16.22326344960252 29.9709217047888
19.269576231626143 11.249426215725462
24.084999941040209 5.8812723569788758
0.6650791922631436 9.998699723896399
0.35123372197225811 28.392311383348058
12.715663637935537 19.265407641170714
12.719170687080121 12.726825105169523
27.423797373169325 13.481968185514161
4.6762784800211632 11.757574344793088
17.783992279751516 10.787804821371076
17.844461727648586 28.073583554317555
25.598739356665678 13.033096437587915
11.889233533995933 25.316827137910344
8.4075885975191991 20.998343662455394
8.1854676441817524 29.092545499924302
0.8304550196379058 20.065308898417797
31.280895410875495 17.278811550936673
2.2684786533726498 25.042919467779349
5.8682190212113579 9.3164907759049012
23.772183028499622 14.873955123133978
3.6318242886799661 1.8702523033156049
13.328490817391298 29.262950422268638
19.459157565367967 3.697812593798933
4.5562616729350811 27.307909205411086
7.7901267442277646 19.455766736569721
7.3256220862631345 2.5434117894426884
18.765564799816413 13.287294073959389
12.002058067916193 10.529314358791694
18.981484722943563 20.087783202418358
19.549112373408512 14.888493816125575
0.74924905578872969 10.845118287794207
22.859985331933206 18.841033152682872
2.8743323430904995 2.4922645778010537
0.32379531877334994 16.45666670459239
27.102608935637427 23.224697492965941
4.8914764927868664 22.332567163362025
5.9639290693115745 23.44794797790377
0.66977863327838982 17.490176981813466
9.1292156183711271 1.2543608977944067
17.118856550641024 1.0774318782698813
8.335223105763049 11.82142452765188
4.6487548951934849 19.273117262643645
4.7687712541354887 17.744143568957636
15.934364708316178 3.6528772291695035
10.522772000548356 28.463609895609739
9.7430621652277196 17.639414268039513
8.5261890051756613 5.8817099651741049
13.970292458602563 22.167031607368507
20.200321636737588 21.801742708935528
23.758927653774428 31.07478581365412
15.041003803816077 28.27397621200673
13.020279673593363 27.986280056930948
3.3213899649023317 15.63587381739082
0.18642864619266566 18.359807267926424
15.630653556296437 25.393478717729995
27.833636161570013 21.538400243882776
2.8593691326040149 28.538360754337969
22.928158078070872 31.354049379685812
6.9589018235630311 21.79436913627147
28.941875666751869 27.862421215292525
17.986551770781503 20.613778531744682
16.488078206031549 28.962182233596817
16.861217341662829 6.1376155236364047
20.782872728089679 20.616642574791928
15.356711163231221 1.5698007029605006
15.417004025983609 19.490675904732569
11.08390009242286 4.213576863643274
21.621265873077252 13.044777428146418
9.9655307939508262 19.723929001534206
14.676440464153197 2.6017699698122905
17.891321299554871 7.9966655149827437
21.920952787495022 0.41804913598799581
14.892502014092949 14.544601469368398
26.429473424511386 13.54170153821225
10.20032679878304 23.754069698386122
6.0685867995506317 6.7589118927268208
13.813853414227374 2.5876185016293283
7.624752260684434 7.7145689048365593
22.078689855376066 9.8976744480076988
8.1019658914135224 14.626450598804889
18.106358398329942 0.26889792083325892
23.825799551968544 0.64018943706879416
22.138606589641647 11.999764097053351
1.3247309623455015 21.544091278539202
25.768489907156642 30.021514199869564
19.382806077873642 30.269851059970154
6.9193449184380427 29.505113218918655
27.188148742246014 28.789240601080778
7.1513476054823011 25.978250362492226
3.3253995542342505 31.017724103899248
19.167961325344208 5.4411441922267842
12.304949195522362 16.375551391261801
1.7695423870460791 9.5995872653597445
23.724279567599318 28.3434607532268
0.86428830309298443 9.0291702152203577
25.792980149276413 24.89883559492759
22.105925864631022 21.339624046362708
18.576720100628176 18.430828110059192
26.01650017888112 20.866272639111486
2.5397093689440005 27.487514111413091
24.067946871596156 27.07327300363221
23.616782099073024 15.937166974514192
14.921581862118506 0.50329033294284653
7.11121203907833 8.7783269395238488
21.44884512014826 6.0353669070804115
20.559740481369985 8.7109645917499758
15.984037662864727 27.977026861639839
24.573872841068678 15.717130493793373
17.243912847595869 4.4471776159957166
21.2108058149757 3.2621472018065076
2.7954959659556895 0.20657811121657566
12.646624570083324 17.532696154326416
4.2838058169828503 15.607533409489717
6.450327191874667 5.2528759194970505
12.38793292678934 1.2936925792200225
0.70488011524825889 1.1150862428085695
17.04828446400521 7.0449816448992006
4.9278892541858896 24.420747468722823
25.399050970913205 0.69106977642596701
0.17026280828372489 25.708663857505162
22.688536366152192 26.138422463855061
5.3728102853979527 18.499897107469259
7.0739356678452419 0.2902299202600418
30.559711281750719 23.718884357249319
15.500523451997976 29.165666688624903
20.05680571589938 18.474850191798001
24.222193700317078 21.455077006950294
17.852688370928615 24.654585028951413
1.9493037899861798 23.565087115131277
31.466320507405445 9.0819015317251512
16.372010379281601 17.499945461714034
13.552324749527275 23.036880942707899
26.978226749230291 30.915075244744902
14.708937600558517 24.99576948884545
18.121052801634683 1.3075178457661494
3.0257755073373191 1.0121968812164324
7.8231788572264067 24.526298844126408
3.8567498263186377 2.9421725773566183
31.34158287462909 24.549217437190158
16.036472625104171 4.5242945401087775
26.894977155622396 8.6650733531354494
28.545542482937041 20.260995397731886
14.173742507201913 3.9400164814248329
27.330601412158757 26.512584512199783
6.0225779594892188 28.556366802223994
7.622054970937481 20.434238321552247
21.845444788608305 1.4994222369052508
1.4581909323437114 22.613098349080531
6.1957059071837914 29.938961939942345
20.653268611315259 29.011539954285091
5.057510281308562 21.02973607369989
1.3323873707479248 18.372607704399027
28.61390011043682 0.35487655411696223
22.579519422503804 30.405781879110155
8.4070144554960553 23.805038877142486
20.681045236228101 19.401761202504979
26.257814268717699 26.78106998091998
18.649753757152421 25.199964246741011
10.604801734578594 17.346129105560021
17.434786762301208 29.158525091705418
14.535326174366622 10.105782704205188
15.293748418374598 22.827012440311567
29.525384485116071 15.440286119017404
6.0295025842684682 16.243251169475219
30.596150947231674 12.49683764055294
29.142964399481873 3.5192878416318618
7.312202534825234 23.424496178583905
7.9614821408570009 1.5068785379763956
30.373782510363721 0.41560450629385731
17.027941025153918 26.821527911122686
29.745146101771962 30.813522567890065
9.8809143166964706 30.781003073470195
29.612094059027093 29.490662866151318
7.330163779130233 10.965996617046597
23.996504696878485 19.247734865500721
11.987387206158811 21.547871948150551
1.3751340703338966 16.598135835717088
9.1355262783152824 16.888872026868565
30.103909201139004 17.617264067870405
5.2486609611515647 19.886439395587082
19.940122577184219 0.79979480967141547
13.788280210547823 6.287014077634729
5.6210128692731924 5.6663654603246325
13.090376321843186 15.016559873765424
15.198285097313516 9.2422842356953456
4.1769959320389907 5.9432535159096949
22.720760984148889 4.6861626299655592
23.590082855511955 11.169290163725869
7.8394543739024094 18.478369672405094
24.107402223203263 8.7575799023547081
18.030260544645561 23.680124331068338
0.9370147111806777 15.635211991797556
27.512115839206412 27.414922549401339
2.4767472662399403 8.911606268967379
24.978235388689519 20.098019761568935
31.187160813806738 28.151345701733543
14.025858528233636 0.23239514209763623
3.7970310815281807 12.688755730110838
30.403649232924888 4.6951802992715912
4.3179081313597516 16.803858921754973
9.5286551379709863 15.160765125700651
0.38014708730705227 20.933011041186745
26.610515202749962 7.7332827152969914
31.214184327466111 22.244811649077949
1.5782072567789667 30.023729660288719
26.039403601674241 1.6660508464048724
16.952036043030294 27.981041406807368
20.830478685357736 16.528761953320867
19.14695359710241 12.399827350335567
2.7909335559167694 30.114582168714492
11.528942749477503 26.513812830110165
19.975990590485956 23.623781287616339
23.657960081192702 17.015213587974863
28.742085870230962 14.69327536436902
30.583213334572886 16.635411685228242
21.164386424577316 18.583852104851111
22.979745014810593 9.429940710947049
10.553438042137074 15.253062952924674
26.576954298403059 17.661670129724989
14.418286480951389 19.959660016633372
2.3020736210835291 19.861902391395642
14.942861075448606 18.698078867889389
9.8941062901055137 18.769934314843741
27.955039512557121 2.1178323006201367
17.331083818983728 25.670484257632967
28.964284906986801 25.425950307881124
30.979999048248356 21.081946631223669
24.424447470820649 25.754318009023489
11.107720322714641 31.323350610911003
14.507919187919853 21.016699067444463
1.746685856032564 28.030194114743495
18.967712137415639 7.3475785111437206
22.324177519512794 27.196894578921178
17.441458685616752 2.149732627114064
20.478248079562935 3.9567540236794057
30.565528234850117 2.0458257223023808
13.184640845688023 26.690340163785901
11.553454630202792 16.877557935165484
30.697207436599495 3.1685045679347894
16.143368441861984 14.412866688478495
29.787077506662442 20.72328487129522
26.447121309051113 6.0497612120954658
19.774361910844977 1.8051111895493399
30.65778666370683 24.968880043483775
15.335189787689597 26.398721380441824
11.825378411618985 12.937262069678514
7.0249970500190138 28.559849252895585
25.856908591079112 7.0532116365596735
17.150033328431093 22.635340994052648
29.424872396457324 0.020380045212253822
31.479516611773175 8.1487163217374103
10.985981921586507 25.498459272474861
15.919041733924198 9.784900643602489
25.110622487501118 22.210542223693743
7.0108270314510346 25.085814639668893
24.491647258991538 6.9203096057281748
26.347171268537618 3.2461106934607327
16.827901947822387 9.2831035351305715
4.868970831170417 14.877067141063252
10.933420683926249 19.359810912255988
23.901506424171441 9.7832289685521161
3.966493799615082 24.028547119482926
21.994380594470872 14.092083293266521
22.841773183473258 1.7350343618183057
29.969216351350333 13.321687620835045
19.016671670853 6.2809988405512316
4.8071087365244587 28.242428503972896
5.570924691396705 10.500536449689644
23.425413436927624 23.202066441259742
11.761373776017821 0.41918391346372069
2.7663862391364096 10.151935314487371
23.2590719782823 20.966294727346597
11.416250861149678 3.3592098037794207
27.650894953599085 31.551767597483565
19.925703726706889 19.986772075494603
30.229836390312315 21.623425781109471
6.7290211036007008 15.249918693947212
24.418408722475604 30.404412102875103
0.058535818666346273 0.36242026737529381
9.4434117579899866 27.268935802125874
14.931510067229674 12.764713490895891
26.287495591479171 0.45415119463150461
15.803005545672908 31.495477113672468
1.9442696778031052 5.1465576960971147
13.8702932838201 9.470849306625702
16.249041269686877 22.301579407795078
21.800644974296176 15.80116638067739
28.234735359467031 18.948682362155282
15.20672531876351 10.69786938499303
9.0080299682998177 0.42313618189173974
2.7716654655628949 17.624976768909779
14.038406758697501 26.945894271751769
20.912499612393411 9.4712394784011664
12.865232465338666 30.078431074339985
26.624308583605472 27.782330258951408
15.476639831055586 30.542860741677408
30.993500124695196 19.296899316934361
17.20904849846168 20.09949069612955
6.7032675821535888 27.540318671342632
5.9066323789405129 3.1354814523289227
27.983179700882591 28.282933806867117
15.295806922657817 16.256773587623691
24.975985903152935 29.534731004291579
30.882752334571087 27.185264427473534
23.844412915019504 12.536290147990449
2.5201226246027408 18.533222014789352
5.1127106497020041 23.40189773662502
23.721112899852571 18.221449392658172
3.3753920533546622 13.553426285351485
22.618727069250504 24.03992265300759
1.014611327629936 3.1961340252080945
28.07110194690199 29.421909928140103
24.062490275425148 1.5413909072151875
9.8487492036003079 0.044429529051443706
15.478436711293583 18.02593673828391
11.463195607047009 1.4534362817811057
10.719142092670154 6.0301717942489299
27.431763832221613 23.989408798221721
29.026651642540031 13.412571410797488
29.363075240003713 22.929550036370483
28.849379191521432 4.3775826693995974
5.6306841642532346 7.7261444822561733
26.187430859117001 10.716623834067137
28.932896812074397 9.7163950974876965
4.5440821687714363 7.2275832250326584
16.460460155388905 15.517419546921181
2.9111156280558039 23.564909354078512
4.6863221890341658 12.902625216310888
10.623207510416441 0.62228712270515929
11.277373426910748 23.179229176223448
9.9361720602784711 7.8334426963947976
25.476731326715655 16.339719088860491
9.3380218010451497 3.1000476045572016
3.6156257924717399 6.7325081041672874
12.344996259236478 7.5694785163249607
6.0870871565556062 19.996601057452128
16.640402609237125 2.8177735537074353
16.842597207506159 21.3645727038021
19.792167378875931 25.576078237209053
22.03325395365496 19.106209200174639
1.5210991201117172 8.3759174832587586
15.831269756504646 12.443801506796628
18.730696815148253 8.4396358650440959
7.5765038820536219 12.146868318044117
6.7730026585056899 7.4403245197068495
6.9591763677481175 16.349564170419924
28.450990728644719 15.767924741587548
30.161311538200724 11.558444146112748
3.0095052547160099 24.48276012464558
9.0663243562283746 26.336407310214568
9.9176423534882581 29.743610279533502
3.3744190312817426 5.2742000536738161
4.0355001625862625 0.12303062349209916
12.434961083848695 3.6070059816244484
24.971642593908832 9.1511388434626273
2.2972677119734497 21.514099837803222
29.85949044324677 7.0119683645499729
31.219479531857584 15.806960072910339
3.603649667754155 7.7539302401851202
1.4994329996884119 12.504516185175984
6.5070765650321682 30.990175456443975
28.617594113412 16.630477433234955
14.87316193271438 21.962021866432373
28.540372046857765 27.055170948795773
17.117735198954886 14.400990792695957
29.376953490313944 7.9768497559443947
19.174343336732004 2.8323211146422644
24.629076795696864 0.18909888966856522
7.6232114281846766 5.4223076510083317
18.024920038619499 2.8117112171075131
21.438992640269205 4.4466251714124132
20.827207251457715 27.935621758229136
0.7161250235164478 23.058952747178054
8.9415521812508434 28.205152700737269
5.4037935767393179 29.198712084666472
0.18155635037267948 27.010937338594953
10.398884073430533 2.9134762244537651
0.65389525403787585 7.7637308058590531
4.1948452296889576 21.727930718549622
5.7542528976260598 22.174397374503819
27.051452095924091 14.552637601948081
29.262134601782002 17.270395461226585
25.180123650998055 30.994510616474173
24.542519107618951 13.067186352138348
18.177887939583314 26.083542166957653
25.2286861039798 7.8470614303280977
12.672391619143802 8.5684794157524617
14.308393321144926 11.726416364575801
15.625327660016687 2.5972457301026588
31.594278702614712 2.0506716157718419
19.417731883515629 13.947284001980885
22.075084326760514 7.2027314393222373
27.392197020376162 25.463005380190562
28.909282821350185 2.4013259535969653
8.2501975375467094 16.404997228908961
0.56018525214316717 24.018690977992335
28.419616486958912 12.651464754588345
13.878044306652733 19.351741991455238
26.94164634052872 22.360877673264024
10.806434347104352 14.404563996377171
1.6420571814168377 25.643777564816869
5.7012170414412333 15.252344457967537
30.071483381813454 19.950751066803651
30.824900757603217 7.0535904570443071
18.892942008695034 23.431826404641654
10.935517329730811 9.3041701627620732
19.670781459475943 16.601112899020713
20.729172539479006 2.0125664657024256
8.7797709764734329 15.565325368642581
25.620347308303746 27.539587070650697
13.066022593755191 18.358591616041547
3.691737639434475 19.943277424115809
28.937225642164179 28.916931506733349
24.544559167428481 17.8840561545707
17.054162789983934 0.13018268474272188
12.946624950111365 25.082252948496361
28.163141889079476 3.2206242667589451
17.002222203702846 8.1667768378365508
9.0222095372644571 9.9881081631300823
23.7749258116453 24.980719155566344
17.938050732376038 5.14645228111055
24.984891808616663 1.5849130898281156
4.282854215543888 9.7946252278629622
2.7467104260212754 11.371153172036671
21.826005291559898 8.1092413501433978
5.4702036815765931 1.6210313697967407
14.66653278719799 31.034641442121945
8.5700013617633122 6.9929637908114612
18.490548001560644 15.056570785635248
4.3220090515523655 13.996827363364433
17.038795873369715 23.633785264353033
26.031681704850858 22.112104953861628
8.0174126788750257 4.0337318730302227
4.0013650018690088 18.632247121529051
16.436321981225035 25.833039337048906
24.23067863177998 7.8888677071492284
30.042100722998526 9.7333124020491475
19.112233163962742 24.423654221552308
16.227790266442348 16.599667186997351
29.896053822311362 28.221864499352932
16.882979915849287 24.686000443207622
17.120654994997089 3.6198057628783298
13.085281850470416 0.55630347476718411
24.976811187248607 26.791945317910525
29.047813631846655 1.3612460060076463
28.36815115279105 30.864642051239088
17.314203614682082 11.734425422840316
14.947878238965536 3.6354762852984819
0.13105689015599209 12.60092115811462
12.062821264176133 2.5675790232511688
14.089635756021186 13.575241627407765
14.428661626156618 23.325969520311581
13.359264184725061 16.963607286650703
1.8248395025616844 4.0219707401116658
8.9642928134910616 11.083813987140354
28.2848711610268 26.09183121316849
16.145456953438281 7.422344127775804
21.229542303988918 10.425094857691921
5.6833024840745106 27.621370003752691
23.152526334534382 5.6998808005104662
4.0667413605551284 4.4340185216684285
27.99199165188956 1.1812557808075368
1.7724480862912642 2.6008230239904493
14.378483051013148 15.495915340372859
27.480799792120401 16.412165089214998
7.2129121782143786 4.5381525724293894
5.0688635478664752 16.264672357744519
22.59782776174265 2.8594442527225574
19.221702942985516 26.250190561990149
8.1746870940092347 9.4634847183879991
10.874477419208036 30.472969938159626
8.5184783988290249 2.2045477322098539
16.388003914885026 1.7721290374207195
9.9653760323768221 10.048748173103657
13.089775531623296 10.596131469274267
30.575259703781498 15.215653472674212
13.253191966716981 4.5271518715788082
5.8344911203715739 0.082118541288859342
13.880334339566405 10.908987351798395
24.454765645009097 10.40361242286278
20.089544391152792 24.666671272742594
5.5915068662486069 12.58908517262433
25.782062648630692 8.5070815184456894
2.7549555115980122 4.610983719477928
3.9709142080579189 8.6089064800715427
29.864566867413931 1.2513254098487112
4.6906247008148894 29.733895039592557
10.713082852607576 12.810478930170717
18.091665415678523 22.565147618496866
27.018181455859857 6.7806453731120149
10.671835633743294 16.304943677212901
18.905444111849263 22.136682073600017
25.848681649351114 23.153499691051056
26.398132026589906 25.843899248881499
20.778032844669369 0.054398888515627596
0.40216041814903875 21.951456209173649
24.052017107226987 29.171473509253914
2.5687837882326212 14.877479732814633
30.805119985990515 18.256860414444823
24.635226688401456 2.5892361413690401
10.277205972113288 27.561776692207463
7.1268660988373602 3.331796291056055
13.389629182684303 31.02398985547217
6.1174759675982768 18.758417476551749
20.922814294002066 23.608881258092715
16.140924163811398 26.972902546013078
25.679524573401032 2.5805515408580666
9.9207729207735653 11.037342179183447
27.476103452972279 30.092814004986444
3.699828477195962 17.758866453150979
6.7032370738754894 12.392185631856576
11.996019083520201 14.964165603644318
29.767423191979141 16.252259335667333
18.485682466879961 9.6137665766749301
20.259297938399818 2.8597193682453041
0.97973799137570716 27.571049667529717
2.8976749977540934 20.608320122700256
6.317704982818098 26.5710459012173
20.404560330351238 26.563936476370603
6.0587652590685126 14.270645512980298
7.2133040191502777 9.7167535795020612
6.8222768983992079 20.800755253633099
23.710921946165975 4.7303993958978134
21.910908748424028 25.014805051211191
7.4592208190452647 17.134635726391366
27.071716696214683 11.340635693393802
27.736624780152539 15.118505741985908
3.5171255024072958 26.878970767445363
11.406072870723145 27.533401677512828
18.261419620583254 14.212314588801942
9.8691719278539214 20.656092376915801
12.326373928074636 11.440158887519861
4.8894652524219167 3.8805070604018792
6.8560872081147712 6.1791002140979803
22.598759827072783 13.082044427954818
15.120939981539246 24.01037978665979
8.4338032492142716 25.208129859428411
23.521843493396879 2.4003833428940093
21.982772877569623 17.915809075413513
5.6060986225525458 17.282700586299089
4.8969511824916019 8.2249857912407283
20.825770647546754 30.616056322527189
11.965829817092505 5.356400929396675
31.198171556147585 29.579443995646372
18.24488298658736 16.058462273475492
1.0379492606676952 6.5874225253675931
10.849620393031909 8.0941032058678406
25.50247108131131 9.8284926442191747
16.032700497939427 0.74901844171196308
12.445055159199068 31.364565302616906
1.627593481611306 19.205978309736913
12.351263060629513 14.098000795654986
21.834121109664085 23.713934340034434
8.2872276751461342 31.250718966483657
25.602191644512036 4.3746596319213138
1.641417245985717 20.587708394633687
6.2916665195247345 8.4420707343049344
20.29678476271134 29.874965384721015
11.987388126569797 9.5910357473604471
21.74966403704039 26.113759202743626
30.180123363044128 5.9063133491783555
1.2684819865664796 28.946075631502865
21.059586884662522 6.872731800772697
22.829251620961578 25.08062498275455
14.115476389684588 16.253043241698958
25.392076204184697 25.917949063749742
13.528417208809135 8.3231925755637288
27.948710861658089 11.266174093739679
27.25906205608274 18.392482932697693
15.263336022493991 8.0026174844029221
20.486345827236082 14.780629573844802
21.595499672072492 29.136602146620412
5.1116992236147194 6.5217072812571066
6.4344030881347587 10.167884121360528
4.095660534284371 25.070681337275456
26.204010530170031 28.720786954220333
21.648065689106275 30.035875527844041
9.5630122075723261 5.7206838352076108
17.941621503725749 5.9943836832339974
16.711014807097136 30.922057053377163
25.195367746213819 3.5293583607592449
5.640839451495526 11.597599815790236
28.149909904560431 13.929783411455102
21.013155207282892 12.412188057294662
9.010020675778966 7.826919815995109
27.566798223985874 3.8681593524132296
4.702661708836013 5.1988730880185603
23.324013423044889 13.535024541768415
25.23403223737585 13.979845050219483
29.210208712867363 18.403415919127042
8.3433625948354795 3.1409440327289677
29.057026314669272 19.568935725959246
6.9346346859561816 1.6613747037873436
20.742565037653836 5.1161922093220378
4.25729087770641 20.568145707716528
3.6046767567518354 14.638382805669115
8.8842187937910868 22.227200601945299
14.418969149994115 1.4555266362727648
3.3502545192113975 21.444650269217469
16.081446791546455 8.5666825814986023
9.5697676148682334 28.745467557895655
0.98449892699660546 2.039871708289819
14.044822216880714 7.4654696405561429
4.7273164641059191 10.626693106904691
9.8834392406164682 4.9179285817088223
18.257767084481419 3.6807721618446276
0.18689142057608493 14.125992213674435
13.118065385253539 7.1309399457747107
21.785062876775044 31.154229420749012
24.822551517074825 23.866646062901538
13.056495410423782 15.877365330779536
21.728325793271708 2.4572696566859893
20.269660203505282 5.8870326362512246
4.0817799843858085 28.784952078976271
0.78036931160745393 25.06815545030026
18.952427805818612 27.169270794312428
25.802728713734176 19.679334150425401
27.626850414084601 20.549183598104868
3.467075960316917 29.484742170964644
13.845006229133523 14.558431668692334
12.990350201635946 9.5983136696101479
28.125712586728692 24.81055783021894
19.329596694959925 15.851623076890224
28.664018702754309 7.3922839707386965
4.0752382315147653 30.40910467582642
15.271697434561521 11.601440550782597
21.553477110827188 20.005133623672769
5.4647067331582138 30.547458254189944
19.65391279072638 9.7524914317622322
27.622526580515999 12.362221525117258
4.6760048173481081 2.041795432904046
10.424777784376754 24.816464019918488
16.50856127072803 18.434180038777345
14.008683996878693 24.411526758220724
14.161775968079855 28.889634833010351
24.619004562888083 27.975308185983799
15.088268995501807 4.8188611064416698
23.183342152782959 19.811960090600508
4.8207386516587425 31.177584170984947
1.8048788128082836 6.0808128002714428
22.531664290002883 6.4105962986647613
11.019868186538694 2.2399231562928779
24.871881613847329 24.752549134202809
9.0798554135502485 13.043694215531678
13.579228667686076 20.916480780883045
16.103794690676956 23.3911664580604
10.806576072311865 18.332042130060191
21.8639326853433 8.9266728553715549
13.136326967573407 11.868208864084991
7.8711224398188468 28.168847058532965
22.726727971534096 16.574345746532469
11.362132548492353 13.799888992827176
2.814514986559121 6.0497954315882883
14.237828384713081 5.0637997726967843
4.1149309680043418 23.087762534638877
29.675503817648885 24.899112404847749
16.376915883886852 20.43718741834088
18.833546809371946 28.116093149540209
29.124584958030042 8.8546546235633876
11.384134225480171 22.372765052298686
8.8655416694212974 20.160745405300201
7.3804042644049384 30.778354275931711
2.6806292691180102 8.024380727660839
26.419645171714336 16.777733593589872
15.076480076349576 17.137734301705699
4.2412486804861222 26.24254346995756
23.210618067628793 3.7010876232188119
11.029230149909047 11.245894737960496
2.7159957698238353 26.249771726580164
0.81160362692469101 4.1526362324921902
6.8466504034067084 19.461814293247819
27.650203148783046 17.324610711515639
30.316898116589506 8.8983739629607808
10.236831179385151 11.986800208445981
18.362393831867653 11.694852115790491
9.9177136519245774 25.962116856863716
7.8903784021419314 22.774889443558873
12.846651082573208 2.252095947497482
6.1021931615422647 2.3448468092495633
4.9823686995357761 25.619714587306021
18.278293706038568 19.472517012158143
7.3953282380948808 13.456770521724859
6.6710405126444137 24.155466758950052
15.391999031496363 20.526707565537695
7.1121358297328445 14.340018777968783
26.562389128347181 29.723327343987897
10.244743700127827 1.3926956693626371
14.748701486639343 29.723832955428019
3.3627248538196768 9.2961440410231866
29.065231795254245 10.692407160725468
8.9277059433049288 29.690113328950943
25.815177656933823 5.3371847849344585
24.566288085525301 16.805988625470132
0.78466646411676211 11.775753010674476
22.731455534377528 15.448799714491283
2.5469209547851115 7.0213421872224604
31.012787295831981 26.115525079941289
31.118392550915381 9.9296941430484758
30.067512760048061 10.686956665731746
20.965952644363128 13.884424526273058
7.8879537711382666 0.58914283827360625
8.1577476132964861 13.1018063735621
12.269822852168179 20.728620626700184
6.3589408529908233 13.278000510925985
5.9130138006531334 21.169870422371037
0.062599124412042018 6.8913709685823887
13.588046417016162 25.612516192404517
8.7044808484161429 14.115746089878428
11.200889305829715 24.154951661803359
1.4598071700647601 13.901530298355359
17.228661399860894 10.217951982123376
30.65323435044477 14.301318934548663
17.499681403313947 13.520787919502293
25.933047592885138 15.524730905618609
2.1247263433112642 30.841341955585388
29.195515356051565 6.3631315885050572
2.5032236508856891 13.913241236420214
0.78590914473074791 13.272108391477913
27.647987935580929 7.693595335517128
29.649972551699868 14.35755607460945
17.674940973142753 21.579995550381334
8.8184403090118781 19.287167707874406
17.629396680766476 18.101112142438083
18.641127616301937 4.481449930686674
22.803957036906571 14.484556716720972
14.009824679531201 18.332317643491788
1.6627071007629468 7.3839503478170636
10.933952678497125 21.361846765687417
1.7856185881808773 17.498708819435848
0.97755020547873006 5.0829778791544697
13.930967891120162 27.9434020341854
13.207315320911679 24.030712736384416
27.510769921498998 19.486405190927769
28.141168162564664 8.4904273766158536
29.554570617224545 5.0823169533848462
28.335428346681692 17.897537467388087
14.616620093339687 6.0629729802886994
20.806774955872189 22.588393758137894
9.158668809185798 8.909701109400995
3.1406124147895338 19.152343164518374
0.40365383916426101 5.7940881299387312
0.81217848558142292 30.512016050285872
26.821576316003551 21.275672695777377
12.367349931078163 27.392597963049148
12.107406511314387 24.347017204411298
1.7311823529226436 0.059795460456761498
22.507624143416272 22.80553656376587
1.8387819010491488 11.520570264446729
29.182323850972089 21.998318280636877
3.8558856589879551 11.522270826889951
22.714949687756718 28.42082240459343
14.443830312133644 25.973717540890988
19.67531513487301 22.685401488960331
26.442438903077317 18.865779397384383
31.303921666637311 11.682697906723527
20.170190701786375 11.420558240335732
26.763332812518364 24.69925340325106
18.785617018891646 21.206183273046793
1.8269287539516501 10.539347700763999
15.763692900111703 21.469209969142586
12.556978736748292 22.516509858049307
0.80621140344226261 31.463632691883525
22.854238184772125 17.693040220287333
28.842162512333882 30.214623259556344
5.1340297360913336 0.68765782225593675
20.815948322326957 7.7899980753251095
22.693807284378494 29.303574840867576
26.878008564833831 1.8305293875830311
31.456904263502235 30.650283409340069
24.423369530306029 11.622819689569708
10.152476125266611 3.8999839038947233
6.3407672448206531 4.0056238466019165
5.9930492219018427 25.612271352404367
30.122969140142921 25.962225288365541
10.835525972664813 29.418555718330953
25.296887471846794 28.632975998482234
24.620138784605341 23.032900704746851
19.950387291377442 27.340854197961765
7.8001696379674401 29.979795051108098
30.528967135760031 28.878049348400722
15.215690159635511 13.684509178621324
9.3881883955503245 21.426868288617552
21.826454195086125 16.846789489054117
24.163452242372511 14.052700438359352
24.990340639949878 14.921602187927625
26.856936342181765 15.742180166379345
8.1036977618207793 26.073539818159954
22.862568899664723 0.78477150710890198
24.829786097672716 5.3698050320429767
17.203045616758107 16.350425183945646
9.0977942550504096 23.071985781631252
21.235611498711915 21.405043143222446
13.885113025244454 12.617511557754771
8.5998268705941054 4.9124742942017336
29.992922284192279 27.269327045632878
1.8979773304187078 26.743560820467231
28.865206340811987 21.184252303886748
31.401984445967148 4.0039679742837686
8.0705739800870866 10.569880050449749
7.8728235384256413 21.784847260236781
11.878925283764273 18.831244458567838
2.0556686245520277 15.653902534565404
0.43678747890630998 29.476632732267039
17.920515052988058 27.038263301588394
10.5790062741972 26.60563379387937
14.204405146649599 17.427289860396488
16.674365576042206 5.2932269544625727
0.45611309248958221 19.261980960886351
13.084770255008007 21.709578511736378
1.6669932672779564 0.99826068788959499
15.542836845230852 15.293957582838553
28.077162345824174 6.6233296941988646
18.79349099768206 1.9470113601796168
2.4793957147699133 3.4275123159345662
13.190778533907773 5.4089058938945209
24.506953628622636 4.3550033488282018
2.2282785177947586 29.176516885082087
10.43999249040896 6.9208035526847773
30.455728966839384 8.0187362799841857
23.718419581617717 24.048882961161734
28.858067931448939 11.609136886399668
5.0390590709485066 9.2343217616403557
14.981346592522737 27.309225847272739
20.206254302729725 13.442969769056141
13.549770336623082 1.4383070190121576
25.604919255903305 18.404268777313391
3.3688748299168711 22.564323856905055
12.153854835759754 4.530590446962333
11.463805812763672 7.2982276767419254
23.564489132631714 26.184197486617116
0.96795433277538834 26.426946439336824
11.537714469131634 12.021845179049933
16.304405444964978 19.308917937724875
4.1675005949633324 1.0254462643530584
25.490017840145793 17.434988010438111
3.3815374766423587 16.624828415033793
14.469971775790977 8.5977751883847233
26.677223709719609 12.534545027052694
31.10237206487739 1.1471833523223076
22.012744219214195 5.339349147642932
17.950809270099043 30.934727028775342
20.186992802334593 10.399853138094103
29.678505606394197 23.923639296274686
23.013918634882657 8.5118093458641439
2.2640219170325437 1.6635952851152598
31.342154230627543 23.273819287091442
13.102102119678612 13.637368830371553
26.091631936760585 31.094161776642295
2.2480480125950719 12.949152189512123
12.470783545068453 28.806160901419155
28.094757249114998 22.390033042734597
9.1401121086177728 4.1330967129746634
13.327974102917642 3.4059563815127594
23.058930391987165 7.6705464986230023
30.856535429107929 31.23855881526913
31.014088528086425 5.9004910997424584
16.24377089721628 13.476237506260306
14.871335502611483 7.0982777335968246
