22.509964270407021 0.73058260379200268
14.745689722308354 23.865395569010143
0.47400857658833506 26.813443079047477
2.8326980554281835 19.826726751021383
10.165383703042952 25.045452013786083
19.648468209161443 9.0072250707659069
12.971607110900385 14.044994663142843
30.012826306526538 12.956450325622063
4.2767192203913877 30.402688280070382
8.4019610417637587 30.856319034346313
14.558630080157355 19.608293578005952
20.323295967033623 6.8768979199533433
4.1177709157071947 5.716004965023699
17.585725141716726 10.613400345448545
20.79790754628138 17.352254765414624
14.186240993021711 11.055909094495812
14.095924641403403 14.429611271963131
27.074332024459416 28.331332214653482
3.4631412790437892 29.786444825276071
26.955393582690977 0.30606010678988443
12.422552432613012 13.21214383701437
14.590698707771203 8.8276111372324024
1.7980356033022804 27.439829777984379
21.559236420241003 0.15850313051480142
28.596006662301821 22.99903260785501
24.37416909027316 6.6738998963632579
12.79157654485055 23.645625060142244
22.981790228857207 26.501823243550568
27.640235775755556 29.842754296059681
27.344217657738714 30.790473812365036
15.898419749070424 20.084870354579266
2.2074751852307455 7.278600713947875
18.830497778809647 24.594278126744491
1.4101260651714165 3.6721898925060299
23.885818213832749 28.587430056315245
13.422344007123748 22.119758741959291
19.806640374073464 11.613784033177827
11.368632332614363 10.336887605302371
30.94806390381515 25.806897386981166
1.8486265843109251 20.354674560371745
1.7321172724091853 31.070322071354411
12.400241375531696 24.454236889193449
4.8973851267458413 0.70884983122938661
7.891656204228231 20.450672678527042
10.402557194867928 8.0615609776041364
10.371053042718909 16.510163357928199
0.59233642333295367 9.0726439487231048
7.6103092353087538 3.3894749878499235
4.5393146913425086 9.2154146433400665
18.194334898297871 11.546912062988316
13.810723725093624 17.526444362888888
15.426090317945322 23.113866737189468
29.14001935751423 2.7280863399374735
9.2273869583521595 19.222135154906908
12.150226036990098 20.542142449542506
28.568365822124441 3.5417245669314221
6.1158580577540933 11.890253008785056
4.5301441912148794 7.7305999636027467
22.841632497163658 17.729024758769231
2.7145906644761015 6.1830073987859206
26.907462548715888 8.954597741987719
19.395091587172907 8.1090879455851592
12.708487612769575 30.935445705565247
5.1801395718542551 2.8461420466581813
20.70373639335163 18.321117225220657
3.6972388346901344 22.170719170510509
10.071338482021364 27.48277431350834
13.633878017189303 1.1137481706876515
14.106665520975461 7.6967352897368704
24.569062533159052 2.8346156177225992
7.8606691802348401 26.649464351979113
22.764638206316111 23.397517723849663
1.4179677534100112 18.561152028986246
1.5152097251957592 26.510673185520396
12.337381703152898 17.885235157369671
17.329751522304157 18.404525113188228
8.0441294405531654 13.117402747072015
10.11431764716556 9.0441728734601163
21.939891200232942 8.9600654800095452
5.9496762873125562 31.227385888984855
11.041253670688098 25.643492536813174
26.148692629247481 8.2774743483083277
8.6528364533294422 8.718374738481554
2.5880209229063826 29.250588612907087
26.579941717361155 11.662837380020237
27.414193484988544 4.9443896861715126
14.277030882866883 18.638564659381803
29.060088858694218 6.5054855632186088
22.796046209506528 29.366825567212892
31.204589203891548 22.816663485711405
22.627431132803949 24.577922238379763
10.278864564243371 30.759466601894392
11.35775404983224 14.965594562455175
5.3387503075223508 12.621531025797408
2.3140032770079957 8.6177170006444559
17.523875215280583 24.466038423529227
25.26439066566526 0.20548739217009654
3.0149290316292103 3.3813278114488963
7.7028136772307514 25.7528149872348
20.352670882237742 1.2114942064855572
30.169906723168658 21.7915468510148
22.211911753365275 10.852217564077936
11.131435773806988 15.99586687041743
12.740108574845532 22.702282802229099
21.039586691352962 27.805465066302286
10.127259977959087 4.779962722699115
19.94581103840434 0.23235760830962074
31.354510049666885 9.2600160776314606
7.5495560178826411 17.440546839405776
29.176218125024885 24.614198500627889
24.432210794820524 4.6527823490138323
4.2348917965052042 21.382057249020363
19.957410054696449 24.534614876625504
6.0472805374243217 8.9057647084679754
10.565042405871894 1.5502511256005358
12.94545000308652 29.069861707401273
25.650362376371113 4.663822351536937
11.775333248606614 21.960905543722181
7.8252734495199467 5.6224287469850411
30.486269698624291 23.284762216585719
25.972389331809833 3.5737229730180728
4.8992729228219805 16.786743335155045
7.5921808027576052 14.346411704440845
8.5488859008148967 21.725801797029529
11.138802665150848 2.3514025370844749
20.415060816174055 2.2085725953939384
29.355071124954982 8.9966986049287474
8.3276466632787312 22.829115192246196
20.200679181801679 10.60771097468071
4.6068443124945091 26.395340032909804
27.104392083338468 6.1474643951259207
2.0304380573140004 24.329128299783154
11.729929884299764 22.943898465230518
14.834108964803562 10.267852489667943
23.35197566709628 9.4649570307387059
17.727481449100157 3.9713792032150748
18.036181350270713 16.852310054984606
17.20056593148766 25.473886695069478
4.2469752692650529 23.012362342454683
15.209263790038664 28.593391324184392
28.627385625681498 25.333052489071317
18.714863953973889 3.7724349781506739
10.538655279185843 23.008891343415502
18.72681907708068 7.4127304631243724
19.760617253643641 17.469620704428628
27.084343401089882 21.740724524778777
20.744364987113801 16.390057690221731
23.768010610873496 29.530714310794856
9.2683222095185389 1.6075844256017982
15.43579134811587 25.319974712945797
8.9453756464800964 7.2254555751843563
17.830090071290709 26.307971380856401
25.110767371652372 25.143587222257622
6.1758802127168604 10.309752966496374
4.3224462540281436 0.048366052750148048
12.794279285804922 28.128776731245786
15.958822250248824 16.212051106794807
17.34930169944381 3.0026350898136354
14.871609643335853 29.459171834936285
9.1573716475010531 13.253587269563889
21.782666215091066 16.418579220314975
29.868444270067293 3.4386554944923167
25.02515967919901 7.5482643197087533
7.4146963386087341 8.3083377274546297
7.4817144244942293 19.501389056499374
5.3398220043359697 6.7712865055041824
22.860004447979183 16.80028208384801
31.561280904809607 30.389529509317537
16.862255811739089 15.563730983222129
14.253505068860743 20.380097011977746
0.42980769480699477 7.9505256327257161
12.791288341383593 8.1832373047035247
15.272217080071353 26.277676244976512
23.499312170595932 24.166199500733537
30.292295682577052 31.22862211227369
3.4733124323816456 0.54988273719540803
17.743265103322496 5.5607240207833053
9.1325714639189837 10.912386739786742
0.20256858420074686 5.6602481217756146
29.472915490409427 4.2591124270136378
11.318651883996914 12.477942761254534
1.0627479742254653 25.085771658246877
1.2384640692576945 17.511097970502512
13.655855331305725 2.4464581959421881
17.348510841704059 14.617548454846265
0.58018919754512477 11.976034186952374
13.212857634386175 30.093391435473372
11.776805262216111 31.176832629738403
27.328126187319956 20.619310402051678
6.0395698220739185 5.0867146037766711
9.8762033953600454 23.686675149696963
2.1063771377840279 4.3074974782926105
31.196305104840146 12.343994435079892
14.614882462763997 24.891197422699953
30.692169150094671 4.392308538422232
30.979761010224895 26.736286961591528
11.499845059901803 0.99786499348548241
18.27401073349143 15.098997617506319
19.118656189012331 30.875283082627419
0.47022333734313843 21.403793819175398
11.104418518834379 28.80862623790625
13.975839290047761 16.36759456409483
24.883199564118168 1.6324088066423439
10.372688441508879 15.158616118091512
6.7433657038943267 22.812550408739909
4.2405350086711424 2.7351216881773182
26.892186222065781 1.4515972255877239
7.1411068417163532 1.8534395505432275
16.494703102239011 1.4876962940111469
19.155510144544799 20.823424064495399
24.205638048067737 10.094878384437711
11.84304297030434 19.518201203741608
26.982269075738252 9.947420076013854
6.4769722781762935 18.933626637560042
26.04896435633399 13.480307987177481
23.270108129923585 5.4799941967875645
19.958641642242522 3.8367240700926306
27.46183941537284 24.028400367999961
27.839230382325489 0.3889771023428743
3.8783086150374584 24.574422558421748
16.440885130872861 18.992947944356736
28.922786117428522 9.8389727007874956
23.08407700821213 25.506388497675037
9.3524553505442576 22.705194522706485
2.2082034188824693 14.694447236479197
12.200467702676745 0.55736059746359579
6.6689261856015261 6.9630053108976444
0.76076392910535318 2.7578397962552845
29.747265121283519 1.5167611559120384
5.4519830524252795 14.803323264813907
9.3357745360467987 30.290173469020498
21.743797136871077 24.80932221914339
1.9367986877536687 11.222231889169731
3.2120003216752853 28.202682907333337
6.665476415446304 20.00922164833748
5.5183188920513295 1.7208453743106429
19.578952836797701 19.87615550008255
23.447916818701756 27.717079535846914
22.449799224530189 20.680827813316164
29.738946821416011 19.774406119518186
29.480133551270459 11.486114578191527
16.758602266890758 5.6104897131561628
19.629630418376731 18.439413108500418
22.073199261501962 1.6012957161561665
30.857148540974183 3.3894772705828293
7.0079263996127539 5.6736781799725344
26.534952907780813 14.307817266977183
22.650582769541703 31.429519175206188
21.790898125562457 28.321269965376747
21.808825626583292 17.411933045771406
1.5686435399177832 0.44089644163051722
26.781424841182123 15.491147283215437
0.47217186496549429 25.938792949419607
16.742945035426796 7.6464175044841909
9.5380993436774357 3.2668004960631083
7.943842468409068 18.728679728721357
16.806202360618322 16.676354401089032
29.019433860455646 12.801954071262458
10.579080836026606 6.5362627884125644
30.016079066324242 20.646229299077614
24.038115811467172 12.181332292335266
24.04660053155083 23.326995756283658
19.918467281466263 21.357343871968251
14.57284958944361 0.22365488851667753
8.2960989670817629 6.4371549247942932
12.720905080522961 2.6532668943053097
20.408177027395524 4.7931645001891034
9.5199748783629676 11.793629410187272
27.686092366456652 12.456749213654454
19.703695167748929 5.5742272738575478
22.864722664061311 14.953493373232519
27.33436922916469 13.596633127172575
26.48825864602512 29.076501683367113
31.574048999775453 6.9998260854405823
23.026976753499309 7.5935304211417041
7.9452054917524437 2.2148046878170997
31.167954774732603 2.5208389864976808
8.7772404786044618 12.316082526920667
6.4420434637067308 22.000029738613282
0.44961414638041947 18.278178961277412
8.5053017574383478 0.098053242458188153
4.2679992198248256 25.439074660809133
25.042798798318383 27.123935517767578
6.7756379173912586 26.537397300473071
2.2636827337690817 13.738711910563982
1.1902230776305343 23.046130967452974
27.696399335488536 25.07240002967832
26.79447451951296 3.8530916621692
10.533519425039074 29.712435250595284
28.060792744311328 6.6557332413232206
1.2809411162114686 7.4462787449229113
0.51562563680272133 22.338272199748644
7.5974629012076429 23.452064372168685
7.4413862872292942 10.355378599569589
2.6316399063997582 1.8176818089140703
7.4165795845263185 31.006640941121383
15.833632008014732 27.180516746018093
9.8356470768768123 17.657492498234568
8.6150053181031598 25.311637279183675
19.776507406700407 27.77324863349741
29.058713360305411 16.037548500763016
18.849265745451714 5.9049964917402997
14.028372088864023 3.6593292448681649
19.213049158660727 15.296797943294987
7.4317367207170735 21.20200219381498
27.572830380161523 16.056257145925091
22.548278148037948 13.999301042943026
18.509465419574035 10.23316753513128
14.404678647197059 2.2453325084889153
17.27140600595563 0.81247021709604827
5.0953103119889098 30.999553836355759
22.10858433859833 7.9404295918430803
4.7893042017162593 19.499237904208087
23.531383720824429 0.9432537925756872
1.5277758446709071 15.345915111438043
21.135542640615917 9.9735148357384791
25.530555115105312 29.709388719965336
28.593485672491802 4.6718972272081336
28.334557534602656 14.466725252783331
20.58837276402452 26.928219181623817
3.2655286474531633 17.570663070280144
7.554631289739878 4.5066482109669668
7.0358850880187012 18.173095296081726
2.5828822639318001 15.941852903621001
12.700953661888532 26.934988657481622
18.089437615162229 21.65041907886679
21.195153861066153 15.411199403552573
18.963874077466805 21.883458380477681
24.653977293577736 27.862619619480029
31.25190247305779 31.326239357701169
17.688291717449324 30.730429123514877
14.564607168388635 1.18260812163412
23.570792516614979 30.552757992480092
24.867179930849911 28.970794690727896
28.346714014729052 15.489009969256484
6.3230053986381236 15.215345976585812
28.231074566715595 13.439141043048901
28.43642032147503 28.28970407584924
11.672498175027217 6.5557737106309517
25.216821116572362 8.4802314129682959
16.210817702739227 8.4876198457729064
5.187640084020039 27.178773026335239
26.106407764737821 26.77895126912631
2.8844356623438534 21.594507888006845
9.8184482203581709 25.980319521385308
11.745793577210399 17.097990748782745
2.1285336521597951 3.021363308890932
3.713803371132649 8.1790365375419629
28.671132281242844 30.123661443090793
16.17884614839868 2.6189498668466986
15.062288628584037 14.338704796905576
29.512047158372017 25.897295633205523
26.432895421906938 2.4157779921034512
28.715783950948307 26.52557182630273
11.471436789123807 26.764603091646933
28.29391516329137 20.705037024992123
11.921684893288525 28.961833329121493
12.769268337503785 25.41549255493798
21.762453469725173 18.37134019368321
19.34327972485055 2.0664530690139586
13.459699561583871 5.8238394434251823
10.636789860584065 14.095873634140315
23.709848410941177 18.827726160745978
24.622534746635385 10.942278946776137
25.795437868823893 12.276010016313293
26.821282303968104 25.257510429636273
3.2983566309638435 2.4563141414159348
16.821014039974699 20.501025970000814
27.213216731152123 16.996038609560504
0.29869237650810593 3.520038738570074
26.38438681823693 31.067071264824087
31.046198651157074 5.5796635843806559
3.1879514418004398 23.166300673590381
13.402404726530252 7.1624900591443392
10.052119293304589 13.155853071389705
0.56750276905573571 16.935154779566798
13.632621254832591 27.435290226536001
4.0707606216396668 16.138592537512114
11.274917012038205 8.6247986092836797
21.157621035596733 4.2338722247965501
31.169388870188566 16.66455867650253
27.017380513416182 18.764603556936187
15.030567886662329 6.2116889964586992
2.3282353162072282 18.075451747771137
8.6035895028028655 17.362594638767401
9.3558915488788497 8.2681489526000327
31.385865239313695 29.421844356746064
5.2518920251334951 3.8384425651868668
5.5075442479373793 28.658853519161127
16.548461759751564 3.5733376146875417
5.3332483281452774 25.518731144430433
18.347134480266206 4.8985455742455084
1.7213450398844352 6.3330084816323771
22.351854004298154 12.858696121191194
14.807476443907495 3.3679287472134152
20.830610628994954 14.2144904253483
7.1524998912453004 12.030170566662459
28.166509288355769 19.163173916452205
12.280207015856677 10.225327183421783
18.543241772192996 22.857970998831892
3.2982560299050334 25.659741524488552
15.502954463964139 5.479508472975759
9.2096086229153222 27.144100578889468
5.859885323720821 16.382150921903097
25.168550307709967 26.148659595278932
15.494204588657121 19.191423034055056
28.334239226972446 24.029115338665768
21.671816852513299 26.911780360546242
2.5756381597884435 30.401439666590033
13.559662820760296 24.951974371049761
20.443891239581468 22.269632230537425
24.311445519945238 5.6453411921094077
30.284161291117776 14.024130138639892
21.032848073406058 23.376011831673186
11.756786055487128 3.128430859192795
18.379539372328185 2.8599082388682389
0.72739807054677863 6.5156103643852976
13.703575343148232 13.417001926278521
17.676279532840738 7.7450882322622627
21.390944312399032 5.3554420717779863
24.557377712620003 31.122093515792375
24.498794722616935 19.890625267044761
20.062389743439333 29.530725428931486
29.771857019598752 10.294858115797789
1.3270058889010605 13.593355512636679
14.015643224155736 9.7018644055232102
18.102523599112683 6.6064202604802436
15.837714171896797 7.2324723736781555
5.6081901979170867 21.438395587554506
11.512213317668154 23.790710842549906
18.612693405882577 30.120552257034948
27.336270167487001 19.67863489858172
0.78917991265497356 19.708788469221979
8.1292004076592672 7.7570220396554337
31.317610209739428 11.371918061871922
31.57338101825675 25.02709914968753
24.596777974359409 30.096277192446728
20.285287042730921 7.8496240794399936
11.270044358408304 18.235529077418406
4.7240497480421144 28.174798248471198
18.287845954662544 8.4692990711506937
9.8272244015842887 18.474669442336211
4.0001561858860484 20.515786468325874
29.975402374363448 29.447373063300873
15.069902277915302 30.511634814206595
5.8224791780323768 26.318398094129716
12.083258809091539 7.7694264146900105
31.402698904208513 10.352719468467951
2.0456459169269148 23.42505796798207
10.318439355688088 12.283749014662913
28.275901007244755 16.858544872895514
4.2800782150624324 12.73329124452551
31.394245346489118 27.665703331005183
1.9715985747552853 10.238770582614237
15.360313499741078 21.648081644004364
21.032895184421402 8.4583443030549486
8.2608612808803148 27.465241895701784
2.689464504348412 9.4010171860115381
0.38517358682086045 1.8675070594078604
24.90278743732884 12.053924033084728
21.664825303055427 30.781740495406691
13.116061135757224 0.22520041892325918
24.720356826668734 9.3563971740770224
8.5264665327499873 9.8051116375061849
26.007525709960731 18.606273180875391
30.192935692118997 25.27071397622495
30.54241475247629 30.181039191170846
26.530444043871714 24.114484538884973
24.659404066623924 24.22385478185068
29.411774902785897 23.590705909137515
2.2195099663567599 17.103942618451683
10.848973890816339 4.0075061492444757
30.024039073254261 26.732334293594864
25.19031606790282 23.401711046300562
5.1951149358428861 15.715887740570421
9.3210391832873825 16.764182057766323
23.769625830016004 16.573677641325251
8.8884718612506202 23.728602724487498
21.370281905730174 22.39366251477281
19.450658112455045 13.60211603606365
16.642320936815025 10.449327248482845
6.2377868985254823 29.570909456063532
18.966142376298357 27.275628060257667
21.55325775012124 6.4929337516751575
4.7868765776099451 11.757077017525535
17.207909007482289 6.6720932542724753
3.1237432222503343 4.3037748418904878
12.307458360846816 18.867710487754312
20.507356827059322 13.231300912722432
6.1248685981278159 3.6813129597366001
2.6338793789551671 26.388814251658602
29.292055053584356 18.888638551632958
1.4615997652605033 8.4482530728003322
10.512135253844333 26.589716722701745
7.593167154302372 28.177716356653089
10.235357312590832 19.685855959897495
29.342997271301147 14.822384447019227
25.938324432144981 23.050238308485518
23.41069863120013 4.5605200616286998
5.5549311348264592 22.79067526132501
18.93026639217041 28.443621659773385
4.2208332771790449 6.8390314758057098
18.84448117492704 16.266281553545507
22.326477283105781 22.454377370466474
21.461630238262835 19.321170301702651
14.001576628057226 28.261729228710667
9.0168881204281668 5.396600219323556
0.92964604194958056 4.5955241627941161
28.237807173172584 7.5328942712542952
25.426902626139185 6.5719513538805492
24.669816214809494 15.498303035292551
17.237288851181219 17.462542090459252
5.5837486618343481 11.11573587360167
18.219382868462699 1.9361905960796848
12.517122323285459 5.7309472885681734
2.6326005061983397 25.006294314160215
3.1993874621145055 24.035548006339507
29.813555755385028 16.534964238299427
16.966061983243819 13.148728174886056
8.743598677370862 2.5636813809675063
23.070422716092033 1.853064582857489
11.404588066813453 4.7561737671426201
6.1016847135833627 2.4351713451616437
15.908629242728209 29.976016086436783
30.929180690512158 1.5338318721155444
4.1726785688077213 15.239548172372308
23.805575677606125 17.866929676045203
24.013339461211274 14.715238669698923
29.047602012003537 8.0933833459592446
1.3146593990542481 1.3555243918496993
14.698493529565397 17.349518089377217
13.39398936294141 19.403834421284628
26.270011690682178 19.690256943785069
1.7723895801889147 19.3730821504669
22.695724438145973 28.420440963273894
4.9524622565092056 13.582626830372892
18.630650600430823 9.2909609183217388
22.32802019184426 2.7281565542172532
8.5798157760535005 16.042059010804802
0.09130403599495944 19.101584411302614
27.330916134944729 8.08199851518504
9.3191351865403771 24.706791430532181
24.073648750059473 21.654710962230133
26.555844388523674 10.712381191249282
10.548398908154285 3.218648028845585
3.1260480083474844 15.224458455176249
5.3626331780756793 29.977287511149832
26.126278847617112 7.2859433518121168
3.3043008666559639 14.266133606696075
23.979712401676469 2.0634299563103462
14.271547452874671 5.1060019365489646
12.996759124519373 20.103254722101216
13.328914855080683 12.464007038320041
29.120886792465964 31.50733252181508
4.6900336633812518 29.356978281192568
17.550329086127601 12.477646265968552
7.3003869567833295 29.117278524730104
17.00859812346819 30.051421468093714
20.113102265729051 23.559508361920248
19.046801486645489 23.713718761576992
12.114135528409467 26.076967387838287
29.336721011099822 27.402096035756163
28.729115787459882 1.7875195933699544
12.379049236309367 11.229680035471359
20.435859555017061 20.298229045370746
10.276304054862893 21.163663683374839
10.029216198602496 10.480775454899767
2.2782250719573485 5.230179397230315
13.331885940945082 10.27645363447358
16.570844504560487 24.013697019513305
8.5055794229674042 4.6542162388530848
5.9014541610640512 13.858916279144694
16.094840600282524 4.730223112791756
1.2716378646460587 5.4267759554159785
16.379920535151935 25.098015075435523
0.16086570393482363 28.559434942723875
30.70847252493089 18.364222821371271
3.730932130969983 18.497724090774234
18.058291482987944 27.350884829268413
21.362623618123713 2.2317056148370331
3.8885030853074114 10.198440497123476
23.248475146415537 12.851238328656654
24.978129698482682 3.8708941435074413
25.173802005341514 13.227813012429339
15.88921148173503 0.55325048747220296
5.1360868305755289 8.4849387471113076
17.080279382047188 4.5868216590138902
12.63576892028018 6.7814123865603086
14.630929738472044 13.312019839618308
6.7159507709116895 16.599928868814338
27.020283008567656 26.473673868957228
3.7017186356957326 26.684308934202612
9.6416253228491868 15.733917185628547
22.682652032498883 18.75255886071438
6.442878863986782 28.536391836828095
18.442399541949403 20.199004118309841
24.078387765966575 8.5902454714726382
25.526704498156214 10.121594836890239
28.656705136062435 0.84705162852574922
25.533280341674708 20.795203607140326
10.800879034385364 17.374313945763561
24.491914709812242 0.7907980651097023
29.285143510989286 13.843801347965648
8.9953775808807332 14.952876273453041
7.759466855751457 16.522914630929073
4.0492206851799777 27.571661053073477
5.1768083426070808 4.8481366959011858
30.403365756558198 27.814868845876632
9.9191579442107294 2.2915171654433717
1.6442091777564389 16.346816367264143
2.9384711181528465 7.783985317013272
23.453481071771726 6.5173124552831387
26.260179836825241 5.9973024520747193
26.568549673707199 29.952281797034772
9.4799251945293275 4.2073444582902892
23.579802571137868 15.693337802334201
27.201509097679129 2.8634929466493597
20.620346856836729 5.9604335924669734
21.840821835176779 21.428984421096047
6.892898859373993 0.14359924496384055
22.421743249053254 15.788815593200569
24.678420802835721 22.44965627073805
22.437978043438068 27.314270823996221
6.492001567574186 20.914879638042521
7.4674098689453166 6.9420456643388802
4.588079477050556 23.758546695861742
19.476222927486052 25.476021745183203
27.678130862336108 1.5635239298536152
6.9438212025442096 27.466352273375882
1.8274483973332374 25.646706072083049
16.107093528008054 14.96523896719496
11.418820609644854 5.6139735471827175
6.307898906096681 12.930213419770341
1.2565959194129175 28.720292472464681
29.534862018395945 30.557383243375941
5.0208123483110141 5.8756651737542072
7.3249362794710313 24.798561368257911
11.182715505285152 7.4459052081243566
15.18806487021644 12.481170004416722
7.5202713363001665 29.984738610188661
4.4783866822774803 14.376733152463768
6.592704654903339 25.521538075376906
19.023449212999282 11.063282233962887
16.237332258281317 27.988812779927308
11.032394722092658 27.780483522817551
27.8176224010809 28.996188101380987
2.9762658823818628 11.399191175953408
2.6627299071414958 31.516377899665777
16.026256957476825 22.461490183362631
3.87319531135052 19.566438399631068
25.171562419330254 18.06346101917033
7.6308514718542293 0.70159548094280322
6.1590986656888136 6.1099352979263779
3.2907834500249002 16.615178659315895
25.607788756245579 17.089295384029899
16.993808474366546 26.812117669182538
31.054425792167578 21.816710605869343
26.86578993062755 23.002828903910018
5.6789408265707468 19.960526620428094
2.161701993419689 28.446401097797303
25.573416086151418 30.747296572780499
20.683581693138862 3.174079717139882
1.3982313850036077 9.5931200263781022
8.5223680195798508 14.064996427128955
19.627797130807238 22.679964666160281
4.6723083069159772 18.424724601156925
6.1120091071479274 24.684468489797315
14.950446343768606 27.723516970240677
24.628739914915581 20.863814102477878
0.26566710045770298 23.576484150554677
12.539134198900079 21.446640593388977
15.283080963610928 20.672430162981318
23.477290031103728 22.590326492685492
5.7050827424383259 7.5878809325111494
2.9702898895284005 20.768574079501672
14.114459775840489 30.349629676915121
18.029796015573208 28.442365900020679
13.935728992737713 23.048195445581687
24.270708253235725 13.255780122747447
17.151264936023733 27.836998266489214
26.116973562065184 27.693721762881562
10.713715663183397 24.241284313448254
27.834675913138263 10.623057120960745
31.188606441373135 8.1875643453089761
30.622675161511737 28.730392517505042
8.1235404502047981 24.347007617062712
23.652718050298684 11.192304498046095
15.377848011288059 2.4540667994800418
17.984124586139121 31.48731900413685
6.5489767879944436 1.2345713534736602
20.474006392304656 25.533744850059936
26.329210163240361 16.498443454606516
16.232302024932693 18.015683170759011
16.160363321328603 12.615537944085176
21.199908717707483 1.0044965393369554
27.699354816484629 22.819430592255014
31.15295481750131 19.988444467194867
12.115474964702429 3.9117285366294299
20.902570840111679 21.211174399600171
12.160389418694827 29.964943960326504
25.795635198485133 24.449318297194889
8.9256836215268258 26.219125279927169
12.897032022982621 1.5157653703246128
8.8812054895585746 20.922856987029082
15.47553229725796 1.3977221862278459
28.254175098953816 31.05820883881438
19.99381363946906 14.501308335242054
30.352420303645154 7.7298495690785902
13.121260920091789 3.561603132885288
13.29790096051444 11.354522389601392
5.4523904255740874 17.705707993484904
27.751678479354403 3.952616147065644
11.919210905973539 14.139428404620613
1.7641734998170957 29.855282838871361
11.24397381490169 13.373142034436761
23.925693098718355 26.890368628322232
13.054917891742774 16.134465735290405
14.190190833626497 12.203741561652693
23.987942987344951 7.6827122988065097
18.422556764166906 13.102486942183464
19.282146441910399 4.6138426277038551
4.2659027808807259 17.421135104073983
26.038614039170142 0.63157458249651022
29.791606467401493 0.58809838247517199
19.787152804844489 12.630682231230171
8.6561246566716665 18.24989694886056
24.169908746691046 26.001353674521262
0.588366669418807 0.027726004463778219
7.6023920858953273 22.143333544817278
26.235506655166308 21.976157247515385
0.96055773957565427 24.196854436454753
3.3806816754423687 6.7651629169478626
16.801796348084327 0.036006705880636106
29.479045680680514 28.375267230316776
1.0152507374179687 14.536483243093324
15.245633356507859 15.33114140489479
27.966856652681503 9.5505955637393658
27.270499142338885 27.454588273567555
29.650336455170031 18.098079850784174
18.042146622764143 19.305997719394156
17.739871409348961 15.90628476513095
3.0029031491328859 10.423586134452632
22.927535871607297 11.778479580156736
2.8285600826609465 18.883587809966663
21.644182989102017 13.606517704372635
13.477669064397361 21.038347160343111
29.247920215958672 21.106692629713059
31.182874140178019 24.255798059679528
17.153279637438452 11.582852705882868
16.477431518795047 14.057879986113546
16.398982673528462 30.864447543881159
12.001070834056893 1.8971265646765583
20.92091897399057 30.237414856471009
9.6725376656495108 20.430076071164759
22.663030336794172 3.9018702259421505
20.954419490119673 24.51111689066391
15.799303781912116 17.275910484566566
18.774168200845008 17.515870510742399
21.209189569509256 10.944201620705259
3.7246991129270213 1.418933999459238
11.284115526405971 30.185142880402267
8.34456890699939 1.2150588247558396
15.406352344794239 31.377538977074622
20.729720031596091 11.804139226349644
12.554666950901423 4.7880486134319513
26.415150640809827 17.72832471111365
17.794859055291209 13.84064296406865
23.900753383901275 3.6154291728294856
15.143631318542344 18.259396845844741
10.95683186555779 31.47053941169343
21.670283293660358 3.4120551099521883
28.205258348129082 27.385478048946002
2.7821965788031902 27.346967693443691
19.495120429877396 2.9826899628445007
17.056070488018573 28.960661333347598
11.215242624279558 21.102572632545822
27.015160560761615 7.1730814913832104
3.8227971635500659 28.899972292992892
15.676652876086044 13.589130666865641
2.4634115940037109 22.480097690662813
17.748320497937812 20.806760466330694
9.3745168467607076 6.16262421193868
13.420462193997727 26.313760492081567
14.91224033986855 7.3107193597745743
14.632109899048841 22.480534420184703
23.522016255765291 19.819707799887297
15.320206240061548 8.321324206295202
6.7655436446774102 9.4648615796869748
23.066580036002954 10.385696273154821
17.894546000863279 23.7445735513577
21.957637035700419 11.840183961199603
26.395987399198173 20.770331069698006
25.657517729779407 28.434827109569031
16.202389145911464 6.3809457398409402
26.099185073777587 25.670752213423889
7.9673248643074537 15.266846932017389
6.8807619752328915 2.9809026302854935
28.735774842764958 10.877859867805157
12.349490545015014 12.280041600601178
21.890237163970745 23.618908791443658
21.247089965756604 12.590618940762822
30.458818443255165 10.968913254827745
10.811713584566105 9.6917803277081838
28.883883349580675 22.003606696106878
25.810900120016523 15.607791667819329
14.228595167292085 15.43701885504349
30.823704924990832 0.6430815164440804
20.620549446185905 31.377741965932678
6.8708354609171725 11.059902100488669
30.533353016454171 19.213409908363204
22.497669008891233 6.7358512636402166
12.055778764788569 16.201556442988799
3.6888206148403184 13.511258773692473
30.49396953205251 9.7060536011166096
0.3763372659572371 13.137061119364866
0.14625669803274632 14.177793319759729
27.58332518614996 11.500980437958786
9.8856598823694437 7.1769022068077772
25.479245668622578 2.7016281796455357
30.194335181895344 12.079126648278747
29.556060069885444 7.2786998970121592
28.022295316922992 2.6000524450260505
4.7428538931458002 10.511862786955655
0.85093764779414294 29.584859851506021
22.367356587792042 5.6699429082671022
11.427195847766102 11.469633888857057
13.889496088609228 31.28200116149922
18.904040189106745 0.20953417101745264
27.416919254014751 14.747180396245115
5.9732667336596323 27.564382477712321
23.510205804185269 13.900777435199197
9.6810121160211455 14.276303966674357
18.832357507316473 12.308321286227143
7.9959333052870614 11.822186389285525
23.253315221857534 2.9703515569618881
1.5842327096312219 22.028615721570006
28.714153737171724 19.937897000665505
12.836892636074746 9.3128285427948239
19.704000257685795 16.502747914506795
21.345612750457718 7.3857745089704201
22.971210453291445 21.689691839977446
5.0868393173257731 20.657865647467055
17.193736361775144 8.8024352248921804
29.743622407026361 22.592609452857733
6.7577192570617974 14.211166479982227
2.1130496167538459 12.170349205738546
11.58241019937253 24.98480971967258
5.8207844166889648 0.60124458882736209
19.022199198867167 19.07027716037442
18.812862027848944 14.228857782256934
9.4164757860201878 9.6864216505582839
31.319479180505496 17.651420936520292
19.93987946414396 30.52594798344434
19.852991263922856 26.52938025995482
3.4964799034285519 30.956507624666884
18.257141668018296 25.305538869066037
24.947997101749756 16.308108769578126
24.687118399237182 18.802765118299433
19.421627121352458 6.7630105403077518
28.989333687249008 29.27820255198564
8.5014924804079506 29.751490596743643
21.47440398369141 20.252852099338739
10.731660155011522 22.19446170422545
15.767444430385863 10.789593575210697
4.9234038552179635 22.156138221224108
8.626957845905677 19.789610624996094
25.785399400645854 1.5737244924115772
2.690139154568878 12.963940997557774
28.161971373923695 8.6963116614720786
25.942516974882803 9.4002191531688464
8.4545685367617889 28.811504212580576
0.99459343726829041 11.178435143971218
20.193497597042054 15.480684555576268
13.240488343909899 15.056437568514498
9.449260495498141 0.69413946978497421
30.021017606316448 15.375826953623205
23.48121352695339 20.771908633223887
25.256024219310007 5.5587385599460868
24.488400053584879 17.268207216847667
18.173872520545945 1.0378229915862902
15.405081839344126 9.5529672763567337
0.64823609804383986 10.325981340339551
9.5529256669170053 31.355188385753085
7.06179991515243 15.593720052044082
26.50438782730145 4.959127731716686
16.246467943067689 11.688704832715683
30.872720487100935 14.701625500852746
0.88828428906196566 30.658535523241724
30.115706368895289 2.3497726057187185
19.288387253655014 1.1631210274461334
8.2414961109599094 10.875239765529384
6.7168430190270207 4.4015373283333989
0.89478842834427608 27.745687649473275
10.811734805139833 18.892397086599036
22.144985489709505 25.837363116227433
18.283642871616561 18.216400061225343
4.5507112854390677 1.7203904381312409
17.061387863542318 21.869576553360933
30.823248341624041 15.888812961645476
17.510642468080452 9.5823189970266682
20.584739906332558 9.2620510953244413
15.666835058024143 24.183600730487814
11.072415097697206 20.129641027569253
20.241540200293393 28.518791662006798
1.3338064159469658 12.601747248995204
23.678946404871802 31.580571162313564
5.0860284953967501 24.561223285697249
25.555484317625563 11.113749550827022
17.17971466891273 2.0518655089697049
21.09245071469584 29.103710649690235
22.615985126213985 30.415948333045272
4.2318495299405248 4.5746091168304952
22.985672930631932 8.6676145244415874
13.946390291774488 29.17630256415104
4.1226739889384669 3.6799823649650034
27.829002280685458 26.161564344824676
0.61676458907846032 15.965221580969954
25.629041023920024 14.680061640858325
14.364642847845854 21.496268785024046
16.725807041454324 23.141494062105519
21.752166962214034 14.776960354827699
2.4491046571433959 0.93993695605220617
11.979368037919972 27.722047170366803
20.438380920090257 19.243258927990173
14.209741964160148 25.838919152302289
21.226466983340554 25.941146309008804
11.912409800792776 9.1200057567934607
10.436561816222433 0.62097881614132266
5.6423260202927299 18.791464239243211
16.12393062205701 29.052483018067527
3.6067971432840746 9.1293233566868572
13.714635300750235 24.005329827318658
31.041296815364404 13.348178821034098
9.0993751336965989 28.241240787659788
26.744005805613249 12.748232027495208
29.119470635714492 5.5311287905276316
6.2545363867315498 17.536746880116709
19.173509417621407 29.315403689043869
7.2225245947715155 13.132049976862811
24.862834127088629 14.256842808727569
15.001088811823744 16.389324617645514
13.304850646543509 18.413313374942923
15.076309457600695 11.488091570090429
12.951335799431817 17.120314826847668
25.354106138846436 21.882401388216326
27.977700652379138 21.726636053036334
28.38068679828077 18.22167716363537
13.632391708187431 8.6311937621439103
30.216448730175308 24.324048406546002
28.935909030142309 17.342499650753549
1.6748664598768455 2.2220585438175147
31.036686677849961 20.805755750711572
10.554983484334898 11.207313796125888
3.406208222165509 12.301807032445762
28.611227735899522 12.007707334069464
9.6369464696572891 21.898082735583756
27.52657713746083 17.917647286862721
17.924145065366282 29.483402637165195
0.28981704222359483 0.87394811488915747
14.885175928617915 4.5734655169924068
17.574480156967478 22.707556515842374
6.5680304876199944 8.0524061330590921
12.330833674612945 15.168489131859149
7.6970351599971192 9.2648751740866171
22.147188958859157 9.7914370111375835
14.159099468686982 6.344773230150575
6.7250332296275843 23.884707902199278
14.497514004225232 26.862231009529722
30.22323177548552 8.7390955491581543
5.3820183882625106 9.7519781670174286
3.3478516249383317 5.3086639858832552
25.414620531407667 19.596004998875184
30.223065642234243 17.290301846202329
17.165168592047774 19.630136787853889
3.9853649442367471 11.359635528921929
0.63948109738768433 20.585833609890745
28.058516049782895 5.6272467518004685
30.066941724781742 5.1075007188133128
16.34406256338405 21.355670209678973
6.5078188396701719 30.445533890081027
8.481200738880565 3.5888772673475113
19.604493721026088 10.018132469469339
13.469334116326134 4.6006122181060816
22.161776965187958 4.6402209079574961
10.102082902891217 28.527218404407687
30.092593129249217 6.1556412902218174
1.7209716516581997 21.189400494857079
21.85558439585024 29.592523996870426
23.988715528932225 25.059183179358079
15.643797221845036 3.8106268213256955
9.6073945638388594 29.342522689142712
30.766197240183256 6.7446606629771102
5.7309070274180742 23.612477121283693
31.614751654048113 4.4888250386369251
16.293879083783814 9.547727207776207
18.83546939090991 26.244050917396788
16.319025254619003 26.21961903359389
10.320865706329977 5.6288811898544253
22.504562884796076 19.677522363570443
0.10914786378670524 15.287082452224162
