17.600872665118263 26.458297346238997
3.7744443211217442 25.276626949778422
21.108474135207718 2.9469657210056024
4.1423252702716304 22.490488073426306
15.156881124886128 30.928991110057432
16.143891857141583 7.1425037866184589
26.635263063728281 25.172697601840923
21.619690631370027 10.499485091325639
10.575544286445353 26.610610404511426
12.846642694605752 16.976183019057142
8.2895881362344159 6.5914005045840174
11.342383518944128 2.522143666399284
0.74903389093437123 6.5966453301119383
1.0749648705443373 30.353676367921906
26.179019224076107 4.2125913857043642
25.153102977001346 8.260675363205328
29.472782168858036 27.499090320625655
15.569307849404391 17.96071058531809
10.706077239378612 1.7268491733569955
18.232250383652879 16.36029186799739
17.174368396160897 21.126548043236966
21.850786269351079 21.691280931906086
30.363871845315366 7.5365860722616862
2.7191288091678651 31.483746892420008
31.011157793883932 23.348768604758742
28.165957537001841 27.616753211179851
5.9386207138957054 1.6465784148663851
5.0454134619122391 12.207428516782731
24.098751056044335 15.904768017173314
1.7939107450877523 25.238427945185745
25.139105232829202 6.8977868487267067
0.44351172092726926 25.820309925545512
7.8285370191413142 3.1703610483359652
5.1093013761162682 22.685978430195952
29.298230519217636 2.2852367308278771
2.6093352154333385 3.3769331915002443
8.8204687112316957 16.385137074589192
6.1628512673696347 24.449534518168971
15.893144104837628 31.454118715452932
16.585118304933722 11.366367506391759
8.59309042546775 23.478667632352728
5.1016393572529264 15.153855055789998
19.60370303733702 4.2779773391316329
8.1119147241941327 11.790252918415515
18.494634654417048 18.388796295654586
31.026499175455196 6.199121743810319
6.0050066183546118 19.034347765768
25.428331098223548 4.7463556069230899
22.020969257424984 4.8430223169926609
13.766618182019121 3.2328830163709177
8.1065426794641038 16.941871248628406
29.152022972524954 1.1898114948473257
19.740731367144992 1.7293462725091071
1.9022472191020141 19.412011559923009
22.761530405908683 3.6072592662658436
6.1261030273288899 21.151691957541175
16.740237557653067 25.982195166986848
23.703559279475389 14.131138100251725
5.7835511798649604 7.5830254954405945
0.926317370683445 19.548935513718362
30.10732896779113 23.193147772795658
25.63434006784388 27.968387575618781
3.2359877472452512 10.951095011965123
21.337110607446323 27.035934540416239
30.149478719975967 11.68575857824551
5.8780138563942694 22.050882091516772
10.206696132635278 9.0116357606507673
14.691135434298616 27.68364121761838
8.685562645976356 3.3518253206670234
3.2613432198588796 4.5336787769924181
15.279955237052782 21.978731059369348
3.0183315909592903 9.9815103163597847
9.0129456450628851 2.4294733554653836
27.659909028824174 26.79501397522067
11.428037668714301 12.345543359220436
0.46685177329330252 14.502760971509488
5.6480399346873478 4.2032840882552547
8.7503344749886391 21.499559884063842
19.693898083237421 31.552531610682468
23.166033351301465 10.194589141184913
12.895823281178806 9.0630820887474854
28.118962811091226 7.2039758934030909
26.253761547732726 20.924857214988439
0.22505632014269852 30.878213689122909
1.7182706316863563 6.0278200496017291
13.020007695069474 13.696299568363239
24.526547079060073 21.680390790299175
12.925080480058302 1.7109337111923064
29.66211157778984 26.353773310387222
14.882733406575916 24.788098104424122
4.1234941968043035 4.9656486671238413
12.908998078979595 19.976721531753348
13.471562287605657 30.02650483319189
24.761434408733248 14.049593040625069
15.626837571044446 20.764651013207605
11.381153621883081 30.030583586838404
3.9609527433485168 13.413609554670245
2.0648500190162564 2.5528104518451462
3.1789871346107925 5.6400744712240911
11.545136724412496 15.422596074970487
15.445903646252169 4.7975797868525625
23.853754762208851 22.899611792408358
22.709959053556801 30.607565859906543
29.845240663232101 31.492267353508588
0.52224495979930263 0.19986011104716081
3.3670341976249314 27.337421816905216
18.807968128749135 2.2095539581450043
9.6319329227181676 13.303710213639761
16.988518537503989 10.238810604583978
15.922806931159732 18.824623602826129
17.44105290607056 16.034912460041053
15.686373254484614 5.6020661090712167
10.204180912845629 2.7996127727351561
27.754722052265365 20.435466667599439
28.369244849545382 11.947310290860974
14.180511313770772 15.170872720725722
20.47126758711536 1.0352969974674433
18.655633974461129 6.93166571506372
2.1520519509741476 23.512188885340723
3.5765144484635045 14.691793015431966
10.260685905464506 30.215291112766806
16.586350824339519 17.855355586592445
0.18466547973003808 3.8614396931834607
14.105943066300334 9.1582444975138113
8.8636745702054611 28.139844054634949
28.740549302910072 13.767568104127339
4.4766414919425532 14.348578017054724
19.2791315435191 16.601286915716912
23.326130305140779 31.38622923474027
21.634946707695065 18.648162772214246
24.474338502009694 27.324846655645768
9.188875002990196 24.202016730939384
23.69923095206741 3.8417289833847166
6.0694258629956321 23.23967545546282
11.44179372356863 28.161994739602552
15.570703786380319 15.920383722872621
2.7804426694547311 25.286179864782344
20.783370344566944 6.8351936225266048
23.776441611746268 30.26928434608082
28.323963698854435 1.5850564532361233
21.508751986168917 23.547182983679761
11.670736590794803 24.467267419777176
11.738856702794093 21.910184159758952
8.1946513121944911 14.649538578105124
26.197373155315226 0.65960654754641745
13.961061965011865 24.952628122535984
6.0155497182397299 8.5391064292170924
27.700180287005864 2.3042202947817927
0.63142132142487761 24.925769917548596
30.325319966221759 4.1373999536984893
17.765908773892125 30.071975136769854
15.757071928447084 16.965199623033644
19.291031173301278 8.1133875900337777
29.089408179602469 25.348818311707848
1.3008380382953999 27.958259037500735
31.174862708359278 19.177294560706617
18.128596218934756 29.273518157576525
20.973299820893764 4.074370738175042
30.781187605272461 4.9244282356810309
24.573042855179821 29.577810583664906
25.851024254101887 7.7496208899194121
5.4052289833715479 25.148674171915175
1.7893481701496341 15.726931660398545
29.567208981808545 22.586894464413923
23.764983531285655 2.1389735798236709
20.412333767018723 8.5535990402559428
8.0387964298590049 15.616958206634845
26.81970025240371 27.488910996485529
18.522985674356551 23.39821836453434
30.691741933585988 27.739867874852482
30.490674764560186 2.5485993975932302
0.61840442474110402 1.325082424581131
12.46183256243966 14.878727798735371
7.4636863183461326 31.220832901357795
12.783829149835654 2.8268181648977553
6.7910940289109725 12.886262124548638
13.618137419520428 25.789951415125621
6.5311038067518803 20.191250620565288
26.807532921837353 2.7256488871622797
28.023663953329386 6.186766541794543
27.003332200190293 17.180134875237076
17.321594608414969 20.107021508910979
29.254369853371585 8.3978029671466921
5.9186450492447857 9.5656622953274759
15.879520134775662 12.066382496388757
3.6093758220376846 0.8076828167700405
22.192948426562971 27.724858460987164
8.3677270793031244 26.208186517495019
17.966480994676765 13.582617503159739
15.557974806139729 27.184296685420591
31.399882909019425 18.20595888291211
7.3640904051075662 25.003039882792304
6.3322940621044337 11.297859226004013
20.144904876173438 16.205883038712926
27.262552460483178 21.297303456255808
7.8737543326074624 19.259526846852882
22.935562641971888 4.7056325674029127
17.637386561499049 30.978649157278799
28.651348970202299 2.8585924430392691
4.016998144327852 7.2312711129491944
27.664509232156359 10.784317933824385
31.243453929908046 14.959493699704442
9.6369065361932655 29.286002072683754
25.340660384089333 1.037034860967555
31.556080319092914 29.964105748757145
18.801902388807612 5.7667430533019264
15.74144953116353 30.077497011998087
25.782862509020148 27.167408774699492
4.2549980968919243 10.151437796001453
24.143890197707048 15.00756657754963
14.787604060282147 22.753816392990213
3.453555961354505 26.318647687387276
29.634676036643896 29.210268300373265
4.2893507918030895 18.13329811424282
13.547757403032652 20.839713195004606
16.729333729332506 3.0170332453475663
7.6834439149626776 13.132609411501955
4.1532342641342348 8.5303095211309614
16.901605298819611 0.027130954714394445
18.206676313456146 15.088985055861697
18.613982545786225 11.196238820871349
1.2126429735219166 5.2172714479694307
5.7486054127940509 28.73615247532884
15.76399561657021 28.157347006267464
9.4888153134738413 12.26104391177744
4.9799023032237164 29.299650411171712
17.253527826909689 22.878103393388606
12.052240277349126 1.9262389968539295
24.431047249324784 30.869649102420556
13.778069903779169 29.002161553668984
13.360600261467026 9.9031203341470189
30.228872942341241 5.7307010208221323
28.558366627137367 22.811181375701384
31.224603564497301 1.5334911552606323
25.280718744261943 20.113528428313362
20.515004748856128 5.9858649995806825
5.4897170296133142 6.6397598477474142
14.393333493989459 31.46836699936047
24.106838156488138 4.7674987990687878
26.670604436816351 24.003790731580331
9.8501155739357333 10.627172708109176
1.3713047820719524 3.3560650730751709
10.646016162408429 16.966226564153867
19.540516156302051 22.740517051726197
3.4579922896862128 1.686827812274182
18.733629644311396 4.6069141368552895
27.481300790379429 19.37727232198975
1.9532400337453217 13.694445292604561
16.710190883247989 4.444677599269018
10.44874468419756 9.8834612442677461
0.61084133083755676 9.9634095983982309
10.803167953141367 15.857233110500083
10.429443409002813 13.484704855080656
26.413775844365716 23.080342669518856
20.911234579333442 7.8328086774033236
19.709221878701634 25.760094091368142
31.262314579255456 0.57699035521081932
16.868386798474052 9.1172982380368506
12.414192137361571 13.15726085375343
16.281605848827102 21.426621984039496
26.411597215983015 5.367841581220544
12.273080178215976 23.763380294350071
5.0488693911936258 8.6287517374292797
4.2520850339755381 2.600865911628738
24.409469134244201 8.8100476688910927
30.492060508134525 8.4017503408215291
21.42968760560673 15.812318043445131
31.052256177080707 20.916798992735817
7.0141324830304592 8.2033450442789349
5.5966888115584297 17.214264823059473
24.645138392430301 13.054990173532982
29.110583198700255 18.913472291636349
4.7794979965331548 7.5159473222113347
1.3529691588199093 11.568464794567985
30.910659471973375 16.51985536260845
7.2712864338578305 18.135720632016803
26.163261780908485 12.063232958453863
9.6357242249434805 6.5748322556555925
18.066753088477604 19.377959378859146
19.657574150557544 5.3592438424841466
27.017398946642253 29.824987694597151
15.852745457729981 23.122786886221562
17.886558519357855 27.347156836849457
12.908076757646722 22.978014809127089
1.5161872735325348 0.7022423771992361
21.924922112222422 2.5678898387908551
15.708159346576723 25.284425913935081
12.133012562375882 18.5992032528642
20.364129663388315 20.962894538121468
0.18635296649715657 27.566652483282581
15.604962877398416 0.76192344066301831
4.0395848875443141 28.008163829186017
2.7264459218093129 21.262789209439902
16.713153170706047 6.2460225281816841
10.867868787509188 24.41346013057354
20.641538706852685 10.433189453968081
24.053200268059172 2.9894549927229521
17.480175474987274 18.448878151115494
11.15878767661038 19.831009179917039
19.988030263325843 18.316393767558338
11.98655006196471 31.460636412632343
26.668619696039841 18.738720114438983
16.357994483230531 22.367687925325349
18.751496634410884 12.900387414330575
31.447014005977096 17.34168751979691
22.263032506023094 20.51740637787465
18.291743513742357 17.388934493563998
22.028070089432621 17.382201593110729
22.733597702623857 12.240748200978675
31.233444310607659 7.0856020711429375
18.619555670424148 10.187416085689605
8.0369227412855473 9.1033806658699152
28.280537911359463 18.003012679578681
7.0680115708622404 15.262942991958683
4.7575574110179488 6.0860435737845746
0.74360907611496729 20.438541844890814
3.2979483294898717 12.00186575685705
12.635671686933996 22.061365206765089
23.089464116246329 15.264706461815962
15.457078664900362 6.5257242839150029
11.35694393854105 13.312170625790571
1.6664959968934607 28.671916178525759
22.130433799976412 24.208742993684048
2.5831401771732447 6.4574138764207083
23.371503766536172 19.455862488628252
23.645897276292686 13.160591531676054
16.99257157893566 28.799191777684982
6.8098331747848047 10.108641170058718
16.847583531420501 19.108033638184853
25.924850707632661 26.030506634476964
10.01462560076167 0.72660845201480184
15.358259510989095 11.25567296265115
25.284583329824191 21.026436204761499
21.773317595390207 6.527606667888425
31.604243518737682 9.1981044929420825
12.66659965976195 30.82365768116394
26.733692547857959 20.125992285949646
8.1852560612607412 0.87547372254806533
20.523139927732711 12.215479909576089
3.5159587552644944 17.305141996866155
22.690492907751718 8.560458320332911
0.80828581050143289 16.428955308801761
6.1919872283668296 29.997927712739465
26.015285970413906 19.495633225640322
6.1038494228609395 17.929277059198217
18.928368158177893 30.081346992053611
11.875994006319956 14.197736276915302
14.472620668202945 6.3365726056070439
19.991144236573383 24.902445872086663
27.488212422647685 15.956177726168496
19.026129936397929 15.613283191889392
9.9289575443005731 24.740852901115236
26.550926732595705 11.153454258537534
19.401030908849933 9.0795149269083968
2.1240001177466996 20.316073740832458
2.980616776722715 15.688444218232812
25.858643895971358 24.545886210505422
1.4515691652585425 31.359164028113565
27.539226014151954 15.123863745931617
14.68984323344624 19.044759358247767
9.1474668892767088 17.674915006513533
13.954194198038856 19.782831414373636
22.079640314619741 22.657516539101131
23.038907870209751 23.94186715299503
3.6536785497706368 3.6671216541918135
20.748085239375857 28.868223790184079
23.504263704093859 21.980613163633294
20.868765418590637 25.725108150155407
30.721815123271156 29.460364527984815
23.208138927603702 11.242605552154743
7.2947167544445728 16.339987765691003
12.993234385850315 15.757929428543225
11.346322278319604 1.0472936151241572
4.4555626869138187 16.343749926394249
30.89476613666865 31.240707009780255
14.715642435359285 0.75296861030744744
24.135576155971606 26.060570177242315
15.32162714761094 23.862368079877896
26.348013648930696 28.776646272033677
27.434656930134075 1.126115760062564
10.143261370459683 14.737633762771379
25.234954029889572 15.783853900686315
20.312673391274046 29.633282216470974
21.284933334065428 20.858017945702677
13.310860001878398 18.185265299026415
21.920111744739863 7.4685264277156787
11.134408048894461 5.4275948416845186
18.310640725567364 12.145625967233174
20.80224298701901 30.811754584151483
18.550081324952263 1.2904984497624192
15.031853777457039 13.949084347050407
2.9509513365069768 13.984415338585846
29.021756479965749 3.8151875123784391
12.709229356613138 10.849039428943007
25.206497154317749 12.462557383824411
28.72830705714653 15.271145799972713
6.507714691106516 6.3313886982313354
5.9856581328707126 12.138881334252071
4.6191266588120037 24.716211570467532
10.580490668307407 6.1411321902871991
22.936496263152815 28.531416253767766
11.046739657884734 3.4390069991763226
24.105252203108478 10.676762787573528
24.298927885982366 9.7294154674289022
16.231602241447312 24.483399698912116
3.6287960576257414 18.807832253799923
25.150960094676506 3.1670620841550954
20.314395132764467 17.293457578314289
28.244996747961206 4.3063144658487884
4.8866456969666245 9.6437486674210469
31.086908191076699 11.587909429520822
19.744751587958028 27.192678118061195
19.931714006670742 21.912649037812592
13.886362753910507 12.965111259188289
27.76353995915758 30.959476286050034
31.574095133811994 24.122417468023059
7.8355064291878547 21.142260232142814
0.50565901554876269 29.216016637273327
1.178301986848473 26.994595539637462
11.71186909556833 22.971270793165235
22.629911746419364 13.199755286850941
10.552531717246877 7.1951863176441631
5.4752877848072261 16.049181287978715
10.726918828935336 22.201362013970741
29.512878292349217 28.290893744452827
9.2983363526575271 14.347838156415676
20.195962315559775 2.4928925894429201
28.243083039468239 5.2541066718881151
26.661381929461331 1.6342406519932213
3.0347939104505985 19.398777818673178
0.20312327902586194 21.366903434294656
25.713170866016469 13.835078776034056
3.3647605138520613 23.243520117403989
20.08376487752086 3.4948857029130109
10.17028504771546 7.9441681837159495
5.8149368185765544 13.209629722674045
17.701021244376978 10.840826017620074
14.256374430899298 30.293832690599167
14.024485379156964 7.2121658080941851
17.564881673651396 22.042293450811641
12.239762766095836 17.709869349407505
4.0394354033254842 20.972478031346302
19.460838130555501 11.799054226991204
12.080162594861694 5.3543702767421104
28.806299898013144 26.741499060535837
9.1440550426717131 19.922042969260531
24.472756940449095 11.616204494785711
9.76417788004008 1.8317501303872503
27.928556382034909 0.29779490528306801
6.3551495147989803 31.027976086329048
27.327859855290843 13.601732380647951
16.59449222833879 30.615319594395448
19.586636532481428 14.867009853075293
20.626013510320323 24.20936170680227
18.461579818959024 22.487897322738561
9.4764114993513058 22.822949868280116
26.433774492314001 21.970781599213506
31.559137046440295 13.518626532640873
14.722583161392059 16.27676537109836
0.7293318171837273 2.7559474322673077
28.934833916826143 21.71803218462335
4.5543903128754213 1.2239025201664715
22.735239473304443 14.252519884529534
19.12600878319974 24.13208920861161
17.573523729403284 0.81136183694749164
26.857609930606998 0.089714381659475845
2.0943772375178926 9.5128950714241505
20.4236906639692 15.333766432918623
26.108383205739944 8.9763941957951694
30.046799880732095 12.780546134658948
6.9464626111574006 23.935727379038983
8.3218064695673917 1.8697472308970313
2.0436259398356755 12.764749286845891
9.6879398882458947 16.905866567047095
29.912363402749143 13.851369243572082
18.9878654982769 26.318650629689269
21.101199312787877 1.803191194582296
30.26581346498762 20.360748776292819
27.137097583563662 28.282011488768365
2.5058806076484825 26.298199409887008
17.01242609064634 25.132878835664453
15.025302282174605 14.995132910275089
4.5320694768218308 3.7605711628486822
15.489106354151179 8.2596308181048688
1.1084191182952685 4.2978417967444615
2.9348690982280581 28.850855331458778
22.797856659284371 21.565832981657088
9.0650404720253484 7.2338295886289972
2.9284716167954463 18.008395094767778
20.763373871646877 0.19720804112518778
25.176915672431115 10.42157463045992
23.339871989959196 27.702738951079109
22.45299566314527 19.327268946984688
12.23742848415303 27.320971162768256
6.9996827239988111 9.1491387492003629
24.370705475265105 25.097657674003258
12.302076138335346 6.2886907794112306
22.848946815309347 7.4320087340444037
25.43214228182168 9.4506435192842773
28.401933010050953 24.680141152878303
9.9199839443390019 15.853273383265938
12.035595008573734 8.745218925363357
13.357670942560549 18.965487965057374
7.3839960094613195 5.1000773804893162
5.2704252180502591 3.2193865606734535
15.590585912984386 1.8591355443065454
7.2607341479570398 10.907122809544026
21.857623790653093 3.8025929610826563
16.418554095584991 8.1876558821015379
28.985194537217041 30.915324976252247
4.1646420528060508 11.149066136917444
7.6597477876826678 23.485581550828886
3.2676992120558208 8.1968038180207596
13.655385663723873 27.897738955497044
27.062453116298446 12.641451351053384
29.154326632467008 12.855705725246381
21.755367523178343 8.51126866357788
18.621936482442614 14.221802270115431
7.5232804975968968 26.004054451615332
24.134992965975826 0.29371634590320705
21.485600843978624 9.3712218770786322
8.1883084368272652 8.2118472050438918
27.92758508648765 8.0513128143314017
22.377999013313786 9.7754497493981454
6.7590970568353992 22.628186038086451
27.736241928573914 3.3595308803805519
25.84949462583355 31.081248587099847
16.428370967220694 12.821968401106975
8.3812711877968766 4.4817896662529
26.304852874062291 15.042639571425017
19.289412085981454 17.592876635881296
27.103684459272294 4.0206917688535269
20.826085389729904 27.794919828852144
5.0349316388900967 28.140228829153223
20.838099934072403 22.92532068265249
27.421940634101578 25.523091109177557
9.2312423330969224 5.6949016623330708
14.150381799472818 4.5956351453653292
22.861325604528677 2.6357316878764436
30.144571718765516 1.6317120197801893
17.342923603855628 12.83977528374569
9.1958087938946562 8.1685538799912045
16.875437669754483 27.876855454396011
8.2063895974359031 17.897050584052899
1.5774074822906752 7.1085163152952449
25.271221509528104 25.360715507730141
0.20604306960752242 28.47773389470516
1.1830330184053632 8.2553663415958649
28.990087703316938 6.5555288163417318
30.513137268284396 26.893542882915959
17.832952180949214 2.6845173085456797
16.134013177514579 13.784412264263191
9.7056232984556026 3.5113819282639112
17.52408756281789 8.301869471141357
28.33097869918166 19.296060580992091
14.177256873405879 10.350198548698213
4.9201206305454797 2.0488238443378459
8.4134472994400973 10.852619717458364
3.2402822116896712 16.522236093053071
22.629153290864252 18.281427062688312
24.286831130825828 19.981607010515521
26.229793261220749 10.279662676337022
7.8291348541358516 27.598853938084535
24.198346067792606 6.4102798287904212
11.432297410340707 9.6541952924070884
28.670992257563537 29.375863746054613
19.58525985246531 19.780951268245389
25.475501081470476 18.611147432798088
20.43689590100503 14.119438235403242
20.57783148742924 4.8743690023115134
16.619694227431367 27.070762604885704
0.93219033514266314 21.928566980224275
8.5757360868866339 12.628756377509191
2.6241048943155527 24.293657102104294
23.962704347018249 17.050507349609298
12.547104874473126 21.019056356362427
4.0825966217067871 15.55181947194041
30.417858797959422 24.343267952815673
29.531998302386203 24.22370026722194
26.715647214160619 14.280647607776686
30.334783048897293 17.572576396013858
25.206721249579751 28.832945258763885
5.3300294957667305 27.225926541917492
10.291812576545393 20.573203586251722
1.5006614102752762 21.002808110365809
3.2841353827595547 2.6079245821477866
5.304922502636761 23.849911675312114
13.215695485215548 8.1406265982371249
19.34451615372895 0.72347230044135791
12.128269382173894 16.216784583185948
19.738151436457965 12.81385591014971
22.614623395162841 1.6197901925010503
1.2868712713041446 1.8414656848540654
31.411013170241091 10.618731563918036
24.394845296709573 1.2912184626486831
3.6020704344113779 24.23816327922825
8.3756550373745409 30.208783129365042
5.9708531113445922 2.6265967422656211
23.285764043029619 6.660304019530825
22.062077091082596 29.38128493485306
19.899204092617204 30.582336930830373
30.256867292765723 18.501106584200869
28.381863124076272 28.384244532094144
3.948759268400412 29.817429482498518
0.28862938527891635 22.741574589439573
17.728269030804842 23.866148546950154
25.413018400865514 11.322417346648812
30.089384605141628 19.429638829437302
17.761560736376016 4.6850653658823447
15.992413381711419 9.4077794968308055
6.4221180420814843 0.34879400144907097
0.43857999389399627 7.5822836316294566
4.1864616508709469 19.96794983355284
23.771468526055212 12.168023910192945
29.292159158470049 17.937157304491262
24.102744326898343 23.852841455362398
19.142857499167448 3.0693500826992404
20.918885901633303 22.040949509388994
0.59971057764561264 11.147957802418256
22.4218599572146 26.753083693938294
12.45717925229188 12.126933286476474
14.683105027316214 12.36301670164327
5.4697920421289394 26.172197244869427
11.56828099996639 7.6747785341495156
26.141862124736786 13.127375700503778
1.4466925880878878 24.337269873936044
12.821237677293142 29.052229882082358
10.169792275225365 18.017639151761045
17.365977017433526 17.314726884862086
11.831827390353803 11.358363058529262
7.6105488031925859 22.362707327024435
10.480923013194268 12.298313117287243
11.198834359866769 10.71541230563097
9.0847208614031807 15.36694503603414
4.7004323063439033 19.326143120435972
4.1825187274261912 12.326272832360873
15.751210232676769 26.261726385580836
6.4712128346127269 3.9598398667110031
27.105798178705406 8.9679005734218595
15.96298453539988 3.9432829215972638
0.31203650148718737 5.7948517575091198
19.84584323490418 7.4281643574362386
4.4027420211669694 23.575129131607302
7.412194768905823 14.155208039661598
24.713905628713746 19.094899609879029
7.326737007605411 0.67614618045700536
8.4436957970123778 20.301538934530079
10.921811764888552 18.939703883551989
4.9104456408488142 13.363243944640532
12.924802712633978 24.693174072630775
25.978202539354626 29.655911785778841
31.416354151776616 19.965169150340515
13.360147460069616 12.257915349095079
30.084161198182958 9.2268812532997515
22.617487550995335 0.35437615739006934
1.4840201664546211 14.538918196326234
13.10901054194829 5.1077767683376329
22.277794038946013 11.116788689911823
21.553539960466662 19.767191329840582
29.483028814041642 4.7013603041513621
21.612447764197196 12.968373338207613
12.823864934885988 26.2986982324846
17.98687299430398 28.349757386572197
8.5921540806196202 13.651520763229147
23.142390658539064 20.494190213826279
30.362704819811018 21.847810421906619
17.340451320236664 11.848009711465442
25.312646304201657 30.273216741139592
0.82960642675185814 17.236882820594989
31.544540902347851 2.4254944737206894
9.1847051877118417 30.274295533496947
18.318096710960994 0.18722842955683702
21.353309388921186 29.919557206343256
19.421227673341683 20.767391730285254
10.393699739611707 4.3141299120808831
4.6503398337438435 17.223804099655474
5.5762184936613872 19.934456274412415
30.285755272626702 10.654446236266789
2.4630681440962836 8.734052550063879
0.79822514817262424 23.602630951360808
6.9331742208898346 17.275219849240159
25.531927382075885 5.820465242173384
14.421629883997287 11.456692257705983
21.262371010581756 14.71139327678004
27.414018575122952 11.711841431360455
16.045617745043305 10.44990119036451
2.0256799488204265 21.939279537315279
29.224419527914513 5.5401178669142634
21.875663493106018 30.80123217119267
15.779919768652821 2.9491809303866963
26.785478327970061 8.0284572518793631
29.824915005530219 16.771877544877395
16.61320075331658 16.617956451377388
11.759640046993484 20.593133135713448
27.055178164175175 6.163131336411606
28.595665327597786 20.669037250037071
1.5514870894553616 29.581271423620901
14.731719310192073 25.925020675623792
12.380780007329495 4.2987523762614996
2.5740746682831679 29.658536983481042
27.309284149276035 22.562294168021495
29.198650527093349 20.048930965421803
21.761808034540973 1.224456159249915
10.804060311656386 0.24870586388486671
23.43300131120639 26.781012543168568
13.67346911950524 21.760015870695316
8.6833035810568777 27.093202352974316
8.6089753221637508 18.850019985541223
10.89423084565324 23.275670019508258
27.807514975550337 16.864053163137502
24.943009974253112 24.121999244661584
2.4086899189143214 14.898844319067569
7.7847309074128717 7.3618157355099649
21.706571239338928 28.494928238509008
13.891259880678817 1.1638803960750745
4.3396375770394497 30.735152123233004
4.51066514463679 25.968368087711362
9.1914611825725583 31.490937847523799
31.435687956580001 15.927759413444694
21.432603870599728 5.4766709216897915
5.1861095400082649 18.442579980612411
17.738553520000881 6.5986951242582652
10.058258949992396 23.545549644787773
10.045168880355249 31.105641977867357
31.101896595649201 22.242228032189484
19.491818395580506 13.788382556312433
14.821952748902609 3.9292277100825745
13.442676336238375 27.012283971118205
4.7114718809528675 0.21615801901748302
24.775767831553807 22.735467523087181
18.439229266053708 3.6335425099245677
6.2675735297082573 15.193028765092393
27.518209346682976 18.201452334933006
19.226872033724856 18.975765147982397
7.691536426828919 28.538651233818822
2.2090936305857038 27.188989233893473
6.2930223185413618 16.387683875987761
6.7561031509472906 7.2574328617269606
5.2261149225660386 30.164460870767158
12.333112961140667 29.946955664845106
17.13716961780349 7.342033134157858
9.2328564764258321 4.4434260715826932
20.633886101267294 18.944880785263233
14.648884701724231 20.388126265446974
20.776644252057434 13.269562812704535
10.969371885549979 21.19339296894351
18.793573722861357 27.320024241581887
1.4768401402925924 10.32358079778683
29.877438518781879 3.2526740117827528
28.665638053057194 10.833895091161647
11.508843895767034 16.94597908722595
29.87814169508739 15.863046230192143
10.280230876126096 28.380790598802321
1.4261488218601215 26.096726304249273
6.8981743174560428 19.000337672012364
30.463601734992054 30.448751605637579
4.3872438635104434 26.951937173085
9.5993686394129725 26.712791314635677
18.838545030123431 24.952539980483099
7.7593286158812873 29.443099132245663
16.504701048986743 15.519873358094308
0.82452700378504151 15.456990278482568
12.135197936140148 3.3544447560011754
2.3116818479422339 5.1283372652737569
11.457336539336763 25.653570170330696
24.353392897353746 7.4694427772603209
24.401908293309802 17.963100938631264
28.101520138480261 12.901511446697446
21.80830505072872 26.039315717801887
26.076265797956147 6.6603516228037867
23.167616535160775 17.587714064541363
3.0552504171319921 7.1862325269958856
15.045517105908576 10.21178488017666
11.142371101185292 18.044570751069614
17.072443344212047 14.021053825417725
9.5602797743902741 18.742827875089617
19.503788158695254 10.046991553014966
9.1128372694192326 0.97813070184859807
8.8007465116958592 29.008053313781591
13.731521856826856 17.274226035516079
11.376994741703559 4.4001427168016969
18.215486573275534 25.802165340303176
24.404276522605976 28.156562418424759
0.15888760504784016 12.244322955590258
10.05725212877128 19.56660237010869
11.525808845665646 6.6708671075839474
5.3949150788941642 31.178027281377627
10.943215172032669 27.394084003719041
24.023093571727266 20.898624722081642
25.30946720142569 17.573991554810068
22.480713308806479 5.9956669191420646
26.45767246906269 15.972865619774627
5.6865417621434684 10.514764430148116
24.915465507675311 16.668397104963145
18.156008210073388 21.032475625003048
24.965372314758774 26.522843563406003
18.308032478311564 7.7834398716463022
30.81941369714524 9.783464419991251
21.128402924639776 16.679839179967601
17.804153875813991 9.5783054094160001
6.2321891344521854 27.500468283750781
5.5848322232147103 0.77905640980827795
29.161991604881468 7.6568349147109629
12.239300126305675 10.036707743039532
20.43045850077154 26.587003973361643
23.182505419331555 16.367524902008629
26.093875428856805 3.2314993984417271
30.933811036761064 12.778579415859516
13.417205750029758 14.645598913514569
13.454851362298669 23.869923285105031
3.1826532590213898 20.347152592497604
15.464744025693198 19.664554917499462
31.11301264539512 3.4575843333171474
18.995988219260745 28.411497611480939
30.004341778308397 25.368830491179882
14.919631567244677 29.594148168595016
28.022590252831556 21.822370329383794
15.825272206588668 28.960346720409749
14.472895664064604 18.265961205458197
23.355566743469986 9.1399230068585453
1.4745624500781334 22.836825200485915
1.0157442838443302 12.558372731163344
0.057866975773355762 26.688770551799994
31.133787663367041 25.064043783705863
8.3525356740338843 31.352467525450397
22.231655149965583 15.328167550182183
22.383866050738963 25.192842215946555
29.548433570853238 30.19404944024647
2.4596812017119625 0.75636388627716156
12.157661716264265 19.461729671588511
23.372214257111644 1.0893317257103181
9.1025772636403506 9.9827918804530729
7.0075942003582643 21.443432398670389
3.9546618729031735 28.903059877830028
28.845748333615226 0.29869395048144548
25.557206149560692 22.114312536541203
12.48731337101662 7.5865520270343278
14.481399219204343 5.4365539059763002
2.1862079979350639 4.1911454534156789
14.705138325939048 17.290324483621692
15.061948639020576 9.1550991080550155
18.760901304757219 30.991456455295804
3.5848808981851419 9.3253468171567064
31.496954462506356 8.3431512399034204
22.331917992124342 16.528699899361914
29.463082093999926 10.36338397798051
5.7185020808016294 5.5412704035530975
3.6898328974661792 31.44568740137673
13.797059727005962 2.2466018923426412
12.376192339266638 25.371653015437559
19.816688120207516 11.008819470402003
28.705466460232348 16.079679569823764
29.272511459764576 11.683710880680907
3.9121962841199194 6.1878364570380624
9.7665528990513142 27.725667913478652
20.563482682880704 19.893647353476396
2.3906887314133338 1.6886573769750797
19.385695395380349 29.287665170108237
28.041398217121451 14.354773816487068
9.1862447076963729 9.1493595292761736
2.1441757038777198 30.691019258984348
11.759712933457081 26.573636655424394
2.1525352311529642 18.562750220264288
20.49945998141715 9.468971115905509
28.252353033314844 25.89353143706473
16.552102174761558 1.0259705499056644
16.406529603981898 20.117059845386798
13.783208608907787 16.178771124705367
29.893453045992217 6.725928195641746
29.384655369160367 14.628204965403638
13.494797456399604 11.253956421787905
28.823238702004048 17.027188278179676
8.1233446735086563 24.573915251597484
23.475221930608139 24.808206548571931
11.746779778109333 28.956397494688357
17.323562172655901 14.879104210771228
30.703635284636739 28.605402221326703
7.4494160534141365 2.201404105298201
19.943312285556448 23.526424882176531
17.418986758578239 3.6639746754939155
10.029563262529624 5.1827376801979197
8.7374483384188011 25.277899510040537
11.22315577541424 30.94160705621513
6.7124291592352643 28.211454571121219
2.1098017515489844 17.353062388129675
27.587152402810254 24.370015728541969
3.5140530107574453 21.814370145431493
27.263122146903537 5.020673091508896
13.493037832930348 31.281540425817578
30.759597799557419 14.051586623558686
7.2240786668665766 11.996054638270605
15.2835282045322 13.020062602833791
15.003064678762195 7.5093999550765851
7.9639855615322226 10.013742580522068
29.708013357701365 21.17446855280852
17.569855182950242 1.844710828192669
6.7599826881483329 3.0060277557738382
13.429181394601983 5.8926960868837153
30.304824406029585 15.181671284490635
13.875779237944071 22.672709114360124
13.154832716662677 6.8457967545884157
20.939386355734655 11.436347488176525
28.200946578657465 30.215994055930093
18.899749763381138 21.629289289058821
6.6506302868202525 29.247518876456528
9.8904606312985468 21.997359666635933
12.259832261224849 0.74468034977529474
16.74373057451535 23.763870978093262
3.1844539889808372 30.398220097929009
23.094338189074573 25.779048808736238
5.1285809544652077 20.736074106544965
27.02106494344379 7.1281190261556633
16.751850680996128 5.3820137199105353
19.549136275461478 6.5202546059229585
14.622306948518469 28.656340683641812
7.3769371246400111 6.1406890325010925
18.425466396944241 8.9306835112597565
0.051882343989535479 4.8720113497536115
28.841094749899991 23.691292332800558
16.764362472445004 29.64471513060753
26.726864606839666 30.675952135420498
13.177319840193071 0.53938426132992745
7.2161783149152869 26.972049435684713
9.2534741460592009 11.378876780764253
27.626536614198873 29.177740170789424
16.575558310944004 2.0070710589916891
5.0862238107199067 11.149250169712307
14.334849137429259 23.765296862080305
1.1375588302558997 9.0523285827931712
23.8283252291648 28.978740711730659
23.357515120526529 5.5435633623235478
14.193982785843353 8.2492487414311277
21.815145220202396 14.036438220122882
0.64819735845061832 18.690087460274942
17.830724734225157 24.79298630841275
29.121751968499861 9.4439101906767835
14.14742436877456 13.881590526202199
14.798355657106368 3.025689654876917
25.534994079322761 23.347985724082626
26.293452218929644 17.829130204433273
10.932525982732972 14.50053699814641
4.9344705554943529 4.8773642088511799
6.8659685771850221 1.5561571211022032
13.341254035373138 4.0179148630490973
22.81522417828867 22.987299125305011
22.973557673904224 29.624982704656478
15.99809675550078 14.728360401031539
24.834468556564488 4.0193513203235751
23.734858518302854 18.615551602194568
25.293622002362092 14.908423089023206
5.6137673312246683 14.319144052536881
8.3574641201752389 5.5474494283633948
14.62259814937031 21.378519654313777
2.1335851395347771 7.7961061941391314
1.2754116906655002 18.057891639943673
30.20523193031347 0.68724264851659289
6.5458095244032544 14.018620230755394
9.5346490303270919 25.761825040558783
6.4676319763137267 5.0972384305450609
4.8506999627213023 21.63051805973366
27.701610813995295 23.395426917503954
12.673812303102482 28.095093382228963
17.874524555214471 5.6354418637012644
6.3892204610670804 26.405708348883223
3.0809633285052467 12.998533072646692
19.910931420662905 28.206949886550227
21.743174135943427 12.002997822076544
2.6363051805268234 28.040502781305232
2.065486440667621 16.590825909146826
25.12534210492392 0.044791686009824874
24.937047912295245 2.1970213917057135
10.531220886037824 11.392328126091538
7.3630640050710277 20.148273883995476
14.742309264146241 1.9610971234227492
6.487139367015665 25.420722135677124
9.5300287874527463 21.037118074283939
24.592696938635431 5.5675584168229646
11.090868485171221 8.5564665200453831
30.874296284115573 25.979742446439648
27.055224470797281 9.9070124399219655
26.035938552782206 16.699798664057578
2.3169231880828649 11.859790554477232
14.429755293900147 26.714154815993936
28.136835857043742 9.8696853241228393
23.676402016593155 8.0059313124936171
0.88361060549716119 13.497196770319521
25.838642264477837 2.033613815163168
2.2408354377181827 10.81482573842754
10.57321063899923 25.565787446445924
10.694061362078497 29.246150330968891
2.7413409758902652 22.607700237075459
26.749112676620168 26.444174929549977
8.5350471722354886 22.41029601902655
21.314350744419119 24.892367597951989
18.526691383385433 20.131140253557504
28.191394122164485 8.9049686906401444
7.452471738200793 4.0923285726832255
7.2459881891602125 30.321026037965478
21.146397581444283 17.845332673983151
21.713020719610125 0.18772110096056563
