18.470584920392053 6.3695800399869213
1.8907090636080806 21.753387834714353
19.392007910908323 31.19876729265247
7.7022544000896476 25.070342896903064
7.9757184939861343 29.342091020290884
17.682746358807268 1.7323464517649276
31.354511607020886 19.807594326252868
26.990601498950344 16.37612303603591
14.702288095460336 3.1162301192612021
6.120216078697327 28.085244830961347
13.985038008565553 28.91967495783463
26.54357727406509 24.424349463790112
20.468321565175717 13.383903147839487
2.2432705944164155 3.0102984657101284
30.886410016595079 3.7472572572717935
26.392917836138462 28.584295760312965
25.241264773334034 17.721886494986691
17.821127604421367 8.1087059250841147
25.049583334254471 19.623860013053548
7.9195455646412327 23.030330219756781
17.400220458810324 12.24063016661
8.3758406983961855 11.366918020862569
17.244803513957091 20.695390441035148
5.1994756498773658 7.1255419302944496
30.645484266952984 9.0422039488048132
0.79394092794972992 29.632738305973135
29.631621004217148 10.171387991638756
26.768824995752915 17.841716161726939
22.755126530140487 23.606884546401911
16.223856539610331 11.964540930985605
30.884539468200686 22.551076246686563
22.861805349202452 1.5360598112890673
22.339476893093607 20.099627599357177
23.864913255853555 4.8125188090410482
20.744052452218217 18.349703624267889
19.351732534371418 11.812758535571582
16.87873129459825 29.954474464301192
22.886325637411719 29.673791291617452
30.703359827772754 15.065188274481546
1.4488784581596885 9.8019402083954432
23.754610932729072 3.7641686945901869
0.68796750297968012 24.648085127468406
26.881049405568767 2.6363871118228639
6.9596242554385963 26.203684355993619
14.313090717526551 8.0259139669226531
20.381039488046135 0.69142872810997225
1.8686638342086876 26.398270385216403
15.476930389731766 21.331430243786794
29.597023675301319 9.1340865798196145
21.789622212587062 23.570367769116
22.031793535016511 21.433336085644534
30.151401368429394 16.131278707084082
31.544493127756592 9.8432301652093894
21.044662114300195 4.9189485038565879
15.266120569391237 11.396536170418869
2.7606473682655381 24.018744891604502
4.5158970489145762 10.235385313812895
27.930314708372094 23.47999963498436
24.839394788612694 20.517177467049745
7.2207168886410802 10.147733340995662
21.228669788475237 30.454528368361458
10.34642085233938 19.700630917015886
23.518836934724845 9.639288292166718
7.3020328018297826 0.28571380548772385
12.139796791157508 24.826388391098515
24.791998201096597 6.496339854534579
4.7172037063129206 13.062093622059672
7.3474131016565538 6.1970652230590151
9.1122064234900026 4.9237008247808065
10.639907562681437 30.638496988481474
1.1976620777396438 16.867967585384758
18.688429463865116 17.691489580241452
25.035658828952688 11.211535928557749
0.94342573250260642 5.7981302584931154
15.772887635864326 29.048403462113786
2.8977436526938525 25.967082575237548
24.451127399746284 25.324493004965596
9.8510051346575143 27.794996725620418
31.384264810417854 7.4844632057777893
14.837114531006613 13.368681873505565
16.902676941746428 7.3760279238793114
22.437834662497501 0.53505424835096727
4.7784211905361023 24.789277235311921
14.306972411584317 11.585001399517381
11.43885937120332 29.761980050549113
19.434697349446939 5.7470962023976417
8.610096303743493 24.009956495605476
12.730366105209947 14.34801203911084
17.528496594997872 25.817380627757867
8.4508676353770227 5.8431734277139551
28.051249085581304 8.1323396935731171
7.8551771489288988 28.158920009059102
15.36312819551849 20.229250279091048
6.9243363986018736 18.976819939015751
14.011302777140125 14.531795586510931
15.029620775715623 14.209994588217517
5.5772087393541572 3.0766250187378512
7.1644539676444063 20.149383193184295
3.5389787576289891 10.880389941299422
21.420899713624081 0.65628750995091656
21.960856368762919 4.7450459276777393
15.324853854779523 15.631600377346883
19.330209941130107 9.9668384690484899
16.316852410182975 10.055160609040588
23.612650265392606 30.420655763797775
25.932109043940628 18.44995506929817
5.8553653039423539 12.431561532683602
14.415151379606954 19.287403381792497
11.313720395406225 1.1372886428404259
9.5426297993523992 15.084508691989249
3.7237948932622511 23.515839998994274
18.61970099563564 13.030425695547239
31.329224590841093 25.072173111505226
27.292393414720966 29.644715103274542
30.330399364186789 16.991386173899311
12.738156581254623 13.298522541234476
28.460300107632587 15.542483381600125
5.1195963018090573 31.474705104843824
28.272201025827922 21.094626918920536
2.1636040862353609 1.4594036146012526
14.502554091869122 20.48354173947261
31.019140983190656 2.6877240699797609
12.314934236812904 26.134804157004911
24.858683499684286 14.53073342359081
22.699047161579461 13.530334164529018
13.881522729199343 3.8876558044692988
24.675958160203422 13.533788638452201
0.44418908768239346 13.662918896254789
18.580229789825626 24.310718478304253
30.362038353476237 1.3575301086469298
25.545800904570854 5.5870190632379702
19.847692230921908 7.9349803257924183
22.987165071766558 15.149012885852644
24.365860080747797 2.8424927419459891
28.610412417870137 12.967610420034372
15.546911289247321 16.815811370284205
21.718138314193386 13.812069411085892
16.044235017774351 17.813759629936765
1.6199510797539758 19.155450901999149
30.102800210536248 18.090442726383706
10.133676045592004 3.8028571802851108
25.045452522559028 27.453812108326026
21.617028793589981 22.303177278926483
10.599990776767248 27.062984622418053
20.423923778278056 25.507741301004117
1.7093922910730286 13.390527084843306
9.0603503716428868 16.10511562253782
9.7142530345504827 9.6614255735707815
16.307620945062936 15.872879524452973
9.6149865543534681 18.959161196771934
18.223394916069054 20.749505841310473
16.60640735027172 11.243531536064333
20.558703671069036 23.972310361632307
25.866830723626933 31.067002011724547
27.552653089955893 17.250466383205197
3.9544436190110019 6.36424848713611
29.641855121213627 28.806069434570109
0.805883952022449 21.312498467795702
28.689379040384139 3.9318319409076472
9.2738939362194213 21.234278580046244
23.283040072648188 21.871703366484052
14.304467695302915 24.295649466771984
6.8289462507150631 21.33396054650327
16.177208324893599 9.0715667397635471
7.0500799452028797 28.543164634992028
17.57574866541162 21.722993851723739
13.416181355926541 5.4688857328679692
15.462859018280065 4.8371329041922406
15.333251333917495 6.3295877187515224
28.764813029072744 7.4443626183831997
19.47390940490072 19.37715634358327
9.1420864534966917 7.0064277812351925
9.5720938406732916 24.848712939558087
6.6967095675139996 15.58286140086398
30.130445619211148 5.196042598254329
31.421934608559756 12.025905579133594
28.263982600889904 1.1349931729746929
12.443930266365529 3.9055003798135908
29.764493259317959 24.105426037700692
19.929601894014962 16.293729344656835
15.397813750083508 2.4619447509443297
2.5017374808270194 10.940514820623211
15.387062361194172 22.310689494546423
29.607315227374372 7.0336320597223914
12.740901294026717 23.210520655354397
8.3826020868273243 26.989608450521196
25.866281850557229 10.466624416828612
10.135423382155627 13.134160621271123
15.203967698374084 0.62736630861617981
19.76917614402873 12.672624800603298
27.699040503495031 3.0491336926752619
2.2697351380774902 8.9099516466845916
28.558949978940547 17.830437122155434
12.043511777006662 9.5033014154738051
3.4972265367727302 15.898829288235277
21.260095358434111 26.000367037288626
7.1451790252568861 18.044685758462364
11.745554174389252 6.6211183409513978
8.889692810975264 22.86337220564414
20.791084811219193 6.9531577347974647
4.980700547445565 27.410877405300063
4.4208774881233168 18.566090528542023
31.592110774905422 14.559907993055232
14.526279278985417 21.587986136685871
25.925464171466892 26.745786060222404
29.20556328663087 20.592553708906603
18.379154293260033 23.314064862233661
25.753511784622063 2.0076253925834533
21.636839280194572 7.6232593225449952
27.676482609750561 22.023719054836366
30.801819126578188 13.889369543616388
15.255188602141583 24.198060237324949
31.584249040449983 5.3174555728786377
7.8853393047416498 14.220418229649193
8.030652667721494 5.0174915618611662
12.631906438734909 15.927678586021658
29.356284838842114 25.236302983302181
7.3564901109256526 11.226006676455325
22.187283544366082 9.7230769331798932
4.979954531616765 0.67125909834548758
10.157407041988559 8.7726516385613085
17.69763584481586 11.275333825718125
4.4460201351711603 4.4153352838947004
9.3685023126936056 0.86611584757345872
15.296412235291912 8.3477672559481437
27.421562935826099 6.1350278496707382
19.060632902714328 28.886675508032987
30.259907496569053 25.863335650681812
31.389439019582571 26.014102795392514
15.733315928942963 23.143838601545948
1.498068749750765 18.021996046656373
11.39062920998053 12.244310537187223
9.0248298693308211 19.643338168108539
11.744887574482533 13.744565618527695
31.434606572939483 0.17526037186730989
18.162327442822534 29.625411102537402
3.8029870310225111 14.84686309849384
6.5634634694914187 8.1275878570737383
10.508080531152455 24.81880714413445
5.3393789531859195 9.2436887943118311
24.071753820113305 7.1704747482398403
29.944218568821601 22.301601602362503
3.6044621471105254 2.8831146149694598
29.53507086152953 23.122047116275542
9.4361517922332734 2.0766869029659341
13.393920118488023 19.048689980815496
6.6163479443874929 24.047659062971402
1.5364912902267749 12.204631824437222
11.746409594767083 8.3476091170535192
17.511692386329688 5.4624326575290052
25.35961938553292 25.694286586190071
13.254234908259066 8.159242508869708
8.1118712113125664 6.8198692491560537
3.8783041333011621 22.32692820216694
22.555554424607603 28.785328102859005
18.461882023471738 25.95293476164348
28.481705175960492 29.846474389871538
16.253478589924626 20.299010790131138
16.176823628852954 19.24333635453095
17.161839483396285 26.789668474761751
11.629054013171247 18.215840524384202
25.880741692332396 22.982518575129099
8.7383649464870601 30.039478634181961
19.442433645282566 23.703329149625816
11.620166652298947 30.95456897542249
20.642255088680283 17.112915882442614
13.148130619872797 15.185601065752612
25.591084643221631 4.0774276460554528
4.8155468183772943 8.3639485088484307
7.2268393420641708 3.2650986619154097
25.113876849892762 8.9716108680514015
19.079024526762076 1.7881266175233332
25.424394738059828 0.91131629949020476
16.750900416662017 18.656048511837312
17.532282967886804 0.83770524410907188
3.476509252874397 13.647752063278208
25.252283507999856 2.868367931768995
29.217838580134384 27.813532113193133
18.559762815446646 5.3734565093665223
7.287579815053169 30.848291637831604
1.7432807714008178 23.570016637414394
25.035457318976455 10.031086885332373
22.830768640817219 21.021858161206104
0.60862586126161955 11.604502463164639
16.720723826927987 4.8547231992032902
20.231177772657801 9.0811758344633144
26.83675474660803 3.9859031902145312
18.99190018897087 3.3186851666683155
25.338129651844326 23.746925629807837
27.232920880129505 27.796026286629818
9.291119189447997 13.994603743582351
21.150299779745708 9.115951953773239
23.912204032949212 14.695457869336559
26.522191492518626 30.456852588918697
6.8272163408307094 23.173307303734791
19.897314633950067 18.239725293531599
23.415133667777987 2.6577096310673469
25.670905040721156 13.959870383643507
22.675104320232396 11.435899029877129
27.70092064427951 11.463002375856913
2.4951057031122423 29.491053234455144
26.686056515156832 12.023438684270259
23.149987797383666 5.8281773357628355
7.3449078887623118 1.1751054037802895
5.0487347991260911 6.1841416494864427
22.68449179235111 18.011012513283902
11.61712014352479 15.760432680995969
16.286953582087104 30.824204458802022
27.23122024520875 7.5555647883267127
11.709420630767958 3.0542827985086412
1.8062837148771069 6.6917021742533516
2.5568379332948226 12.923743219297338
4.5328624905250061 1.4017896083608159
5.264825380372586 30.597084069274267
19.886343783760577 22.890332756145582
9.937360958018628 4.9083042262359973
20.912363501318673 1.6820022426636467
16.858704118569783 15.127417115442299
22.709111437544269 19.241196148249092
18.390887706917901 2.3598977994321957
9.1900237070258353 10.316455383133892
25.969357120810848 19.385436983765221
7.5380254684917203 16.413957446642154
6.4379423640177631 2.6849240913365273
13.619567957471101 26.599360405616665
29.543043456400298 8.153967466741161
8.5698690765390726 1.296864137921782
17.38197961379392 31.466664772283792
3.1711532643531855 5.3531148439177603
5.4675546441459968 18.00780575455677
14.883530818254503 29.19344628375579
23.821273029185132 31.333712889655487
11.838910663424116 23.729547929493673
12.724350079977656 19.866714348491278
6.3178293718935192 31.2279230803688
16.566108461462349 27.965474150950694
12.941445186186725 6.3497164741938947
2.0500333128701165 27.276408192547819
17.249906839309364 19.734828923299482
20.515656638671263 22.087905163700945
19.749110035492656 26.135089376246594
0.55755677658669889 2.1713222058325732
26.195308072396347 29.471013133875445
6.3926091441289348 3.9527683493948405
2.763635377225107 7.9560684765794036
29.53782600107516 6.0472986807918465
3.91117287960228 24.617908795793443
10.560919719172594 11.985064510675514
16.884633789040517 8.4784027396128359
11.724849116619415 26.793396355250479
28.368423515829971 19.981680159541511
26.281444273874943 25.541223461728016
5.772950412053496 24.81172286703903
13.665760714531187 24.99515625616765
27.656888647474108 9.4130022299054446
17.095432103887443 3.9001949810713796
21.374915459137554 28.680326873245289
23.485632333926219 13.89370218103301
5.4117065023967088 4.0210129758726927
20.958516194285089 23.109898485282358
14.327272221371361 31.235389681625463
7.6935716791795388 22.140150439157921
30.57753286577794 11.223602504494538
7.7380626613797308 20.93821592143015
3.5065034842366125 29.67109863398364
26.816920496360982 26.422551523649492
11.402916448152661 21.671719433932054
10.662052979279297 10.09849717964916
12.369324093976836 12.536360057610098
22.348781844503339 14.635207104887206
3.8544514915072332 16.876582764343375
21.299322782652037 16.491574853354418
12.711319666921792 8.8033939498380818
24.796783003690841 18.608279188803163
29.106236321660564 13.720090135054768
12.02591053198509 19.286211043925668
31.249666256271301 24.073911109352576
23.337339455409982 17.183298316712381
16.152114549901938 2.9835266035999615
4.6716684671100213 15.287120643191761
20.391616980195234 19.424914788834016
0.80841914351369493 12.74590613765548
24.827654655738595 26.515762693636624
10.300430064397057 14.100860320363665
2.520201430368834 11.985157483523746
9.5311975152728312 22.393714646962518
3.3654024658502828 9.9361596971625463
2.0014786143767576 20.849646948777824
13.156170957514254 3.2735433908069229
26.588199092831186 6.9932971500972432
8.2026277975249648 30.816878774135514
10.10313794227134 7.2924325132019252
1.711024144025622 22.724296997605819
11.150639522357404 13.231237556322673
1.7770744368156355 15.910050826444367
21.904401132122814 3.651304512252628
30.449853606246062 12.339318104298702
10.630818406148377 17.294713040290869
9.5543670962014779 30.159905162982685
8.7911206863572033 13.322026320046467
14.114755947291895 6.2284049747104353
7.3032356191653447 29.856603056459321
20.207868978019729 14.319055486090772
7.8996472133459568 19.478001166588786
5.0798506541761475 25.759110627023695
11.067867109729088 5.7387136016079587
2.6170912891056282 31.244573168404411
3.0576862839903454 7.1128561863053168
2.8631027586100672 14.937312529190127
7.6797117473187635 24.03672287245891
20.090679638074796 30.413402065969091
3.1254988928310192 26.848620139964201
16.873748309975731 24.693738446778951
29.726694722658042 11.236037588903592
16.448706681142561 1.0432473834759088
6.2788329518871011 19.924019082760054
28.541213712843881 19.071907275695466
9.5912705837674004 29.009790338070534
18.976011469201115 26.854778998221963
30.128281535622445 27.523624410175579
16.783267669809369 23.209284204868911
24.200627779172294 9.0254802331595823
28.668625816932334 6.070844700317255
13.971203564773909 18.270681908212669
27.692266543113195 10.446177450181905
0.83562897922292989 10.537592258041032
8.6318299894865103 14.835263344506592
15.541233839039252 1.5232229019298782
11.458415454998716 28.804865050138289
15.096758605404654 3.9281489220845578
19.637042862417957 17.300728663027943
26.466376062800325 20.198176536615637
5.4452829292680835 29.494641342090965
10.166540583876852 10.986404677558799
21.884850171697639 8.5642100088629967
0.38190980042272965 28.41459988621617
11.246509986178291 27.7751246001589
9.4184596970685561 6.080898608096831
2.2426058942686904 28.569890817505481
17.973667263755356 7.1609378960397407
30.66526620933265 21.165895664966914
9.1304364642514759 3.8146908852271868
21.490317357891822 17.71343344410127
24.134350943528126 5.8482329666721213
8.9312753673172001 26.046800303890357
28.716684793826918 10.871751868227483
20.415165939280069 27.936653255604018
14.463449987507554 1.7949114016144356
16.572826700243475 22.286724603714639
1.8273447448688724 7.5770561997605297
16.138178795595461 24.188662233529193
31.426420554916703 10.824806021389511
28.295460577034873 2.3139692886392456
18.509695030064403 28.131440941953223
19.724016172189224 4.7408602548479699
9.886135684679779 16.483232760374801
4.595265674555371 16.169046485014693
15.323405143823241 31.41952055531819
6.5218905889343981 11.406465122027726
13.940857985519713 12.759780812380415
3.9241337669655092 27.32905444447092
5.4703694794485553 10.366425797319353
2.9142000494594771 27.880802435229125
17.449336311565972 23.781297989316183
6.4789220569217854 14.438950414290703
14.779781284809054 26.927605155211292
22.718973213871941 26.260479110431913
10.452160059419564 29.640650971811805
12.982835828640381 29.547048031141177
27.59844392488618 26.954393336767762
3.0295130071421141 19.02905349010673
21.808001795088678 11.038086953411284
4.3007841296284521 28.292479047921571
18.674467075262143 21.610061443949213
10.278778373747432 0.6587031583052938
8.7635900591250326 28.761736627435354
11.881739965928562 14.830764529269494
9.6298451721807421 12.414718650522257
23.500816677626727 0.69734615319125204
23.887317707163888 1.6990896424021826
6.0115550008925158 20.938720695447667
31.449689899302868 16.690633831257557
14.018668472559195 27.621374072851129
10.273065762105228 18.167505942980704
4.3776495823243762 26.413786031512643
11.941379570118116 1.7486151817988844
5.2184732565194389 5.1762813236193788
12.4223044593972 28.818174729438493
14.757207080252799 5.49462000941105
21.890733564962176 1.6127108330090683
27.757535361547131 4.054942890044356
27.736442140206876 14.398570740957201
17.805393526203627 18.317019685779211
26.156787720649074 0.42036992204732954
1.323606595000989 27.788485653999757
8.1190366803828109 2.0683321924150389
21.532088058756351 31.339623172548229
29.934265172906429 3.3460877820045281
21.327935929281828 10.193999150012775
26.180020755865584 3.201839752286578
22.169705430582209 6.8127125461187878
15.70000829151844 30.126845771145049
18.043334755623743 14.450144545481246
13.320885676013235 28.278702214843971
23.900799109043128 26.539228060459344
24.337602539950787 11.822736617975083
17.126176453670041 17.64853009329352
26.520961436969003 1.5835500990217712
0.53854262898220784 31.187845300638372
5.1174711307947414 19.212210623230281
5.6104478730238228 11.422463276199409
0.80334161464100151 6.916631702104544
4.5291574418289855 17.549488420620442
23.965404299715008 29.444500232549927
24.127652047009892 15.710136326006117
16.259292003788687 26.862121982304707
4.5387965132245434 29.355333857743272
6.4227258130487446 29.229875823270397
3.9276023218571599 19.476546234715176
16.622368641477138 1.9731300147135447
28.099009662822276 0.22189758496206494
9.4300874024862189 8.0842026827542899
30.538806342724062 10.034652849386852
1.8384978320437968 4.0673080363989689
24.874619598111856 22.604007445972332
20.202240012670639 26.93837166410243
12.204624922387271 11.526584391984567
0.01663249722713005 6.3786014851569739
4.3686664580286365 14.037677005462159
0.095263423798332608 20.677488332373997
10.749165490369601 20.888590951629507
15.009080806121238 12.391683926498064
14.270630878139274 25.930509697613907
24.128820566839188 17.829219861559785
18.321173681627581 10.091842717617784
9.0765237914950525 31.375269057291735
4.6883745880574272 2.5277852930488502
3.5218422593768528 18.147317657535087
27.746116905606783 12.403461698333745
27.172681494150101 22.706078245607451
18.86930161762001 16.518324177501817
0.23473190248536363 3.2054281721386855
12.322168407792843 16.787206980987754
1.4301178583979985 2.1992575160728656
12.144416189706751 0.47652050589640693
10.327962211612277 15.479180187376055
18.41240595563999 12.132299874249851
8.9120169132579345 8.9178283730776862
5.6957292887188364 13.378630463641619
1.2575500351774638 3.2572901308096802
13.608258730280978 23.56601702633348
7.2184946384465878 7.3593701189969067
16.566162113694038 16.811701380651471
27.801461165540683 18.380226816601347
0.80904444636830974 22.253584982559534
22.159369851618617 5.7503553956957134
24.210636682403351 10.375851811807594
23.459752007803981 20.076123232247884
7.7392193882240177 13.342967041203217
0.27171802753325242 0.96308292808524065
27.611173417051553 24.377038123570525
30.834215367899699 29.827086200798469
6.1111627581865511 4.9915865539815361
17.967325075061915 19.27741378045744
11.929746015386588 10.487245903267528
13.936925434869845 29.960749505683616
4.3748734607082751 3.4734758530440191
19.981140541752378 1.7419414293967901
14.890791218484345 25.29072704078737
14.202741309488173 8.9724174714623963
23.639887580464293 28.569037323188557
14.740120321081919 16.611257747827221
20.116216606845668 28.787328665284242
16.144496399098024 5.5538241638339931
24.33051009204879 16.806317656449671
15.597307053432345 10.577494623974145
22.758972754461468 31.29010687504454
27.947389361682653 25.946563167886893
26.248018228626179 27.598999310556422
10.293888890125737 23.421662048839273
31.078509857996778 4.6060496768063661
14.036129032835474 10.672156520793083
5.6669514439759912 7.8998021007622139
14.110794912591558 7.1082708030495709
2.7317267427739793 2.1902236270132156
25.254274880418297 21.600603533668444
30.443921877406996 20.264809102277326
11.621263504255054 17.298664370727614
16.328406501599069 6.5298323081567213
6.6114389789597245 22.263071817241446
7.3906815475710292 27.29641928510836
8.0818518724020194 2.9449917246729376
18.062140762699361 27.068385372886109
28.472395065777825 24.984705040192541
0.83761305677794129 25.573791372942473
8.2563052349440973 3.9922017352030164
28.714467686656771 29.039203604250819
15.215241007218161 19.081408018838982
22.809204639412727 8.881632151692278
2.8554091747454491 22.11399610593887
0.64940050352499534 9.2203831001902845
6.7139803216833442 16.743624837163885
17.460769203210472 16.26996275172548
17.859525109121591 24.853330298119086
12.910912778741597 27.156278825753475
20.074508450803034 3.9322459025718333
29.711604535935393 21.394476642071542
4.1726297191740969 5.4298887417179609
17.557397113422169 30.541809470620795
26.818988520159696 13.018607663785154
10.257833369348761 21.742752123974252
9.3554611494001509 11.401827499588887
26.754723971354363 21.456692771018258
28.786809177701045 21.916819946398096
24.059145827255513 19.38445889864704
27.385845908675815 20.754825734210517
27.508269678498781 28.828692918942007
14.438132067329624 17.583469454136853
29.417004788702645 0.15360805683293766
31.30160158155622 1.7162658967747189
2.8572573534435048 23.016666147237082
22.509687983514006 2.5773245225986541
21.878421131829395 18.681440389094007
24.495417089553481 0.55880160327050932
25.04287234923633 15.618415365603928
13.542976952896113 16.902033703340607
0.51029823511819528 4.1270800221110706
28.583893780267093 22.814461308707099
8.6032630341179654 12.380352402655204
30.566159615408889 6.9341395644757462
11.116810841441152 9.3634056204811635
13.09550911131489 11.150891359087677
13.335864482192433 30.710465829674515
1.023317144784532 4.8123305413394251
0.68627560507661534 15.11152709003132
28.632610058294873 9.8677205992466046
20.620087150471285 2.8116007611296401
1.2042903251716277 1.0783375686151464
4.2915835962684392 20.308172629171931
9.1877477799911524 2.8282246728561709
26.232388264348799 4.8004219219716555
1.3274687549672668 28.85560119718798
17.694062920239002 28.931631791856379
12.062401845606054 7.5241080726063467
4.5882468489655359 23.607977369876714
7.1546701645167365 9.1520347921435246
23.298088370771367 16.18143773823185
6.0700788428919781 25.899973885152733
8.4049146814152369 7.8253022329604605
27.73905457254309 13.517839125093273
16.129650992483779 13.772328781779599
19.315602024360793 13.650273369970693
10.473055805017125 28.530919108420502
10.293505736029459 6.0586209010614418
24.232681907513172 27.894211292914637
30.502197699856339 28.564730927084717
18.549480828042721 0.88431708785640672
10.915625682201362 7.0710241833695786
15.767165222356844 25.357997185281071
13.637550243334495 0.23668202526970095
15.684801326303099 27.836463782870755
0.67477684888870559 7.9192753097092368
22.343144699338691 30.490221524695837
3.8360177333414951 0.34489364048646232
21.733390300820737 29.556212261725655
20.323039775632719 20.42931749899228
31.376451167126231 29.077479759763552
20.693648602795598 8.0236459203566994
22.318994764499344 16.097592560543877
30.641829210888311 23.499356416357809
12.279326872426957 30.176973352670668
7.0102927813953162 1.9972003241806615
17.256221452276375 10.382921347152068
4.5559820692548012 11.238992827120398
3.6884398684074018 12.722281373716859
21.52492093130369 27.830184767852622
3.8719834942933828 8.1417095149430825
18.896955383893687 18.636526282059602
20.559618773215703 12.089012461889375
3.5320499974478294 11.831630497273579
23.534926337799174 22.831193637987106
9.8038126349643715 20.480667067939056
17.289516437476159 6.2996047461927116
31.020701646359225 26.783763019195188
24.755104073642496 1.7147186206236773
7.2534020132276895 4.3570905699906666
1.8665288240590783 14.989788829778274
29.508410571153231 15.378441989261839
5.589518588044462 26.80552850511992
28.62331916690945 8.8344671247016819
10.922606344546734 26.087879346094418
14.667770396167377 10.10350223760992
2.3622137471507059 18.337157526842478
13.876593116375012 2.5721964801502892
24.842102623215805 29.056363899276544
24.274514622439082 21.820864113098764
24.718471094073745 3.9656696770933046
25.225406244315277 16.669743399241828
26.259573056690165 8.1919844189589099
14.46199706611211 15.340765252398699
23.436403109957222 27.285804588119273
13.361494432590009 12.102864548754264
17.773331689669565 22.561455575612545
28.637350224897492 31.11379889916288
2.9511553216563629 24.909488864499412
18.245487273991095 9.0693501219255346
0.67099991394787095 19.520843639469366
22.915531650650994 4.7671313505464461
6.1799310068580207 0.49228791390156701
23.98102678885936 12.97053546079851
6.2449993796287036 30.25052343644888
13.019268299463445 25.657754793509085
28.980246292958444 3.0857384137079071
30.138051663426133 31.134284693208279
18.670348316475682 30.491818287027186
20.459545474249783 5.5592267949193142
11.897874492226935 20.729034084791618
7.6062802465659685 12.273091931865675
6.3057375358638339 17.558489461694041
8.5022826811058323 21.691930508550971
17.974007447858114 17.011615105500852
5.672300400333893 15.156370980293463
2.5909158130985133 14.029757678507529
2.6738589940662121 16.153506707238463
31.305610593715549 13.012836376597662
12.617885001634479 18.395716911386188
10.929540741031147 18.849200316541573
17.967701903315898 3.3208336739748767
27.47918499852808 1.6659600719121406
19.769718193451855 24.658001015811745
13.1637811597196 22.303598045386646
6.0599155446415791 6.1257750233486457
2.1270209043682708 17.116601393233299
29.117886562599438 16.435770104858101
25.815770867300657 12.907762130252712
20.969761937792416 3.8858463581449061
29.018221232443871 4.9180632835027396
27.537445685953784 15.588001786104389
23.624861273142621 11.105179055675041
8.1910851415512891 15.787025872553967
8.2160873451471996 10.377539429479631
28.595406628048963 27.088913351861247
19.373495785823653 29.751248565759518
21.45071448187657 20.429779374011137
9.6033973702699349 26.750598353073361
29.266262709104172 1.0143471458553863
14.878343285547944 28.093159217710298
27.759378532960024 30.528485943056918
3.2746828247123179 8.9480041920192281
21.092212609138794 14.556125180696943
0.62015190527387853 18.498899916748726
10.860480271953524 4.7046402749707932
11.652603913582039 22.80859363866244
13.79987013769178 16.062797226044779
21.61061760153186 15.416240679595676
18.790417163183719 15.650641245774283
24.995916995640769 31.33364305740038
23.983825176745704 20.855139830729797
22.06214272366109 25.558016170550861
20.622344462882086 29.552719800086834
15.460950368457956 26.455835617247402
2.3995791756931353 0.4542554640058557
25.375767797708612 28.400762858966381
0.47010934870690546 27.282106760055044
1.7462424581208404 24.549178308135971
21.067606455731312 24.74969552135385
29.349105661626322 30.423096579780506
5.5335195667696118 23.825747830413331
24.472114907645622 24.438599041824844
22.269426793886755 17.086110908165129
29.313697107165293 17.412586286856097
20.451405089394179 31.350273248784198
6.4904086985446927 27.218587277854176
19.176942064678624 7.0930829882102042
16.093744275762795 3.9082227922885027
2.983440573588771 3.6521222537503886
15.189260179321076 7.201663161963423
26.989856265677698 18.916630146604984
8.6542319340458409 25.112420125663672
10.840991205921904 8.1843649981504107
30.093735557347809 2.3511910563256517
17.925004226922937 4.4704629905442346
14.117940518139541 22.512311839627721
11.307682733011369 3.8396651791702618
23.547464120565174 8.1951701524156348
29.390634593342185 18.717781165716296
12.299067954581963 21.992543655998791
12.881609387927369 24.335058309228426
26.825248035118946 14.969574588695764
29.866133426045934 14.511987356493572
20.944068116239126 21.253301694268849
11.074499012996471 0.098364218462469816
30.686118404335673 5.961909354591822
21.325042713285832 19.427569125338845
0.25897227744196472 30.284844561873047
15.279944826696315 18.104783265695275
5.8140877559372743 16.146233098630567
6.3272622662012816 10.241162193473896
16.028154372079019 7.7413292353942094
1.5518735931034437 30.839467585607103
5.5606171547716174 21.943405254109216
0.83725643684888229 26.488204011105282
1.8979035674751952 5.661861424901601
30.473899198850344 8.0216727119321138
1.2105002085919647 20.33460630787879
17.178701120868805 2.7661461775382388
10.944409120412367 14.683611564874461
14.190792929159263 4.6933143567647457
24.863215532327459 5.0476709571298279
14.82308332100234 30.36872113948591
10.008589522762009 25.816468516353467
9.9181657083846098 31.246666901959575
25.870596757771811 15.079854146684832
26.134902259738272 16.04960144500987
21.520209171516903 2.6746789336631718
10.369841030238589 3.0028706979955153
31.301995921322014 18.673804204018996
2.8048332310950235 6.2384818038900338
21.683605889329485 12.072273945695537
14.664846999098112 23.219937023335149
10.986980023606225 2.3183901930799524
6.092685714564805 1.3336292232412734
3.4666080645251647 28.685841670854842
7.4003248023669288 15.043641015894471
17.479383003272659 27.939053899346145
21.987427311497157 24.529720185299631
15.228014755462056 9.352809354545677
2.98372478684146 30.520970781819219
6.1698208158683068 9.0942912287352424
5.2871128760152848 20.134959159073045
5.7010393551652445 22.934154948264595
22.75407286817234 7.7101267471918282
19.269490357749643 8.9962962643963333
30.936520400386897 30.823043621972015
3.4327598057873154 4.3782017896187018
1.4307732415248116 8.5325805443264908
17.846994201969817 15.436407589347429
23.486126218200724 18.579246708178438
27.433656107148924 19.689483375971133
5.3248906490741046 28.442542889740952
4.192936254038405 7.2650333098767126
22.819739899168873 10.372798469354123
3.7112434498048192 1.8603997361238627
8.1448171288470164 18.627827530870096
6.7781982860977905 25.056906657937784
8.2615753225989614 0.31491689939126194
31.16505565097788 27.764612023460664
19.703516349194725 2.8303363016881433
20.370403107361703 10.140435530067228
18.384995240754698 31.488562385853971
29.91415960777806 29.777102836065545
11.207839287429625 11.037025139239734
6.7403361719982851 13.661423774610103
30.345304109764935 24.871512744439517
22.489349362237331 22.582162336737387
4.2869419721233513 9.3140574334825157
1.9394943099787745 25.424567972915188
30.480245235723967 19.110242555378296
13.674461322530862 13.687702319373203
26.440029172940463 5.9534681875990536
10.96819988109918 16.308444807102958
20.763849177006914 11.242174178593
25.882503380778722 11.6385024424102
1.6106240205210551 11.119327143990997
8.222606774408197 9.3919123858771787
6.9726954208143894 5.413118633951596
21.172655579573572 26.893135708678908
4.6775287668711805 22.519086458956725
8.9212091387658479 18.250540894620681
13.022126400809682 7.2436177326231341
30.538423335496564 0.54182775068515598
17.832717039734735 13.515935211224155
31.062331120152223 17.702234841251215
4.738381062156563 12.152736518902589
19.072403460152742 25.284727364059577
28.194072174023358 16.636264941232149
18.957097240503398 14.511274622604732
12.263195336066001 27.789565035099898
18.834051886054329 8.0554984025828222
5.3116531186113702 14.260972840768725
26.135411472236843 22.089738817523923
30.047894863020684 13.359265271714294
3.0007451432397949 17.329127889928046
16.966387295748145 14.209317974702023
26.163786920609269 17.14746417696438
11.029947104304945 24.110107799784117
2.3518924019585099 9.9523754717775716
25.98211860099676 9.2052249317315802
11.893297988566449 4.8431285787402309
1.7713892780112996 30.048234332893301
28.910957260187125 26.17316954594925
6.7714322870156796 12.596576178218383
5.331024629386075 16.898924375764018
0.70348721509857048 23.693913547565767
14.207055126119522 0.94349584405014886
18.691690357347508 19.97441342092047
27.081205008259804 0.61157737487291441
26.714700951260376 23.529868912517273
12.182467630950287 5.7163256221850656
8.9072195321767929 27.734384898412646
23.232371547120568 6.7708241103466049
8.5873091718903325 17.054849297928289
4.310882091785583 30.361337181510766
22.811872983705591 3.6969575740398519
24.604479442077579 7.9376759377960866
31.369410066464262 21.767174598310518
18.845225666469105 4.2835229142097573
27.268348118523246 25.320958740237963
16.403119537407225 0.14056288906995304
31.213695922494409 15.816646883717661
19.699174923088805 21.592323158340555
7.8570505183560577 26.126058868438008
10.287148345812383 1.6846893169728743
1.3074710778029748 14.226231059963959
21.309467027773952 6.1493362909508162
28.808876828304957 24.042128487699699
4.9512055543268332 21.234293445762926
25.805782269217616 20.78416422915398
26.605985264657896 13.992588673821766
16.554462043292816 25.724676840662351
29.794302379912935 26.640984115981734
23.372211056472207 12.276785662619742
25.620950493241338 6.787906832647236
22.956265453628934 24.892118070293442
6.3824085997156521 6.9131584623665594
20.620170450204007 15.62354825876446
22.65350219335274 27.905780285197267
3.8964356933093636 31.182562236776558
18.650814935619831 10.967210011594055
12.987636831943895 17.611332541466464
21.316050963511397 12.967567919321626
3.851341136040443 25.683457833364447
22.246712575566132 26.972143083922386
27.096168391080113 8.6781195403934532
25.089197459961458 12.491445274900292
16.443585701033172 21.388214801005798
13.25278391482917 1.7803672302043518
12.93845305390481 10.175375745375099
29.538365219826517 12.401616453634109
16.997775837692295 12.990245503890009
18.981075432458514 22.502155296390864
19.716753618711699 15.19852802169925
4.0094247492584785 21.311167574294476
31.491444075518043 8.5997187391220358
29.826793797634874 4.3012150946744523
11.467608065577283 25.337067187898523
19.473418825958607 20.653295524254968
9.5307270638290724 23.806066838027473
12.64598916983446 31.297962476102189
3.0571219884052341 21.131190945462329
28.754966729636692 11.839571384544225
7.8382768454965523 17.475852540041938
13.543108523689423 9.5310863781911035
25.388613126138953 29.925706210925384
0.22883727745608506 22.972204271116162
23.534267872972606 24.155297118499952
24.642673825772434 30.410899975377887
15.780631163484628 14.764492670364067
28.245552154419194 28.139035283741702
19.43830127037209 0.6115954810057076
3.1335623023291617 20.220615923947012
26.685925460664876 9.8215846595262608
27.212545535022674 5.1071025668923609
23.542414485327114 25.599885434450538
8.5355850576177001 20.388361534373971
12.976829739025622 4.6911868690604051
24.293567373750992 23.349357028284587
2.3040830365905798 4.7755649271055365
11.316241232294791 19.952830269248551
10.721291916990323 22.640630789294367
25.5994958255916 24.618937891869365
12.511468741174999 2.4955982554137117
29.612388830248761 19.742062299102912
15.903158426951251 12.876980720223921
5.4990577238778116 1.9404926784692327
3.2337564763238835 0.98858747828530857
0.46616935559538036 17.477828060170648
0.69901641864515351 16.002697832029476
13.667525667161211 20.149203824606953
2.2675933847844578 19.786207442703226
25.486970403871656 7.7777001601482141
12.906754937200173 1.0002076888693683
13.60937908386672 21.31763988093234
16.661786556830293 29.042175469520302
28.027223369432154 6.8123206838911816
7.6951657950655266 8.3511305003511218
26.777007151286014 10.911353738872645
27.136072526302257 31.263087114642918
29.226473031124314 1.9686586927369041
19.398844456956414 27.747418940802014
19.966202745813241 6.6186714998452887
6.0210547297755665 18.81811472090379
28.134064768744359 5.1563893840240898
12.775528862129137 20.9740932039388
28.667503400168719 14.561548713804259
9.4912175042690627 17.448737688923195
19.761003439211766 10.951297120182838
17.34372335605072 9.3969862653649461
22.495797477306848 12.622044322458683
1.3511886413635696 0.18083440303843523
