15.572806219801897 23.533859903725563
23.218033425370017 4.9020126383008229
23.675679144246068 7.7414547198496075
29.308420725729235 8.1058806216553378
11.42816527629541 28.765844012383887
6.5446753879864863 13.030959816937203
12.727330173433471 27.30600873907839
3.9508256628422256 6.4795023899662523
10.586068472402632 7.3220296862926189
3.3121076672967438 20.576679802614393
5.246055071002643 29.288837897694293
21.199115908050107 14.565286545544087
26.518268057710614 27.470955602430347
2.7975551949899842 2.4969411017237744
2.5226017081639327 15.820727683773733
14.086423607222086 4.0989096482196787
24.638199066211094 23.563751487985165
3.6429728196554976 4.0297002066007339
12.836608130944361 20.469291846788732
23.467901950068047 9.6294672582141807
0.68579042330552753 27.85079714402168
3.221289874727133 18.420232234159375
14.860969081859029 3.2284820448431342
8.8281340990304749 15.414705977969609
7.0599311309409725 25.562743557291444
15.160302978673919 13.167479616904931
15.551701932147681 27.57510749736694
31.453771526554508 14.054269056910979
15.18381659473247 30.966109185022038
1.3347803437518735 20.567367905206762
26.442259342594458 20.321266892883841
19.824037330600135 25.681694725884299
19.118965726055027 4.5980236343111596
12.319128490798008 8.7684918265270007
11.425826531219483 1.0943038985058933
16.037152895593668 20.481846577379958
2.0382577010129839 1.2828540491044871
27.473518994008504 9.5953926927880246
24.758418599374167 16.987889316946514
22.852893287848264 3.799307310190644
3.0238362661215459 1.6661414418838736
4.9304218305092951 27.18537325841692
24.032839171883886 4.3871392970840075
7.9297887259375175 16.078565545301547
21.332612719911651 6.4644776223564024
29.582146481799082 15.777030901923164
9.6943643554000438 21.380553858107032
22.126625941132762 15.037618166330471
21.124967136596094 2.1547800411859677
16.842484720514502 20.157888675154961
6.7514356709006664 27.850820516075153
29.328866199869111 28.544877775610757
18.170023609883192 6.0960120955925277
16.578828717063221 30.075895474515526
0.84847894876181673 4.0756695748600933
7.8048742134371043 11.969101274616676
10.307339306978962 5.295496398489016
3.6181151334143569 26.786012016664142
28.459152942983838 17.747080470507935
17.316094828263083 13.187039874616241
6.4457805743271681 28.841890497841909
2.0024201987365031 30.987967187375826
3.0384541740700808 29.26536924130928
11.404520079122095 5.7975254125553457
5.0745180310943923 30.389954884254294
3.7124308128191212 21.91766237705102
23.667985010779542 17.625082836805117
9.7075444619144768 10.757717502696629
0.37103939623214593 24.993955036693325
21.363712796320655 12.56670919414311
28.843933768452366 7.1729946046843844
19.873895355072676 27.053689658195744
29.410506015350627 18.081543650749982
30.99995606285777 2.6806277989552947
12.951642909697725 7.3618609572769564
3.6663083116662576 12.239503995185478
26.306022572355086 5.7267767030653651
2.1666699509766545 19.51185812718839
19.032752158775914 13.012804061822312
16.732854106684705 12.359649334416721
1.6394640275603383 2.119429269838295
1.8789680754874152 3.980582092596761
23.479452095002927 26.779516604369057
8.4553825705260035 8.5950342680743628
9.9780133992485389 4.1952000488117571
19.759162236572724 21.289139722186349
4.0575111574490714 16.858310400597329
10.304797311807956 8.8132362345325479
18.037165028351026 12.625353296621441
24.01060420507504 13.697974524187382
11.906697156157662 16.828468229720091
22.323387648146344 8.9461294312550468
23.209183980576924 25.810850255700103
5.0946194529539808 13.697151237545508
22.297969053618093 29.829713403122756
7.0195641301612524 10.995657008220141
20.125150699908229 6.5023556564915213
24.587349944358426 29.076588266305098
8.4546756189345516 6.3488984973447424
23.901619947429431 30.900953306496913
6.0125066189734344 29.954404349532034
28.824635540101937 5.6276407125493817
2.9078295193249843 8.7251716006738462
11.410780016727026 2.9938475171969303
13.926171725626475 30.156890403921022
30.871133217845287 4.2451514673640851
28.357637326166284 26.022411660512613
6.6779382088361361 1.2960881978981238
4.8242134719840406 9.5417737065829602
26.857009860563466 19.372157886320043
22.61347730495552 9.860725032960941
29.280005867048978 17.057869020326763
2.4537591955484821 27.301265011278261
18.240947141619646 24.532281697006837
0.0031332630268163888 25.857788395130449
18.473845134082683 31.475180031944461
19.277080496990141 3.0322895124300322
4.9752994364986254 19.436111047409565
28.714299977837221 9.5920437019869098
22.716659806631878 18.506670071140473
9.7488699745197795 31.356445056440091
23.77294136432306 1.2085725388328949
10.673292735045466 24.23884608359959
22.729368115874784 11.061924477458383
23.991842896445611 6.4491857265126944
18.413697961598373 8.5436440855954565
12.222237556071503 22.800441184367212
9.8120890183693703 25.916510271956465
15.202241007267911 7.8314856317760473
7.2813064134639749 4.5850571172425294
8.8843738424544707 30.551400172559855
22.638226007195005 17.564263707871291
13.998145893267552 20.515747720667594
19.099433113148287 26.396316550691271
1.2134244072429394 24.366543589243303
1.9034125269940161 12.171292012346228
5.931647124641362 27.513282256352415
4.5457257148340977 5.6491575993260223
26.850563235635832 8.8572106945169331
5.4476149927487993 21.564987447189576
17.201885233555824 22.713905230260391
6.338767240468254 3.1298377530098209
31.302643146140639 29.275226402707123
21.554848943421312 16.58423953152608
13.551207835118898 17.501047638882419
11.224696723013713 22.17637931314804
31.034609454952907 14.914567502830254
10.971630155639582 3.8914124722780676
28.100477914471103 8.8068360118088442
13.845016848286878 9.8901135934222673
25.848823320996271 13.115276844569507
19.198202841696705 30.973509938869014
2.9647148576401272 28.372642357044732
28.092640838200776 10.462079832150042
23.280402154885458 2.4368960330299574
19.932400208771003 5.1504597093511837
12.279079295940729 30.897475610485387
14.290980674611781 13.662214647782292
16.516205271070703 23.705920326319823
1.0085471176104641 11.816676634625784
18.113252614795215 29.000878567862081
17.352331335798752 7.9292896986020764
7.6435663817028781 14.098988571436511
2.2379505727150644 24.582609145399651
13.43144794587238 21.317036688960638
27.053250933669272 7.9778699680456295
25.917263658111843 18.388880841343106
16.80856853662802 24.806374090275359
14.9729008773405 29.963699384008436
21.266090276998096 0.99552950549563279
18.606445361406529 19.420730439370555
0.22898400301274818 12.30024030414094
31.152340785270383 1.6688932082617418
11.489041786452768 6.8650942507741517
14.870397425466463 24.609921044563379
4.6017220360455209 4.8151733117879028
3.7732206416975145 10.166369388358737
17.69775576834099 20.506503064504535
28.815083922362568 27.847126205224903
16.82655006919623 17.498993176979695
24.314744509063182 10.117971407569085
15.24380692183936 10.39822052745267
16.379589704837954 22.602375924318821
19.361950008383193 5.91643533707804
18.735747001258826 29.988482893537149
12.383753656957373 6.5291119679068839
6.6489832687246997 26.44475508425678
9.407208888571402 16.069650694052278
26.873070427030967 11.590702818071534
30.361924521687921 23.686035154978821
11.194956234623065 26.207901026597
22.335770363907546 12.992410798835012
0.57912578942543247 16.591755092002785
17.750982993427751 1.296532783095695
9.0056492222676638 17.781803256338055
20.516169878885318 10.856641151555323
17.771652252359647 28.085042734637643
26.030061961533928 14.305451051063198
23.728114273881665 3.4323924637169601
17.420055003757668 29.523265965598199
18.602539586446404 21.438125228587204
2.593373145961416 23.178071157442258
6.7522275367469105 21.899601448470086
16.597016948634845 2.8534517772563368
17.41036037639854 5.0946225562548912
9.3289365621495808 4.8983305719785184
14.335294424637471 22.443599891279295
24.593828193895067 0.49956877950964257
14.611531454089899 6.0696638299845525
2.2267931868836843 9.5225183892225669
26.756353651227375 21.385497487318588
20.342037832659081 16.035619426453227
24.51798960609381 21.814064738163953
3.4533309179489398 25.745313568888214
14.163835359044761 14.646563563991124
29.978621411313117 24.625870676791074
0.306582718704622 22.635093504222294
0.15905315811146017 7.2413222678121105
26.637043132595299 22.255659077365021
24.294051701022624 18.304455924416647
30.358547953328156 27.713616706875111
13.601317642907313 23.174619101134997
13.026872690156781 3.1517617802476265
12.676005878844544 17.925477991151556
5.0319165677029902 20.64351041053742
31.500230664809461 0.7910333626598256
26.939932965283599 14.013687340464928
4.548097583239608 28.01631523291676
18.587999446817186 3.8067678149763955
31.399131040103139 3.5581341859220084
7.040241679213799 19.067011314958396
13.872410657018746 1.1263760266690614
21.415021539073447 26.443268195892315
1.4329722651791037 5.0294858812291636
25.667172405052778 30.364529635251852
18.982837243857475 27.503917641149702
16.227813794212743 1.8721101269310565
28.488817794258591 2.5242198262635709
0.58869309318509977 8.5151094867623165
17.448942620061246 23.945850386674866
2.8446422166499272 3.478617607180964
1.7766563838630844 2.9959564609517728
11.965844419585849 0.2717802906021215
24.713957594231182 3.3783966498911102
9.8033959311133057 27.843158766475643
9.3955558369841707 26.886308109716911
13.182380527072896 4.2305421228602365
18.757213012652819 1.7887008263444186
8.7642028811075878 21.095308281747045
4.0858000494809676 14.141923439551968
2.1092723618778071 6.5067863764224292
11.006339572035349 10.294395640989482
3.5842474628379439 27.658995233266474
30.409395583565558 16.171833307593655
27.111797895518599 29.009894329426022
4.1869311858478682 21.117368794829883
9.9130588742256158 11.845137742554773
25.694425765969978 25.456026678561027
3.0304903073708873 19.656873001743993
30.024999181993827 9.9956982467969215
6.3782083059907997 21.090957497844673
16.443901694691789 10.686662419058708
2.3207866418047316 29.87034004551677
27.532236530688781 25.565655651478828
25.856920186264908 19.369904010097343
29.163667768705714 29.636523018280421
5.6264150608381307 25.53227902563393
15.054036606930083 16.319997699076289
0.91768212711741559 17.592533444906383
13.000850520984791 0.53031686352802343
12.618904794511536 24.486995502680248
0.65523588052124249 10.942538630804041
22.680928652699077 14.183505494833453
30.945891593129979 30.233119267239069
31.524357738370753 17.898374989135252
16.484773140371207 5.1474988024174619
22.326596187236529 27.149982463033133
21.848329704178397 10.508015908393523
12.782059647623448 16.771324239094334
30.393146329223669 8.0711967629592305
16.638518103434041 0.20160780275186352
3.9250068427552969 23.725664612501905
3.0248499727312552 24.11925209156205
12.371245377015569 11.719329476724528
28.44592070523629 26.927563099038885
4.1760314680205681 19.952269288889219
14.330755214117273 10.690393919204038
21.798950946182039 21.234273851212642
26.521288570499777 31.02285108304768
21.362900993658748 23.110393482545643
23.100155455576846 27.691382257585769
19.665315732634919 0.50041929465769375
8.4171256132331624 4.5568516148100811
18.371991340357127 15.470450694712357
10.278487066413685 20.650151697952602
22.119259862882998 19.176489083151921
6.5735943178088698 2.2565325715820062
15.321480649557326 22.521579749925859
5.9573743036580407 16.109664631894411
8.002425213584873 20.071597287499564
28.658773283361505 3.992892835287952
22.059232930829385 5.8229873995096177
31.315106430983814 31.594907351923773
18.294920188834638 13.764614517434701
21.595498920046197 28.695862861445864
6.7913817186331054 11.966543192459342
7.6060211747223994 17.162108047795716
21.007417397699101 30.615409194921028
25.485138976114271 22.062053017584741
21.968240910364237 2.1015534148994122
9.8074333337432815 19.798128416567657
15.966154145278326 19.332792073902013
13.104828826735469 19.582198741939724
17.042525152063774 14.11002752413763
20.118792229633218 14.152737958266956
18.421152149697914 5.2364523566152723
23.531775673086614 10.833004443671243
7.4226215113630394 20.80408750360618
12.173003603575145 4.5876471464293855
14.723141725472711 28.640137005844263
24.651920131243724 12.895201398706991
27.57148057225783 27.451701917577548
16.436760880599657 7.8276258050876937
0.053028279193951686 18.858886674868337
5.6003937885358104 1.5320450134835086
13.160327421042654 14.926087642507891
14.309594230848697 2.0598738834420125
20.287507280394728 29.698925718721206
26.816228135591135 1.7268930297993219
0.8320785623703435 1.4327494115384383
29.422298740303532 8.9821417786327853
24.27798394267263 24.551174868996544
25.197229132564065 17.782342682370729
14.540702914952414 17.390648180416896
19.632979222613084 20.355457891168449
24.815401832273331 30.073488400672037
18.566382299995013 18.38898343848934
9.2225549900268913 8.9333041673376954
29.062798342791876 13.034404086086536
6.8347470613238759 16.307329497262
29.144388803454834 0.95005065368563657
21.718458403575227 3.7301846962509706
0.58926002509644337 15.38031519882662
10.572143658177145 0.39067211577510202
15.728926228877429 26.529322580419738
11.613418503583294 24.093603338838317
7.8344565070802572 25.005424475144714
28.517351363513754 24.850562791238605
29.64585447123968 27.196347081863568
30.517143142017233 21.30762656861231
13.184893029646314 15.871340375443895
11.322241853315624 12.010226131454958
23.045828012472068 29.22566591910655
16.102965437271781 14.223857868202117
11.531801946913147 27.305410200494951
27.732645623327048 22.601199712404039
19.862325872522344 28.300173002086094
1.9525001132329449 28.186871659494201
18.411206211522746 16.726349163016874
24.808301016385119 31.18126728565607
28.130718062940058 15.386518879084733
3.7545742424662891 11.24603961198542
15.462877352851129 17.457477792752758
26.452708602213782 15.209222818022369
8.5447759564329289 16.77591369496929
15.680662541064638 2.9887243799416487
12.344370115338187 2.4123088731026772
18.736163228201342 10.814384740145297
21.702193513635741 25.322428691486081
12.187432045782764 13.672469589815787
2.0416902642364652 14.972965804702401
10.177490185024311 13.656672189126311
15.540366047308478 5.2762003512829079
19.446807626905589 17.049838637151421
1.2372090193960747 22.716878113338073
8.9173799255328898 11.252170791771297
25.329829815672937 2.6220033795871021
26.052227867668577 10.756962047889658
6.7066718122898115 9.1279834966968547
7.542393861953232 24.169695408766728
8.3781814290727308 1.1038586159623338
5.7317332149434064 31.145146340970935
4.3820151707782191 17.773476153752497
5.8736086202089082 11.773152985743723
2.1825720618674245 7.5662297390803976
20.763994250545263 13.415923780769846
31.013788833046309 13.060843919941668
21.384203318161436 31.596683726091896
30.157036789002866 29.671356495349855
13.848538836398191 24.188577790540606
31.002665156470819 19.36387363014245
17.447911797773152 21.50383278410602
28.112438629117278 18.776275749303629
5.1184776486652792 16.651202782422729
14.621349373668073 27.283541796749077
21.066146730585174 24.255037212239159
18.856164235749489 0.83399680019488132
26.764090182658496 6.4979303609368131
4.4877207585989325 26.358201063101404
10.275109657081602 15.216368989192748
2.6748408743191727 16.759692336579747
4.4100674011799459 2.353927455855064
30.445173523829038 9.1290159115868548
16.627469846926019 21.443540294118982
10.416078597036053 16.248022792729802
14.231039073704492 31.109045467058099
29.470885346148801 14.060072227360255
26.535300361322577 0.68396364703598145
3.4490761706594304 22.749396839792873
3.704583461555135 9.173646112259572
23.050041961671987 30.554624095879081
4.7097525610834348 1.0827627817058827
5.8021124514716718 10.889867188094945
12.466967793300675 1.3438022353321628
13.9808722591285 16.508651583789923
19.559731759531974 10.550510335177407
13.439382139793052 13.029126855981547
8.026064879276495 10.923364094413763
8.7463386967611516 12.241272260323811
7.5402494146612362 12.926152650537263
26.73837126304322 16.708182738572852
21.344977965678435 9.7169192640091389
4.6363188580666419 14.872980883252925
17.746298566455142 4.1770783008837613
1.5086780362651857 10.284102060994213
14.505320619822607 21.528903141509609
1.1673156885125271 6.6817795719570521
15.203866211050032 18.617013630951991
17.603693548897027 16.029797852692621
1.7337014100177786 29.053209163566404
7.5707845493891899 8.2983725207699184
4.8845325141114913 6.8915276218901731
7.9216562561686059 27.968074302337456
6.358761140708153 24.958176216443611
11.210888391567185 31.271386785496787
3.4765427624966021 15.072526440945271
8.029194301721386 29.918022143012795
19.996866047277241 30.692313604047186
20.66151053300046 27.583880967851513
18.374026946780649 2.644876760061214
12.108360379772297 14.614139911490437
1.4901109140591842 21.760664982731004
23.534318834556395 20.968095923136033
25.993127562498142 29.443568878938425
13.537652046550011 26.899231978141341
31.005199325367645 22.936222878827671
26.313744290180576 26.331173686163154
27.505303894719709 12.446248540797807
9.6341543703424186 17.065302168963509
29.581058585884893 20.877113688863364
15.640461028242639 28.469295168743216
26.072665615040403 4.9439389461692631
21.73086184481032 13.760720661543697
25.089813886987006 5.6940393336327917
4.7395052932882393 11.460464376883801
23.427752843223999 22.135575787395577
28.357328163552104 29.130392269580796
8.4793493922351448 29.151885230591898
17.54561130157715 3.1111913557415933
8.910372617097245 28.13275095090896
31.287630915450166 8.1489751856882648
15.649873646690176 29.552616930180271
0.29167124919620968 4.7950492016556181
11.580473961995889 12.979105246794408
23.55734465231161 23.687184351152908
8.3964233364841174 13.306041916925709
10.293449807681746 23.046184748256877
22.396489953650146 2.9197528199212011
5.8684229911514167 20.204559268140969
17.597419203602218 25.356626042207935
7.4070216116719081 15.30635381165321
20.217407137666008 2.7255072509798639
3.8020305845807316 2.8724414179908946
11.334951358621705 15.928208112378563
25.749766228212074 31.540491320467925
28.454323997011031 14.011389640174986
19.103583621632225 23.990333718063827
6.7027275949468441 23.114529066275139
25.198120850777691 14.952004809923434
21.37788290105194 4.8780013501336557
6.8026765134335916 0.28392382087001905
27.86084599586043 16.55377049813227
29.967902950107739 7.1755493143166422
18.135851781836532 22.287294281607622
5.7362708565601048 26.473759247785161
6.5035976942411828 8.1591036976342224
19.286544160717028 16.092777682306579
26.989681758998554 2.7880937565586303
19.814979923844295 24.660713882522355
3.4944979769970264 5.005282703975813
29.945989384945605 12.788895190967905
14.280761165460115 8.8115404495266745
7.4911045979241457 28.791012528507025
23.735926438372928 28.458965142375281
30.140948239481716 14.92727459047258
5.4926487563789284 28.451818254379351
20.565454342598759 20.042125140667704
30.367591595598881 13.807665021550227
20.831098678104404 21.025110597317198
22.704045020480116 21.250833873152203
24.335524845762546 14.650016990326268
3.2009142418194796 13.443969235430375
29.803605776420589 4.3214483077601678
7.5242314351901873 2.6455917347429576
1.3764033962295092 27.264378731015114
22.42211264722593 28.461309103619481
20.246301570449603 23.730302006439643
17.910046780994708 11.655919723159448
9.2477220771985831 2.4809896973263106
21.280556878779464 11.295198142350754
8.2991547592702819 10.026828255903087
15.70617062324229 11.347129680498069
12.363495011959902 5.4982590819303825
7.3554388535522852 27.060737607044675
25.699065380891795 8.9437229837799208
23.358071525297355 14.774494538141068
20.295478128586367 22.842399716196208
13.438788301920757 18.656456776153249
18.941901931774126 28.504240463069948
6.6021061820434932 24.010264268011142
5.8102681006424657 0.53299521476404554
16.241014572227503 15.475792827274532
19.183687396893237 14.195194136850734
4.4627679251831163 8.5809187458876597
18.072916740288679 27.214447277862259
10.351637464666348 2.2058431680527213
27.625519169319226 17.504859023995152
16.167690834353021 7.0023260938023455
27.126173823329136 15.79912632407294
8.7715207394917556 23.946887825651999
27.859537329268722 19.777483000283816
12.988450880970676 29.196749347167302
27.416768296555468 20.583489147107869
28.19675208323406 6.5152410693233112
12.713843272327152 23.574713150328357
21.407255408489657 29.742794806367257
9.3128095068554941 1.4813237403017869
27.343815938505752 0.52722119235249476
28.536056687284198 4.8153682481337787
21.65405948657596 20.19295217107846
20.430006506621918 9.8553358450937267
7.130140624850025 18.140607307654886
11.174766956657686 8.1067012101515132
4.08394614173426 28.826837710751036
12.320156456467073 21.818717716087548
0.40243849837813972 2.2704538141191364
29.722314526290901 19.786968322221668
24.323677872589275 11.344077041075446
22.897569085371572 1.5119755745193073
0.18244179725951709 30.738361802822521
16.881987997245648 16.559706565338466
10.83655539245207 25.322903514144119
19.853093099450295 13.003822635198986
19.158739317899009 9.5463082076747074
1.1860878489559219 19.412934909152874
24.129384530032404 25.540252042875526
20.445128954867329 17.835118618760351
1.6124338212790024 16.753659040201274
14.16406295725697 19.579700455284655
13.139975248747193 9.3833570703293727
4.2254416338571597 30.855929614513794
4.7722023672168694 22.162465686160917
12.046871914837036 20.937925179031392
15.195646721114228 14.300245727207932
14.537785474901693 25.449889087624271
14.059964255836116 29.209489931579895
4.5540391275525041 3.7327926637091071
17.374038157544085 6.8318193604207105
20.536221762517016 16.949996960987946
30.902250427621983 6.9043554009036914
28.270217229378058 31.602248103716732
30.237367916321901 10.986693541183888
18.915219197897247 11.919926230781698
8.1580425306386122 18.06308735250899
7.6933403077810025 9.4020962210686907
25.15089472280804 13.803390594487949
15.203225062353882 1.9859178825980686
5.3696429146892495 2.3909266244425313
8.3288507535598342 14.681635897139669
9.6542424670644369 14.650686771347939
27.613692047981736 5.7571746007507159
14.645779302561664 23.541335530858216
30.392595941739909 25.810864673186963
9.3296366231223988 5.8927526624346402
14.355338207949041 18.446435542104368
22.191344112506787 7.0887990155178162
3.8720764767609643 18.959873573691763
31.399741732886685 9.2585674660310033
27.428180357616377 7.1705004759355004
2.77338816424334 12.381445478720302
19.20805989587987 17.907051107520221
7.5612327061187399 30.732140616205747
15.093993220639922 20.773023215481619
26.248911453271866 9.7412037491818833
4.6110254989743931 24.455320921242432
20.788052246881307 5.6451268372285996
16.541111866494028 8.9407108650532852
28.216373329810885 7.973646462626812
17.500430694316439 8.9791125117667363
26.641015276398697 24.305779082298535
11.295351575692891 23.196489264520181
26.631678758825824 25.228508696485605
6.973232562545352 5.4189158020612398
10.269370881609703 1.228634743971736
20.597932732347665 21.96709955528706
12.249378855192319 18.85495332273765
8.3861537828920483 2.3586205417773738
22.883031853667379 5.9393243605642008
9.2152085284774721 9.9036564083231813
31.336133141053303 11.197105061483649
26.005417539931582 7.1281548085241742
5.4549911717530799 6.0691128094947624
25.19638511431468 12.117832056456439
22.651206348029309 16.598669109441829
30.23723166981997 0.39829990169084917
28.533390842463728 12.32559727218325
6.3736504878491802 4.0960048457142122
17.695137725855783 19.393497357232022
4.5884440302757739 15.816719479794395
31.506178577842853 20.65008180764185
29.646830132736532 22.966381007676421
20.787722804469105 25.175105944100224
5.9160423338292807 22.510552209133589
26.095907016714275 11.984489995240505
26.499264126038469 4.0773861365754183
21.504122869131653 15.740554975245463
1.2917422694701626 25.423172356996297
5.5427645955044706 4.5239850928549892
6.8225465625588253 19.953641820514225
6.7334019721871812 13.980788473360253
27.331562674599795 5.0002338899235736
27.732308165188972 1.8661745731449453
19.88759098821518 3.8345745039627923
25.702877081747662 21.177878271867975
24.865064164635374 26.014672969753139
14.666059526975607 11.59607004402902
9.238211119246154 0.46353386926318674
27.813151070273932 3.2221005056955954
22.379897558878902 26.103326239142209
1.4128588819678627 15.777593198438534
9.8299699163026322 7.9822267077250055
5.6725071825466049 12.856618983937867
20.646530343697908 28.777885058288096
8.9502934098766858 7.5737304344068024
21.514971742839887 27.603019691919048
6.9176482230840719 10.157115727198875
25.776112263755966 23.941066365938685
22.793612866504162 23.352717733604642
11.303196240760009 9.1072436827629897
29.829842696690857 5.109798841726418
27.169620933303136 18.521620156285994
15.967930011015591 9.7282694032044521
30.255476826156347 1.269437078521725
10.672547824708772 11.228508238326254
22.285781656283497 4.6883761212977317
5.4965612492557758 23.382052457393616
11.771484713462337 25.135532121832906
1.2170534713916625 9.186732347215381
29.281301979323011 21.778638172367941
23.985611244630743 5.5896664285314257
14.982554123078872 6.9378223705476492
17.983229691980824 14.627083629843076
16.579818684651151 28.952097475705315
8.9792318242453533 20.198081424599074
29.177832841598871 10.485043886294111
1.0704911894691569 18.482536801289299
20.592581043239619 26.312874837727485
3.3752695524048724 30.290182684652322
29.251518983427793 31.593870925477763
5.9046912083193268 19.1294321900764
25.205370952158162 11.025656098711167
15.577691876650903 0.2683758685684477
1.9392580275543956 11.075097059713574
8.1574998549301476 5.4175183461426251
29.53082410752091 30.608822909112334
11.369039036982068 2.0017931844494972
29.211365612030708 23.957639144938565
6.6531089737059821 30.857430869118613
3.9235128925370129 1.4371081015673639
0.96420705782111793 0.52407148588937513
0.80564985722464999 28.785786862113142
10.679498552629605 19.338319927062646
6.0397460655476127 18.2420092045143
9.2649383533686755 3.5418159976140275
16.126941061051461 30.838111239836032
11.133217413577832 18.622401510979923
0.42948529748292913 19.967542520442226
4.691749677382747 25.455845097763039
24.339541297353882 26.892673051096846
7.6940399574361784 0.27216312984506807
26.550913287262201 17.711800367888355
5.5823169569900255 15.236442225305137
24.413145167303572 27.859846309908129
25.352969524667269 22.942408452254877
20.487492232372642 8.2553285686681033
21.410891944707696 18.398004867510522
8.7832791574966969 25.859542442607115
30.865685096523624 12.048378115425093
19.934414695386327 9.0286730148484136
2.818214072262653 11.206651615665399
19.684436647550857 7.430262210079853
25.21304064834322 24.683766254063066
29.444137109891805 26.297921804912335
0.51212226646915671 13.287052235614619
4.2461289578766239 7.6097575969918587
20.525484562478201 12.153392698853889
26.71667029762737 13.002429616772584
12.081879867939094 28.170409673605381
18.861583275355763 6.8260316535542085
23.723151736060853 8.7112679846913359
17.55588981929116 18.275472060461695
15.834216750412518 24.622861211359492
28.935241133308605 11.424935290021519
4.7405262179334304 10.487622710243961
24.595005188722169 7.2200844866111176
2.9255037436738012 31.06799454876392
28.741082018360398 16.327690039538641
10.420933686214841 28.807534300298155
9.7582640171119941 23.855973410943552
3.048095134221803 0.57295655920560828
23.088378330931576 6.9780305607721926
29.501944666835215 6.2934919348149672
10.082513479646069 22.171732520445183
25.804570292004566 16.838669157978455
9.5267960025217686 29.998727158835727
1.5734822941558422 14.168926511022448
13.174284381558619 13.951445430603956
17.367496235936102 2.0344171099307418
8.8480581716985984 24.872122572480801
0.84153184326386188 5.7872222567366034
19.540015906438274 19.327553595492731
25.926298182802878 1.8907441863604399
7.0822868878075802 7.3339249278809149
24.755379097779041 15.948462843651065
2.5706406345023196 4.6152581608846139
6.9459894213667601 29.71527705829557
19.752756816511912 11.704508712519587
30.723591130746396 26.612307643807902
25.976827931286984 7.9849594649144704
28.448745252157348 23.557529223757196
23.266575190763835 13.283625457911223
4.5790917735114904 23.075395977981287
23.240132112542511 24.707493378766721
23.079603516141351 12.137608199077043
20.450105388065303 15.164111099748798
27.82697612798588 21.682456351490828
5.5333458211836746 17.418751802008643
8.3807439521129812 3.5768584300683863
5.32432510716382 3.3802528152861289
25.346637396344025 20.305711988120493
25.512226573035893 26.824990403924982
17.939309806526346 30.456490578978769
15.705489694832778 21.647171366372884
15.072865761691347 19.741441191631925
8.9830138553997152 19.007520707454258
19.351087562498542 22.172223811334835
14.896152645138331 9.4159941951422361
17.928634513055858 17.361293155294682
29.308838758170541 25.327195998359862
10.660813615142187 29.713464116005841
0.96375382130400922 31.258165831962202
25.533002289828811 0.93549952574354645
31.421054892234913 21.788040656269633
12.172750578849515 15.618054754412787
10.425054578994542 26.72832409580089
11.153268045603635 4.7877234568410296
12.961618213556278 30.242200030584115
8.7742317150936557 22.195935728351646
12.580333390647976 25.6824302882276
0.72281967564758443 14.472571292907064
21.058993104195501 3.2233721041550707
23.830235113220724 29.782385961784794
30.437307083303441 5.9431821321409837
4.2317049195553977 29.684661192594042
2.0625353769938739 17.67467530756058
16.145547132029119 18.109577875933439
12.073153637128994 29.489545471364472
14.37439989504607 0.43524978263197461
1.4590812155007764 26.271051774316668
7.6105996408646313 1.5078239557089619
28.991865356979204 19.015937876818125
6.4206262868567769 6.4744541613786444
0.49233954201245811 23.67617215505874
15.361676242545386 15.275255979865337
19.403759461743583 29.465531615394685
5.4920670851105777 24.298778346677839
21.64188889159249 17.54537302452831
5.6833983677894873 8.9821034187617421
9.7907656629361828 18.607904984574358
8.1031757707309104 7.3129057771078516
3.8111028469766204 0.18782584367948951
0.66686619102043732 21.379925881236513
15.949009000188461 16.54884069396654
31.325667202441473 24.063624188503407
7.421559692969824 6.3138747366968175
20.793939406518582 7.3030601357615339
22.185757265365556 0.91621373958372343
16.854705573923251 28.093323607653833
13.25992990858852 1.9574081665730889
30.273224146939032 28.700505983995345
22.580438345053153 20.089042302771393
17.683988809789028 0.39105584005758065
1.3428912596812901 13.044481127725454
16.76437289270757 3.9666327197936395
28.454289657287394 21.068252689851867
19.696864904542426 1.8696176164036393
24.628616907603575 8.9376750373800622
23.914927429684319 12.238935521589077
29.805532128852917 11.830351276413316
7.8922402529178344 21.609450281542216
10.493869500632837 6.2677729613852033
2.4216012255061221 25.454453975774037
19.151824175912449 23.05304247614648
20.968587235922985 19.244421016914487
30.400145968023754 31.049781659831062
17.261603695063123 30.993915653978217
7.5729797926024194 22.554517546006846
9.8643543139290131 24.959120908054295
27.821769983305217 29.968599191870403
11.128574347144509 14.815650366724944
10.993405063237386 13.89993302706716
26.483412410646594 28.320209004135755
15.02780274315 4.3275402829745255
9.1174131508733964 13.881068305322946
2.1469401701097235 20.630465191917285
18.300927697286046 9.6696630481179504
18.199476003805106 26.111686509134508
14.421048399617467 5.214765262954173
19.331089792441684 15.117724803934443
11.036042802576624 21.353109995805536
0.48770010459123753 9.9300842611592142
27.027594501794859 10.512857809988324
2.210578888292952 18.53292824882281
15.821182281646223 6.178187869839749
15.937868650174339 4.1075028384797028
11.222385062529289 20.24288372340764
31.620494092978742 6.1425561404049773
2.0383750068461124 0.37026957692379825
16.94910605427868 11.511910234348537
24.202257036998756 2.3550562720123125
11.96731385722269 9.806873213857223
16.528026979035886 27.220484619906401
8.4968073940778517 27.082946443448197
11.797373428446067 10.983799301608224
24.911100398743812 19.03038016577738
3.2078945897825522 5.8662055822599362
13.113005607800037 28.310093653390179
22.403360136371962 24.731465612291416
14.148171905358234 7.8597382636244024
20.057677907028502 18.658340069983879
15.717247373201472 25.595800321397689
1.7276434766295543 23.517045609741348
0.45746619641230113 26.592323038082789
20.396429187926078 1.3251405107763214
8.4658162699136454 31.387811126758525
13.919467395820451 2.9930516368988243
10.265796336352723 9.7850598903517163
20.411195540913376 0.073095487430938008
5.8693839364262397 7.2730170488823767
28.746736084335069 22.518389925618113
31.336607630360131 15.829975329020568
2.3457696400644816 22.201510644445484
0.55450950497920726 29.761840118327562
27.223543340578615 26.529691176195275
21.696031144688224 7.8363172302020994
9.4594023526530311 29.052631487951729
13.248364983493827 22.229201544378796
9.4890064706238721 12.808279401459592
13.495849983571205 25.011267083688104
30.574766001262478 18.011118914005806
15.580785283518988 8.6038283003027693
18.144617601359631 23.294070207214126
11.505786655713491 30.221364523485402
10.373866102748348 30.662221503069869
31.083435876389661 10.265860839186322
13.549991690478604 26.02932599384625
23.538903342166829 0.25379884171399147
5.7589169651023058 14.209673191849841
1.9079851170311686 8.4121087561977053
23.863517413883049 15.704044071982635
9.1162711514346224 22.902382187847369
27.478541027301898 4.0936356082099001
23.458546214014099 19.870922450584374
24.918751567164399 8.0195477629854253
25.751756583004049 15.873524326503203
17.118565658029119 9.9714023751696566
4.8338579263004666 0.082880973243334488
25.314565526081964 6.5066518595626803
1.3723663314631287 30.185466932314039
3.2680432364009806 17.486793343354623
5.3398589908775786 8.0516386285930288
27.391937885949478 23.507592364424358
16.528652031293664 1.0863668486415083
10.557233347067388 12.658105170551382
2.8762957961852056 14.412101698508776
6.5494999019452305 17.231051588578296
2.1822239798075054 5.6027322791670802
30.143711846133463 18.84198900780239
18.225102984932228 7.4758314041225473
31.381778207248072 27.320666019979416
28.198315883972981 1.1011454458735197
8.0667877033558639 19.117932524674384
28.954228437036598 14.978559655110024
10.886931948803705 17.119744820316576
0.73794539818061544 3.1190014110026363
25.15721815955585 9.9054473990064533
17.779331761807271 10.61754212029444
22.824846699249886 15.775222715215083
28.762458035915035 20.115079749921172
31.070099922930424 5.2306218149528263
24.110899969652184 22.725054580954925
24.461715588694396 20.897043746696667
19.225019563965549 8.2150007003871917
27.824606062015821 28.332826731077297
13.26563420704657 31.316930243876737
18.648317551951916 20.488291925158492
7.4051151233088994 3.6115487353036881
21.276900005317867 8.7828393438436834
15.220941395312931 1.0599565271123985
1.0807196482997379 7.6472466415798479
14.402748577520482 12.501317073067376
4.8671894280604722 18.423022068978423
25.425463902220798 3.9808108336346448
13.257263811798611 8.3428320277087931
22.099119555645647 11.878514928779037
8.0093992514366725 23.311758875955075
30.307976323675973 22.230423092147838
16.98032347278437 6.0996675272831355
7.9403961964466365 26.188372399183141
24.761984737425969 1.6128494926110741
16.151063578083914 13.216320074317357
30.585102365362033 20.266823158925906
17.015537284174112 15.151950898655988
24.891184478689656 4.7841372359383039
10.256283487146169 3.084346280156558
12.597907615047147 12.59888574860695
3.6415978520403156 24.926627016499182
31.320294650766236 28.350453824924731
27.415412656739864 31.047207054957759
13.554117569084619 11.907955634539015
22.55017711003077 22.431024536758397
23.530259645216461 18.930056996349684
27.549074095210297 14.663693715859646
25.389348873272347 27.737295935615862
4.1730667704366899 13.122234480141307
13.982775550252651 27.941464370941212
10.743864278147189 27.770836806996044
24.426108432222801 19.82216091391836
26.44539731288139 23.106295827361556
27.863455507463694 13.375291568330359
2.8469988440748746 10.138846252869001
30.041784558630216 2.3067020794021595
3.3444105288865855 7.889265808766817
22.084735732001988 30.915489096297613
22.670967534707817 0.083523725655035394
12.07592185176617 7.7829286824727291
12.698303895509042 10.405071305917334
30.243590311527818 17.103370618924018
2.2655802479358766 13.420797818662603
23.76691009846358 16.729962028988762
27.866080030861152 11.393779675425748
29.198756496218788 1.9170285037294541
21.963629718522412 23.833757594438264
3.5596185595801737 16.005982434635634
6.594181194485512 15.036809342282314
13.410558705075145 5.1849153323267485
3.0515226887916866 6.9732550600393166
2.5440254802842728 26.42961211488818
26.190460279844153 3.135381678985981
10.318775802234468 17.863320764764232
25.431942981086522 28.724443687179459
2.7547385096444481 21.401924606355056
20.61493423294154 4.2881308405505063
31.339594732054675 16.925490460267472
13.372244033646894 6.1105914361407416
26.84094467176212 29.989483371734071
16.683779735047686 25.890930565160271
30.900118732171336 24.975063354012338
28.509024939517253 30.589610117745874
4.8310378325381924 12.373857389322319
15.648405138150599 12.23335326217156
17.265944768812513 26.661972732530568
12.143455925538714 3.6516045818781993
21.629251084547185 22.239317270374276
27.708971458699494 24.476862757795413
29.199079427549638 3.2360241188776935
18.860983008192679 25.242436727121859
22.746225379209132 8.2086341922163744
11.927763128682363 19.678436375738258
30.136004420796731 3.341477392576568
13.327351310473249 11.049070781977148
6.0055333152886483 5.3205381467515807
14.688956262755537 26.338331438440434
12.180812729508347 26.479147239335386
13.858083097494614 6.9019931153499963
9.5908672230674448 6.8051873025690499
11.669761867380112 17.841499637664956
5.8706658326172336 9.9931399065782518
16.809461158134294 18.955247017356868
14.325817101508234 15.547161557264841
