13.406072848252684 31.474046879391381
26.206256486343062 6.3090808814362633
7.56550093811276 30.544253599046208
2.938926827093177 30.651670545324532
28.874921914464746 11.777503865659209
21.766571760064522 16.713152894262929
27.32345036796093 7.8517897195875657
15.125867896145955 14.379267582505626
0.54433425082176168 26.594439147876447
30.199166238465697 6.1944681681050788
10.455623417906919 16.542218064138797
6.458233979587936 10.32619933423144
9.3894625418429261 19.405325135709692
19.894361312148572 25.0151652113315
5.8377121611437461 1.1964229751175042
29.130529845333189 9.2135868243506582
14.304395984646829 8.2393037644881115
9.2825645131275891 29.889245995277076
17.533918177629246 0.39373030910008655
5.3007721914022188 0.33187130643050594
19.874175196438934 30.443353650880017
0.18068296381998225 1.6807388595969921
30.390446982175618 31.515799504566903
31.236414158224406 25.984528537965815
27.756067047737567 17.601088197127318
19.06084532259565 7.8789565050315886
23.505492814325756 12.160511261455008
27.854723699407391 19.550834611007645
12.829306220260779 9.1556395576780396
12.499569463238467 10.617903111631541
1.3579881465802139 22.466736967084724
15.865831198723892 24.594899124779047
19.69538602068998 20.69731973539902
7.0137275328268123 21.137614711712821
21.882354343637807 6.1217340147880659
20.703418724965825 20.423908958758307
18.866608301134409 14.428131028701998
26.929532137157072 4.0059238982269454
0.87929167219591464 4.9080617243004898
18.221482469198765 29.382306283727342
5.8065143455806671 23.029641964841289
29.252167410906683 30.776723244840028
23.326981037192525 9.5750720388415616
28.971660882201594 10.146666558189068
0.82523840180951358 9.5619494007215575
18.483874051716782 8.5951401433679511
10.036907717440549 15.28767334488556
23.876216264546741 20.252888019253302
11.028267885995898 21.59184649951743
22.303268906104861 28.73423669836518
27.455186305561 16.48821379745705
6.2437247906980406 28.699142333245671
13.986781812067891 4.5695315033100021
25.947607608041338 20.907739175519595
3.4964334726341044 11.422725016399829
19.291343993082567 9.2126477311070332
29.256594264535707 23.801220954928375
25.248863016765927 10.159011060083348
10.510718502362391 22.390352658345886
17.495034756947838 2.1694993720461158
16.342799749092269 12.518314954425852
6.6647913054520211 25.760144586944307
27.021367900491686 29.937723053928522
4.9094125163153741 26.405170553820312
17.67159255555018 27.14553994403953
5.3319442243647792 28.003666303859831
23.514893334375415 28.645047285269438
3.3649562230436256 5.7842976915208348
12.409854004609912 15.257467915191171
21.298622256682847 25.973984383379989
3.362570003004695 4.5884041389046333
0.020242630948874945 0.84471735659863445
14.84913349809268 18.03510366938886
29.66359830035827 12.483546106081898
9.5246893877743783 10.38247187205361
0.32196579268623016 13.1277421736244
4.2863344802937124 22.179010113611941
7.5095980916142802 6.8169784054214979
22.164854472182341 5.0437862042543182
4.0666065575418235 6.5117573304404743
18.885132054266467 6.9298317761632751
3.9233567284944053 26.940347565122401
11.048468891756174 10.027865420964275
26.272050119337663 25.242401922219727
21.638460648427753 3.0217233971797492
22.23179139952914 0.51211838200164694
26.321959449807036 30.845318486688996
10.600377984900339 25.123545448898007
25.488310103154486 12.293955163195532
1.9188777293270587 23.397279149560472
1.738398376292656 9.3650155050680244
23.043977929669808 10.797624485192038
13.278653913903899 3.2977481286191872
8.6267286110744905 3.5688255886811509
24.425389521605226 9.7129598512898969
20.090969988061723 25.892041775355494
1.9349705244036375 20.565270834513584
6.0298258267209954 11.157968226236365
27.987962397652893 27.20633140117155
5.746944871854291 6.0163292601295346
24.028832394329822 27.995063984295996
26.887932039701433 13.520524710224985
19.951047502223243 14.81931814719068
23.729742557207139 22.256733499264378
23.646150347077967 0.87125262331544839
15.012657017920173 0.0033828274721334197
20.789508465692514 26.77999566050249
27.257851149843273 6.256498368859603
16.35727047874834 18.94594696963933
5.9595644454627648 4.0331135446400195
20.34698865708415 3.1678272845709454
4.4250275160336345 11.179973493240727
21.593636482850734 9.6070873239160335
22.855955089374071 1.3612829390123533
2.4795230976607745 12.605048047812577
18.21315191642287 10.899896541915808
11.997729227107749 31.345685392725681
16.457656947095344 21.099153466837219
20.001930636430199 7.5226916442413403
24.342470817058651 7.1759110276075564
18.401502460550493 28.36911491970918
2.5639122516877726 9.673164708575916
9.0581424855435202 23.97197167078204
8.0778092515397368 24.091852581650009
9.3288766032327342 13.294585413948376
21.039871344234076 25.123011233314603
30.218171620190866 23.198610188920306
24.049502290628883 0.0044740900120406107
16.795711531335698 31.448347267917047
22.918790546109129 31.590679234631498
17.030146414499153 16.339136980295088
20.988073931491833 6.0993793103855589
19.124792398224741 10.297721144926623
11.118179390322386 24.283168863994124
11.463599472542876 16.124487231697454
3.6574348257206468 8.3281785127777841
14.990603699677113 30.443454956876288
8.9992248146910487 12.060867139198251
6.0831305802583548 29.604284100949126
28.600875447198391 2.8633208838959101
13.67493676991173 16.064921236978904
23.485914331347431 16.826096129577476
18.579378334953955 26.993423064662874
5.9256267401656251 21.253548791100034
14.845255070479258 9.4143338741657185
20.681285125757029 18.677792719792478
4.7270222771838224 4.0724129876327151
2.3248520511944126 1.4716521433703014
12.56241113114339 16.162804319726838
22.072370467736665 1.8720939510495178
17.428006022967971 14.550588625363142
8.104013215357794 18.979576838767613
22.896239725153666 4.1784768388846425
20.690621154928884 9.3423711447601026
1.9012443924877542 24.852209682826796
21.236882689622327 4.9407443209747788
8.479909849749335 13.937416367728956
22.66346429933661 8.0719765981286908
2.5235389616112505 23.990302940245904
28.812780757834947 27.488929624932169
23.798470222980118 13.154678975354555
24.291813639244385 17.167531131566133
8.8409904783706104 22.851007839236765
15.811922499263902 3.6020220426179481
26.978268096517859 24.453479543706312
25.074725364084099 11.087995199178314
20.075937768786279 15.951749314076032
20.855703620787761 11.918463507451705
10.300903534306762 27.687551786498904
15.20291468796438 0.92009350329883566
15.145310035255097 17.067675538121161
17.045561486674572 17.896761304611939
12.011433789748835 9.7631482905502605
6.3103546141559193 20.246200539146503
17.547878961268736 28.113037798330165
28.311236993149187 18.796538956898665
25.220037970249258 26.338457161424451
11.56297293821097 22.67296381673356
14.852522635792839 24.307186128996765
6.8009112567871863 0.76115247174423006
28.192109126801608 28.577846107968252
10.750065022833873 31.499863575637477
6.416494959797939 14.237633754744431
25.68671952079389 13.355563751548706
5.2165629359322541 4.9075394866522428
15.330962736836463 4.7982345862969966
12.872373978671789 1.3359377036460613
25.150214385731669 3.3594843920135018
17.873619095865941 3.2784471501631094
25.048612358184176 25.337921051771009
22.383719578748124 14.582485125456815
29.922000975512621 15.210208656876583
24.991577851195981 27.325175918159097
31.275805674450101 17.158903414649078
14.714613277670596 21.631419431843803
20.464461483055153 17.744565528736484
0.26535520574393912 22.599578637768047
0.051194745580395336 10.504497279872156
4.6754198446656581 14.408223326227512
8.6107144936006073 26.844391335021879
17.317684452992804 23.504498614068481
26.820607753398512 29.003824248151126
5.0602559614502445 16.861369466267334
16.420796089674621 23.477089910381032
20.209310851900558 31.524026217468165
24.198654845885009 19.253071867707742
18.615443810462395 25.803555886451722
27.319537535706964 18.452390474792328
20.277613403778382 0.84277365187042674
22.654339708310925 12.95107003846886
13.064273437238931 4.2169123269815634
28.667593498289296 29.903652841136818
0.69700555923412122 5.7994261373471723
14.476239562675861 22.971580391042586
13.125174228442706 23.254663853666312
8.5656411758416908 30.79389152751768
10.693733667964299 4.7779848870784907
12.393516834265649 2.4303349014915048
25.323758910618825 23.601524286016687
3.1679651145037337 15.692570003707136
19.296955850891258 12.862453428666793
14.934984175808131 5.6070354688867505
1.1323712976652953 21.578665521927004
4.8365381746402365 23.972686704562424
10.683849605222989 8.719828254874896
26.307315573342301 28.117561768828843
29.341828678768241 16.959028255781984
9.0631675984407494 0.51308519060102598
18.808866480051748 1.5753392278710481
24.21967561972982 4.1924839404996046
30.803600605349629 6.9971124112074374
25.499317664586638 16.298926693387994
20.088546374229757 27.33005073282521
1.5458390686435635 13.650923490744901
6.0980030620080958 15.936892196395162
10.793720756511613 23.45615436160185
11.683578239621349 20.844251200862104
10.97796475557471 18.166495702773812
12.709264117741252 29.519522717029332
11.087356912431462 15.393391223009836
26.637598882217599 22.614840960059215
5.1224447294987066 9.6288542147523923
19.371584449725475 28.756824926327553
9.6086193469093022 17.216613771256462
16.548426030427066 26.349885012198452
29.995145038343757 3.0197266890395151
30.552556692787075 10.5104991478053
4.3772827530727358 12.415178184021888
9.2791183707349898 21.936017760541393
8.9248551273040917 2.3410462558925276
25.980827417122381 17.756106016002466
30.039744655288903 5.1999773083273073
2.7572914699080919 28.685443842213967
14.458919843070387 10.485567975082903
27.859283218035714 0.78310857055282024
13.935007339430626 5.4922907746216953
31.57156621331853 23.775219966646905
30.255543813377567 16.067060891828572
6.5442084997185157 6.4009418412916119
21.010008341566301 24.261907095222483
13.522923502872413 15.203651487456366
26.228808389652261 0.12626281181387869
0.14223343047191819 21.582338637096882
25.20708663210722 2.2678346028973735
10.694000156112567 1.2944766188194432
6.5052541019662389 13.021393120239683
25.582453955494799 22.601782282857098
15.170685097734054 27.22621490423219
5.6109914598618706 26.935759195719299
3.584110567431146 1.2800498195740093
22.978719207219562 30.592920695054165
26.061406503266191 2.2943816399422543
27.309415837988411 5.3980847989372593
21.103894956227652 31.07854208643446
15.960400795008139 8.9484019967361927
8.2689392478001196 29.738230820029766
28.16352379073653 20.495362267740045
6.0280348268806554 19.14127063957201
7.0730078724453929 23.864844467536443
9.5828130277608246 20.308788988709885
16.848848315549013 13.793428972862246
26.915037860464601 2.7322197670123396
22.954265831854869 21.529454596228984
29.430703743954627 2.4248444068111383
15.344527790186641 19.244654793867948
11.848887620083858 4.2802791652709997
31.373863905691319 19.607654563181097
9.9304164788291658 1.5372051055843914
1.749721035627043 16.72502454713813
15.881982628493001 31.231550788573298
0.40598088055788784 3.4510217405788208
12.114652069532269 21.809360433467464
16.93232911853255 3.798310633877398
8.019540016271808 2.8241740950093859
27.424335183669818 30.846413982031152
21.998815403181407 30.89846338760503
13.306242678936737 27.65777984974542
2.4272945136576363 11.634108423272302
3.1900714793299128 23.000737568808685
17.453559595874587 10.532275060855165
5.0930978272015288 17.780446954205033
2.2552299570152758 26.479452708377892
9.9552854961435067 17.985002325518856
1.2935819601417748 12.786416546315015
31.203652661078085 16.118522685814124
14.515835536454716 19.214699736737817
20.903420032095138 2.3956214423091051
0.22353166855267445 24.777168128772288
0.74468242721918398 31.34685949797078
1.3167603660730924 15.722725799144763
23.442732830678199 2.1849847831791354
18.207902004268284 15.187144759082777
12.820270216845019 11.518809966399962
16.348187194714743 7.5375576653386327
24.812952071941677 29.990386646317873
5.8532016681765997 23.950798463498082
20.356310729272742 5.3105946666334525
6.0640860367497105 16.888590511182695
19.264762927775685 19.875567306535565
25.180069164958006 0.15174213532963771
24.2232994227465 11.480994524853291
21.058249442459122 10.548056977145711
5.9632081640587877 7.3646533815007826
21.747494332975048 11.166308347220811
20.962169210752105 3.9584650989205299
3.7615909626542074 19.215139982014328
19.971216446445872 6.5573588258151654
0.47541879550441352 15.249483662169666
6.8123162565807363 3.7036095754421261
13.19530422997587 17.041096548268836
12.09196154725689 23.318906592814372
18.118451986998288 13.786641210781395
8.2785527117672917 5.8078436306033945
16.330523624076466 22.400982113845398
30.866617219730031 25.110653496989787
22.303863811280955 10.284008676761347
24.613719700041344 1.0657013030251665
13.161336203316823 14.274622505501112
17.319304523658754 25.356417581454888
22.10530360267007 23.82662810522698
14.085014183305136 17.166238622858586
7.5526988761614877 17.980217897829981
17.160883473964198 12.933261072172989
25.781469813923898 29.11572084242923
20.24518021895549 29.21477156613371
23.330781353294352 3.3231454290020714
24.285163709155153 2.0272251654428901
18.448232064883499 0.19553535105375475
3.3877328837198566 26.039407350089121
28.985268449349963 20.280661621305601
5.5117442009333244 14.867404458624375
10.777618569801614 12.05211661423674
13.33859692593172 2.2353488745463719
12.79254481568576 5.0901644036068232
10.759403825726951 26.582078185767216
5.1600706894121497 6.9590711461227555
4.0776048443533375 30.4415393968229
19.25080726986636 4.8233658268639079
10.449873413699153 3.9063840879564897
4.9423095121915805 21.249778497719806
14.157629755118556 14.268546329353754
1.6903253764002391 5.8815016254845709
12.148294097768863 12.735082536242905
18.791085238778706 22.407338314734393
2.6554308383965157 4.0034376660751105
31.04016805972639 2.533776378924498
27.747800161777125 15.456179635686796
10.921816550218939 5.8801732126144701
15.633443778396755 20.243425039599583
21.465863823818218 21.305912319535533
30.459519227695218 8.0275921951862621
7.1083772954785722 16.337766743498644
27.998471373466042 9.1036218882083979
18.279227391403769 12.963322374421731
1.4809057373647612 11.882628378972813
10.017760007184666 0.35065214903653952
22.203786089226561 26.602684108994833
14.057961401313896 24.961967153642053
3.774399639606016 29.576642720663827
0.69271212816181904 11.38242524757819
26.366822797621328 16.405757264880066
4.9807328472680998 29.876278466458601
28.667133345368843 17.694688103498084
28.341913841323823 16.531140939425441
28.262165343770764 23.821808810906425
13.789118256496359 13.109704499401513
23.582785358207257 25.117406936548974
13.332225904246769 10.021848327938427
29.258413068295287 6.2931117114479109
15.622272743799382 9.9622034755340678
2.4821079763021343 5.3263157464272251
20.259181619393971 11.106228781242661
27.89680843074489 29.542925487944132
4.2160547615948483 16.321562887838191
24.235912105896528 26.004895229149412
9.6280966778979096 25.126426654554443
19.896424126874379 12.266897983969274
24.643704838683046 29.015771465652481
20.374268591519915 28.209389334016855
29.183673592248159 19.293292990269617
2.6074763804337908 14.610059613726403
9.9280773554062609 24.125217858264275
29.546418693454104 8.4695083633688633
19.413489900328308 26.429811505985615
18.523665391785286 23.824660719137533
5.1925434600095421 8.2806741985326902
30.143548164328926 22.012604334743418
5.0767941970901749 19.088301819336383
26.452931639504559 18.692917430319625
0.42557797847699502 6.7374198777967713
2.8223770079409292 8.6498988872391482
5.2432915718268331 10.517119708482079
26.993177640771751 8.7495426502961386
25.98317647623395 11.435880666197917
31.427056060848813 9.6218962383509581
10.105096349375355 6.448413916785487
12.494998476520861 19.021544299950687
22.747940808726149 11.736005227092093
8.2236783668100735 11.586521732265755
23.233140744888782 19.133894906552616
28.325935998762645 21.569889171016914
7.1670852067664912 8.5493791144209403
14.013912426956031 23.783397436920964
8.378233209828517 27.81058831307951
19.235470019720967 15.517213104619584
16.010566104558684 30.22289317376497
9.634363385599622 8.840250008420492
30.420437009536919 29.492531218409372
22.59558725674226 16.888855414831436
26.646197108501028 7.1879776940586808
21.328611073321316 0.45414844834492185
24.034447008749741 26.985289500123898
0.8134135244449221 14.314590985067129
3.9810282146426688 17.381280881736338
1.7507960099887112 14.75951382874144
13.792119405419301 21.200765527066309
9.1731661309448871 4.7966666276858101
23.488474126195431 7.9734191777391441
7.2134180291969674 31.503776072117464
29.515453061303774 3.9363670722498338
7.979640699555822 10.030847639053597
18.904884091872596 16.551923986425049
31.055932197863797 30.562373636769046
2.3101819503466481 15.820648046816075
9.4373926839521953 7.2420468509998157
16.79932894077076 28.60000120850399
27.917639169861101 7.0788821767870678
1.6334276052943406 19.116522199889058
26.299017454230196 10.507414619444454
24.002908795880817 21.321919340854222
5.6949455527594761 25.677899723864346
26.313543279888087 23.59073078837384
3.3095026292556384 18.005452360902879
2.2287285222719797 27.792375969474591
7.3562464699986538 28.663117341337184
31.442184688622309 31.463550290845465
26.167062141170295 26.158052196495923
9.9339613415650945 21.392069307856392
0.89438945686426663 17.271826317867255
30.164812872229675 28.375373502703866
11.968825970748153 14.55489811751211
7.1634763229357281 29.564225354810269
24.892950551812017 15.07788381350133
9.9026763766171175 5.3085207316842506
1.0479753903769424 7.4807225051545663
27.41997094562646 28.171911584020798
6.6801359251473533 17.565771742247343
2.0246813033143551 10.696851196977299
3.2139391146128604 16.695182031408425
0.34263588086250879 28.512107673402788
21.634696675958423 27.346121947894844
21.996116860083276 15.552226234891007
7.6274647311484687 22.112177922288108
18.447729579986902 19.297568382571782
19.168094821778539 27.720595882141968
4.1650879117809856 24.774236638063464
14.432935709906303 2.3005133339061405
21.620821655109637 18.903343338317491
11.550971442779057 8.8951978982537305
28.687620571902428 3.9139780332977097
13.051515674440687 18.062582249975446
10.861213521871889 7.1112350442642605
30.545430891459954 1.8345999296994147
12.385389030316102 8.2431082973961942
12.306334922375214 7.162397287788445
19.235315320754339 0.8219734260643603
8.8232830701047682 14.999198489388377
3.3396486955303715 31.38258066436892
0.056920371008861853 4.4455290103578768
7.9939138648732637 23.058283406692521
28.649820017800533 0.25010775457664652
31.021803993081367 22.734361949639219
20.735868522964022 30.136324162757678
25.824755016475354 15.22285182769031
23.081940699329689 13.813403671638918
8.9469423503791159 8.1056307054141783
12.062942814062886 24.314886407552159
29.170156646288003 21.608284964022783
19.268658289201674 31.292702677137509
17.018364597498572 6.8736796855304512
29.117366152281981 15.931318390051393
24.487104533382166 24.618176107479471
4.1419575351727511 15.296078313308898
27.369664186701097 23.573166904791538
29.043412118239374 25.287841374451915
6.6597480812261578 1.7649360461298658
3.6164679415435192 9.5074417055983993
25.11835207795292 30.918747547745522
10.001072779750343 26.135982347479924
24.328905356055202 23.72035544588163
0.52511862746717175 16.414936540065845
4.7477676600275167 5.8898287025758549
11.804242417893956 11.903260911903214
2.2253009175145317 21.500535660478452
19.615812119437543 24.226874635722726
11.016337519092598 17.233436758665665
30.040598645111633 19.551545960372383
27.569609753783102 22.467911181082286
23.217747214079189 26.039608774450272
19.977800566593192 8.5971870097800931
19.717405966169402 17.001795412174594
23.860149106721128 5.847728970245849
10.559428210866797 29.583878828589715
29.659633586706452 1.3431929181620392
24.451911074802073 22.732100010484224
22.173095142789442 24.735350314127739
29.183240076501331 5.0695887456658779
4.4985229906410247 8.9270719809132846
31.520775617712886 7.6427610581115379
10.478790542322269 2.5294720521027347
16.0173286888927 27.845590596990242
18.384867527784984 6.1133750483246265
16.990078054333789 15.435457983343859
24.581850652145953 16.077536067655778
30.763410185803959 12.454338757987122
14.721346231166777 16.215693815978828
7.5781160018500531 26.723123304678172
11.71926525683806 6.3742074532163437
24.749054836251226 8.058552743093566
14.801567510470454 6.5163640175002477
13.39982559315002 19.275682187686598
16.717830996319474 8.3921416539636056
28.861325972432759 7.4994550223901255
9.5576221644157879 27.040364337764238
31.171813672080201 15.097797524006058
16.265591383017888 17.33174434109144
2.8038675358138518 29.638495961233264
15.071766125095877 25.399186156948282
26.116538875490239 8.3382512880548081
7.5923167600648371 15.427471826904792
9.4569318736238692 31.066382929147363
11.477890118125687 0.56023407909427625
15.48687650787318 23.541907926638007
25.097674739939762 21.854112083545882
5.9521210758719523 18.190427915770787
11.793497266131626 1.4408871487772807
16.011927595138189 16.418798907224993
20.50606918965023 23.58756089638047
21.874829876531265 7.3926434005155972
6.1884607274904599 5.0903685001689549
1.8477950255421089 4.622264903962785
14.146259201681641 29.588064945123993
0.97318994937195613 20.5679305332838
17.852184923891762 1.3031721126504108
7.3699967886855076 27.682354701390206
2.7523598588666141 2.2485119938593168
13.457152948869679 30.191657955875211
11.648387294557624 13.690676590980123
31.27114995482583 6.0306606115534711
10.30283134245361 13.709499034501034
22.65934851802384 27.918086419509251
25.878307060014489 30.025763432007281
29.333433260134445 22.715000613339122
31.595183411290073 20.544602901860497
3.5027017519366073 13.508688404229593
16.745983467277295 9.6857090994062052
28.351421710045667 24.750279877836991
14.136379446337139 27.18324742199173
16.136389151901302 5.7001950827488361
4.0998544923925584 10.230839608212531
6.8619629408288771 22.998450343357192
14.895191168653941 12.059205876045921
31.552222627644749 13.966447280966841
21.339134477289086 28.162551535008987
30.013281707800413 25.545858714271041
28.203723185134013 11.072410964617902
30.928039776858007 26.829038898097103
18.325377772426307 5.1852981219890859
29.306112935778138 14.396017289872939
13.942086064996674 18.317215150761793
26.335542342941103 21.682854420781712
11.737408809971516 26.66758846099604
8.6430937491792754 10.745502661448462
29.775442271140381 24.479215461852306
13.982714088849468 9.3150791027106123
11.214057296160062 30.599147970722605
9.6900945105155092 2.8514016732421159
5.0917078225312 28.965164917795086
18.629077952000213 3.9602643122442314
9.7924993780052159 23.008171412651812
4.0928211386566486 0.39531669148186149
10.232252868093068 18.995918286581329
31.581217280799184 8.5915245774330433
14.523389094485497 28.142069414897694
14.128627942493436 11.915853297110473
0.56198480787381611 2.5271828204724702
12.878199619919394 21.147724167315744
30.646991867940269 0.85879456057849346
29.389464881702935 18.291610252530329
19.320271269591597 11.305502611915495
25.600108661875531 4.3322436857374305
17.943554081955615 7.2487887298314195
13.718809377055081 11.00134335816086
25.198113716420568 28.247781694385047
4.5318947811350494 27.603756631860755
24.310211814755672 14.398137898662903
14.79693929245532 20.537345943970497
0.32360121186467705 18.756178800226081
25.894544313473919 19.956779420135067
16.83653726180658 24.529070852653795
0.90818824570527268 8.4864627170710953
30.840522397245913 21.496488697846424
3.30051695046361 20.091560067934708
26.846270440539531 19.636695185002566
14.231554442334581 7.2147862740221482
16.196484456368797 0.72513421686488377
18.249941849508268 20.379800818369684
22.197331055652572 22.021602741010014
0.88980162611984148 30.470048018588155
11.548184327211231 10.975980521015215
8.7928639916750395 20.774837253377456
6.039416878143391 2.5545988281923964
24.911849676099827 19.906653823917402
4.6122254495265427 23.054170270261061
9.5337571392965508 14.395966086615225
8.7351129749759995 16.730111288282099
8.477954533084251 15.830140690444599
7.5595905874620453 12.599295049361414
14.209994392077823 30.934961285263906
0.041049741298663962 29.938029671893759
12.167894849743462 25.277840797314092
18.470416737587595 17.475398847798402
12.204122961547938 3.4011208657570777
11.250552193366973 27.615143519796714
18.56119728164467 30.50680399415382
28.316807792514673 5.1915330285057832
28.152341459360095 26.086197362797463
7.7567136121968723 4.0097388987338265
14.199491487592875 3.243497943348661
26.969857873817347 9.7664974989920026
26.718319176402971 14.44383368174578
16.737069336393123 1.3410347180522282
7.7172055497461169 14.461071086598555
29.45844262904345 29.382284892011583
23.962853571515119 8.7690134223352825
1.8769630408342262 8.266190218867564
11.400875364509446 2.3307814232600688
18.274841028075244 18.377444453463539
21.864170756531568 29.933314257600859
3.9246554400275144 3.6359636530175243
8.9203539491518828 25.916018982778457
12.538513982801634 27.306379117881811
4.4683760981339509 19.959571563454876
27.356415539725134 21.417606747603859
4.4152303596414706 13.49450924623547
11.175442999750416 3.3981019805771489
22.553232370555722 2.78515111426784
10.994165100937112 12.980310613390156
20.489678552955766 21.4682569814121
25.185515137637633 6.6906885606931956
10.82073568849319 14.476886828770192
5.357031493266633 12.831500233090345
18.298030055579243 9.724707678331594
0.90046017960706248 19.612603283424093
17.663265679714442 12.004684547950818
16.247017760814725 4.5509644176347424
13.862294938361901 22.259478139627642
1.3327585288063051 1.4685534303019734
23.793952943485898 29.67941934522592
24.895148239340923 18.353554515619479
15.337163534405846 2.9531048804155375
8.3527238137386739 12.926884835810398
30.238833376712307 17.090299656589472
21.493211020568008 19.877426273926016
29.742880450575786 13.591873007343379
12.634320896914549 30.72636300812237
6.6601639937506523 15.129599633740023
17.454820762633972 19.828315852496893
8.1998497389832732 8.9084962640752803
2.3617993504795627 19.770499235337319
1.2491449986105871 3.8109990365442319
0.16210731572414286 12.237604715037479
15.253881861935037 8.3382745229800133
4.1210527405035569 20.916824136399814
15.644943769195496 21.451297077909139
8.183295452260511 0.097545713344360199
8.3203465133885075 21.617039909850998
4.7024302601824397 1.2354604294488252
28.423001125290767 13.836402535012018
21.994714992357668 3.9469683665763702
11.94249502273582 28.211003774177811
18.618556944554186 11.913750004653524
6.2645809048707033 12.12699032075114
13.545598253202735 26.364958409924316
16.357246617367668 10.636547873568709
5.3950859466706786 20.190331538561946
1.5833717133717466 25.802475627093195
1.9291755843643741 30.926095287550481
21.791297857018353 13.232251910348715
12.078091582614883 17.037611551412777
15.682333255107551 15.560735846754659
2.5269683503886387 13.535902542437553
23.951403526384215 18.177862286533809
21.438354469779053 17.67452667534025
2.8327603303678046 18.830200456006434
23.776723219901157 15.701449339701211
7.1656708179696578 9.4903843759596853
3.486496420045647 28.077823898982608
24.888243926366762 20.9344142244043
12.579884213062233 5.9688493517242396
1.9885081190167471 3.1947254890452856
12.912910158525767 22.331837650787019
15.487351286773228 12.926135445475516
27.034550596575734 27.148895857320227
25.709653990290864 24.5215717604435
3.4381447185455856 7.3132663209870987
10.174912350071962 7.8726452878001494
14.729507550118674 4.0360892609790344
10.57086720733126 20.570356968056299
17.918808565188982 24.496969771609038
28.05912103790082 2.0051747899734216
17.520093986931414 9.2220943088513554
7.3329681429857487 10.787338885851289
3.0369934805244547 10.583984471445071
5.4293628514624137 3.2686975459631542
8.3737492581327171 28.822267059259673
13.209895989386673 7.206616217342277
9.0125776083258256 18.482287421061827
12.88616245326557 20.206749924679176
3.2649457392395758 24.6062041784683
4.4495196915519477 7.6043042240284233
15.380075991464706 7.4135942073499086
10.826240273428496 19.72837277328799
11.817003679647096 29.929176593079141
4.140892414053833 28.72326350338837
4.3661858245288547 18.43676731362476
17.793336166307959 30.846015894863218
9.5227199282204857 29.030795536005893
3.7475930458597984 23.626202832986607
17.312056016306386 20.957757859206016
10.558502948243929 11.025116972577965
7.4063303498255673 24.955048488568821
8.3368272528793259 19.806072972397622
18.466177468068029 2.579776257227667
27.164978676129486 26.160114351319546
17.940974352185702 22.868008419655393
16.168547552720884 2.171884957453337
29.985790007837743 26.503265611581632
27.714422744117385 14.377282531960747
29.728688409385359 7.2851670148739247
1.8543463029774676 29.95392384938004
20.320559512148829 19.529478581297099
11.344539673980996 25.633063471735355
15.888087081650442 13.816541304333622
19.190542367025394 29.744508049285425
7.0645024550633275 4.8327217841841268
16.525585188127529 19.941253277206094
7.2939711849620181 5.7477258624372434
20.910451157748206 8.1802305526440726
2.4228228037459347 22.433493859704537
27.719514367295844 13.028301485447951
8.9411209594362457 9.5019013214480275
3.1346143060329177 3.0830592221224755
24.666874857993477 13.544364684128876
10.53596299070003 28.629113567386867
2.7416925246239678 6.5124059725483772
17.97587603073011 21.69061839480079
20.180606131240722 22.700636919923735
1.120548402357433 0.63094866143855277
21.114690905013418 15.657591975393457
1.5356487097764644 2.4426359138658036
13.177894415521726 12.380430190268649
5.1664069768811318 2.0374112411903247
22.859785662212268 5.6869628688342893
31.157737748285339 11.381636225781561
20.028023306698856 4.2919579958418366
26.033918786747016 27.226789953912938
9.1751227635323129 6.0845422540654077
31.002777269051013 3.5043470817708999
25.798940313228456 5.5291403655200391
30.142973153850534 11.576666855195667
16.760520195278691 2.8596695166698929
6.5579124379292821 22.063239912306628
18.773106348750172 25.020883727387282
25.670449627093564 14.208288561427986
22.519307348694248 19.446445400183872
5.4009148440906989 22.220690440740452
23.181657482670747 24.354938849334363
25.518313175752681 18.959898252406578
16.132651259661785 25.546602697133519
27.806550606665514 4.3260432187640321
19.513036136296538 13.762521030434518
28.84910716287304 12.938790343658763
2.7482721628502147 25.43933760592018
7.6992251360434585 16.877889122839004
16.943327309524363 11.498385709630922
26.478745382933688 1.1790143031265357
11.529184461215923 18.963850340847269
30.706266807788648 18.878198914017958
22.844942728931066 15.76625808059925
6.3845566211216438 27.753332668260423
2.9463495383553173 27.141417046635063
13.543413439239719 6.2795706103142983
30.052084764392401 30.447358592678256
19.599968185825059 21.878002619444921
25.564266535753681 1.176959515770988
31.103562678241595 5.1443845294943369
8.2468618994246086 4.8365796581145561
26.49874065937513 12.646183718545243
2.4606297600579587 7.5411603086213308
2.0003709248620858 0.17328285178143446
17.434380384990416 29.508794190164803
13.230329318947199 25.262857418879161
18.802058845350512 21.162120255517923
14.612819679118656 13.287223746968689
14.416652031777618 26.057676535461386
20.765644764121561 16.672059098764294
9.6276821549810681 16.039070216753899
31.177130621265164 28.991107471428428
12.636206711095426 26.219932248090895
21.296130915148929 1.4310252536171575
7.1087719671498251 19.732550019008407
7.734514593772464 1.8712582661697423
15.194110311850546 10.967101634437908
15.106044988085364 29.436867241505961
27.92312889249499 12.155912970501538
17.349489124820543 18.786797153985724
22.744426510501189 22.822373714586139
23.51724230002301 6.8253109761477191
13.397262957417633 8.2594300978816495
1.4028241151150314 27.004617244400617
16.983490131986493 30.355390147081877
30.583840796485902 9.0052145337258711
28.345056843193444 8.2783570845929813
8.4644005549103944 6.9102662267416122
29.774068037049496 20.831948432203649
30.574521198521545 20.40738012067839
16.211474632643458 14.826451132720241
1.1985273129909813 10.511758987855604
17.045698947200123 5.1964504417634902
17.098272365209912 22.18824145325069
11.501850662434681 29.024578304976291
8.9197354084158196 1.444653471180511
19.2984452227711 23.26903487719078
19.414406165523513 17.996407613847591
21.636828776922343 14.163270610233123
13.061807961896887 24.259840746445857
15.783437864947729 18.187043652032468
6.5538161315351946 30.527676922022273
27.958517195189835 10.06239579341351
23.027885417289738 20.473830971120535
18.077695787230059 16.100097091840787
22.115789571459242 20.640129529781657
17.696969395213745 4.4480468393518526
5.5402078214308457 30.657442679859191
26.76260083887783 17.335054419611144
14.664282101314804 15.265905845369495
19.480652483041986 2.4217595508173595
5.2390837266558323 24.957022790887454
13.975798081637702 20.131189649357093
13.825954767626589 28.723817427171831
0.66371863170903556 25.599021834338842
26.506623036763273 4.898882121794804
26.797139577513423 15.467680954624926
19.350118639290304 3.4234012199292025
29.768143494228433 27.431450371182244
25.154246803843701 8.8946363455871733
24.841732039846129 4.8597565832806495
25.216885437515053 17.290823892338256
28.785357175643242 1.4134940325220458
17.37462627174973 6.0571207929244837
30.43885361588292 4.2353777735901073
29.547296064367274 0.25452380168524597
27.052394991087965 20.549665639516007
25.685956300026277 7.5294750649917539
0.22292912784062041 27.511036074105757
5.1231108582739964 15.753306429167464
17.655095751466511 26.145182681973672
17.626601309160158 8.080545936653257
21.614168387385995 23.1146414139738
0.8863772759653139 23.452630908397168
15.455144081428246 26.472875698652683
3.8523616236012579 2.1367056016227548
11.443459584353439 7.7742220623952525
26.119102027332129 3.453178269663284
5.1841520191499946 11.785451713792618
27.23287790844304 10.929972091871418
6.5443144456917608 26.686761590960256
2.0797443072454835 18.140277260893246
14.059830023611367 0.57222704916826206
19.451531755356687 5.8328980353412136
29.112263350963513 28.506139408943952
27.193402652229778 1.7084392758667111
21.820184561271553 12.162256464668117
7.9914026065118717 7.8532096370182609
3.4602087661398322 21.959715084656253
7.0243140798128474 18.798435175520574
4.4827324489808626 2.793648579107721
15.941677377809143 6.4646511235819508
4.1402562672908791 5.0454954137085872
14.029220222081538 1.3906983807661855
9.9086739985347574 12.544047805645112
10.194274238381691 30.454902362491175
12.847238018234853 28.651167096342114
30.717658712668097 24.084270170663849
11.923852248899523 19.995360047750957
23.068682945327609 17.957277213271794
27.700540737698418 3.1816530221833266
7.6937370429462257 20.600197936931949
28.434761072842967 22.762614651850964
6.0815930502651794 8.4931982635129231
8.5684048677732427 24.978892236689518
12.704623759836126 0.52708374284771897
30.263974015261908 18.070480009060461
26.963402973206176 11.846804125895387
21.725135503326158 8.5592939626113971
5.583987930092821 13.713681080435784
15.380214413187032 28.554399462685666
12.080556533049695 17.950427270063113
24.643961713388766 12.435050304292925
7.8214888547710499 25.822424480983877
9.3163175893233987 28.111371823270847
11.679327322614782 5.136712560899487
23.43519984423655 14.735275486978384
22.620781242666045 9.1516142324005454
20.059225957624502 10.041742690017925
24.734178331076855 5.855159271146019
23.550012452745705 4.8693785439964854
10.22865821824675 9.7403767839562878
16.636351643855992 27.24721009635163
16.24870156948143 29.292173493181259
20.480460395254113 13.707562515727759
23.342688038588076 23.431561249357049
3.5239316900179012 14.542630493205991
31.452055535637772 17.972876682369979
1.7400715656639338 28.894949436316608
29.450535147406821 10.916137699099362
6.8692999537251298 7.5982682873756691
17.584796297550842 17.134970817661035
19.495611042331447 18.843999779556622
3.4697269029719351 12.4111731025287
0.90002318162871398 29.354107329450116
30.087902047108209 9.797214047118155
27.209702875632601 0.24761183282420565
23.077551496194072 27.137195212221368
22.629697137417139 6.8228397437349031
2.7958971259090242 0.63161197849457695
1.1159058142683072 18.107273414057978
9.717889448624712 11.392631415245619
20.994137125293051 7.103550846805982
15.348490584157913 22.527599960722686
9.5040773059802603 3.8772280295940575
12.769004225661797 13.51844262490841
6.1362809248985668 31.531969086748003
22.337871330536082 25.576776761052763
30.891332592162861 27.835959800694482
8.5003576789082178 17.733484666284166
2.4416523069541896 17.256051888235739
4.6400472527454841 31.184550191633342
20.118952132829573 1.7448102813394881
4.2887327783982752 25.708006715346961
22.82278150281206 29.568711605472547
21.121097646607602 22.366091934893856
7.0210201816304965 2.8153018351527832
21.296275507479248 29.180835953915512
24.278014926235443 3.172083042102702
28.237852937245691 30.941977594284555
1.2453926397551671 27.997103048368484
23.971597520266926 30.735364771623743
6.4137781930281328 24.691212791645729
20.792252392099726 12.942500732678198
15.294570738797242 1.8016937669145094
23.922373782145502 10.563367276553228
22.263421251364313 18.144623837926275
3.0842741666419768 21.024169226927256
7.1657175136474454 11.687459589556461
7.8499891014597729 1.0365763339651524
1.1516778595512986 24.403687261600734
1.6885689730854387 6.7956896961298519
28.615252171054227 15.115265863787352
30.691242422133666 13.334200629473942
20.867258637005062 14.727335164363994
15.887741419463714 11.639441657691442
27.495103208801705 25.202568884895268
6.0782565840325944 9.4159713530113134
28.981019423867167 26.37094419119337
7.2550225881058816 13.636914030176419
28.406122068581745 6.2393377701776256
25.979108471545434 9.4259046051239022
30.555955656817193 14.41400313493647
