7.8825222877260863 12.984563669001759
5.6569080974383796 0.39742516837853886
27.075641794124547 0.32324903276331218
4.6534260560235783 27.858725541312221
16.246356421966645 10.938685867408626
15.584742797306937 20.234591479022381
30.230477276388754 16.194130454257444
26.611611841439373 22.568861916921286
5.2103839660581368 1.5892042093559349
16.980611491739825 27.607985339552023
27.193557453601763 3.9202011405742674
14.588723794964123 10.412156124648963
25.635334686641478 19.341711332968973
29.731612911237278 28.247681080543543
8.5218561478136028 24.26642328362097
15.887794048293907 16.371336057779747
20.851869747828133 16.303541581629005
9.8456307760754882 7.8698285000907315
24.217862613795702 23.882968035936447
0.92799189994941433 23.214724314449349
25.739699792194578 22.781437991141839
3.0362748965304038 26.124887522485132
2.5543321301087683 12.159986598785007
20.730601272421303 17.54612254792325
9.4459347809185594 23.51098759478911
13.550755445363368 18.830202273986682
1.7809003501516556 7.2079487091743371
25.969004541710333 25.31553020898728
12.731332802823042 16.393266176887796
10.944120948191784 15.777460368497598
25.663034552752958 21.655214020238144
2.1783351094550403 14.372610258795627
15.536156098401117 8.095936509698678
3.3345875080695593 30.365975823154727
9.166564479076893 19.981058924280848
16.401901442100336 3.0535250381258878
11.388818588799804 30.541227429453055
29.456117305452459 18.925762735474375
13.918057600170181 17.925098317883187
17.161389990516106 1.7006454237193467
15.913719718649572 27.676245937786707
27.004914472115324 8.9806938853713856
10.629585810678154 3.3432119560284463
10.737252772507501 22.107004825799969
12.654504736266981 21.810159050566721
5.2006124168175836 14.694606436414041
8.5270909330736124 13.98892160068147
9.8755827296325371 2.2966985125739496
16.127779964912147 30.127078833791082
1.4256971860743002 3.1238477134234568
15.845064033085086 9.2519900826587325
13.500886237168867 9.7097909850708959
30.575862197544343 17.120122856731331
17.48344086602156 2.588702114929899
6.3496296183277989 28.950421367186426
27.460978680095923 26.321520717533101
18.695846077753117 11.209731623062122
17.245475817010682 24.708252099634436
20.186009156725834 19.69091296357854
12.302803391236976 2.3043549507613519
6.9242325428474158 28.174815330323128
8.0857475787484532 11.972370958341102
10.446504068799888 18.194783048530496
29.639918311402987 11.649255415689623
30.785839516465344 28.368254182477045
28.811986847316057 11.018199602126632
4.6829724014699918 20.793911256853402
30.217542501729024 0.93392214346579316
20.899557112079254 21.127819214439512
27.29524623691054 1.1590871368904263
25.337809598926171 2.7390318035409873
9.6045838774246075 4.3345238207185677
21.446785166199405 5.3724317496530567
17.539018033989063 20.598191576697459
22.364637980956353 26.874177213273764
4.9959352898264733 16.983355273040175
27.711341456210228 16.306211752428887
16.705329259123893 12.234878387954737
15.209375865310371 11.120964653521817
30.452209241868655 22.487042928995404
18.096804179793288 29.409946690093527
17.77300467710754 23.646857828088315
25.585084343561356 16.388492623023552
4.958454017028882 18.153952050429385
9.7247285915185362 13.186569219671398
4.2485444069735232 5.9200130951671541
26.173808874522148 1.7421799134707776
28.426909994283847 16.978946844126042
8.704544125078348 21.855225585137401
9.7395085290580834 24.424103191304386
1.9728248713205037 26.161130929517896
0.10111242863920356 4.9321343796017283
8.368261066712348 17.92764824897327
9.2603988198275129 18.842678044223771
30.893013909236593 5.2247544184831369
2.4605580656145065 8.0682327828213172
16.240320633375987 1.2038774931156697
13.937992473698859 25.620584648082726
27.692320581321013 6.9055044797712801
21.084996530466881 18.739611470699327
15.790499862855697 18.207524110676882
10.288981775054433 11.182099117638314
10.074497925886869 30.169011922137194
24.930624630083653 5.7004941816582297
2.1117184770995046 29.43797578203942
9.5156677240500631 14.135250665432395
19.725622267903649 3.4705301836944669
8.2450377194318314 4.9622114537286297
9.026729729976914 16.211419681200052
6.1273639647013249 5.1597032719615381
11.288619535427317 4.9928834470959202
14.204214973401369 1.0998470409034846
1.8102532975910965 4.1914867900520143
22.039907468991274 13.912248513862306
10.640154590988722 14.094950333723542
14.323128704593302 4.0373076301922879
8.0601332518404476 9.4737310914639181
28.765819353694468 21.882268489009622
9.9632057658843181 9.631672630924438
24.925500371225521 10.597902566605541
13.146560355742885 19.615812436542598
4.2923699143504797 25.295411299024394
21.021077655422076 14.880419500024495
30.117422313955686 26.275850320198636
11.190085040583144 6.4893669012594444
13.416854637833838 4.3373741026541337
30.036772615444711 12.974830767528895
22.139697453774716 8.0787963007828587
23.062020065243274 11.631133836601524
5.746158393770866 27.40763623033866
30.552459392227842 21.048195334163026
31.164074085739756 24.521786062649223
23.560746921732704 22.348399964612536
7.4208410612201705 29.184261426683651
17.955908070672656 16.840516852016716
18.365551559288463 13.803489100136682
2.2122240677211313 31.273789271354744
2.7941383979171497 0.44666399614151603
19.431964236422441 2.1612798903214103
7.8330201504446615 20.873314664430278
14.810345528281442 23.245142565306168
16.97300832976299 14.264913744360216
28.761336029958809 25.237847792098616
28.085733696451705 8.3331599958632587
21.961504065144361 10.645897893766657
7.7294524999318517 2.6528938564801439
23.698945304052597 14.546713441632726
3.2121375986042633 9.8107063596262698
5.1444366084253934 5.4170491608606035
19.06771001591942 21.896770008032941
24.387941353023592 11.780587292046915
23.37432123226559 25.843916577770511
5.8521168347516186 23.729343315212724
25.342699209982378 25.916430139851439
10.228702614031414 27.810829653402649
6.0748169557747023 16.543918283829182
0.68044774614855019 22.210437903581752
31.322495883720958 8.2698503363613636
19.123439335402505 13.20963763327838
23.438695995331475 5.4630216416970923
0.49348274760949212 26.61216190633565
27.061311130631005 20.648013724837558
22.726826055342322 24.851387769630474
12.619272247395578 14.410135480821086
27.741319085733036 20.038142447623692
31.223371770411191 26.503200544299307
5.843506375705422 10.775401707149406
31.048672478460642 23.553705845890708
30.657082932950804 27.306599291730418
5.4818506957575845 21.787965308234163
6.1293280250758517 1.4695698946383844
14.050826387182525 28.067377201941792
28.191717159464297 3.9436218900914146
30.146416578778314 24.419568078530734
11.437105782115962 23.442684648549605
13.691776892435612 10.701201310867649
31.21325475896894 6.3083549879783511
19.566607699488667 26.331759794844018
8.8123805182718247 12.9220551238711
28.2690977921208 22.801275705379044
21.474349381335593 29.63959442053946
30.467963376757087 20.007958949412245
19.329014621173226 6.8846825219089656
2.288096230353625 30.421189013500801
30.296637016427848 6.4638559923190853
7.0693798159933383 5.4031822502113034
12.306898895954044 28.470257947888026
26.392303338998303 31.41260059384852
27.110562401231149 5.9956399500530848
18.648310778350147 17.569595878334948
7.512323822024138 17.028181399543939
26.161411841131422 15.474526043087263
7.3118669850846505 9.1342558941882572
10.941722985700448 2.3455098616157364
2.190063472670936 18.583829954885886
4.2492689706087434 9.190376323885399
13.280175776978815 5.4174575583379596
2.9010722621708114 13.25311050870036
6.5579399972543566 29.936748160804989
2.0138625605833269 10.247282277996151
2.4187283540276199 11.130856341480808
24.27756025862314 22.768947354067908
27.528430336305217 23.322647672453645
10.380109019663051 22.858378741944392
14.032412464232142 22.775707562645387
15.141862804979612 4.6719271249370484
15.032251869659177 3.0175665063864066
20.355128636512354 26.642883620757541
17.791544736016192 30.894861976693548
18.36407308374153 5.1233635954503907
27.969013238527889 25.461775894345003
24.475562786892784 14.764020532845466
19.524605121534261 23.181901791291398
22.42529172214579 20.743340468579625
9.9793574624355941 17.037356147893355
17.71110708939926 28.302561862659164
10.707696791206629 5.7450338211451868
21.061386860400699 4.57657646782289
12.042774058320267 13.069105079021963
19.530547869946972 28.695380248895287
16.984757774822519 4.8289350760860437
11.724352221888992 16.356775110733036
3.0249351492597052 18.133970729958325
2.5026918092900026 3.6859570884622888
21.943345165767806 6.818500558657024
21.661297533688455 16.235423007980273
13.826015756558013 12.82178014564723
12.225290157032962 11.676565522514421
14.707036597464455 27.378934957157643
0.86384914420122094 15.052194920811356
18.759170257266739 3.6472467342536907
29.075395694171917 5.7115039435291948
21.797917603982238 9.1418329698332883
19.908814018705613 30.482008345191772
29.881557448628641 13.851159127572162
25.437781526966152 11.607183440137032
1.0366580794452058 31.255777892452837
4.8227771878405639 2.5181800841035069
29.450776607727256 29.141893811978854
22.190498954231543 11.606090544317427
26.552352469266566 21.39562463290217
13.690820271777488 23.794198168619918
25.104534487445267 15.467696236981418
15.734642954918181 13.115693051267877
5.6367299087194631 18.873115132652718
16.797080348953049 6.2783891785939536
12.273014874545515 6.625999644956992
0.43586439430461177 21.247765486852472
18.69691892950426 14.792839221054258
19.515727290862682 1.2215528381587462
13.334805785017206 7.2619416027624348
14.459474962059637 11.748045571368602
26.627463738738559 23.683312102316417
30.731316551012696 12.283230916693215
12.244030251248828 19.829955738293357
3.4244286220895734 12.135375506242484
17.585629838321903 26.3679266370245
14.701785074154834 20.773862437891673
30.012333093351934 5.4562048450061589
28.886294246317423 3.2586574283286813
0.46135352513752298 7.060345760830085
1.0175983366554577 17.155343342415946
7.6806105105135822 30.102803299378401
6.9895921531089602 1.5310580859068827
24.193047996647618 20.011076069388377
8.8886466442701852 7.4437467707100726
26.154444111267313 8.7563478325794026
1.175498843563815 30.371964590515152
3.121543270026522 1.7087417213750511
13.228416522658121 17.14437104205463
29.556580271442289 20.980859594979528
27.405735491242972 22.103946721323005
4.624425329585196 19.274544568345128
25.593073229941229 6.4326341458843102
6.671625087485836 24.303818432958991
13.564196059450646 11.733294760669169
14.300395944158611 6.5640232478008977
14.568077026966346 19.08949782071047
1.2411181660518003 16.128098549701221
11.307434368455894 17.852722521022432
0.80547511747891709 20.362047994467989
2.821971636197381 17.219755334642787
16.174259980426534 2.2310781481822759
2.274263276484314 28.102431412708981
20.292090708280117 24.182027124592548
30.584037418055434 4.1515070531128364
24.113506822819105 6.1122302063675837
28.177277040564995 1.4663230240667535
5.5237689643799834 7.9838016300821568
15.910173558251394 5.9297398308352838
12.433983573099869 24.394593675055951
0.887156573831684 24.801687963949906
5.8049105070582083 17.605910097793515
23.800905143795415 17.483521196785837
23.661111966790873 24.825581459087093
2.7109606423946384 22.262848579415898
17.027074292610116 9.2848851090530804
13.615404409341687 27.011244158695668
2.0383288062983196 13.340389847872814
25.188851230390544 3.8060400994126371
4.6011677234121517 8.3647319497269574
14.788630374206896 0.095058836307407066
23.255059307893145 16.824744210692298
10.300505509472742 1.4261875997929903
9.3582251094937767 12.016294350301258
29.201209333208617 12.390615304546129
25.882592340731257 26.87990802132353
6.7139750248071826 27.289785104511218
20.537050503524465 1.5988581712573779
18.296049468732306 1.8412920066471448
21.179460149843973 13.722441280098911
2.2750487331909701 9.3771979846417164
19.221131093563521 8.0287640818684824
30.108668822085018 7.4935416557591106
14.580842308831198 24.287881903365715
12.459652053311125 1.2290696027480381
22.210380015348449 5.809749692000894
16.435701495937987 18.969335995948029
25.371291354100851 0.33607971008009746
19.238843606352695 10.345843542481264
21.038969733992495 6.5486457967519485
26.697005043445259 29.603180958857369
14.699626726760574 7.461745409558068
15.427326485592776 15.193082607051373
17.885316838088993 6.6760475892853179
8.3294935146558977 31.156614082325429
29.157039785081921 23.003811274938403
6.7545045246440027 17.506469113604226
31.455535724331884 10.900263335164546
25.292933155846946 31.032390638668932
26.315118242409955 2.7851303248213686
22.397836378995876 25.96768069172197
30.649737202676576 11.404602792718173
13.490913910316262 20.652050799972617
15.495995846429309 26.724597271926985
15.204114195755849 2.1037970069110976
15.827839505491331 23.26576191534485
6.4856425958710124 25.325152421852817
19.405764676903292 11.844231247742899
1.3620530693201045 18.348395096200434
27.377278050733121 11.14647130328051
8.8739812702522958 25.084994080997301
15.869340002825712 11.934555924999042
25.231208229986926 8.6003430774318694
20.030105957133944 20.964432479729794
4.6997699549815435 7.277336375129666
22.70355956042614 21.932468326370554
19.473203677346895 15.534490419138944
29.082190405789085 24.111072443264121
22.430165926788852 16.669427883048776
1.2460597544101495 1.5460821148906521
27.023875479728549 10.27811412231233
23.930989564154608 4.6049945445764946
6.099030466153355 6.1886862384026351
3.785626014361922 6.9876330560479927
22.160667790234349 4.2282099134293878
5.5634170344300484 26.472794474431172
23.088411054487377 30.203710378906159
11.353007760825857 12.371133599394653
10.763577820773355 13.177675855683901
25.796595144108089 20.529252198476783
14.874271442328972 25.18882380147566
31.081480478485645 9.2338040938179731
25.280478599915899 9.6954834427742895
20.558788716057933 3.8225592204528001
8.3560451395957962 0.68789173783566204
13.444171070696971 8.8638850995122596
6.7835924205266691 7.8823833622242345
3.0359189439509677 14.876203952264303
23.667815375622546 18.953022461058804
12.026084044781156 17.346050535742592
3.183462668911464 28.340635724046628
6.9703821707391613 12.762707651046297
27.20592208395459 15.155147458741064
29.891365081163691 2.2771733492190314
24.923850836063071 27.009212590214723
2.2673951614948216 1.3543504625698091
16.564089583120989 26.723011907756746
20.487972968475049 29.69854222927113
19.132335668304222 31.03134949258531
10.791433746183786 26.036954970747743
28.565362898895199 7.2346840592785124
13.05028602869853 2.8559181372142093
15.593575396786491 24.235369406462727
8.726003608317356 10.211859690923051
6.0579750354194424 7.2300381987137605
9.0766538667677352 15.053958275247956
1.3808761399375913 11.339273173722933
21.932989376332632 12.748182103978895
3.6908215760489074 22.287823899906549
10.179735553435357 14.99296768764953
4.1258680863420025 28.63594762156103
14.313282786451696 16.931843121845226
26.008441999688294 24.198829243908509
30.280315395118532 15.021194865131209
19.124799748468888 16.636585500409211
5.9910650596099062 13.912697358501468
2.0269990836440428 25.162877092771513
1.1227257778031312 9.482302620332149
23.831149809368622 29.739653789570003
9.2504674864964702 1.202840591921208
8.5881863732856214 6.6423766589719575
30.571113180854137 29.248975026440352
2.9448338270928143 23.307178850268027
8.2484268636743394 28.665385958331399
3.0940760875794355 4.7581660107748815
11.630846766550736 21.809237315944426
21.802246707302729 15.123729269175751
31.512715058248059 19.354308423951597
18.464201150751208 0.96795341110822952
4.0802213668319975 15.722269922105413
5.357643169443147 13.267410236277273
23.453958993349183 13.482272798634892
4.0073138261315204 26.185541216701363
3.6723691909186882 27.391902129272093
31.591346023670017 1.2557944531828076
12.695834421907067 3.7565400360725714
5.9790556066885348 4.2359939697456372
12.733224959541484 10.916029043017586
27.115554398986738 12.510947168910048
17.417962476607862 5.6581177878760256
29.782367362632645 10.573121514986015
9.0115430310423736 30.54043748463279
6.6458729749143615 22.310658515952557
23.551724267776105 1.975821460422291
21.518475229920043 17.499332228365219
25.976813791838484 12.615606014091529
0.29159103717812007 13.81688826892367
22.449155029629143 2.5002433937631174
29.205351463571894 1.8354351942213853
14.872487042533844 18.092391000318713
11.617514480168925 27.467036013498127
23.411556557694059 3.8479844586531629
2.2867518167772629 5.1637520350198498
4.2087723803436869 14.838928359509559
26.265607887834307 3.712998721580469
28.272376313789078 24.100256101268446
29.049352314371788 9.8393999550829605
26.612743932725976 26.328249243071006
29.713513172787554 3.3900182416871263
12.97307158973879 26.330670479477735
0.44761642455982498 5.9500960748970462
24.240403577274858 27.632173496822677
21.794928779772874 20.085292722666996
16.338553539680404 7.2748023972240512
19.282804432763697 20.626310796503013
16.003519086096528 5.0223702669888679
10.313223480678641 28.796466624505172
24.310584978404378 26.204319607791717
26.833609223615856 16.20014639549062
0.11276650038218823 25.406455544759886
26.050278113531096 13.46667081744401
1.6012784223195544 12.275822113117282
23.375167965805058 21.130141167500177
11.787828373490026 25.575706186840886
5.2074321157328631 25.64633611547676
28.396936880201451 2.4535280242101769
29.968307256018253 9.3119184618270303
29.867044691197229 30.09775915542161
30.327569805356241 31.425522238654558
12.922338539383965 29.433686196103125
18.523079893460046 12.38415148275485
20.987864694104157 10.909158096225607
22.884479882423314 0.57694387824050808
13.855717923358997 16.086630390441073
31.210167356287723 18.296423605302724
15.408925823843978 22.324341390615576
6.549851316542016 26.169376395957606
14.923945460490637 14.249376577335555
19.909064216679134 12.913206746631857
13.829095076723103 7.9928396465509426
20.784443683327936 12.814669685952097
28.067196675516744 14.857950418623419
12.5793649103218 8.3484692787325958
15.176460327938315 30.974800578175127
19.565331349250759 0.3287030536059739
14.232570287978083 15.048693855542348
8.7233552472603417 3.0088834931910644
29.169303341751963 26.294904724396915
22.841553216039316 7.4652166347668345
7.8554455898418203 10.706001167088539
1.5383818801186955 21.429624703035529
24.007170816887843 28.615969501582239
28.923932373855902 18.18832894671656
5.6643246302254635 15.45755663185396
5.5607042690717678 29.877041490475513
30.645372918632077 2.9505786362929682
15.670134055489623 10.035667028435013
3.448351296899578 14.044121192397816
5.9055891058382359 2.5816306889662468
22.128252318267322 27.986410700523059
16.239129141562149 31.071911205733819
6.7897825377999377 2.6714635915182847
3.9782014829182111 18.430337663415738
16.409538990771242 22.140453804980201
0.71824350615027777 19.064994815864043
16.57713814123084 20.050993893854425
10.51645169868001 21.043832425208404
13.824386311916848 31.53680355984773
30.748933631634166 1.6574962516743239
20.018874063169552 10.616534299072931
4.6103808132713233 30.363906774437559
6.4550177211537134 14.830843922399481
4.79004030860004 23.114142038475812
25.472378675498369 30.030583312621335
13.951369181802395 3.1650071299486693
20.228158196551561 11.699397486489508
19.635741208376302 8.957709408960163
10.046665067307785 31.042280756881087
10.806501134168855 16.884997478387433
25.804314745684696 29.063218650636713
31.119170630456768 13.301811121034705
26.103999895236011 17.115066540335988
9.8917469673589924 5.2263403963102268
24.349737902695086 13.329998790159099
27.540369657105142 3.0001167191325622
10.123781678921516 20.107467207527414
12.774700332331472 25.422027511081041
4.629518250854872 12.40970820388087
24.473415626117365 30.500209553610961
31.577382705377008 29.262745903838628
28.218391496032801 6.012492347661758
23.694089834267764 1.0163665329350648
15.269182905605437 28.328939482890863
8.2472103482345833 15.318794813199483
21.281580900905208 7.6527689523408249
11.316822985033241 18.959539158887495
0.93033757772450076 7.7882741366569626
7.504602251548893 25.022423871291256
0.022638975636817438 31.096529266847593
3.31826180146065 19.219715549205315
23.267403654847413 20.046654700516395
8.4227089274914846 19.111291432147716
12.13222802120861 0.23717904641238571
22.734556277170654 12.865168150005594
24.243877901785048 16.042149935124229
3.4754669476359736 3.7486431410722321
25.939519980282974 27.889870091534814
6.309155535115794 19.765143756543868
28.466327020190949 0.50562269441519592
13.742315301851544 29.325139499192939
19.284898291506167 24.187324584148023
31.38765745720973 3.8208569445593561
28.709396700074038 27.65117745512709
5.3824573215391585 11.939410396192873
5.7184112842964279 22.757567787389409
8.8009730775120332 11.312393844579796
16.182730244293971 24.95418712227017
24.806841969924914 4.7791513183770462
23.988727103902555 2.5985932869766293
24.71537785096994 1.2115510854930482
9.6446695207436886 10.598889916124518
17.735812147112959 12.116009472713142
20.816586499662897 22.242327277327309
0.46409513122810692 23.948521677238595
11.211216257093861 28.319067754304395
30.201954677693919 17.993779208837413
24.844908513697774 21.927036910352438
27.747212359868872 29.814048796686595
9.4894809601786445 17.884785198928888
17.883534213505989 4.2873568286061383
19.278986877345265 19.536641970708246
9.4862948748090652 29.314277487745649
15.000502699062574 12.542564358300659
0.30343502697144104 16.176455003209096
18.381619344964527 0.045322877672100401
29.339786797386164 0.77867712965613334
26.211072703566721 9.8867167814825834
18.62934021753469 6.0033094214637091
29.41070260648544 17.359891526307223
16.780118818469756 13.223352119282632
7.8497935122224316 6.0103423185458666
26.620352293167727 11.723681779763702
11.519244554773348 20.815572036120486
24.222057044124966 21.245553690128851
16.347933391723444 15.009092094759996
11.746101233556287 13.915880281229532
1.9359393104658467 23.366363145351293
8.7317942138583273 8.3957472694848096
31.148995935411985 21.666177156422119
9.83186438465302 25.520930350197524
1.6910816818495515 8.5285678187351746
3.836467794636361 2.6943910270379576
15.873051125141506 14.016752949334993
27.336809780594741 7.8459530838357781
31.125259233492553 7.4088228005391272
13.5274848812751 24.735706550555051
18.439033382628708 7.4029497886526316
26.913890442396905 27.490843278034717
7.7807424590795717 22.807006893362828
26.41744213078896 30.502363301036404
23.041559006163542 18.244234959473843
17.893176762586986 18.151983108787366
7.7265717588363492 14.254499933456264
17.683660717253396 13.260868500715741
18.380121131896836 20.256549327080236
1.3183476652512542 5.3526157447015112
25.135368572849327 23.345183343764898
24.091236519378448 10.795615466506318
27.027886685483324 17.314807968859039
27.857993928719431 5.0730811774840063
9.7225455421105984 26.579523181970789
12.748651467910403 18.070960191952619
7.8673611786206523 27.812649946077102
3.2435872722226002 10.800806734810577
14.722710946173301 8.6388254964518403
15.832576512909105 29.211166082120414
4.4219782948345552 3.62241814408651
3.0750117439177234 25.201229600388533
31.450026168811011 17.007818408374597
16.568106372043616 28.582077076576617
4.004145160536277 29.637173902693917
11.197646489621086 0.665840240006083
2.9829856725312025 15.811872313680876
7.5911618618012504 18.260218484132036
0.53306857075034941 28.47241898261742
7.651715474132426 7.2527351671750839
12.503711996401632 9.8919590310090744
11.829641021970028 26.489591343685539
21.257166147696516 26.165445134201718
26.548505131386069 6.7242149038176411
14.612110991211781 9.4449574400877108
25.493009747309241 7.5475124399384361
6.7043749764155383 3.6634679067204061
13.320370124190759 1.7153099904028482
21.783599306381589 0.76600006268725507
27.993382417038887 18.687424714047733
22.509781905414972 9.9083656786138015
14.41578759514505 26.371299558188507
8.8591618848932487 20.767114226235204
10.163593196489236 0.4562400627179915
30.763204805980834 25.522244286341571
16.675914985604223 15.938843610913835
0.59591912359028276 0.59977326279259047
8.6295402231583687 23.101538826726028
9.1329086963092756 9.1852151950515797
6.3668607770819046 9.887261595996879
6.8473915382461268 20.47565989763665
12.534130498945979 20.820632696808744
2.977790327281697 29.299021758601373
19.973868644540936 4.8169325605814919
28.167860710977227 11.678215025563516
28.482751932658871 15.725520508373753
18.650762597629335 2.7638457712934508
19.182570261650085 4.5845408623499324
11.72064346337779 3.996246700551783
31.481318526054 22.720920493819524
7.7506686648645982 21.836720513983245
14.141617013708824 2.1780477110346648
20.28509450485215 15.436210353704524
26.958063423327712 4.903773248462338
29.063950556313582 14.346673921002632
27.997206226916074 13.887127301310207
13.082693892933488 13.51497308276554
28.00363585643866 31.381568177008113
26.748376902404612 14.339719299706802
17.696136921747918 14.737652736824618
1.9391291279200518 2.4101371620904768
7.8025533825120839 8.1913701732398287
10.131563281151223 6.9682783260186065
18.912909184743075 27.437896546170954
6.5063109334027498 18.549258622780528
24.417268877082169 8.2116445263993185
11.087730112449556 31.290319308474896
28.804228091037146 4.6560124248329728
2.8433046859800983 2.7110791992289429
5.6097612152824574 28.325208917852276
26.483142838992894 19.755253130189448
4.9414246593237907 16.090381194883705
20.20089101237366 18.621407687270082
13.080827976019114 22.637583613213561
19.743080635197657 27.606839136584796
5.3340626119929517 19.976007069503073
24.639879337454119 16.852292862269099
14.246736430187129 19.980764424982414
11.084778742342293 9.2199857150630855
6.7201311562276889 16.085693727862402
30.183056702217026 8.4585632533973723
6.5661827855285262 0.35757629480202524
7.8817492976068602 16.281232269748102
17.919543366014167 9.7234149607969034
15.615867257669999 21.288320466035351
31.437672436852846 2.5261318376229878
9.6562607718953508 3.2519158200264955
12.816864342546475 12.437758524508482
6.4057435827821134 11.487734223466662
30.631176137800381 30.436591768261923
2.4466627541983148 6.1368087415042956
4.1838412469724195 10.179780955848681
15.539595717639074 25.817387250812523
17.826047927419687 25.384842847291736
8.9244511333545073 5.5338147363471153
17.120456047462966 29.333211656261479
10.577040129149541 23.869480829454861
4.0239952395608496 11.417189794682944
29.997726632449385 23.41748569486024
1.402417686171531 6.3561046322066517
22.862999131675007 3.2097902706634267
17.391619261342665 0.7844186116059596
6.9867707592738935 6.5786253661096419
27.862485223315048 17.730197720528064
26.690755064343019 18.264571070818207
17.230990842369749 7.4418474481116919
16.336534844466861 17.388937022447955
21.822180268712501 22.512273575915188
27.485200594159277 30.683985824174794
17.985216030547736 10.708811972053136
5.4996665627884482 9.0859047811275051
4.5839980300691989 13.846912162030097
21.564912776673566 28.608762171208344
23.34800284191406 23.699171326965761
24.757307496340847 29.286890230762221
18.687898685103541 22.983978242055205
13.39149114830099 30.592296042869638
29.327789073298451 6.6951362880938703
10.8440960755721 10.161127273370655
12.262860969116884 7.5455456572008544
12.050275045800817 9.1134447788222612
4.084632003161313 17.408104840436966
1.7531761563348061 24.272631903818784
29.727247792313719 21.981686983032159
10.880789460759557 29.655924611911448
3.0532604677406212 20.39601232035325
27.176479818069161 13.46536267941406
25.119648567666516 24.461562002939729
22.247586561848934 24.07671938330741
7.2423178643778519 11.618496702691578
21.733358317798054 21.452473801334101
22.723006030614425 23.078305318869059
1.7648548856787138 22.358850255694712
18.379017696216479 24.273171757865747
17.416526064263369 21.706680393133322
25.19563786297255 17.680709958909357
15.126722593320018 1.1286916905930093
18.605228940579973 28.493739463210844
22.520256614715784 1.5590109469075368
31.062681894434039 15.753463642670386
28.089692108187279 12.593599843289011
26.42450328163304 7.7167023785840092
7.8135522241628879 3.6596664024147358
1.8420097950462031 15.248610447425889
23.106071038780478 27.732590317883812
24.977561706968103 20.521857031363893
1.5296579173194169 28.526948438521039
7.0750087413503264 10.356939345381559
27.792974507771341 9.3919264784049528
23.68136184193197 12.335676151267457
28.847702248505332 30.693961894447007
23.453247820170319 15.673180261146163
19.908481778218839 22.098350198304164
16.682257496347965 25.778149260094324
18.385530167303362 21.398038872321347
14.563107809282682 21.834019836205513
3.975084670907413 4.8427903220476534
14.476333805784506 13.45914501162946
17.225896178103326 11.264537259587049
14.875896401020793 5.8466490008155363
3.465878691101111 31.227061883357749
26.029959159604239 0.97827349425290477
9.1592608599140561 28.351093422336884
5.1784407799103915 9.932971081001412
9.2229517762461999 27.453994423632132
26.853529946795078 25.18260774373687
1.8891666227179171 17.356675728199903
17.141011422872644 16.996989947514937
17.370118430225748 19.440225550660241
1.0047057472144059 27.441073383186126
17.073718771359523 18.209730525474253
0.012559540025969398 14.922897689028591
0.97988097323919976 12.949510508676013
3.3774736631279039 5.9365936690888024
11.541564014865926 24.540040007698146
31.430410641953451 20.330678013257863
8.8594461051654676 26.142575963868467
16.527701232492603 3.9914236132044723
6.3750458066273552 30.886830355045422
19.049489481660547 18.586599619398172
14.913344713160585 15.928924119368084
30.833744851411243 14.272841905235044
25.800172521555368 18.372890333600772
11.691406667030705 3.0495926374353788
6.8662566529913009 23.260090808073063
20.528636503989897 28.720469387342845
2.8060300284047424 7.0893534746967211
22.993655655927565 6.4244688555489073
29.676100392311039 4.4566740351669329
8.7613449547989664 17.072962619990488
12.222503111849164 18.763282754474297
21.067082944611407 30.681926652021001
20.697593161674426 27.766705732729083
4.4293386961498253 31.342571120429991
4.5812740010422583 22.047242237671966
1.6184410939972314 0.51388825765237156
27.171164548334449 2.1688499283941933
26.000861019791756 10.897959062499533
14.225437745253618 5.1937547235202102
19.687692271304705 17.776160687976898
9.6264769934482448 6.3027093571119206
9.4833054216008374 22.368823814511703
21.498305720370219 1.8031786872370155
10.28019739089186 12.198088555107137
3.9651523249188245 13.055013324450123
22.823829515961236 8.8720027753364796
11.889154713111065 22.769903694159982
9.2123408612172693 0.09465696716667972
23.565565751853281 8.3301031515054316
7.3635107815344956 30.998293599233179
24.710683157777584 7.0543628366937341
17.54128119402273 15.716953102808585
5.1371885353385904 6.4934899876822527
11.696194144667222 10.451502253482937
7.2315075508864277 19.237794116386556
0.41747952911759972 11.628801644030998
8.824822833657894 2.0283321572786916
21.413150432998741 27.166878182360659
4.1159010139336667 1.6524321255138419
0.14387118985161523 12.460985316812975
27.119812214753242 19.083388608200799
0.55258440994546432 8.7371744151096848
8.3198940358148263 27.027025115856564
7.9045831407593301 19.923660527996113
0.64789680384832438 2.1776949722558885
14.21365966432535 30.384659907082124
9.9113243547752603 15.946850402336016
3.8925382477862076 23.34796167474882
12.596636397823652 27.324543277230781
29.483061707499516 19.957139074579544
4.8882799670140766 4.50330867125379
7.8915628627642125 1.6357346613327599
20.973041656322199 8.6614570400127597
20.425255529821833 31.418595089942087
28.799905008603112 13.317668990104437
16.706890159390937 23.891603138843738
5.4282002921796195 3.4305162047680584
3.6226623553102075 7.9637368869165215
16.906933474696238 22.917585042814768
18.792807604093085 25.293016184711938
29.381766643494284 15.241486588420118
20.57222082165579 25.432352776008745
23.206617786706939 10.643378489716884
29.327226259844959 16.36303556776549
16.851660521029689 10.186890133195737
1.9642882081525335 20.700408766797555
28.530324503267636 19.514229476869751
2.8956439733449124 24.262776729884813
13.185860556192676 28.208328218683505
21.515404493311866 23.414059760730854
12.539454141386379 31.137885215124545
11.172658986540618 19.923959669693225
13.33777917955954 6.2972263847075522
15.513532093489484 3.7516051586521515
20.956685830185069 20.024082867894741
15.05540568133171 29.939049992541211
7.6933153061784028 23.955478549697233
3.2169780921411713 8.8038524571111925
6.1273840568888964 12.610040305529447
3.9342990264456783 24.435181962161735
17.142658009164943 30.28843421460687
15.494696128203167 6.8664139066854046
19.564213007831864 5.8506645670880815
8.6008309278687456 29.690357919971877
20.253799980886075 2.6401802033088764
21.847290089633152 18.884406558678638
3.8866022276571806 21.179603505066279
13.687998699687428 14.29213182076936
20.007674775274509 16.733666528637389
24.996597044084531 12.599908895043225
21.253955738579709 11.931207384963688
25.879675010112777 4.6522233469211338
2.8390158068047411 21.337497419212774
16.417949871659921 8.4206382864900906
11.494613331424665 1.5647390039074895
27.68117354675049 28.775871299130674
8.7212135619043814 4.11758391002195
7.4640676485723425 0.4461648363230194
28.371039484478228 26.653472054807601
12.195250831151897 15.371645974234477
1.0771469286504929 25.8739555598594
20.27306904884087 14.083275315483219
19.755134591667993 25.198037894584186
10.633849208762603 4.2841819080502148
30.588386995594291 10.206024843739776
19.526613688201472 14.309141104184649
17.056873679149298 0.0077577898872326018
22.761452896494394 14.334699045571705
25.056697995327763 13.863597927607602
3.6596401702340127 16.6439374390552
30.457844210057118 19.016379433945342
27.928615593986116 21.349578724445045
26.771458164548875 28.577931914589378
23.071437369373381 28.75769426254347
6.7003812433757606 21.433273018967512
24.316306439016362 0.18261371464246892
22.752864373153763 31.289107186360006
10.678078347632402 26.986319124038644
6.4066880894945424 8.7740747072552754
4.8585192510148172 11.028751220653445
22.631576063481837 19.352671568090752
0.57849077818499839 3.3838083723095713
9.7163643998334344 21.350202172196553
25.101231397970793 28.228729453477442
18.477407220432127 15.865795263174704
24.355905121366302 9.4241942003629209
18.347970698435606 8.5502466554351741
11.369702091893398 14.865942032397106
20.265325966082536 9.5478963292027501
24.773254168719664 19.193017968036461
5.7471742903804248 20.919814973582969
12.690750149257301 23.537447848430968
4.6086983807993445 26.871144913472236
1.4766889122877844 19.706139461215706
12.390910662560666 4.864437238481452
19.342384658218748 29.590654529094639
11.113530620074458 7.4357609516123215
24.554170847199103 25.185913567304922
28.693247667970674 29.787010898422686
4.7417812433870807 0.66977181683451159
1.0450146430224141 29.505797579235342
29.426335751674383 31.296960717928979
27.711625907232971 27.568281266383863
20.48254711892087 5.7677950324306222
7.2851938072836422 4.4992662863589432
31.135815617058356 0.259892121782693
28.881511717015176 8.922161405650284
31.613743416192644 30.176636267405502
10.177104432169459 8.6038585964256562
22.649929777081368 15.466660822086325
26.085051012255992 5.5458962087046846
4.8626646030871212 24.161310173365507
18.548681418543541 30.178339465662514
2.2317168002016508 16.291550176243973
21.658990462124464 31.518077926560878
2.8475623608914278 27.098729794060556
11.736265651683063 29.258458242212342
17.513264232067264 8.3623103890541728
12.313684667368815 30.168392739568901
11.247766236627079 11.366843077446857
6.940018215006404 13.788846010376623
10.704559202576169 25.006699504295081
13.698360614808923 21.592333404977129
21.137098707805343 9.8954359805696086
5.5868178634134651 24.802005519239334
0.95723672637369939 10.481786481390463
17.89697617607219 22.533356853222021
28.132319917962974 10.270672225073199
27.401671618172529 24.506597513874873
3.7081270112844633 0.71120596182529627
14.590638303451586 29.016569471001738
29.185976585955622 7.9875587392234557
22.450676203615636 29.355411609475489
5.0442136416827825 29.145162659500393
24.419765674696102 18.261437968601665
21.172369993339416 24.433949917363034
29.661792179460736 27.299022125420642
23.728577375500844 31.168224696174004
25.741083263560192 14.546198356168787
23.488359182853451 26.86744848219351
3.9892422586749179 19.975204494655998
29.699361357676008 25.214605242766336
31.586767539724541 27.721355278229602
28.610522212209759 20.670422232357616
11.257594521428988 8.2346541192240927
10.223183782601685 19.165949818126268
0.36522341531746494 17.908487707672109
17.98099714400097 27.242592802453075
16.583828044332851 21.06996087046177
7.9272953708041198 25.728412223632489
1.811226217208306 27.114403140259729
15.462520187974313 19.328982153458647
15.937112860476757 0.38432087578774649
1.1983255983341137 14.038113630950635
21.709756726058615 25.222477392402389
13.251887516198918 0.54817927553949675
18.791011794880617 9.4968665707843858
12.092747619310877 5.7529287027854519
22.32561026226962 17.821805813876701
20.524518039557261 23.197005201626084
21.237683232393426 2.7399718705535525
20.201920434610905 7.0399444836577771
23.60978203621735 9.6157860262747832
7.4279870440096802 26.585698074903359
0.094201141176728329 9.9162296863970063
20.2496515050615 8.0267385151932835
17.544248598862303 3.4543497593534056
21.662323227943215 3.4784351857562994
5.4380721852062601 31.00896085626643
24.984928348653657 1.9518791436222098
2.4032426014523685 19.590686413859459
24.377670521154325 3.4136041018093852
18.663561466984181 26.3180322540315
22.100392304067885 30.489371274404149
0.8755418352383928 4.4208484278423006
22.682926172108548 4.8370511767528956
7.2666306689478857 15.254188205930237
15.253589048238688 17.091616416010702
23.792313619427301 7.1794811478935525
28.535235417810792 28.606580543247645
20.722078363749159 0.70411614036753367
13.178062425364731 15.375049690550146
18.215438980935819 19.186151536727863
