1.184815002473474 9.8054896726064946
19.518294018125722 2.2843253201021279
13.952674588822886 18.874105373693638
27.745456598478132 31.366293548934259
0.10076214453922473 2.9398321221453445
7.5571773832504823 10.210743254907731
11.261969469933208 16.086796299853862
17.952799145818453 18.558509613688219
6.7374472229768498 15.664518162445127
2.0372727675236595 7.7229298845098064
4.4679431735487078 12.458491172483718
24.297661586665193 29.724221570600502
19.503154476981461 24.34836479948336
29.702722764466646 27.284707156706421
0.88246351160303516 18.26338886780993
12.084542901572851 18.354572575709792
4.1958026261053387 29.465719018658891
8.176787347400424 18.169017419715637
17.913975751775407 6.9044963922270073
29.754140074912588 7.1259001789356802
23.2177436510636 19.564904381720886
8.485851750721876 11.083388905375818
23.979930075116226 10.487157007123352
24.826643123024105 20.464283858093577
1.7946976600016415 27.017710841265238
9.303506669869595 22.304457210127552
29.794048617412685 5.1015213800052726
22.750290433050544 12.223234649918144
10.956266803422478 22.896451063092307
28.533493610193659 22.565639221321174
25.72104436828316 20.852472939814508
8.668936559967694 27.857143784128258
7.8790970888417577 15.045086550897558
7.1235675622927186 6.8225456961430773
6.0951851353900999 26.478560601173495
8.9365861652488956 26.420881908370291
17.636964279405323 23.981450955456506
1.7933176880446966 23.976361139890429
7.1266960990976145 18.103173702246135
8.4484874022822929 1.3699415224275542
12.768232745853046 6.520653772007301
12.624130733441051 15.341358558606283
27.584410374109606 8.9616552772225049
21.071514401382053 18.484271606333902
11.125403523786582 10.000150842711113
2.1148544616164444 0.56926670572782812
0.55074387233989874 1.4480840827027464
17.765725042511217 29.284956101623695
1.5865104274387036 25.110225418523548
14.720691446744315 16.424197375540928
25.171658880626111 29.174736939586758
25.416007196866264 9.7036766996699253
18.829445558217209 29.531110709987779
1.3221332088987683 29.701258427987145
22.401220959775607 10.112094892803489
11.168462603378456 29.325537439553013
11.696324074037497 27.795131811007945
14.123745573754894 24.904981987969176
20.836386847922466 9.9731511924449965
5.8111324222188454 30.834978486634604
29.180003253369065 12.479374454709975
7.7071778675909384 7.5642642919498906
5.1221816660529571 14.547779642347676
0.12259594406056723 9.1063210162297867
10.187509864952666 30.002495076188822
15.831466983057984 21.193948211184775
17.646195277211195 8.5975082148911639
21.142353404807025 16.577740821598216
19.900132942466495 9.6531067116091549
9.0676120025572153 29.060986374005186
14.016919451056022 14.284553259239383
21.93344054431703 11.595283925677579
31.528321758852265 20.563528997195796
2.1406262718832423 29.466060464853808
13.203141979949232 26.880484551725626
24.669767484721923 28.382422732166571
13.403081516384095 2.8206483688499793
29.123599007564184 0.96033130864269622
23.917369015559373 27.748397186669301
21.60315367412732 27.033177692343301
30.826249580887154 3.4425009798872326
28.563303175232615 6.7646871513259699
14.950843361264745 9.6139011971681558
26.95530896476301 16.312731061626067
6.2546915242986465 8.5222326556280503
11.090077849070708 3.6404064109453
30.541612210713154 7.7123367150284041
5.2040458077596936 26.579875704120543
26.035739783746951 8.9942680298049691
16.398958355342835 26.956245554007538
28.113883720591915 0.54782899947238572
22.631868161334882 15.170983964034054
10.050495942520351 22.982265126892774
18.92452051837811 13.234360486604412
20.059605182416945 7.7928987506975274
20.008784048645548 19.058322300983107
17.185355327188219 14.234348772474688
4.2728797118453725 20.791057446509129
13.785433172616237 21.343125698283909
19.746581824090711 22.653957515393362
5.2429815647110534 22.429989758116921
3.5934559629253684 19.994554959525978
15.912309061567049 26.003727128326886
6.2202510076238191 21.731951167693467
27.767571470943466 12.521556212232332
7.3863008908015129 16.287536637438414
7.0532228395972405 14.648600138448744
0.0044404978273103876 17.626456916043963
20.012131407930838 10.712976572874751
0.34189946751534195 16.810060531854614
17.733368322437354 30.232687550743773
16.878739133948436 23.203833461540608
3.6585105904708368 16.835855940761039
18.611199036445942 11.977155515603538
24.796434152322881 26.237200497459572
23.676102303781128 5.859965286759854
8.437065735669675 8.2622452773746122
15.85033624760781 2.258789422349742
28.782981340183959 8.7874421850331466
9.8179205852504197 25.965701186810008
28.329757487441032 10.947533560766756
18.92307184182463 26.113403846581658
0.37301648984238528 29.613926017533416
0.35769340064966176 25.241247212355471
17.087358007111099 12.010398430286664
22.193965324513904 4.2345441026344837
8.8484002663186985 4.0914002402735807
21.571445898172101 15.704703928612851
8.3308926253048128 20.0473120418051
16.845274100451373 25.833171042570154
25.28952692149943 11.359863205100885
19.004390436047096 10.023874862761236
16.246796693063526 14.672190131287241
0.12215464321188073 27.434701855181366
19.173070596681704 18.278799244172625
2.6798434621661689 13.214615652735649
21.171569989991749 30.82014956489412
20.641150582035028 17.300988006610879
9.1807908962924234 15.450309919336762
22.362182967848902 26.499337648357319
19.116748316496547 20.563227726268885
2.7756050742619691 30.575108138473709
1.1887441076243423 15.583471785015149
30.462733975877825 20.285677839466217
19.684381483793189 29.104972525879049
27.286985597861783 11.764004343276868
25.225017287939714 17.177192619093361
11.276230285928781 18.889100301513487
6.4515677693647309 0.72179263857090659
7.1484491474310934 1.4359282843049348
29.686525072816227 1.7036618461087609
11.793071044929951 6.2518808297965576
12.779941259264833 21.214246122572266
3.4187991794380403 27.564640349851732
9.3009975378114973 20.687041894286267
28.822941203044714 9.6571744103058883
3.2230980955282842 3.3253083972956654
13.981627028095643 23.87636670472239
12.40119099243811 16.145772349481486
3.2129354430369808 15.086027387261415
11.943724090389338 28.7484856649194
13.324109836840242 5.7098542841451341
28.768066422249507 2.2804896867916002
29.165369895433841 15.920406882335877
6.6603819311549337 30.374995143216303
28.797106479468564 15.095380857380063
18.701054017700873 30.550945616117943
25.271145037594597 13.46567744833327
11.412960669305246 23.774847669956266
23.359397281988279 1.3121572114985356
25.764322811419802 7.1386690793373591
8.6220798524317814 0.06628474906049385
22.606974479349649 31.217444287863934
14.640602808074766 27.8631877617083
20.731455366678336 28.930837692960086
11.685697311019995 2.6194477753456935
31.079725712409285 9.7814320040789742
26.885950008063894 14.650268046016897
21.959885359267563 28.930807412778172
26.768469559421717 31.109003618273274
16.712563616237375 29.732371288518799
10.137776144013777 30.802764192292685
1.7252811459898594 13.874053433423997
4.5429237845574111 15.338988663676087
3.2791498619698083 7.2151620738693607
18.541790380781698 22.336734748806389
14.769914326154295 19.60103939800463
1.3509463033521216 6.9434382609311802
22.960344601453002 20.52733335112363
17.46031255614658 15.173678250976462
1.4095161419340403 1.9771975565312225
24.843925224771233 8.6071896918202757
4.1490365791335755 7.6552818638945865
10.872021637186506 13.879428433681106
10.087291644180553 4.0667542053254042
6.7060141740269597 20.251531714376597
11.841567240622243 0.60217727046248626
9.2770485810911847 3.291320886989507
23.490375860686115 16.012153384399671
22.250194626329979 18.810677491513115
3.4190044565357374 23.306630949545941
30.505611794619046 31.309566039100091
13.604010326474137 12.071833404088018
26.608004136478094 25.416775239277985
9.0414142135713984 7.4567938087549681
2.5699032743475638 2.5354141213698815
17.784412903294701 5.3018470099176458
24.337802072318343 18.023922707181825
26.655106121286909 6.3878259726930322
0.45584582604483598 26.304664224982222
14.852372257457644 29.62597872610726
2.5220119457329986 25.138847409353811
23.455047971204561 23.948051247025013
18.901610029438064 5.3235293201948588
24.455882516490579 24.481461576440804
5.9592029747989468 15.15569405750478
11.262109463879545 19.875866761200339
30.730031585929382 27.471427279588273
29.28012356633517 17.552612292274446
17.316477934615257 7.8125248039496888
29.94772648950098 12.966051870303504
8.8260032007968423 30.757157813853748
20.302946031669215 14.4802547657973
24.120970139704919 4.6054336698953939
24.7902255385061 23.661423652268116
17.08181434974157 24.783310734358743
8.3567890242101637 6.7437390913633486
29.707011391310992 14.381349664428496
21.518127913830984 2.7899439997513804
18.954290687535373 27.624714184862636
11.634062606747902 26.76023080927515
23.031908201167795 28.437715797559829
15.214609479005459 10.642811436748744
12.876113901556524 18.014113871275914
21.567697616993986 0.16841063473225384
7.5574157284675429 12.84995624010592
25.498608330253031 0.37925781850347862
1.5652305682244929 21.764735572066659
15.964690135698497 30.805500249823954
29.313712207266637 18.455574654670592
14.43789667099923 31.26123364104664
9.5940793075307447 13.101673593538131
13.227558721870603 23.44200730814352
22.640590564178275 29.558354501843205
2.6974416423418224 16.331680019545551
15.120850838823763 22.144095925518791
30.565770351522549 2.5265569176606721
14.996620765723952 23.712308932871299
26.897531972248185 20.828697858706171
26.998682418583126 19.364747330525823
12.099576608151059 20.491111026382338
17.094406217238426 5.7494807425320165
1.9544872657583197 12.680827647286334
20.83542971542375 26.469711230907347
14.202590964678095 4.1861478102074017
5.4867622758838106 12.281648936453257
23.030708941962409 21.60927210468666
15.443143306547034 12.847579692476751
5.3969644251967912 1.3906331232544684
27.24047974407598 1.2213593649700096
10.774676102510833 2.2267495442753531
2.6264112428553661 24.038068107630128
22.609522756503704 8.95334558744762
13.116479820363248 3.8093080834081028
26.111300825238629 13.734667379344121
25.825613133988604 27.000421889561181
9.645910062749266 27.087244954369925
28.320477741699335 16.910596019004732
2.1735969087619558 14.573454799799597
25.444049974977144 7.9969295035303238
14.43031829843579 13.278086571242747
6.8840975420027135 5.9288730629449846
2.2387096956811634 15.538712316714548
24.438151117527628 25.39874782993871
16.279681314693097 7.3984047087268596
10.332000577124075 3.03118935738887
3.281821027669007 21.143069683340716
4.5483167048285891 13.520597546539248
31.391572213948468 24.270452586085323
4.3546711764484387 0.63519397324691884
23.870857412768814 20.891368534305577
17.69662711074017 10.173412877314247
28.19109161248014 1.5843134355016102
26.702772383621625 7.4928295310738822
2.8193585763100018 28.778685502559078
26.018792627602146 1.1540083196118789
30.074829506633289 0.44907074574452849
8.9427116504566779 12.266428022374598
2.1653154577916851 9.7209653630747255
27.526092816875735 30.25217472263904
24.546558185372234 21.548341473586639
26.645400919312657 8.3998286699291054
3.4444596858785936 11.987123942472387
8.1010027434130869 22.015447930930673
9.0254746230429497 6.0561775822473622
0.99275708875315272 27.361354598052319
17.31454327860094 19.296050213242157
19.608152303845237 26.882941429949291
3.7472354901607101 31.415781667882982
22.923066029835383 17.935686235612781
8.5286117135234125 9.2047281912243442
29.233041913726808 3.6551664653274716
0.95542086550283079 20.467794292868106
4.1436139873472868 21.845505955765596
11.811006933972267 4.0983072167630983
8.1083228424235667 28.687110157371958
11.71332058748294 21.491756490600149
24.671519062476651 30.600001734365737
6.3682454567536686 4.9676357367579413
28.22586258792203 14.460955590261298
18.337440175050638 4.3899089939583122
13.160037260848823 24.693675956999449
29.650083940298398 2.8011845805131563
8.0574443686836013 13.97590316318964
25.828789292287695 26.011892679172735
25.566975582210254 6.1942109106218162
21.942990461091391 21.678209520000319
4.4357320125990034 1.5603192730619526
13.7059297884432 0.5291505722147346
29.628000621883583 30.717592277589144
20.862467694246735 13.209051518809096
20.864954366453105 23.967711102783376
5.8567297463705632 20.760337219241912
24.524671218569836 16.193514946049408
15.211355449757175 20.485980910875735
17.72745986914169 1.9212137257940822
4.6716436534153862 9.018471027746612
27.246623953449486 18.529830456782101
26.10216074679478 29.061508590011414
9.8782770735444547 5.9053394621173458
28.865260075048184 7.6514901600342418
26.505144263108907 5.4440133970067519
23.731372884733791 28.967667967398352
6.7641815252819466 25.500648309899397
11.87366196999171 11.121346256278798
4.5538413469302759 18.201845467154836
6.0577071011519532 14.105392839507944
18.970709262510226 21.490150556967514
2.4574359874480827 22.8400585213342
3.8869730697072162 8.6585306795861676
31.163683804941208 12.466734175249801
1.925178993477358 3.1454899960894451
20.553345488974823 3.0681446345806673
0.97304848912494757 28.569261643127724
17.998473315537588 20.747812694226774
24.928149640665033 10.522030300823944
16.045816329257566 5.2991036542398016
29.542070654708205 16.699421731364332
15.247828017236081 6.7923627836195211
4.8696105671538668 6.3247648624355781
5.3329640443059816 8.2947221966198104
24.598316841828765 5.415805606767357
20.933184582331762 0.7438006955692148
10.828126544150678 0.050257308012185094
16.022641477469115 10.12770551609743
22.359117613104871 6.4723640770989723
16.195364628624763 9.2234359196130686
25.499230654694006 27.875204564989829
25.770364083523276 24.276009532988681
8.6345441806919112 16.947046523634526
8.1876122392414139 2.246902361822543
11.860242137028989 25.193062790898448
17.925248355388554 25.253902420251944
20.357204425676009 29.988220868824754
16.702597796943866 21.038665176192726
24.970829456540887 14.985403610198958
3.3269619792987686 0.85355477171493799
10.186376250798036 8.1340071909549643
15.614426785641777 27.558575429022937
12.689588839146765 9.2134319707688768
26.013430277239436 18.837949545253561
7.0304267536812901 28.564950244952076
3.0344744696553523 10.751507113231799
9.9426939583701035 23.886291049323901
10.882473108016484 12.032306826913208
8.0753659102625228 3.2018009626692163
11.687550089475286 7.2489369450061192
11.843531084497236 12.276893376399038
22.10815479757969 30.498989075554295
30.162220007759736 25.238421671556779
29.557110305580228 24.194408178399513
15.339485269452046 7.8569629598120141
23.567758903284503 8.7597952442193598
24.584252795737509 14.138149059404405
0.0076573215240031203 19.586744530464276
5.863001253264148 17.941921289458421
11.097558573512185 25.521981944636202
28.672289195524346 20.952954884244964
22.325862627345817 25.6055149179398
29.111453705407907 13.728172332258975
19.315523844221964 14.311175102479151
4.7485019499160339 11.487908653606775
13.620019061104571 9.3213467176546487
30.391832063999743 10.573919882678398
30.690947994770742 28.391908612942352
1.3076200386247629 26.009515826454184
6.153684237106229 1.8806636256975533
24.106173017679268 19.745070897045171
1.0736218038792422 8.8507012833458631
15.206792946441185 13.95268805281458
12.888104905571289 0.92384418812077385
7.4993744283825485 9.2827229640376174
23.350050449395464 14.489610890452362
4.6490679664847683 10.098899059191366
21.42143400461612 23.031512697485233
2.165147382250078 1.5146749293936064
3.0104781404654157 8.2088090327732317
16.720344093550064 18.550975087090663
18.752064235718699 31.583144766555616
16.713669018949428 2.6988839850424458
28.280188779424272 18.773359622056457
31.087638499021793 29.449337102776333
11.426485696361418 15.220001655535951
24.659683616487481 27.11480737412634
26.504481159228288 3.2001801789187381
14.156997662834154 27.004066025012406
1.8221818953402567 18.293152878434491
22.133479323554255 13.205349002199647
18.289655716617816 16.546044125915881
12.80412004746913 4.5989477684414419
18.879052835964323 19.184627990715011
14.283440610472418 28.808276063677866
17.33681908334794 17.052654277073984
15.887598120007137 19.132888812584149
12.657436975742241 11.544421128255591
27.638125638320496 20.182975826874497
15.400470425823137 28.710327884287025
22.266111975255725 8.1096256633802319
3.813744602259086 2.5119578654235877
4.2891601901081069 26.943506749714064
4.997630536012438 5.2750565838900236
24.985936250354854 1.6121423844504819
26.751089292868556 26.773550433466575
6.7034464733112111 3.1575675910388878
7.0644660822168168 21.316762811236554
17.342754526029477 15.999805187865521
12.583665677904706 30.49723572950602
25.340752954797832 19.574245721187516
7.8766067343114292 23.285384364546569
30.549819129623085 13.595484006320776
18.954951396323114 8.5455474685181549
30.601136593555669 1.4033412240003074
11.743818055021853 14.434948077500266
9.8702620411104522 21.536018948834318
10.849714802969697 24.389088786511241
11.618936851453615 17.039492210888334
3.1240350448422389 26.601723204314755
5.8736531089237607 25.378627199001581
9.8599772977017608 1.7906928142751724
22.327067078628787 3.0067672569284176
5.4716665785738687 13.331027604621637
19.306318455153935 4.1926652911795905
9.1213804436673023 25.031553058610946
30.070434532285887 15.181370052527626
17.091808207648224 27.377571560969251
10.188143283241049 15.511040004066171
10.676964401101888 21.89906673439204
26.240487016425991 11.244912761083469
23.604308719216654 22.237507246621707
19.817982188547504 5.1291723697135971
25.563747109111883 30.16359126589909
6.9632456771466247 23.549971384635992
13.604446184056352 16.839919796272621
6.4017229485225435 27.642986084619228
16.272350396932659 28.345917431881961
6.4780652224986941 3.9569482912764653
16.44940897240102 12.672341719996258
1.1046654899897044 0.70639452617188137
2.8578740506721449 4.1232415721216871
26.555797279501025 17.828190509872911
23.63456407869667 31.011023927880203
9.1880232222250964 17.743887956990861
15.971177901393114 24.981861329621299
10.297063645125759 18.380982760714996
0.95681214361481526 2.8090308826736536
29.380797935596409 29.784896637553803
29.703456272837087 11.453133867234516
13.877266144419547 17.882052454632401
30.815165961750054 16.751930950784306
10.924573498264168 11.053843851892474
7.8781272230997148 5.8640220382101917
15.056019375725457 30.542227198833398
22.268922145784604 24.640676612607407
4.0012179453730603 30.56177585129425
13.624792126150313 15.965901535111037
0.7864308505473887 23.380308820659071
4.9965744894061119 20.201908301866727
21.361160105410377 29.739773596933958
2.4995279043268361 27.706267616624782
31.475511658258323 1.9430458603136969
0.16830982999274949 15.923799884302275
4.0287514439967795 6.4531352270540179
31.580142952308965 13.226240022916308
27.626400507320021 7.22037545397251
3.2243606117525454 29.779963067254972
6.3112059506019866 22.74271083278434
8.3854237414375969 25.501214743644091
29.644279338323571 8.3429164220674892
23.313109670072315 24.820841782017439
9.257855881867167 0.94626708585890229
7.1972064676784333 19.478085795177144
18.383668044416677 14.860242301866608
21.35720022818758 1.7302105714871545
12.178871614430156 1.7506605725444695
31.141939917388218 26.450036579212693
18.52736551306198 10.835053014602668
4.7782623501516106 2.5219386067658371
7.6445463528448414 26.04278989208359
30.638235466596633 5.789134793067154
5.8652059495127293 19.606501388450635
14.050300776133602 20.178707003992201
10.240374636898872 19.315052325026212
29.137178869906958 21.879130742764652
6.6428001648146031 31.463018825729645
29.260734247617879 10.609494611240569
7.7301850129257357 30.416963478596468
16.352101602975395 8.3804034065270585
18.701307915545442 15.827677899982008
1.3158755280386731 31.350078298059621
16.618101965162658 4.6343055901343533
18.425553139510704 3.2928750459642888
10.117213270268396 10.56170099505354
4.0271922922675278 5.234808915563737
25.692503418069837 21.72876951909787
11.078633500171716 7.9790421571508858
17.195796514529519 9.4235738540033047
13.518511230864465 29.514056701421325
6.4772178133805314 9.5926839240167805
3.3991849464367014 25.295557977634122
10.342588481000972 9.2865939841405307
1.6021036553225887 22.834704390607303
19.903460732040983 8.7280530434665238
24.711416173233467 2.6942336624677576
6.0227347204035784 11.472383472981797
2.724449844318432 31.565796762673365
26.415757089231835 28.174692263937139
30.367277856130467 8.9430221110509969
14.408588626456233 7.4271259012672077
24.14557743076185 17.124836904053598
8.0361611652949438 11.97712591489854
4.9108481918554672 25.584109424940095
30.430451210587851 23.086984414433726
9.03984061137864 29.978791163144429
9.1848209043919269 18.688490327939288
12.915172698372443 28.685818273831529
12.898214696528672 10.367479358000649
18.453057996684887 9.3073064897261073
0.82406400801294877 12.301512976010892
14.60497426792433 21.313473514686528
14.562913488122371 11.223157660486274
15.283830362315594 2.9695334595147154
27.609348123823942 2.5687115134699665
12.481077567437442 13.784861071118183
14.094751110581322 10.066428071516601
28.942485141412718 26.683627280962231
18.264615903689819 26.860188204018659
15.69875580190706 16.997024692170353
23.843183264009962 13.550973190649909
13.931615102198883 25.982455683333214
11.298366606181066 8.9896676170349128
14.796521054636189 0.59212903721403709
19.799628640160932 19.952299357627012
24.388172040447451 11.759244222024646
8.6175277665099212 21.332244040868158
14.296633284912476 6.2092043277813396
24.394191459012337 9.3985191249988222
12.123550213159643 8.5310813760021311
26.552527328672014 23.846270222743083
12.405214232425621 29.709274957435071
15.527731023341723 3.89907332931738
2.364770581487956 21.541281820394495
27.273034793593581 3.6751414216998697
2.9303093124567066 4.9581934643146797
3.6131968715133151 12.995607336188916
20.08987100754204 23.540767636090482
20.96685380014577 19.412346519205411
29.570018605310239 23.038098996321271
14.480017827541221 12.286676324004688
28.780587868305652 5.8239555229884266
12.279854895183423 19.480301065183152
9.4099005930094837 16.444447868056997
12.043910167703725 10.026827274911923
21.527187952727385 12.453609193675431
28.232110495453497 25.912338713226802
9.6039289899070202 14.012461493392793
16.330960311044617 24.077331303071048
6.8980323517986371 11.966767698684171
24.874386637393126 22.390432886892278
13.410878905076226 31.143769553242226
4.0908923836865938 4.34253317324014
4.6217319972406967 16.669795747985265
19.442318257694119 6.3397703490300081
15.507452701502517 11.848126699211015
17.747679924601989 21.597316651768885
0.8230991372846479 3.9365239534911844
22.095962342834905 19.606539025693895
20.385043449457495 31.280669172186542
21.924046627605897 14.59433871157376
30.842734951011604 4.7494113696848661
18.549755991241806 2.2337536340105411
0.83907507994167851 24.387488536127677
23.354140310765334 9.839651926782377
11.722220469189798 13.167580267528686
18.012985605738361 17.749600953001327
1.8019749990130498 20.55338881838712
17.794822513621163 31.328236773262919
16.900524634524789 30.848180075795153
30.087104587852725 4.0444305329094279
5.5387438352354019 24.412335705165038
30.84240380431179 6.7466664427299259
23.498144223756643 0.38066928484199325
21.487448846469306 10.635580633042636
30.423963376120469 11.964762556705585
5.8655991077538836 6.8479938920767909
30.528537968298632 30.150847056206331
21.13946034297286 20.30711637668001
21.270967450860141 6.0615659702093261
13.125314725237969 19.146710630815196
6.9773825828705247 13.653501112154281
0.95621550714999348 14.749634677699639
20.602046355862615 7.0939465777648243
4.0654762071553101 14.337697850288141
1.0802478067806009 10.850419609601934
4.6302433485293593 23.728717839199575
7.6189103159076694 31.341171499883821
1.4759950082205264 16.483345574323589
10.751823541538277 28.333246448029154
29.68843439949849 6.1931553753765147
31.495937998361907 18.561859857229237
0.95729420651357056 7.9360668966687822
16.043283478663476 22.286886873421228
9.0488728710669459 23.998507797070868
22.973367938545454 27.313638419549285
15.163303278295025 4.6850177440598761
5.7053687334008085 29.630540152509173
26.789112945157324 21.740106517364701
7.4217056802056343 24.792088539848855
9.1685802724232843 19.583166024227996
16.230531420635845 15.518748578559453
23.32370987047479 30.132954356211286
12.277688592318095 5.3845323956798792
18.491449544359902 7.7446037399450631
2.6859408050505738 20.281649939891889
20.431022882668096 27.436236771038974
24.638505029916725 18.883633030379343
26.913383312390632 9.7040608164572291
23.200087517526505 17.062131424589776
26.228624031021074 10.321575927149196
0.55083856942406684 22.342168705902324
10.406468742008908 4.872112476631786
30.47288827340714 24.191075813327028
10.676864415913064 6.890843491100572
19.777248042591644 28.202751066866977
11.838497946867442 22.436664159622655
7.7205878355975814 0.69618291459191339
1.7693675836266647 28.342483404334782
27.916443961655109 21.303727040469475
31.338530211745574 30.784110892239543
6.4143783497151663 10.549204738190602
21.661372261700144 7.0585749753270601
27.988554468164448 27.090133353084575
13.209269273468468 20.237888685876293
14.069834207408944 15.249658967708124
9.4472885125996999 8.5990364194105293
15.777679433442472 23.261112118914259
23.809117025125833 7.9131380392426234
18.922117130582148 23.246834069260245
2.1785631818093978 10.698418621575318
26.270822218869665 20.01095435035878
31.607861465067902 4.1631699145844596
28.918331582176133 24.857357360178895
29.242249329824642 20.173997220999539
2.7805879674585325 18.053573187037077
14.318794852406112 3.3247540209830855
5.5875660903906637 9.5042030134723579
11.231225879755653 1.3269446549452248
29.092540323608791 31.589041595120865
5.0058800571237452 7.4353652177494443
27.714229539726002 28.550971180307755
15.608938762185408 17.98184469388552
31.353788741325626 15.225280021834783
10.876975024106425 5.8992364418866208
9.9481137388679404 12.005643819035487
23.443458738760125 6.6914059262206962
27.904112494673097 5.3028283130470371
3.1567045149196562 14.057365310950464
13.051644221084384 14.58578252053446
29.98062788475675 29.085446922490416
22.053497776839247 17.054782829884189
12.46746685464773 31.521829178009654
15.217995007959393 15.764960010296342
27.178412758861683 29.189229198196006
23.640058877474893 26.595056213943224
1.7875113724628213 4.0622072364316333
14.918193386404587 5.6025255653242914
9.4584971198681256 11.190542404714176
30.95458459314812 14.412227432047594
20.33546122464768 6.1029300586605402
22.004183428204282 23.88069139606732
15.58353894388584 0.10684234106846163
27.909303984796793 9.9757245242769201
10.106814348882374 25.032731846677883
17.473828344401028 0.67256780207984268
2.1584573456558127 5.8529909399900131
0.15817136566292567 6.5177336734650062
21.066413852612925 24.835534130803751
28.695472075429162 23.592910882249104
16.363445440371617 16.470560061241056
7.2770649800986114 22.379379098930595
19.62194447738511 16.728423783486335
2.6780167559925632 19.173681527593871
13.076846154884977 2.0076928963081349
13.705367499909693 22.424913083325112
24.378021526156054 3.7083867704514835
3.5725642263742046 18.845808886709559
27.370321818053618 26.076405434483089
30.211250022596325 26.395877555381631
20.937544636955739 8.8191198470589391
18.518485026924473 24.103989167461943
15.131376279265698 26.689471016888803
25.786413563704201 31.127138554051729
15.948343871408911 6.247845944064184
28.008141619023 24.899779484696658
25.498994172040383 25.080509590966326
24.010572762151966 23.040306289070269
22.336678568752145 22.530163808923714
15.06407514851132 14.823240472120734
10.619622168916498 27.408870926104573
16.084795828108092 1.1109921341113538
11.475291976166204 31.048916203617779
0.78750443210313237 5.0616452800143357
0.36458562774835029 14.149628024577682
4.4019561527997357 19.383043129027612
23.179798278978254 4.8701218924703475
0.17292984713855739 7.4845393133969615
28.534765589277182 27.815130623561714
12.346817015669652 3.1416193471318472
7.3358548820608993 11.095542168365053
27.522285867819409 15.322398109156323
3.2029420229560692 22.234295185863704
17.606700440545147 26.30682148198348
16.966084163491221 22.103454121449797
16.622029192396152 0.25780231213780691
21.119251370121614 28.096082555861972
2.480514664637846 17.196113586831725
13.017265757191014 25.675140713313919
14.491672780547916 22.810848573296827
28.335862434184534 13.250274342560367
5.8774554891617345 5.8712034999214646
16.086057826371047 19.916466973977418
25.869316288620475 14.692610645558274
12.576589312890787 7.5973461436107721
4.4948858158647678 24.75432394821069
18.78883268235181 25.210359000007738
29.524953756870925 28.191227100986431
16.186894634403075 13.669626068677866
16.829295914343415 10.646623831060227
14.022595017366054 1.4807330670509431
28.552352330184771 30.747924944331615
20.310431211647863 20.804162027322501
25.496043722110979 12.444279668013143
7.3332206972721981 4.7995599506568336
7.699443491259558 17.218707695719853
26.547018921407389 30.053108931715759
6.395700237021761 7.5482911529690151
21.279004633859959 8.0043433480277493
17.843821846876704 27.908825920004002
5.3676342331604978 10.658922304805854
16.67771114922148 17.704332813448652
20.451480988148312 12.171556582999079
2.6120215387484302 11.876495307708931
27.264261031952728 17.237746886685887
27.170486584528373 27.65820991866768
19.620983790513549 30.426906138315747
9.6616447329600792 31.588268279690784
1.8431160780224407 30.659978606711899
17.781183293737929 22.904529879750129
7.9969563145549616 19.056015250307993
24.504830633976301 12.704523130660199
2.3837655691759463 26.192770713305361
19.262330309828396 7.2281774539778318
20.094023883862587 1.0525337270029433
21.704656790723849 9.3560979796351571
26.064065268523102 16.85918241179915
9.8073211778243152 7.0653356569039474
4.5441691483699254 27.908989286025424
22.424065690329666 0.60092848527687726
3.7463028879735183 15.82354238997339
29.863948169747619 9.6843304875975331
22.724041833268693 13.733833600038725
3.6260872588785209 24.289532415596582
2.1143319639084459 8.6913635559043385
17.077984494899507 20.18102093403872
3.7786559742495842 17.738258001721483
0.27970475225705993 10.311981239785975
0.072823831462927452 28.485320488544485
20.115031187292665 17.968006030397014
0.60873946728477535 21.421537379263111
18.560619347908247 28.566217818719558
30.462956101165947 18.417257932244862
19.448712325647165 3.2559120994350632
18.401768597153541 6.2071537078997912
30.414107359611201 17.558906123007795
16.209154786227629 11.375871794811964
21.747068237300212 17.884811981512673
26.332068504254316 22.613888577279241
4.3017201189782961 22.843271818274836
6.7540562594221898 29.440848223739728
21.400441955221059 3.9183594962614205
1.3485371720335846 17.326972460636082
6.4882302705470964 18.75132914667217
27.29735233580643 10.84667082047298
28.576441789819985 11.818749109692055
17.562814367184075 3.1024413056847142
7.7290573943316287 20.692576608192422
29.359229291804905 25.771970391301533
6.9916762108481363 26.751320528500813
5.3440980322086808 3.6137979748796374
27.448126888725952 13.845180886274353
17.684166740146463 11.3508929663155
10.168228476229196 20.28982777916589
8.1052662073101231 24.297857169476899
8.6553391953121217 10.181707601169379
12.353097047874478 23.316930672571463
10.933013767908042 20.863770568869036
28.327397128537847 19.666850950003674
5.7143685760738387 2.7168473125445511
14.94809772490327 18.589103641274242
10.593675748338836 13.024407739775413
19.196700912820088 1.23769869341145
22.889498769772846 7.4732805526639146
18.361400044583764 0.96382948037994098
11.370135015233636 4.9531576390926162
12.29039216440067 26.211687298713979
22.505268114383103 16.175719197689389
23.428125171224099 12.668136807832466
5.1350447216743884 21.480446162872202
23.573560300237524 11.412018189565041
21.31350235915399 25.660853062306131
10.143180724793957 17.426388296394627
14.876146822833439 25.722880043284519
6.4899173633893179 24.281296366159829
17.058457394059868 28.633004471867839
22.045661766245583 20.690120801437004
23.425890216094025 25.767327078896137
24.445695581794659 0.93512421819904057
23.970111226904816 15.197759546579277
27.880132343136495 23.842064366993245
15.174212571639096 1.5162293241726637
1.7612191410237776 5.0259013424905685
8.9032360082695341 14.560211364414496
9.2072034089015826 2.3962307093020114
13.607957656044769 6.9820162488130819
5.505020554136685 0.3927401992011828
26.833991594940436 2.1221740842889645
4.3133524190367671 3.5587223503630439
27.893376057837965 8.1441947146206726
22.860424320599833 2.2386080786436433
26.842274022100678 13.118647735402639
19.569720685153722 12.433638102528695
18.296948191893193 19.824591615160365
6.3872484573993225 12.815997093348576
10.703229015888923 26.408226168361157
21.285027953822102 14.053348385870652
13.317519622471913 8.1285746761678865
10.353865998049185 0.87823851818615761
20.815549606164719 11.360887984423773
19.450012086689838 11.352268294453006
20.451279421403868 2.072432470082096
29.538520673666586 19.30748288654295
9.3119652915273559 4.9603879406139217
6.5930558809523019 17.177997202192255
3.2297512260776511 5.9292173322463491
19.997838207777107 25.917288620796395
20.742790867608996 4.945679165022776
8.313423014761721 5.0138448583157702
27.57747583521348 6.1708862993428282
4.9476222918202346 28.842852374862957
18.996328340965103 17.324753426784039
23.962841369742268 2.0980077677986069
0.25458866225275872 11.611778963439429
5.6092651235058737 23.400545050619737
7.1751026024774207 2.399548643699855
13.476564042127571 13.376655911142432
28.318066608856462 29.728438719968779
15.110920236071712 24.664329915656133
22.166019861425919 1.5201173071116199
26.18640239668423 4.2391249126248738
5.1698060685750677 17.368423536718019
10.352649690341106 14.689893913322004
28.147437887068417 4.2514367210161508
18.244537405397793 13.89707860461149
23.47122934037229 18.608163035312238
25.541206759801589 3.1273600800453019
12.591191087365139 27.536495398221
16.889716744926062 1.6219303764732036
2.4604039295828533 6.7779934319563688
8.2718660185668114 15.903677412814611
6.0503650444883856 16.537724412448991
7.8920108617032847 29.576472095030891
16.942300193587453 6.6841329328311812
31.223732548301797 0.65854509460591115
20.804139720524201 15.241418654992279
1.0155975401215724 13.236919401939574
25.501439603246993 18.100568189614204
20.026588025836649 25.055770395064425
7.2387841118365586 8.4078341110855348
19.625840506908155 0.059301859210609077
25.515781329725762 5.1586890733013293
5.3054971291000053 15.963048928148954
21.676551194997291 5.1556813890847355
0.59676191657469824 30.613110919626976
16.422983821333627 3.6121086911739257
8.5388656314034659 13.235107491758644
26.751479555025654 0.44530750030466831
3.9836824738183454 25.99687849852462
7.6831347241512837 3.914681062365394
10.06035901356891 29.029078257070218
29.886660783845858 21.009032708742506
19.958015117476982 13.445723235609009
11.208990328311739 17.744977470846635
20.816153033931897 22.482455718994849
22.559549923883825 5.5541892783210294
13.564259260375042 28.03639603961015
31.159665495326134 22.252828663974316
19.894070713893953 21.722443392555505
4.9611137927638058 30.198268975366286
14.433745189558234 2.2831816365914404
12.301458907731268 24.396097428884371
30.462746475346485 15.972210440442081
5.9097237132882992 28.609838483787357
21.037911940064454 21.519367997457046
14.643660562648288 17.403733979414014
15.108449905136871 8.7777846101961821
20.151398820012698 16.055113168690529
30.090832103464315 21.996521066416392
15.933911409761677 29.628795459475544
13.599457049774376 10.980348600530867
25.250014121345707 4.165614788498714
10.424462321240489 16.560726999634159
26.306773996388891 15.638768164315483
23.565944636201635 3.0938100934810215
5.4105781626905323 4.4863193008918252
28.318551080245349 3.2371701172344221
0.0061658575289608095 5.473624944975314
9.5814035273421787 28.05355828809185
27.088673275779978 4.7261287819219486
23.085662980983695 3.8541773661359167
0.89523500718924387 19.341760737118008
25.387896313786335 15.965852792742011
28.156265867209154 17.844115776944903
1.6263985908636864 11.633866632305354
12.852350610028056 12.676794812446474
22.851973100991955 23.24874002957835
22.735191651909638 10.988269151014952
4.9008925458170109 31.318700013217267
3.2273793347991981 1.702028439055959
5.2875876432505606 18.865501957849482
28.711691788316383 28.862469444002407
20.373500923036616 4.0085523864814778
27.076040537566776 24.6954885626776
11.333629613173443 30.211744675891133
30.597957791708591 19.391063235409675
0.21498856983089026 0.12186556381037172
19.507538717056921 15.328147050996002
31.427522267788625 23.285905930068456
31.017580955462712 21.34519900807862
31.050847796195487 25.379266081019171
1.0957242602254975 6.1112763858117072
31.271507656952991 8.3284280147934666
13.884446371644451 30.257297888027612
1.7918940763122362 19.399444042091449
5.4683327580506695 27.613357656033134
27.676643901684397 22.297796797305615
28.047297537416238 16.071193868885267
7.4991496515786347 27.697972576303336
18.017183327374767 12.65336282140782
3.7347637366257498 28.560829896780383
8.1980132440840592 26.991718614775113
3.9552501578798189 11.078297446798828
24.625517206117145 6.5113402937404397
28.967143767582066 4.7357184340325933
13.895946168467475 5.0150586380833388
9.5418559045984974 9.766929408878811
25.859488557956464 2.1400159104934753
3.7282024093433317 9.945581898043935
27.23981793143054 23.149897330790463
12.818324149863422 22.215570017668036
17.423049124963949 4.1745550107210869
12.634693832298799 17.087944397191087
17.315157199013488 13.282605880358902
26.354195818258653 12.309094426698787
22.131365692418139 27.917511528328252
8.7617901958904767 22.999450167508705
25.59377808712394 23.118545394287551
24.584776964383803 31.556091564046991
31.14257638810626 11.093141191381616
3.0648361742047152 9.3762830589103512
24.514992232562495 7.3735743672728322
14.152372652240613 8.4652419915370718
