24.032914382507244 28.676280176040201
13.873878728968888 25.125164407604267
19.371874203425136 11.69376525420169
6.4928164053918103 16.60956152327568
6.1844483184220724 24.948470090207877
23.289661118019445 25.938485626156105
8.0284898594674594 29.604712915117201
21.734562434888108 7.479758534630438
19.499621938216542 5.7714358288348144
27.145974203494269 30.797786477700285
28.473368643346912 1.2128516742111344
20.695601890820772 4.3306993365155311
29.220901092480496 3.0358865759062517
28.188331028787339 30.959850489513741
22.342736618327944 21.134905209401133
17.126888265258923 2.9541098575276004
14.934277287905676 4.4916335101050064
26.945341467126475 14.080119892969952
26.678209104021121 23.335875492036585
0.66030473661478972 8.590445503146416
13.950869220863309 15.743976674624792
10.364924891323925 6.4650521929392317
9.1323974971828772 8.2419950313676704
3.9323388176334042 2.4558730813879337
29.882178788739523 12.186001124864344
10.321642462900662 9.8471391936273722
11.540413306483094 28.086656125166805
22.836586093627872 15.616729233005177
8.6355006267311332 14.653711629537147
20.262811902833427 5.1794680413714369
12.048660423443856 13.507173004190172
15.543969955799671 8.6799872830282574
0.91723436237304845 7.6617788692116902
7.5744688097711608 10.018100114242031
3.2429489225893247 19.171243535224935
3.3279581402077372 6.7508363027603302
24.479617665366746 8.0782202192730299
21.396869509608063 20.72464104457379
27.681626307842468 15.561762482594853
10.31332416282854 4.6415082151810347
4.0570056821304847 30.529800871419013
26.348664422023742 21.500885663954289
19.11855878643728 8.5896684843937265
15.484628134506865 19.702731576719298
17.765465473794016 11.45242593857029
12.094689908224545 23.704649229136894
24.996928629940165 9.701678059749657
14.860187111250534 24.564957863161229
15.636557498331856 22.98030654570174
21.060126929101674 10.480730409117532
13.392053587987187 22.072652804589268
11.260009403446395 21.17151840196691
19.095075856186206 14.489654430042242
15.694210004897815 25.059465553453297
17.332125158378354 26.952081220565418
12.485206946875042 28.237494156068021
1.0159594511735595 5.8221118567777372
30.270200569044171 21.069001404879444
19.92365230951641 30.325977416676391
16.575230162441112 21.939734577761051
20.312378612339224 24.272154114595015
31.18655701166503 22.712445046196081
30.441734829508036 23.943574227924103
7.6447884727199718 15.180390082647248
28.738977595079128 9.5688614786366255
15.964687555014359 15.732442022108771
28.221247188461913 22.43803241981907
21.938938640718085 15.962360270930208
10.26692199814747 11.604230162479487
19.859329033757046 15.038174846851748
21.154083850326835 29.87827545773677
31.620257160670878 5.7993778992344973
30.17021855190448 5.0859678963353323
14.941449040431753 16.295942681986418
25.512669255870428 12.650133685370184
3.8012269970092549 3.5024188846874202
18.30719959225797 25.298723306089045
29.337185824799356 31.324044634494559
25.571327650424298 4.358760167811635
0.63335217643357133 4.765331127905613
7.9162846292407183 25.88741550327876
12.64264294370556 14.18462574815533
29.022090264619901 19.335619972326715
14.664131828274714 3.4632754626228062
8.4864898065703382 7.0625718245658593
8.1501537327489668 13.667109646346104
19.762904399733081 29.310413692347158
4.6670169070773007 31.394155008785848
7.6013004779283051 7.3680684252112529
3.3023353069345771 0.94399149121340731
21.912656633307936 22.284142165602105
4.342358907922514 28.153024356715637
1.5800959702451094 1.5612411913311579
17.676996526798341 20.25341974604035
27.146914028808773 18.595224455617554
21.03417207064394 11.841441022031084
18.588443140880898 21.904839597269177
14.459754778035073 13.14223738448813
1.5454338485451757 0.44678090425691763
23.421660115216646 21.125968383755904
12.435457315186543 3.3831724879047851
23.621334770977565 22.651259532945272
31.358847701314311 24.840205616221393
31.025057123407404 6.8801321516811766
14.243424321180447 7.5506690667970071
23.267524846463758 11.698680999739535
21.694752762492527 18.191896827479283
9.6702709600014831 10.586650318053552
1.4936464758473271 23.802678161494281
31.390190520852737 0.77537035890928985
5.5583300717018389 28.050676204186018
3.5490890508202004 28.830128406961929
13.297028508860773 13.315657146374395
29.280445851259358 21.421218485372446
19.047674761593026 17.147760358686913
23.35176220816037 4.0731962092855927
10.807897646759303 18.815688168258074
13.721979737748798 27.440686412442219
22.178309955631153 12.181698521507078
30.588496552521256 9.7023309912135733
6.7716744896157568 20.854150717127098
24.919873526640721 2.350305515594814
26.314678541146016 1.5015526100356769
24.817345684356781 30.08339777026503
8.5737742990418013 4.2050803261886163
17.891374168375833 19.027370621745085
28.281218622830526 29.430485785296451
10.614920708212681 26.035178062848672
18.93742663218239 10.91992631111966
19.927656645813624 6.5854561142084664
13.566981720690416 30.755961798671699
9.4807697575617418 17.486769061300482
0.038586429705722201 16.15575982062531
25.177513042262873 8.6347342488413439
3.9505698209335285 20.981857490379678
5.9212835100875338 21.258618157807103
2.4252783206127075 22.276442764635984
27.028220568564624 24.481949062352825
30.29298059026446 17.708654280765302
18.200900452342513 30.440976421185066
19.759445351793278 13.710570868255235
9.8265615555941572 13.047537257778568
2.5265240658378074 8.024623157679617
6.6768512394314126 23.078969711105813
0.64113574945258145 27.274512520401824
7.6526238357123306 22.719197559183982
25.964732242752586 9.1940952973452266
30.311624662484277 19.763190074705019
4.9201757014981427 15.587256772263329
11.700381406821178 7.9093320947819068
2.1268954023309963 15.945449106227523
0.60227562701677695 31.484136390030582
24.559218339490133 27.770547372942129
0.74538708631989359 25.969696776723556
15.995162909016969 28.255685044712418
10.013778257793756 29.984005051878032
15.886564537952701 2.7664174405243998
17.714248912352083 6.0353110772018841
22.806098499812137 24.292648742985289
1.3910615108389037 29.040939333619136
4.9233394978239611 18.416748159485859
4.4176881363820497 5.4081689437233029
2.0682824366957298 9.2888221974773195
20.853504481545613 25.816381312487891
0.68124236070565325 2.0115235447803426
22.821560161395045 30.691788930946505
5.0231380586088266 1.104359112157085
29.096350982166108 28.934456920483719
13.18177461284327 1.3592118368266923
11.906279973671749 30.287742192352891
24.550250332315006 31.258848535541084
21.095377960536435 0.081628989112182304
3.8322407261280711 25.671929538412677
13.327642201734548 23.373424802139827
9.5070545847895556 5.6860371202812994
2.0453713137610032 27.467418287975686
12.886948121151862 12.568286684733341
6.7999742805872554 27.988742085644436
15.894049622524934 27.033283947115333
27.875764154487655 6.1961247982751146
15.303290838854876 1.5714829992361925
11.606905420690174 22.950908206721419
21.294897380802187 2.7467981560791075
28.803049529342236 2.2760985949886838
28.21980831394314 3.4714786715951629
20.62089524390441 29.118222027874435
12.482308833528466 16.929404476022011
3.3674164441452632 16.298806214706723
26.087916127948667 22.399009677661319
6.1396078568298558 15.749838763311187
8.5524204652108633 11.792068521754551
2.1500952460479916 18.888157039375937
3.1875639814205776 4.6262928560603083
11.830448560152611 21.958511245797752
11.053568137013686 8.887317387952919
4.7069509751570342 23.639423675575632
5.7368054118605292 12.407781231970178
16.191894655001128 12.730627029911044
25.814996050839703 19.724608841546679
20.001809066357378 10.375306357830731
24.679469209347321 15.771713812662302
7.0324077254620834 2.3423823372656303
18.172227000304531 29.173498408095742
2.7527872387463059 12.790631301495742
8.5472488351869398 30.391253844833741
30.507639935883564 24.985634164188138
29.000807379100745 6.3672054777959213
7.2595631369468334 19.665571886376959
16.655906311600887 11.253630753254603
9.7370670526053953 21.843776599567398
12.230137156681634 20.589149134690931
3.9805541544809633 15.435470044090358
12.318979506571234 17.81223146151277
20.139898059960853 21.818189405825596
1.8054271861196214 5.4705520771238438
19.360373591585592 2.4731883534615506
23.811637812587509 15.727891403144525
12.904407133665408 6.3172845326095013
13.822016998103365 10.432097371211093
23.399414525967153 1.6732929877978497
11.844626432732538 27.076348192639415
11.748506241449165 29.153036111418245
9.190892967294447 25.311714892585101
11.430824639325719 15.220451297249825
15.328634697573067 13.56901223211068
10.914422550519575 30.220708600354595
15.938296440333746 31.609136403393968
10.827247633246532 27.017375188726454
21.166758427635852 8.4461818924027146
6.2754255843002209 13.874371686163975
18.822102561198527 7.0063525407929861
7.8932317804031928 6.2145620603921063
24.875047702687326 22.523157156235285
20.310925177014092 0.50202435505573184
24.804477804893139 29.018866171524046
20.869934258179828 6.1701724712583657
17.010353791611728 19.473141402097383
23.521598444368308 25.012834140736022
5.9074036295972219 18.609510899663281
22.774507563266607 16.717476232981525
17.562738784268593 15.520349757610191
22.048133826497125 27.025037463386713
3.4964734199396461 13.626956094425639
30.574895183847975 1.4056427199237995
5.7858788857606704 7.9694123649070461
26.878214407242968 15.118796429484552
24.198567838521608 3.5344577127642864
4.4304428305996 29.356488919359627
4.9735267505029483 30.253241592205658
26.05266630123943 14.277511749169708
6.2146479464002038 4.5782463840815488
18.443344811716713 13.659342253638172
10.990447910634819 20.248925225735963
22.6409078315885 14.630118909491516
25.236026090002394 21.648188422047863
3.0756653159617251 10.096964418577171
6.5745732924004514 14.923095954403438
13.648026048176204 14.880852607192052
19.492313913168985 19.874768911748102
7.4108931684102535 0.14570164069456706
21.674117227358067 14.944362371528864
0.16413871010830214 20.080383806688921
30.630169121966233 13.121584462949942
14.39476411787269 5.9733491434342607
12.491544750485438 15.04318545228273
12.79774801333474 24.292708726074064
31.195572921750021 31.248029832732911
7.8758231425497653 4.9217697472886517
7.0333130748908337 5.9937602253365423
6.6072797719111787 6.8258352068634389
29.885925493796162 6.5465196813765294
29.632081965005575 16.880623899770228
8.7706064855713102 15.51374192155537
28.388562089281766 21.46083532634945
28.085170448634418 8.5934788553604715
28.168486608072534 14.812030415837485
6.7883349361819656 30.139856626777505
2.9483335745340975 25.701544424030921
25.477038298799403 25.408572675458778
7.650649693772908 21.6016132624442
22.984100788353537 12.737388978900684
17.533755135072635 9.3687048829614721
5.4462071240101855 24.347678538741771
18.608991585618252 23.011501502610841
6.3445314736735572 28.86612242605603
14.195320395836447 22.890525847363786
10.174163186799158 20.995137292772196
24.946229364491035 5.3653979171032189
1.303145155190339 22.649114938830095
27.6952141881053 20.553285984603239
23.9438868101313 30.053623588739963
29.207819570352672 14.726707882554715
7.370005129435298 17.178909695328009
13.333596042016252 9.6667958880361127
27.467671105029474 0.19499671228973472
17.690499668517898 12.74354418075605
30.2925049464178 29.180533309748618
23.049411717321163 28.427729801720304
16.638309943528625 22.899163424173313
22.314445846076794 8.1789285294149323
4.4039870443294582 19.190593202991593
29.527478503264287 1.6193073666851567
1.7031420773155415 12.569089492375726
27.807417504366576 4.2366501488091899
15.128843392427671 0.55615360576182715
6.9590569888445453 24.225130693966026
16.192655296546373 29.284617291797804
10.730717287788845 22.079512640176674
1.2559242782589599 19.572592304216553
25.811369771304374 11.353838961803346
7.4538656085476589 30.651048537235464
9.8341545374019415 15.265709211848534
19.472857468835329 3.4866451655325914
5.9832250813897305 3.5575169095397388
5.5601815657809475 26.576071161486986
24.906678861429615 19.057122722745422
28.582776724506243 20.320623513743318
16.898837994085948 4.9797744075789927
11.023344780249841 7.0453458379115208
6.1357397598855004 27.259402653984889
14.925245816415805 23.52559829065579
15.985719453891448 14.764735966418044
0.61407347494708153 24.897362757297316
10.708838035811565 23.919454070031659
18.319972922626338 2.6802447986116111
30.894764618110809 30.299841410141173
29.713053915917143 25.78802569245444
18.340313585323425 26.73918655458743
9.161235101902454 29.464305331621834
8.0655659501580192 0.92452682801588137
30.660635678358688 5.8949260497004374
17.020981822371454 7.1007110723544473
1.2792516702746053 10.933365582491268
20.317084005487832 8.0851442996247052
11.322232786217704 11.720584240229066
24.584568538395743 24.867778017565943
10.604625692803255 5.570464594494549
28.343181481558293 7.1731881993161428
0.1960492908900297 11.375364163374392
11.557801644829178 12.832342771783793
29.81999354005411 9.266638637385503
11.896634477736168 31.577785429258029
17.048786126500616 28.815375748919095
19.482464398490002 4.4847755163353842
4.7486368008544932 27.381684022443029
22.017252370304476 17.192919843561697
29.933610138283719 15.86538418778736
4.1205313552754426 4.4108924829644884
17.935070934973133 0.042770153790731243
18.738123000957803 18.648283869624475
21.253066398247249 28.098313346417758
28.142853180232215 28.308576140849681
3.8481879454310648 23.037603730741733
30.946590511682928 15.506704131248373
11.411525558583051 4.6689313609413814
16.361838837403223 7.7666219379780301
4.2816744622741441 16.607964952858477
4.0329054741461627 24.325617542154962
25.399254008824009 1.5880501716082096
21.704786847356196 9.2256208274897489
10.592943201448747 27.981886806455925
9.8732300409975924 24.641121278638501
16.325546270020624 20.082686283100745
9.8081120592142668 26.929727204246909
4.6087740631884309 13.465043192427071
29.035313916423565 15.695604965644653
1.6468493950746179 21.674645428939879
19.984611893155009 17.139099186460342
22.051320270935911 0.0058765434738584079
21.256068359168204 23.711744095568083
27.172310049517357 6.8851530157391228
5.267786717316822 4.9742072998270315
14.669852880773698 25.717206106029511
1.6214840533706161 31.057661631550445
21.951582327537288 10.181206934992137
25.265769597219116 3.4784774244301611
14.910282805208865 15.302412827849825
2.9584775515618804 3.2855481988799795
30.102554856877518 23.091840775903691
14.143116168114828 1.9066981418589779
28.017285453331201 10.380039629264038
24.348194521858261 6.2568077481742845
1.4348462626726535 4.3656486869623459
24.606256172635373 19.872728542076544
20.217028810179055 23.208148331328793
27.837030518849701 27.457138905627289
14.493872373486157 26.805041624537449
21.149314418041303 21.589510780569608
5.9957417972323119 23.598732203074537
5.3190259237061621 16.437326926678445
15.914605936680251 5.9667186477915433
29.247061737858814 27.988084347474675
1.1831731323532282 16.116064446398376
24.452063927437347 23.373455387488832
27.654058179985242 23.53796820877151
27.131645884999315 11.213470905767002
14.060851740703498 12.329358216614205
15.671919792063411 3.7131119520744504
30.276642912825242 14.806917429052003
7.4399604094736143 11.833028175709876
8.5960068709709301 5.6098052226609099
18.119563737376669 1.0049407145074407
18.84866215023327 1.6529312983212638
9.4455447799547603 1.0372668557835334
25.727206025681244 0.49801816298807966
0.47049947460700448 6.7410507582449295
22.389004509415191 25.476699164071963
1.9538721743713219 10.283675251444508
11.813682118150854 19.709737954536092
28.781036877821069 17.210191304555185
9.224513655845513 19.272841594694192
2.1270036168521846 3.425504683859236
4.9928074443547539 10.397333815820344
25.120158961911908 7.1381193749785821
26.88899375459366 27.260869869318739
29.543188987954839 20.337600662123158
27.510157484852137 29.919512014072172
8.6441037561374046 24.053570696894596
24.00916416320554 2.6554935231620145
23.653977036747129 0.48567865658918419
13.992804196562938 21.250873211810905
22.047594884661887 2.3765266843020112
24.055625926174283 7.1563162055200298
2.5409080280139289 28.33925534571047
15.488008065379475 26.113969696137307
1.3077010679222001 28.058709046225129
23.585836473376769 31.066125403421655
24.070008800979259 21.791668890934407
25.995169792150058 17.223041583608133
30.514596179801028 22.014207749361617
14.593806872775135 22.065620822566931
14.652281754748881 18.990808657746285
13.968232935235742 4.471625498040674
30.048033187532962 30.764501339239516
27.293675200755096 28.698972771130361
18.626465489603195 24.370901928117764
20.618374464624235 17.956936818086056
20.314049667738569 11.296848164914163
13.921141361872161 14.071479344384512
11.184180099440582 2.821329574000055
23.659681490997723 8.6440978684740308
2.5597778187974387 31.48685086820328
14.943921105782753 2.4622062470373436
4.3449002779544772 20.086095848980015
5.9150753529109901 29.79808851999363
22.59514591648681 13.688323010494049
26.645976218205956 7.998695939665156
23.864053378883472 24.019629670624568
8.0584499298589751 19.053225395687068
26.048868561714944 15.570312224930964
24.927675943192206 11.959942190766805
3.0054722776305329 11.87036127658549
14.623784988504877 31.346424320128591
11.628693324101961 5.629327740136743
19.905867492245946 12.514688486297718
13.662977481470556 26.211191900318052
6.1413822569606129 2.6115576219421395
14.400520828276971 29.38036626053179
17.385895383124748 29.777536419143527
17.923439692132074 7.1911097037991825
24.23974144979946 11.219446528160832
15.934908306351776 24.082475668639407
21.529669650851499 13.95796924841782
20.764858220842147 7.1974559735480357
25.223412857531297 24.186783647050135
18.281728282242625 16.401308464825455
13.642747584595222 0.15234596638141015
10.333106518485993 19.564791246779095
13.218067024677101 3.9298806805359781
8.8861916971922312 21.025405379140221
26.460369575932358 11.908024246596701
5.7513071612132123 8.9105264839259402
27.916541652528228 26.439959661871342
10.001947799911717 8.8720179533372754
14.206471705801409 0.95507859409819962
31.22201073706859 10.625851163840911
5.3564615159612758 25.633128484566502
29.318112921297015 5.4381368002604358
31.471795541201139 3.8174108750020781
4.6926450285727412 8.202129833287497
9.5008690501393627 27.850841147948408
24.58032338749636 20.829869373509954
17.481548851750162 16.837525919288559
29.894628644018802 18.875719661516491
25.860140160230316 2.8537497430648537
16.65733838949566 3.7959955815024702
12.451924669188069 4.5704852609153841
25.25428303343849 26.485872541930945
10.101194720276759 31.396121017833707
21.778278870604939 28.941360391984823
16.616492213542848 25.273811184737625
8.5119328799065546 18.275715927513705
1.06881377156465 20.53403578148265
26.27014238654353 6.7740964334417466
6.5746528243575391 12.357442527074015
1.0753547379620805 14.292341065036034
12.267778757473131 1.4090011504835542
21.725303539107404 19.672220062754626
15.083205361338928 28.54382476023213
23.317020455062767 19.277819666675114
26.061165898410266 10.261955206903766
10.852133091218185 29.148000401867147
27.091646209994085 19.613733143505073
11.820915888107212 6.4529417185320188
24.262785136794989 1.4203379077711968
30.963772601452565 18.25585409713694
17.655756235491527 21.853943200807535
3.9722081861034981 10.707032027653458
31.559601334723883 9.5158468499066764
18.460527680243189 20.879310270004325
4.7205091713201286 14.45125262865144
22.841834731314727 6.8820064109542907
4.5681936558326282 7.3368160862037204
12.912315587108521 19.690633168065649
10.607165205290878 12.624995495219713
2.3141808210797397 6.9277206552344222
17.171394873577082 1.1691185211872004
14.931978679187672 6.7558075704506058
0.50209904027373731 22.570681839348111
5.2802962912100684 20.464207540858045
17.608855469344867 25.957436554951769
21.936904987414401 24.59162243725946
9.462875047256297 30.768827029964779
30.258096751598515 8.370406614940201
11.089060280662181 16.720252288763533
23.038936809230172 2.7085173392716215
27.59849330916752 9.4566823544782199
18.328270505076645 8.2084674082233189
27.519983156125818 25.247797300937236
24.494817512892539 14.435753667606875
8.6422682970717997 27.431686219927794
24.708914910751716 17.869506785000748
10.144225099441744 16.661576067339457
19.762139417993556 31.258384522496165
18.408925299366693 12.12543316537838
12.780423385964838 26.254513801892401
23.531804897047561 27.521834886243767
13.195349484267327 7.7745602123350288
15.825535044211419 10.666058140232199
20.685411016258531 19.872573937727555
10.307392325127109 1.6118354073556489
16.074128167446037 4.7466211008200583
5.7558040268938795 30.872292773691687
5.4499240577622672 17.399289360702092
8.7224607051844014 28.632199693696201
29.063572151680969 8.5428799556598314
4.0503766757200426 9.6767833071927392
1.5516626911467848 6.8187055507948937
22.484998091711475 1.50236822903811
6.3139941397005428 17.635634615875961
24.009973646318862 12.396708123593744
30.483997234068863 0.23927553557776726
3.4665037507211074 5.6500637297363738
28.277209697930026 13.089031958636523
18.958542367892143 30.102046877512599
21.651538536329419 3.6963915108641729
26.345181352055743 13.071304409124297
12.247291983479395 2.4648158675961462
31.497945542576421 26.05282175768961
16.502616949096673 2.1191192343529925
30.681324160658821 26.111028070813855
16.735981513825649 27.661120915665418
13.943331461711175 24.132423998740386
8.3206944402265997 24.918918935960736
13.274212922973492 28.69726937126552
27.187125515538483 12.889244108273637
7.542833472462239 27.305160116282678
24.224880391562468 26.773193522497586
10.726200790393998 13.743943740936846
3.8463414730171692 12.683719497748786
6.8147497196342197 11.031734978044909
18.936475153674312 28.820838687883196
22.624626906908176 3.5062556866369761
1.4055700248040519 26.624457737774541
9.7511555208197684 7.5285731636692086
22.338709783478588 5.6887164993142827
10.573223053809967 23.029992290986172
0.62161187592882172 29.664210373901604
13.680070633981455 18.427216728777012
1.2974032316837336 18.368271019020565
20.752851672218227 12.808260751958768
4.8343992709094454 3.0874519210048526
2.9114364638041876 15.344455730925874
0.57201315417751475 15.28103809822268
15.693080128403032 17.789940242406274
11.409685837457618 9.7954200979258257
28.717963969250661 12.242786955127535
2.1218284922274036 20.866825647516212
16.777270248809 23.921575323224435
29.324377776460711 23.926147673310638
4.4942694996015815 26.415552417400061
26.744297488627421 17.740282805053834
0.38126114524129906 17.956796958211768
16.819701722974635 0.21450504545449017
21.706696827576593 12.999530085165562
0.36183849443482169 12.942437053171373
2.9903021590916707 9.0813818902916985
23.604427733184057 13.608653455064744
3.1529355957028109 24.646309346784186
26.682667076268789 16.353602260666008
11.832800106894654 16.194310166180991
16.544653309178681 26.246780819390615
8.6798815449834965 3.0420842342782515
9.4774606852874594 3.4964335793010548
2.0377919550639305 25.857473827813525
20.690448649293163 9.4986607941590027
26.528517447802059 4.1280708045751382
23.841278610576399 5.2294340600762323
26.651449812173084 20.475329096950968
15.284380762241122 12.398900983482376
6.3458918391430501 19.969273670335561
22.784872158121342 0.46904828657738906
22.869706410618331 4.8742424483551989
4.6241686448655877 25.073844997990907
12.756463426733195 5.3768639301366346
17.445895562062805 18.021143685198837
31.082123908830631 20.550341093330978
5.5726221224736054 14.739610753012906
5.7842744634378231 22.278690029314514
8.4175007222124325 9.5477947780381953
7.3493498388873419 16.007160377102721
13.46134235831976 17.555270350989854
11.367905272475355 17.657518535926609
27.321087671683166 21.514434366577525
2.3526924688525566 29.211044054733318
12.668031700449832 22.654691533936855
25.268793449801159 15.00282102146153
24.487190253285078 13.237545730300386
3.4492822260923668 7.6408707394311053
2.2903320813771653 13.635030204169444
2.4244034026318997 0.95584175414085382
11.864612792557361 25.242588993621393
30.641011922274462 16.653600799029054
14.452094461496175 11.452513413609742
8.2219407773396895 16.43631887277299
17.799791009631818 4.9073994130977594
16.834252158631646 12.119754099984847
29.471043741496622 24.812269676426997
3.0260339713195039 21.137523422281465
17.792855725407552 14.329357990182327
20.260916799857586 26.782287379608501
12.6593719136477 21.366815881220795
6.6625914416119683 9.9320002628149275
6.452713456879601 0.80050119347194493
15.371472519825778 29.663751457796682
14.761933753578816 10.523664930715656
24.123117803130675 9.418073619955706
31.381913001596313 23.677847261937
9.5423610359143716 23.752395940930445
20.918114681291232 22.633545263688234
1.5279187718876506 25.034236968015691
8.5094113548967183 1.6901975961579501
15.533711389337368 11.568578600247269
25.413529761177209 30.935258707607364
24.387657613989486 25.855116387136018
23.567585122926211 17.767883096008152
13.749708194305857 5.3391228912269488
9.2123639083794462 9.4231928326644745
18.482326804816559 15.209526879006553
9.2913101939867477 6.6939521001099038
6.7792852905635446 22.035263375484963
20.835435412691904 30.763793548811375
10.516253888674012 0.6335246368185411
11.048243554255755 31.15604815878876
20.980688783273596 1.5910262200342034
27.023520723204257 26.122027254467827
0.7678908800053682 12.040512806305108
22.544298610346324 20.208589790382987
31.272287224901184 29.481024770680595
31.194084045037954 8.6066917090273876
15.810356313602869 6.9893221355818866
14.399008512995939 9.3432805738360933
1.1414709610493583 9.3899940757958689
0.3862896277993203 28.503397057558278
30.403292796880322 4.1719971081504807
16.793974180013638 16.078582685499082
4.7642601500652422 12.328401161795165
25.095985058468187 10.666974521694279
27.803968598608183 17.641621133351382
28.023919947519513 19.319078415416616
7.2724300103918198 29.129770730355787
7.8698237415949972 12.710484092893889
25.466085558894346 16.455771873559812
16.144760954404521 1.1716352579230762
20.257947651653495 20.729874625854958
17.613548130817311 22.858691540234606
23.608751051198521 20.170291094533543
19.558092432821599 18.187113831691484
28.328451091782306 11.200328922047259
3.2836599420788235 22.118042977915177
31.461040746550754 27.204249577708115
20.993324660353085 18.88544117424755
3.3215383139936638 17.361628759251008
29.763146911230603 26.824262658190168
0.44024142381899123 19.00339180392924
25.749568798646255 29.589877870631192
10.813092460518408 10.733879325001535
3.6879259150403771 18.338885350888685
30.301078222376109 13.957716303978787
20.448154833569216 3.4828366870236187
8.9109534333940683 12.84076542672322
6.7461045565959115 8.8613912781383757
8.6151754308811803 21.867149868942967
16.337307960501793 9.7214914619661172
14.64903643843606 30.456248619345832
23.879482704434356 10.39210418915208
19.188284224614161 0.67662546036009674
15.765205419328014 18.79429164184635
17.240205477501426 30.942903171703314
15.065198020356181 27.506058307688512
27.237629640046752 22.494058452713219
2.5900761248307083 30.278790367188229
15.186366118416887 5.3886936057950487
24.771251292868218 0.57810151967515699
23.269536725585631 29.484992232349626
8.4623623227018125 26.538900356750947
29.627010952617816 0.67057685129678624
4.4168365622960426 17.555966203319418
17.719902369138779 28.114563008307901
0.86336839285695777 3.5380368167400316
12.650746404289722 30.799290118908086
20.726899676434702 15.012477767056854
1.8918690939033109 11.682008003245906
17.191391063942689 13.466417466608101
22.397834275028096 18.980184319951409
22.315221631815628 27.980970828767262
27.709640931406703 1.7856036667515354
29.065927295949404 13.854445553804137
15.133972263762166 20.994396738638887
7.8886968063356679 2.5280634022707558
14.720893599083439 18.017931595197609
29.444701767039565 3.9267318528202821
21.029664679137255 24.87683276871595
28.250634065826283 24.155977773723137
26.534019864366883 28.112879500960947
3.3141681001368601 31.165661022293769
28.840818875752223 4.5728039689530622
16.638394375392917 17.334532834581296
21.892556171000361 4.5498682603272913
9.9466379372256508 28.786788580284728
10.066231440453377 14.419972676118331
3.10030102264454 2.0335766482427875
26.169236800457771 24.372429495692916
11.503548623973154 3.7509002994186331
2.2844790302679812 2.2486492687201172
19.012450425564833 12.955598823683346
31.333458461881587 1.9816318149042973
7.0312711427753198 26.558130288686492
5.2330797521324728 28.955008814922614
3.6742380204060501 14.477986563525519
14.650627089185884 20.274440586151687
31.203743453812855 28.359118144502879
0.65082453614145186 21.382349335642868
17.658767481418884 3.8767738503351818
26.775824220917652 5.8102434500695583
26.662019371042277 2.3786381718754299
9.351558524396129 4.6584565076286193
26.890162564810197 10.296654799749932
27.428152734109332 16.730715064219282
10.596040022344914 25.248048969362454
25.577863457729276 18.145618128617723
9.4305468475242318 26.115150046260492
26.8092050759257 8.993544308535725
27.847765351835193 13.931127706636232
12.838914321680976 15.883865480365358
19.018463288834262 25.928823668635584
4.3012288452761531 22.114511272918136
23.981075471242935 18.68838326560002
19.933770201075369 25.640002008054584
21.867675015690175 6.5319965002453744
1.613147432234918 30.14764005974676
18.702666491680016 4.8431297338478343
30.151863559584392 10.650339358490918
28.752734330775212 26.032708588972604
16.106814518597943 20.995568345214423
18.473520666461528 27.707538815310279
17.174943817081211 21.001791887390933
19.896140365670217 9.0897923386779986
27.596108483071095 7.8582420593631657
21.322841497181862 5.3442660968454456
24.652499241434274 16.961903267401418
15.823253301400452 16.797211928225042
17.433956685534682 8.2751119843251555
13.843642544321192 3.1084438148215594
3.7458813827336179 8.5703560483626511
27.121137228289442 1.01425823773449
10.451406956754779 17.837471000932311
10.427119812647728 3.7024463053855232
31.41765667675455 7.6930802189017786
15.531030525361384 22.012074932785413
14.123101616714498 28.297681264310963
2.7370964737653325 10.978078859828804
10.591193741193898 7.9633857959207424
11.338772710552238 14.371463792458885
28.80238962631535 30.325198141244385
22.971238497128109 23.281224486691421
7.2185321085842933 1.397864507065014
18.025189256906355 10.556270481152156
26.283830033739658 25.527256571992961
4.3247958999878859 6.4504080619687727
19.336497735000595 23.602381169630632
28.379691303581488 16.331467457887328
1.3347657768098529 2.7686780161609228
6.950785615458166 3.5812360925013782
12.384587089129212 9.8158690139344706
4.2388971398190023 1.5341077307332873
28.180614258763967 5.3866182696352549
22.741422514156032 9.0729131509813747
7.9483016247678178 10.902005732993581
22.947948794771392 26.778677417245621
0.64070097993714692 23.801736108805223
28.363766175049076 18.384240598330468
2.6098994558439492 18.090599294124146
18.821939049133121 31.350342379764854
29.510323786317475 13.057562698946677
24.474908539287807 4.4642670216143738
28.862952124633463 27.141415785211585
5.5154026244617631 13.419360072076124
29.656235130408366 29.82388308359657
26.233769078225251 30.528174113621382
11.419161412536427 24.471984438574911
6.0329694337905186 11.225079979068317
20.057767562588715 16.142360723289521
7.7161168544186598 3.6796528517440374
1.2336307543364318 13.443208334523748
13.610767477946499 16.64612569534534
25.609032776991342 20.655678831866982
13.381111116134967 11.544278958295928
6.5334122938703088 31.364180774336816
19.361150320774716 21.025863198063757
13.226064024009569 2.4395617139614174
29.329211370367926 11.35862695978445
30.127500071417337 7.4874012327838466
30.210527066894858 2.4233702301766451
25.323179018520943 13.717040345392272
22.031867377702056 23.302769633268884
5.1173806922753498 11.363537059610337
23.334513727439791 6.0841465742202372
6.8184425475783854 18.790446685707835
0.62543979723122767 0.94524232779939721
5.3203017468076723 6.1699527170255664
18.310501444729102 17.680451125634367
11.864240750218817 10.814662937381337
19.157799987835357 15.962185350184374
19.39449535233712 26.911909692120428
22.755886177053426 18.033105641128127
22.776393640423301 22.051190003826495
16.592376402510364 8.773669156694865
19.518598668614544 24.786984978287787
12.746108026388361 0.36402510355026763
9.4532599483385891 11.839626506169635
22.3758298566372 29.572749248641689
5.6514286907518985 7.0657800952991971
9.5649470334940148 20.274551623261608
23.206237428295392 7.7257386068212357
22.810902643724837 10.960492672264483
19.46611172182487 22.366272706548123
26.028402166060431 5.2376563913449186
12.834930075249622 27.29738108529796
25.64598992989638 23.287649617353477
11.743625333643484 18.77208560981742
11.280034641515952 1.8789752808343057
15.15469065949833 7.9578469537013943
18.638629894487693 19.770937228894056
31.45621005976551 17.172847645465165
8.4679965806909046 20.002091645367482
31.156634854442558 12.348354861552286
8.5595050067401512 22.905728175431864
31.087138339483111 19.191681047910322
27.197139144746522 4.9650477282260379
20.322965369450593 2.4228179370559619
6.4910223374349192 25.903669428403493
22.996938690243077 9.9546900998367409
16.653867067095842 18.545812687700295
26.398449009155058 0.046842876388990609
17.074316619188583 10.323564176946745
30.183278386199021 28.217768394791381
25.805416524490518 7.8130274519130909
7.046226248391549 4.8540629195451928
25.490479783176426 6.1964283607132371
27.711043598236127 2.7118036542280821
29.251312447184795 10.311474049646707
16.520619804725882 30.315563255756018
18.510923745763414 3.6425695211986171
3.2382882955276768 20.057392817857529
3.9827622255360429 11.567819636693718
25.702015604550109 28.524474179870506
11.445955717233321 0.82872163501208829
26.886426158908819 3.4204312812086277
16.292637478388706 13.771030261276829
1.751281084511632 8.2122773614949516
19.486350334268103 27.966086390034011
7.7757038113661041 20.624694484914023
9.6388810518292907 18.505658354114058
5.5195993002466039 19.506893409816566
29.494280697020777 22.346475781932188
8.3343983091764446 31.370954707100246
26.158108020547338 18.898682323808032
15.695873168059236 30.732315228602918
31.456184681629122 21.550751916225941
13.569513129221461 29.791454785980054
13.654701137770921 6.7384602434792944
12.790890547317654 18.742367778374849
19.957712992409249 1.4062000438382709
21.024925110371164 16.081903897364842
13.912158581521993 19.564187760043687
18.58868795438207 5.976087259193358
29.109383329056289 7.6271715533035334
7.420181699721403 18.058453842191607
21.064364014138587 27.083744470825259
5.0757590696746524 3.9932856816632007
27.668792537232228 12.056592049029717
7.3014171261249832 25.126100710099195
12.879572313412664 25.200252196831833
12.808252928407455 10.861462991955189
1.646129006259236 15.000746362009238
30.479180220156092 3.1764459597832539
19.490980954317816 7.5764710148551799
21.605346655353898 1.0819667124375589
30.551974858082641 27.296633280794136
2.419170313699726 16.841462240031372
0.92101766359715975 16.987167578305534
31.494309154360376 14.584393467477222
16.917622337982333 14.748664735716105
10.6178899748388 15.648439600925032
28.455851230335476 25.108407855890469
7.4073458820493512 14.236855918381682
7.6363837324862986 8.8262048927528003
12.255389187443171 11.947418095362043
25.420131324928963 27.593179833593968
21.087997492364835 17.056660246384304
0.6142561854264702 10.252759485529392
31.539669435999507 13.783865185945492
4.8247996619244393 9.2254997272769543
8.5191821766384326 17.326993857068938
23.702086694996488 16.760435245321165
2.5758093590946505 5.842195795039542
31.311224514498853 4.8064383593515592
13.047350210174621 8.6856824987234518
19.923431508544624 19.044044146117351
9.3123384314252622 16.32540305356774
9.2346427428235227 13.924173919770992
28.499508214147347 0.34758953868717579
5.1541969662914173 2.2627461498633106
8.8698599056113583 10.656432242761724
4.8848540799810438 21.42618942770045
12.111332843969009 8.7711830530339796
13.442888156275433 20.555426345550988
2.2195250489253078 19.905985278994613
9.3187170486542268 2.176526437812969
9.5255977201939181 22.77512831877095
7.8789033760036018 28.284656451261323
4.0080425619343067 0.38459491686364272
26.097774803620108 26.75829158750475
29.331902527427729 18.1157967470184
3.3612882122019427 27.75942676470428
5.4880450297542396 0.28757472801588968
5.9703031215713249 1.5804982283418867
20.562302260995047 13.910856516410075
14.137749546868946 8.5678456083465893
28.802413689368528 23.107684687565349
12.392624565848438 7.3170674989167175
12.627678478516732 29.534283952142225
11.719625681853953 26.13085367198298
6.9611100228960305 13.24331003735225
7.719174411633638 23.777634684685445
20.307845014137182 28.074495308228837
17.837242602852768 23.834588880213136
23.660434474821848 14.68424152103411
26.642893441131935 29.416461085205047
15.31798822656234 9.6507243885154779
14.92416184130801 14.421546358022377
2.3968193131572129 4.4921464174124424
0.46240932223701492 30.572378106995782
5.128949744766131 22.798727525640405
6.8530626557454806 7.8433054351685989
14.580922527418435 17.127977741547767
31.582734846430554 2.8927252432923738
21.934618125972627 30.58569930122205
5.7867847738641034 9.9992357962125897
9.0792094789653408 0.28663262636937858
1.7260011768613694 17.461669323671224
21.756105321262424 26.059712162046278
17.660470036707164 2.082319419629111
2.280336090889759 23.260894899738226
18.380839542724523 9.4505215251116148
10.169528323483183 2.6414857239419267
30.637845530959837 11.553963299546377
3.3708387003651432 29.792557851103904
17.37136920490298 24.782957289049779
3.6227293140684176 26.862766692705812
2.2904495418654878 24.516731015849452
6.1024342136557905 5.6911257929214507
19.165183262782168 9.9159601222266573
8.3064751220941311 8.2189424835775622
3.1282908295784293 23.52886521619061
2.6702669414867382 26.775195312681578
21.830701811120715 11.27357649772479
2.5051967736944274 14.458921186824119
16.791111422178975 6.0833628691313626
