15.000528211985783 15.120132301470329
4.6455014861675208 1.2146084120605014
6.0448311223834708 29.647494274064577
5.5601143436383467 8.4891261552299717
2.9869644603283505 4.5153438441336542
26.881724764082993 4.1398296934125876
29.869902246222669 1.7004143320605996
30.162217741108655 18.667341140273443
20.483472389753587 0.33010872883241632
5.4454263833439009 4.945767800850807
9.629463847492282 12.764824170744371
27.849483091155761 15.768153173602862
19.259278802172869 27.590630169501448
28.791674181572482 2.0328085583719964
12.658174536593588 16.032064179198681
1.1157084357082823 15.885395876876443
11.177017305582156 7.4967997133023996
2.262733757811326 22.333392562429022
15.778523273053468 17.361067858358297
11.609139664801503 29.426874055607851
8.1901908983495293 7.5101320601128307
3.4256767315675649 27.34764497967398
30.683793768592057 7.3857335006878841
12.895286163865407 1.3689370319725434
11.911906722672256 21.904777557745799
20.867518457965247 3.5932569340431177
18.739126808519924 16.616752120653494
14.826008013982927 16.948017475753691
2.2308238018782922 14.97643692024112
17.572476624021828 7.8891920245919183
8.2528955237954573 5.5249381361495393
9.3761891192116273 5.9318338589540671
7.3801998334756602 17.980303913215277
31.523034867799389 7.8033775918882275
6.7853305722453374 14.987749133499717
30.257163991867479 9.6565634471365733
18.111845810960126 29.990461607850989
6.3255255000666084 9.2076958029210036
11.851652500876208 4.6695503282906383
13.030831670142051 22.975350250559757
6.7805516202216465 13.796822945379912
30.440116340434408 20.074096053606201
14.038537478984532 19.410149408680951
16.619123365634501 8.2998283205404544
8.0145082503013008 26.988296949712328
7.208487084415184 28.697800218736923
15.388671864324076 20.552105877836631
29.551249905404653 8.8475917423072286
10.517217726479974 10.01814591431916
10.779078397456091 0.69710982143957478
17.703522733165109 24.329330166653175
5.979569999556797 12.083584830928507
13.332991808822158 8.6266518845193012
23.719601554163269 25.082148596244664
6.1523493505034947 16.143212962668791
9.2335060264354674 13.587333175079726
7.124589404179531 5.3217392862251502
12.874889275365716 21.702095426434731
28.786363331984692 19.392374518219203
3.4978386873266678 24.637395731909844
2.3409897630736913 13.269602416431791
10.598441388920511 6.1565524770556763
0.39451960944631342 17.925897895429927
12.984950705393892 6.0514364467005652
22.909405154686819 20.026510452965574
6.9383057841622726 6.5932808334263209
26.312162212201741 31.45017580243621
23.785690217245694 30.496422700434984
22.330636380057744 27.001763936500101
17.37794165701321 26.715529221469726
7.5992741302024172 0.56193533285645081
19.071243205277437 17.458309121836656
21.361640151076738 29.703077478009575
16.904069695924758 17.9152331386525
1.1199950359170694 5.3282454975177203
24.887349222478516 7.4556200348990247
13.492954559088435 27.047237396488519
8.9721801039943649 8.4906358054438815
16.46315623112207 5.8062694930997649
18.876054714547404 30.81254049657829
20.938357889597068 2.4923825305886367
0.91945464656238185 29.314105086277685
15.519617258473552 11.232364266629805
15.906547301831191 7.7895913914971944
10.051633834889422 31.463348005525329
5.1789435121150733 30.485397896154748
17.572661920641938 8.9331711880164448
17.280175216133564 3.51910053442655
26.111702169851522 21.233031128956068
16.117572108375441 27.327239465491772
4.3670065569865812 4.4251220948162073
25.314084290427616 22.248185909914817
22.1637370002016 0.78707425407350273
26.814209546523685 9.9731743471593521
1.6181437705367987 4.3627110785863268
19.737856987625907 6.4338323849002599
10.199390675175108 27.734853468028849
27.548804012261446 8.6439374921711387
27.477864135181633 29.610897648496458
26.241595459414938 3.4950024771822994
20.768970864442732 20.166563652085639
25.753005108201453 16.093961887736622
27.727951883469867 4.7032037634752166
28.560998748421831 31.068975356256441
11.559782439704698 10.708481553322363
24.089395600731468 13.363488779240599
8.8036458842699385 10.617708450680713
14.762513584302887 18.373327103209665
4.1064365255639439 12.881526557908431
24.81764102227098 12.624620255183615
9.9238680005216793 8.733947526768155
22.383613150165804 6.5281836529609141
16.565091948784218 2.6013192940176739
27.351492779169206 1.4074506178644868
14.055948323343802 6.3214466708545709
0.36118643810842704 21.114925173282046
13.389131801479484 25.191516402178216
25.387531941854242 8.4635981503290232
30.801260622211046 11.982671724144781
22.545867986777321 10.430343356704126
14.334857507258681 22.856493595907246
12.682681524613393 15.101648754661095
18.448855631211618 7.9244132144324801
21.846457130164854 1.8277060149285933
0.16476833567032012 28.541649491728123
30.331747378336942 27.634658727914381
12.148615316446849 1.9897219308811589
19.903584694450856 13.414310939422762
23.095663259854213 14.656550332406743
14.21322770491977 4.5214253113165075
8.964775341130661 4.0220991078334354
2.4273808647369037 10.07648484709812
27.177149326043274 21.450728164214429
16.75630590659938 18.70290307263544
5.5341131313234149 23.256785410550147
31.107642525518596 19.304804041698468
9.6986087021419678 25.679081722607194
24.179672899901469 28.206543551619621
5.5614581598746158 1.2238052167058309
4.2810538910121352 17.869714365592053
19.997538818075967 28.625812353529508
21.947035327192246 11.186260776725609
11.868425752292692 19.676834736334062
12.947120860046638 2.6339175417737435
18.609384142782712 25.309770020412358
7.3115208141721091 24.916603685538398
8.3428393926657129 0.03064359937376835
15.126321974376516 16.000302197883808
27.022372810672696 23.452699857202109
7.8675121434671622 24.047895035486469
7.6179128166180616 30.816946151963045
30.035061365665726 0.56751223859389455
21.049586220892007 17.099141584303183
23.479636604940946 7.8425948690350582
15.107063904770705 4.5092577796023781
2.166815898836314 27.313035749598729
21.897186670631061 16.530183615450035
26.890726758594958 19.669299485875115
17.729125064026984 16.437554801064376
1.2156439668238317 20.796359838953624
16.202578499360367 24.30526672474625
23.648143285747995 5.9734370075411789
30.543348013585817 26.614094461821932
10.49108725343533 20.671989565526289
17.063378320183169 22.808429145524983
6.4680314153860019 19.904378650837693
14.422080868697128 25.54603571159112
20.894458815157819 11.733165157498872
5.2796679684067307 0.019724600195388648
3.168947877269956 3.701519716511668
8.458880679287617 20.585107293099622
28.678733837920667 8.3828560035228321
10.335745983430403 1.9687059394988036
13.35366361527344 26.186376023724993
15.581576671696055 0.71943151939756356
5.0408362722413012 24.145574470168942
23.723402717921935 9.1119720392866235
25.975899944193493 25.083631661003047
17.714753860390562 15.051598206861524
4.2501288874693151 7.9719001998779779
17.476536872382763 25.260624347066109
12.154279968762381 5.8263890443962394
4.4005524954301256 26.865082716457483
22.694921200399889 4.6220758924054923
25.129671111202235 25.509855315423103
11.412294232364108 27.120158219184255
3.9504859306806273 29.896279053206669
23.461952087879261 10.889064622297711
2.425346970474656 11.449911249132219
23.928189148494159 2.6686835938602704
3.5885388920363255 9.7409542316620943
31.237742470983523 18.47921831430595
2.6122193107372098 9.1485549774481907
13.486345172176577 7.0672867418341703
9.8489534891555834 30.389608907775102
7.6940141375458637 2.6304823361805192
28.10041162462905 7.7256536978925068
17.466663506319804 12.778891734981855
17.149253388790694 13.830602174841998
11.878163030433159 28.437366306173121
26.080939816516953 18.854620376831647
7.7518029109649484 6.3826382265845982
28.65334141332988 13.571263048286237
8.362575168974983 30.225826688008006
0.050636115518639585 6.7548443777739573
5.9968434567725675 14.228051816241219
31.042801595628355 25.814674386508365
6.1704148483862147 0.46333635916416654
26.346361035207959 17.307490021803616
18.323260869531889 0.032858462017500305
24.579998347435097 24.591130729652843
17.312938623401234 11.830623769564822
19.325781723956542 2.0731917027302855
6.6265245860832973 16.929588789935607
7.4249746679977351 27.803863148630818
3.6677723985938595 29.085976376060067
0.65454133978086204 4.1651531236636368
31.493673153017223 0.44511032435527015
21.383844911375689 31.56921301637826
19.989350276200614 22.638454486728254
27.77332443360752 12.581704168451017
17.071613726200781 7.0771134068100192
3.8164141546673882 5.1209640593999
27.499744132679666 17.696280441618509
0.78587828394062165 24.624974405199236
11.420454682336365 9.6365268043695629
10.624689993203232 25.44316562573233
25.001511558020443 23.255404553647995
27.650348577148851 0.10563115454914866
2.3160272227735046 16.965555584633911
8.1175439829275735 23.144038879363652
4.3471832078361672 19.712780615493859
16.9359985037763 27.711052195995858
29.335069183163696 14.2997265889188
15.139184248354548 8.2876962661930396
26.602174097991476 30.095088332288462
24.488760869123876 11.105251039757199
0.81708090894889918 6.343054826115571
10.672758171047011 14.627300964487818
18.503979094907667 2.2678709702540174
27.431591562614823 10.751723235793975
6.0315309123506982 30.859252665625267
8.0072861690926072 8.640323620700201
26.950936874392784 15.536684957700579
22.332831182597872 17.722605862232843
18.449342978896606 9.2610055514223912
7.1155884304574144 11.291297830489881
28.536849875222476 25.230106930882105
8.7311067493204497 9.5237093683986114
2.6105600721975959 29.119587342547295
4.6283106362056445 22.102017285812082
12.771677308351761 3.7633150419700008
13.315233806328443 20.350766144128567
9.0150284767487499 30.946316885872008
26.677846867640547 27.83731981891129
8.6400058075361965 16.172454161300404
29.356556342785417 15.673024755929605
30.834266353404402 1.1226832511282425
10.983666173568865 31.328128146156232
5.7903789372376115 3.2245871462149442
28.45453481622199 5.7114512729364577
12.007839846397744 12.688154727167827
6.5892617129827711 25.355648946943198
9.6582005019005628 9.7362074667222576
0.27631041360521275 16.809611129333991
26.704678041444947 16.488666687266797
16.629941327247479 14.47789596150032
11.452778592738715 18.886912354135909
28.721738022866408 12.318696342238244
31.161796842317663 11.100933553346568
5.7688805731569612 26.11188417592837
30.136048942230712 22.786553857940554
24.19446775578928 21.982625576324345
8.3836585101932002 12.92295958432433
12.083693998203975 23.885686158525345
2.7336063466378175 12.429175894121594
25.231575616362644 6.1142970950936926
23.732262457730545 3.8124221118818586
21.972991850752884 15.494489198361347
1.392852462545775 10.016476368839156
26.449926133529637 24.194465723545409
23.073167400675743 31.007238828072779
5.5111640704550027 18.820124271911123
31.602804004378552 13.039785681648505
27.191546197025701 11.811822179130377
12.943313719110435 24.268344138409649
18.252070994391193 27.227151105259807
11.064709316982682 21.543612960758974
3.3680278771630947 19.167154806340154
19.082992786335225 11.147784743770982
17.310474123492817 20.672048365986857
24.274643376216058 20.450070106017325
29.334603193658751 22.205722546319766
2.5091731992491857 24.497281879892316
13.177436937769874 14.326610274129958
15.068277150681864 31.29673422425385
12.172653652560749 22.849029768911063
0.75826261696250019 19.502707001554377
10.07332495298952 5.1703334306313327
5.6937393805400198 20.647905374716302
1.2265580797415097 12.834272695238754
10.661512768102861 24.44535758650839
12.233743497593105 11.3224975400371
4.8730668301664757 12.390956604435072
9.5431795856227577 24.728259484173449
3.5652688355577036 12.035405071217021
4.5546836918625688 25.120559751893236
2.9031687464672977 19.871925874255524
6.8655797998354489 20.820699208688975
15.360319460944512 27.972789250839401
26.593164484141596 26.79763912691503
26.023557479734837 23.139157664436542
13.749742898149085 2.3996169101628837
31.152447925415405 13.947481557819307
5.1971268377899538 7.6414044773795462
20.29146998688287 21.167448938625004
0.96516294476637021 26.21228877287918
26.754337190114736 28.840177460957435
2.0857212505720555 2.7836733020974722
21.101653798015253 28.817600021514401
15.186606193910887 19.304831702164144
27.993771910465149 19.987885760401603
8.2456263476468266 15.419738401124595
22.766570422131519 5.5818459723789768
25.574826477891623 4.2097470972840405
5.4092391419864674 3.9421435886350276
24.499796064840272 5.4970968265454774
10.840140978496882 8.8451239844569862
15.313653993288513 24.740880145116911
10.065298835674044 23.720270788747083
31.369418231367604 29.42897508017343
12.90791825110206 11.972050377361159
18.650006575480599 12.328398087005183
20.808406342736266 13.954465062039656
12.368023956631234 27.348261526347503
2.2530393489878917 5.135766658750434
29.515147773931385 2.7852121745287217
20.939287432575785 21.674976230414071
8.0914485240177481 11.132120888293857
15.690552052670819 18.195069944493561
12.341095246513271 26.385735682091205
28.637897272799943 9.4341460924969596
16.986261626562058 1.5879239853338367
5.5345996265049582 21.773225793427684
21.123313235381492 24.839131964445006
16.15385922670697 22.592175542112315
29.777594665961978 12.014385704544793
17.61813422387208 21.904865636047401
7.8443571440111644 4.6496385315588302
7.5829738618330298 16.654573989325922
7.4568852093477584 22.094736500515957
21.562175597270155 18.925029046139528
12.416322610359824 7.0463548781540775
25.920586140773967 15.14453606175846
18.14602007959035 18.339351166232497
14.708971160962554 13.692705857218039
13.882369756150757 21.106343899010767
10.978274394219508 22.61782064914162
13.399535103981583 9.629758584436436
10.611239648750301 3.1399185969122927
6.7500336848757572 2.9136669371475303
27.20899520093916 2.8558030714407745
14.729464294957111 21.435065893123838
15.98554636017089 1.5963400517933279
8.4596914792179696 28.996268197086753
20.26652802961782 10.615770231349615
12.409022383433225 10.00229503844843
6.8367719601963266 12.779282727161846
25.871963543327638 10.416728139336167
15.696842905341011 23.365340283837543
19.522423890655446 12.553179419559715
25.721984471497521 26.368092219121639
18.162807971907455 11.472919837011274
27.713610776137543 20.835428438916306
3.8768243755796306 28.229088050825446
24.281091408042148 8.2859651626413253
23.470317612400205 26.254613395041712
20.250925505364265 25.153073177968039
23.884105340069965 0.30674263966072518
26.001892969585644 9.3495195666764666
24.186565225462324 11.996747351309127
20.858282102339864 22.700875040483719
2.7826093834872929 6.7552352770433801
20.931819688192189 8.3960224043376375
9.7917522785266353 26.74688863553331
0.7911417933266004 8.4246357151675202
26.124576500948784 1.5371872953895163
23.93316895917766 23.872028378444902
22.744022009300579 0.20966499482346182
10.246544928859173 19.008147139622597
0.72102578549512142 11.427215080071045
4.5052557050548465 8.9475584297312079
16.708267343839822 30.750822913942692
24.400185008273471 15.869765410536312
8.6794962929800032 14.347127852627722
7.5919110053991474 20.102262243488834
0.90410295393069262 1.3121904587741573
14.02700202721566 16.177479665217849
22.275062904083018 28.160421753182948
16.489211305224824 13.003888155026956
28.032867356535888 30.372717214269962
10.687315109091255 29.102786655911693
5.5795326362295468 25.133921075441954
7.7640607749255892 1.7745640799080695
15.032796443393055 10.393486549136895
23.183062867980375 29.579454333824643
16.07242803480111 4.5930111455851481
22.968096448445639 2.6327353679550853
29.683559367332315 19.603035246449107
22.816775268184802 9.4837879476610851
9.0609703342780783 21.589393711193853
20.421009464352959 18.399727526398546
24.517171680896237 31.363099971182109
14.742152980429585 0.99804940651915897
15.64044225024802 14.376522023180849
3.9636411919312282 6.1583279626703913
11.230314554912148 2.3803408355253528
4.6889269780542389 2.7317737889672813
30.283758239019324 3.3501704345468828
20.892076967964851 9.490914501933517
3.9339692248543945 11.21023424694914
13.649106597516774 12.307990628639637
24.939258083288347 15.109300942810885
0.23955963053353532 12.168576304002505
21.659728389581126 14.614987751077779
19.125753349092832 8.6958284555776295
17.975867999232353 4.3782565789221595
6.8185324444418836 30.140743756960084
6.8235353144087343 26.441564224201496
3.4070738441635617 0.16912331315383153
23.381343713700446 6.9312609798036915
22.710052835547469 8.4466761132602315
14.195844945322674 0.10412532123188248
20.18588311788729 30.968531624589449
19.686324489949804 15.743991133467508
0.075015354055581754 1.6396843801643837
14.256808707529157 24.560622054174004
23.645822733801584 17.258420475181975
15.477639889970456 2.4060618762623562
24.993806236621886 26.929613608989214
29.743160167983241 25.168915292346508
2.0641369868419535 3.5939428283204129
1.5299089427331785 25.471378122856731
12.60638337256367 30.255466095837665
13.561251349574118 5.2052120487033617
4.8906948281060334 11.496279484146823
9.6123987406536635 2.7449400430164701
1.7802367095299654 1.7316197546709957
27.87806463358552 28.676295758902139
2.9022153840577505 14.343616050454086
14.23201963014983 14.521465219329592
22.261536281027254 29.107100088313718
0.62613252126255359 22.352344615606622
18.450803837859244 10.236131720892882
16.635743170530215 0.55895672966071241
2.2184017237695461 21.293136705079164
18.545936086200598 24.082061795556427
7.857526409515704 9.925383703121236
13.675597827087763 13.431894902883903
28.650496940774413 29.361508153079257
18.474907844570804 21.766799888979833
6.397733348676975 4.5242890144229042
15.254557391010147 30.317638784195445
18.10979087690367 14.239861291541819
1.5892842609999098 24.293710003605103
25.416455382344555 31.11302585770451
1.8383566366652881 6.108016204267023
31.237975431055663 3.5124715268399793
14.248552952655592 10.003731071514386
22.754114966017074 16.83579248604018
1.6464867245223642 0.48801150626215589
30.436461550900827 5.2747799524153836
4.2678194266256551 30.813083139157865
22.861907992704587 15.616699634126379
11.97007840229462 31.455298797838648
28.827402060054158 28.182174146822508
5.3373254058288104 19.774648783175174
4.1170455880662802 23.965990818409107
2.8584884892336424 2.1032917688317361
3.4818579827148564 8.6889263755991593
9.311233192763515 18.630458746745045
19.269056215864865 19.206870264144523
4.3000363403118467 10.19639869934775
21.405520087039669 7.4819746442409683
19.649632911320502 1.0461235905196935
17.712477764984964 6.400805680261815
12.447628304318867 20.823206566174431
9.0774059475575584 4.9092022279345828
3.4074646136412863 2.8225776337744475
28.635830170597941 21.449744335323562
31.064617582838078 17.310490089713863
9.3368837216033214 0.45442647567954481
22.628539214225448 25.908418644027503
26.601011200699158 6.1458027797028887
26.533673055699659 20.363564018341023
3.2188088982497667 30.805770460407604
31.311842452342788 21.891207152466361
27.58204074926622 26.758075298218689
23.993000925071133 29.220483344129342
29.443992343475315 13.025368838500155
7.4244582030809765 19.114657597841589
22.006698690754959 21.704157869341017
16.679146670062764 26.247315981873836
8.1783022364382258 17.297944027556888
15.566579482291154 5.5595713098730339
15.84772268351346 21.545298527025405
9.9347743365710031 22.631372207857765
25.768954978939366 30.185437449637952
23.673795752157961 21.013073211385944
15.3277031882883 9.3216422973374069
14.521819669307236 26.411820288666405
9.8570868338118665 1.2495910631092646
14.436158803431525 3.1965991059895225
6.3046975415823168 5.6887432998517662
9.092243024789024 17.634882481222402
29.14124293542552 7.1672991982602214
15.078781037640276 22.318542075823409
5.5648116793911662 26.941170592894242
2.9904470698901249 15.738036281811793
18.476707754999737 6.8441600866787455
27.237207837385974 24.916960386234535
20.774526667015273 4.8539276873953625
6.239484102736446 28.769874866335773
24.663104866079003 30.202724447729494
18.930553799087342 5.908329181273813
24.109369118058428 22.901388497529748
30.278323003364516 21.721054687319008
24.813462492584112 0.97992813730746031
25.12097655563359 16.659551220536244
16.206846930970805 3.4741299349179373
15.707664800237911 13.42762455372038
1.6030419079808664 17.81850972941071
8.5359426173111483 12.017583075160815
27.117632209181853 30.946359122042985
4.2217619893576632 14.074058943332838
17.598947845063865 2.5088559395133254
25.77166882246917 27.658086076532339
5.4350484433492339 17.021021733796626
31.455291489733071 27.585259715074436
26.835336009063727 14.53938104291338
10.702755714215527 11.090290943441424
16.654122309847832 10.933831677563624
2.8831021380629949 20.809438880061361
27.758828022495866 25.841769066839081
2.7253770320554844 30.033202857452125
31.425858788655972 24.456297609570125
29.340671140187087 18.329959429305461
1.037335218661031 23.312596176285279
21.342826057591893 13.247795136247532
4.9458326342887018 28.707360439913195
24.633647477710912 14.085203157072421
23.638703145951858 16.144021233444722
29.569819164888187 28.627865551410942
30.145848003028604 29.354566873932924
13.269064858312456 0.27510073829709808
22.006346690260518 24.604588572685206
10.589072454063441 4.462268167318113
11.234379397509239 5.4197194245150691
26.551174176394159 5.0661589229104447
24.164190519872289 27.190564593571882
12.004510922806919 3.1490655370365093
13.122271936737866 17.686704336548104
16.076333871056413 16.423039097202228
12.620368735671606 7.8861107191704241
12.114112480848723 16.950880571523932
4.2949199060267338 3.560084088181108
21.085986560281182 6.5201387000347193
27.488819879803771 5.6826296187373533
14.729328660999165 27.309254220346812
24.949024163609689 10.173178525080894
20.779998559138715 30.379491741103859
11.511081468144303 25.848060147797561
28.163137481965656 23.412683066261039
19.102519516437628 13.854089144595138
10.582122057974193 13.141851266532962
7.6878054493160208 14.527338144858998
29.809996250693903 30.644808227489747
26.668466492194995 25.76867868386638
23.865499136496833 10.054315035890451
28.522524574765701 3.105176356833407
29.263870392169814 3.8940078734243477
10.975522323380348 18.051682241427748
30.712033080220067 28.489166743908239
18.154546245977677 26.070074489641218
14.750516244712971 7.2976186358901547
25.690503111712168 5.2455659806388724
28.613437075852758 14.940058810456833
24.411201939031201 6.7968487191835152
26.955395734623632 7.6495623644119277
6.4886265943510963 21.624418976922477
7.891178878826425 21.323127021477642
25.717781400271658 14.154712312452887
17.627025496905198 28.964166590084577
20.31024206122958 26.784300730718606
10.047485354927506 21.728808858286815
29.737957606753849 20.972822271334195
13.684194614117677 22.157360809265338
10.655947942096796 30.179344243374405
3.2369892799744524 18.24874707389689
27.881440594456024 2.0638977183375382
1.5993092416171923 10.94242772893544
8.4883253534141634 19.454216412752626
12.880651877797462 19.553446541699032
22.944119610820696 11.676366457008546
3.7668774742740245 21.538950807597629
6.1068808955659559 24.239729594876664
5.8561822397598791 27.980665779365577
13.856130564774457 27.903892935458614
6.1169574816581536 10.174350642184375
7.4230289142529218 12.203762037849323
16.931470214250066 4.490943118902738
14.535662710833337 28.650796880409338
27.841293885793121 24.279077100463574
4.6979692182670929 6.7855414593273089
24.344275073463351 25.959238467027443
5.4563675846402173 2.2148924384235951
22.621658521884513 20.909851642675772
2.0184052321518338 8.1336001873957056
0.35798570954434056 30.238243463865551
25.940533625776315 29.000479499290872
1.6263693991492307 29.700243575974511
14.690867019837791 2.0247464033487073
14.575190170324241 11.573675985667657
8.9830028422463322 1.970885132733559
7.0545074955868037 22.916374324192585
18.521637877230635 19.854743843702465
31.086954190363208 9.9624682031318805
1.908207370251193 30.722227523179409
3.2052274855722969 22.162641743822174
28.410694314713744 10.504596786218926
4.871345676782548 5.5859812647738769
28.297900085763072 11.469431575907382
25.373279602349506 20.454734034346966
28.319156611498265 6.6560238222849915
6.8791195385017971 1.2144929833447049
8.4338944826282045 28.097938759602716
11.433189413438857 12.048199377991327
1.0217842650963007 2.4692470800521185
18.323864380798753 3.384128837474321
26.347186480942248 22.191537136343406
11.600522214522965 14.792526126054799
12.343638218150591 9.011702165407943
6.6237509158748766 27.358744985732869
27.59761452082428 18.985882631007236
23.126391480397732 21.922327828671488
27.328635378468629 22.549295327916532
10.314858297236617 16.812172936933287
1.3199682244446465 21.919050816521899
22.280514333200415 14.017101394230664
8.2823476690610569 25.17581287205898
7.934189895466738 3.7159800656391999
11.66024855009025 8.303978978196831
29.473867483568227 17.060088665553479
4.6183312416868318 26.020694892023844
1.0410008383107356 30.877310203758384
21.554071455833359 20.720026920468332
0.25382155970334697 25.512695494984161
2.0353355658973897 16.059473163908187
11.616601641975286 30.458369027365201
20.006627562622302 2.8393005639910891
19.265386846782171 18.393838370846314
29.695675412170299 23.878719706762947
31.233491366038734 4.451452347384663
0.024480777427821312 26.792046452189329
5.7509292371135956 15.333108254785065
0.16444433962476127 23.533758272452946
16.91036105628357 23.801952422421149
28.968024135830735 20.514949109393196
3.5574365050543881 16.368663960222964
19.90176644553727 16.54668251718212
17.957898109703127 23.118132989711413
12.100798478417152 14.022299856516243
22.870716736514829 1.6916053859530196
1.7469995757593328 20.126973123119289
9.4518467840560927 11.786478349606821
9.5137161213216945 20.647021100005823
13.879572605257925 11.08045021134315
16.03583967488521 19.385286893309033
23.220026037332868 13.551421468356112
17.006644885704805 29.624072796368814
8.6152592128928021 22.322831767400796
26.697285380246861 13.589189755623806
20.22164609658347 24.002505223524157
13.096094642666268 10.724266787629704
24.485531834261085 17.294658791582908
12.763384992748119 13.213678710885189
11.385079422062219 3.8280559563288072
0.31421797231927484 14.634202761120909
28.650085785298533 4.5360452064754035
3.5575210446229564 23.054997930057386
4.5730839890917094 22.938009364270176
5.0600296636938662 13.589953314601409
9.4044447526271604 19.734504541907935
3.2892359856016031 26.460941674980102
21.886703971884579 22.604037888820031
19.597322914293187 5.1018081360046104
21.887658937629354 12.146622313972294
14.380743129186635 8.9277289089524885
6.147110226749418 11.263596118822623
7.0771912822803609 10.263144172601875
14.6231822276185 5.6348263882078857
7.3387352193478046 7.6589523545348541
2.2483559529353059 18.426551916933651
30.200564644897153 13.862229032308679
23.216977811319197 18.246306654098621
29.386704406717289 5.2468198430964419
30.344925852683392 6.5282926262168202
17.054093461958299 15.685355734969704
13.788436291007063 1.2910836974288482
20.138612319574833 17.509570787295996
1.7750257287913245 28.494255147728509
13.749464377432501 29.957541705070131
11.137432048915699 23.449741497925753
10.272368023986592 7.7717087719379609
26.495671293436729 2.3694695013341023
23.18467029032243 27.306865107334612
9.8569353592378981 28.961121772631049
29.736249746362741 7.7670014729152062
22.976287177158571 22.774181749360238
2.4565276519542829 25.511426098391048
31.40399443647291 31.014154557896706
10.776838152373882 15.756346632756266
16.277679220354877 20.42336087340566
9.3359327873029319 15.047114145180524
1.7388595101512712 13.934160619459135
25.526023303990979 0.61439453021862389
1.0142551809773426 28.038612769989193
1.6187964222047777 12.12712225777633
21.287983951558161 27.924817097921046
17.139541217904302 9.7178568252381581
19.085798085019952 14.884069960885222
12.190116361054363 0.64548625219959777
21.896661118939669 2.7987113749310968
20.090799510036167 29.466242350281956
26.792215209702938 18.323483190162477
19.481595527807258 21.887894737854477
8.9113396278400039 26.980021736692716
25.828409409028882 12.216917020462054
2.1874776773224038 26.485459730652995
30.936999764094885 15.011558442052452
19.33080609279282 24.72456886477082
25.50563982711428 13.290422699000162
4.0708233445921875 1.9786785933867279
17.879161821222155 19.148928607647992
16.23578153287275 9.1698833724840068
4.3839127353045688 15.545037543876811
31.149062483403732 5.9106350403288346
6.5216953570523941 8.0775442044406596
2.9887239588954371 5.8192090785675106
28.166615564375043 22.217100458678985
18.26055619319208 5.279310944622666
27.666645329290347 27.776745556294699
20.000747562427957 8.2653252769572205
19.420651929264238 0.050050667391333549
17.272506376983653 5.4990793840647836
30.521518701418877 12.903983316451464
23.203875507705952 28.362608622760551
4.4370205359934358 18.749757241936322
11.036457563964198 28.061307896479189
30.132761094934988 16.3233059286475
28.555269899896818 27.145897984632477
15.27729358700042 3.496095912904281
30.947699110420348 16.16200925291529
2.3958023955469621 31.564161775691876
25.59498832864859 17.707542533132514
1.1799437025048205 16.986411112349696
20.510641396138997 19.242684309858976
7.6364878643481759 26.093569095083964
11.279596242047297 13.507108765161263
27.331877534595041 6.8456799741947911
5.0339838924260034 14.719172810512033
28.647452034168865 17.426597872068871
16.758034673447487 21.549663887360172
22.306777899191324 12.94268653379627
29.357290887515113 11.174753023821692
21.051252872308602 23.697164823944288
22.308577812566497 7.4543844603780718
14.881277048221476 23.736093553250292
18.76347722160363 22.804484571151225
27.830621150315228 3.6073036984134661
0.74090475351830276 13.704994357258482
26.706411715863297 0.7278289606696734
25.034228999011635 18.417978128015541
7.2385019166945561 15.757651096363041
24.977388389829432 21.362966811532523
12.6468458176052 18.65498046955183
1.8127866147728595 7.1058404288128605
7.7856458276473708 13.531742067521158
25.393885463833065 24.146741723824736
28.957556956842613 24.431641395657707
16.532164267699976 28.586987600391666
18.528113974338758 15.659795709345989
13.014702142852355 31.027535049380944
4.7958627049931506 20.966032290092102
0.48690673348905072 9.4769712032602325
14.526194404393657 20.186297232961433
14.21964584735422 17.528124215041618
6.8279267116865938 23.840393007002675
25.545595506372436 19.542531739757369
3.9345880607060781 20.511018664648415
13.959977253208269 7.8920847163816372
11.380216442057872 1.2683305950198431
22.787860907621742 3.5909891250924111
0.96652448028836668 7.4954235928990052
24.13537316120809 18.44124515717521
3.5237502571457289 25.602436780462082
6.0940633303994902 22.656954087172956
17.640602961035178 30.747410838255679
17.870688766256578 28.082174961830685
11.49266049776932 6.6642541578192862
20.2785244515842 27.682269398593537
5.4162530442306904 17.875435538203817
9.7210989020970757 10.886201939430205
31.128172858328309 22.817066750418192
20.896040989712574 26.04921069622722
6.4758245858164276 18.92882237749339
12.63787368350039 29.289584249310145
31.487017598120278 2.5798539388340149
27.746125011147761 13.546001138993521
21.672425512248807 5.8123932754907761
5.7966266500835433 13.061375322592626
21.863655430959135 19.790792379070183
1.9398658415995564 23.187612989786494
20.63973605070467 12.570440489314263
30.504692492798597 8.5380213990614653
21.793278870080389 25.763578850322322
18.901019333212911 28.465406220828566
19.043683705832308 4.3872805273786497
21.772113820949983 3.8147793357110347
17.92178935705552 17.509158358837084
14.79713389346168 29.530189796652319
21.463100018590854 26.96498979997277
19.257337794604528 20.869919614785271
6.4540402565749497 2.0086085392135824
13.66970949834384 3.7151256772439689
30.705195084136609 30.15061690267429
30.951289783943508 20.849938217855474
4.2243313267967926 17.004247468515835
3.0776459168409804 10.754455583190191
27.675822446693932 9.5711117912197263
22.02487289620559 23.576182825041599
29.39575303687306 10.091105517467733
30.574943898658415 2.2675151935024798
3.0539448971376948 17.348057913658675
0.91488234936798585 18.680331918415352
19.634986646546469 25.904833613200342
20.392294379519235 1.6808000928226539
20.051934597417461 14.6089641373148
26.604538831223014 8.6737255315597892
16.223838322852814 6.8003444547572292
19.410727192914997 10.072271863768922
11.61449557875186 24.705554338603161
24.628797614856555 3.3809651916092447
23.7014795561341 4.7996795792539393
17.57819078001252 10.562629241101966
25.389723707592395 11.417104177647397
10.700417125609929 26.567932564933777
1.1073415188835809 27.133932679284083
13.754062142580288 15.397312853421292
20.420348469876341 5.7409555718353156
16.096019525541692 29.898792339718426
21.833028305545664 30.913739587514595
30.591941130861525 23.792337704441543
26.622093630223819 12.701773910032125
18.665743807004418 1.0166465666253934
7.2162090068874676 8.9926812470468711
9.1882703058382607 23.231239121310168
2.7323357267867237 28.105790690104914
17.843731921991186 1.2940677645684222
25.922036725590097 6.7520598264659411
13.697161825880421 23.702744748917645
5.2165170116349149 10.615209070818395
6.8909669830867619 31.414816890889345
30.259405831489293 10.841727740528501
13.280954390937978 16.803894567457061
3.3696655001666009 13.469800386190849
19.988912480417895 9.3772585988801911
9.2279607382284272 7.5488112675290386
23.904015888876717 14.771971655535356
15.590638028394848 25.613941361503748
24.291153081597063 1.8748642307981229
0.21154277838991781 5.2284096582574868
26.463222175104296 11.226907015923281
13.726842466078429 18.559280326532548
2.5327386309435007 1.0797237780726741
5.6102799079779579 6.3436211665573889
16.320456429297838 11.938999857328104
3.6843473981447294 14.932542539076771
2.8393214159693141 23.57363735475208
18.221910686442836 20.722964396783151
11.197779689385731 16.924413389406865
20.362095468634902 7.260422686212932
25.022958013933501 29.301578859001339
10.66826946645023 19.757614752956112
10.01257330982642 6.8165447943822333
8.8457010400580689 24.23929646378086
30.277911224613266 17.614681529523047
12.77473777438569 4.7416806723007952
10.515175398895686 12.077774893528325
19.745529596761678 20.075745583476493
2.8764331454840777 7.8721257196815149
11.675252597888234 15.838472187185801
28.983039187854203 23.139030771314108
10.109359596951203 17.853520245449484
17.396100010876122 0.19987342600560096
28.824910568313506 26.201185721347734
21.778381549587614 9.7540758229374624
4.9572721422739869 16.203831019145198
25.971257897205259 7.6809466011848349
16.89961602655362 16.934255567135587
22.587095048390179 18.904337603231532
16.154578417783796 15.401288904577308
28.653654024488937 16.287634151502719
12.013650129566422 17.90833990112931
4.9775889539633384 29.506724606302562
15.72068587975283 28.907266300605592
24.72630780575324 4.4796519036262366
9.3724330399752596 16.675895426311872
9.8679319863090562 15.665828789397494
20.92399257319326 16.090092600418185
19.122027775977998 26.603384824628041
9.3597959856449862 28.054594251594473
31.347578791135305 8.8614025374078889
19.445119762985268 30.110824899203966
10.050830185794224 14.154384301632302
21.83600215899126 8.6644786760776302
12.846373081996074 28.149924871735266
25.112333508367811 28.233088194288136
3.508442295330453 1.1375088259851807
19.325479591776688 7.4128952849322882
15.267575850270006 6.623549497128618
21.471259066821737 17.95862517550546
8.7609630422299105 25.899486698760363
21.15389576512321 1.0918865482466953
21.693331625647236 4.8196032736363854
30.148058534645113 4.3836345314496779
23.019732296059647 23.752330721259035
24.533832056078328 19.474272291279583
16.603831507477288 25.236676384877871
19.856733572123652 11.574533690175898
16.08632053507494 10.209907818633745
14.122981169329778 30.681925892232439
23.571953643573014 19.468039663636208
0.37662696677730256 10.501502218050097
29.257586465561051 31.558006500408339
30.545503889075295 24.913447547414087
3.6627690962194746 7.2101714769329321
30.091529259047153 15.043863221141407
6.133017386211721 7.1621852594008493
25.418781242669795 2.9392889364604611
8.557655218207092 1.1706423731088997
16.022930260734363 31.304447507210863
29.043444854737263 1.0463870937182906
29.201902442618458 29.983898612331426
15.433112786732655 12.358024132804735
7.5685723827050149 29.519052001272879
29.516668031615676 27.299238855034556
1.5785588848517109 9.0214475992721876
5.2111258972201586 9.5095377611692538
30.537600348934653 31.360837113772796
18.309989446672279 13.216576001908338
18.772582827499626 29.296617848373572
25.262601754478943 2.0481647839495105
17.131256800386616 19.722411534964269
29.516582362412013 6.195083366049003
8.7593464880751224 6.6081676146374475
23.313362618304762 12.478209425699914
6.9272379643959496 3.8655515473544133
6.484991809339439 17.867239219505663
29.741182951838056 26.127055473398705
4.7936704739429441 27.736411647783154
19.452948344469377 23.528372558811775
4.3998820664825935 0.22025766980242784
11.577096261064694 20.582057978295726
8.2656890208558984 18.450225918124435
27.822638512423303 14.578747657126428
24.846707325895217 9.2724818850919704
28.354705268391317 18.418559458341893
20.763509266167929 15.216497588711057
14.561354697356085 12.700306609807964
19.242153719303097 3.3566618964179349
21.130215889706736 10.635557298890319
9.8535809910673855 3.797291979531606
23.549993417796344 1.157280836690517
1.2566463506368937 14.866426150891563
15.627125351144905 26.525974463475652
20.113728482328224 4.0854565895067356
1.976384542587766 19.265612983246552
27.697207989818974 16.838477184596474
9.2017873601886748 29.601161829880944
22.379376156276756 30.182030160914469
28.229945874027429 0.74153162600479461
0.18564230744193719 15.696440564088419
0.13513601903925371 20.09174033092593
0.80556619689940745 3.2824567462103151
12.420155886003245 25.29965664151873
0.74560964591767509 0.19576222464338039
13.55479733426729 29.008847022719383
8.6495194563738167 2.966193787519777
22.901401843413602 24.829159362470161
