11.304116343159674 28.220161626099557
4.6142430684669398 22.114100106543667
13.654391149082901 16.177776990364237
26.891164807084351 2.6487321463374083
18.734734055560882 30.794456948030362
10.469964003712379 9.8869012389871376
5.2546718830242281 29.910318938075772
21.055274813753524 17.954189163226474
11.470165454013785 10.325695867753632
25.833566498300026 17.764050972722039
26.619398412093776 23.733627310850984
14.611819240567765 7.1884901644423946
9.516650019727857 22.173885976377871
16.000794489239208 26.846292900318392
0.19258918275794154 30.815349261482574
0.088188203367225881 26.499694341173232
27.557097913373379 22.484278385875026
0.27419722545127595 9.787180036510895
31.411965065460986 2.301390150205715
15.730199755185234 12.360952263271301
18.612801465795549 14.745220427814147
28.61297727910986 8.8369208480775079
30.409593715590105 17.420767808369796
17.926349359052335 9.6255048112687565
8.0598730012613995 11.596976791656211
25.16631950384556 12.363322353445533
9.9799628734880663 27.604403120721955
18.721425262859121 18.450546089007872
9.4004927909030052 18.796948177376997
11.438298102028337 8.0831210468164905
4.4751888329269383 2.8733533443013379
2.7461360427120649 18.208060892235935
29.43031095343585 24.755662269007573
12.806230336866641 9.595829679266247
30.315273077940894 8.90959879059481
16.436585353848372 13.016016108263617
1.8411196977520967 12.920462346266694
17.67473607771359 15.89136584659404
8.4033956095699001 22.777932826855753
1.0263458005562465 25.783244541902576
21.302920214750007 14.271161420569433
14.794769074553921 13.690033753850798
15.255323746487072 0.75249186043100968
15.328045240415383 26.179067323273145
27.636226396051644 14.228185013427694
18.557056167846955 16.858293373474012
14.93432968611153 4.718960162285093
8.5605641958505263 9.9109735924760827
26.765068447277994 8.5913748409587711
15.757905139295353 15.48474805540531
5.4476187881439504 24.854786370013308
14.036707559472317 1.1064265398757798
8.2035651882901561 5.9331550914422619
2.1345601361203621 6.3488752813124654
6.7937002714104775 6.2990047620375407
22.904620329234604 15.864437449799896
6.4511444437811027 0.036700234285248642
12.268624877402315 0.63257083377287848
12.19096373763195 22.68605996146977
7.4245532628623128 25.313159795018496
22.318646450067494 28.416250229201271
9.1151843497217779 5.4365427078220065
28.856107061574019 5.6173793649675341
25.252115526474245 9.926731523490071
23.990316422054487 14.206951394835254
21.938818897786327 26.315782298917878
25.629472651837389 30.188569274964721
1.2884742612883742 30.81674395808216
27.625614034748502 20.056283977208746
9.6227533105562451 0.66347703120959445
4.6045634143194283 4.8328621873656266
14.446250282009309 2.911484846905783
17.145670053985814 12.331513709347329
25.797441297114769 31.148881840346668
1.3169534219059111 3.6118457605638641
29.249633028134873 29.213325336914515
23.614900868961474 2.637805329326107
12.716974199404785 16.948358082849765
29.656304322086861 9.458921583332387
30.921886913036484 16.570753548805154
5.4437540241245248 19.146819948855931
26.829910580686668 13.817855019671031
21.977778493142434 30.192747734516114
0.15717091439263497 27.433450408439793
19.70359559428746 25.942345504068129
18.719526687272488 5.8924769527405561
18.134228150332945 12.180462589679747
24.785196588775573 26.812654884877961
13.377483119278711 29.140261846100191
6.6217799504824404 27.220754043810846
3.6465411739675511 18.517063209681833
6.3297465413601408 18.301820087944701
21.473812453825108 11.258473177719505
22.341376700788889 6.5106661485071022
13.248556326527023 19.602474491271206
23.767381647414766 28.4629276907981
22.283758499658834 12.327034468573206
21.450203469394662 12.929128437229767
25.555109402730675 1.6568387413626469
29.642743453480307 11.489903579253193
26.615276821024619 27.940103593863892
23.052272403520394 26.67873377884624
4.7791982802919533 14.587348717395583
1.6071937707142907 8.1839050761687115
7.8171535998149553 10.479242473605467
9.1924795238174042 19.891558557334417
11.941943503990522 1.9187241466013272
6.6107273644276248 17.572643213430801
15.811901213834586 28.971086895408103
9.4054342894377694 9.0132184959860471
20.711590556106763 14.9987718180058
26.676559168497274 5.5629867071921613
27.535594981942758 9.099901702461354
18.272353621939988 0.58875734560184756
28.088621467218033 1.6889883824211338
26.644429335699137 28.878264767893647
10.881893787149423 12.802147284873167
12.371289256280928 16.111799455979057
2.8712024839997348 29.210137640536043
17.252293382396758 8.1660198698551607
5.6395959854000068 27.009289273949239
6.0480223005621019 14.547033466699681
4.828043041341501 27.593566305737681
30.750113981996954 13.684936582969479
6.7294832003024112 12.182755641558122
23.002136978220957 8.5824942110613769
8.3268155425789825 26.866655540625949
29.433300289033721 1.9452215026090993
14.638249542475453 15.327623663865809
17.227813720187587 13.699967723667962
9.7002510673989661 3.576621449255414
15.263181302353651 9.5296889242687097
17.352479344269881 4.6236804595285026
3.3039682152736258 3.8515673709041742
19.828442256874069 22.33944444066492
27.008086911852764 12.650468980472564
14.904569217548106 27.202189055675298
21.971381312187731 10.441844155552914
25.482987740595934 28.320069417292874
19.659201386336033 14.936200488264523
3.389339040253291 26.089947009538296
8.9415985192322847 29.903309973726238
16.554567452968357 3.5404622812959627
10.140630390872508 8.5323994869791111
23.910754827806048 31.163534040392424
7.4144801452031075 5.3706273171720085
21.989777587093972 2.5823004828843055
10.56014214452666 6.5476684209949401
4.1141508332664909 15.998695136663104
29.000075891738202 0.14114000919081601
11.409959852069935 24.579890124984978
1.9074375527220704 22.507866277320005
5.5887916315230859 0.59282982967092146
29.422543868268516 8.2672851939568393
13.552966475866175 31.086028419129068
27.525581022705772 24.386819488484019
9.5100498226685506 12.695061504934635
1.3557186212538146 19.890744844922093
3.1374973534542132 13.420689875348909
22.658749223672739 7.5327823711226971
22.4164670780854 21.152366483660121
28.291188028766673 29.140998466892704
15.641276954932041 30.164942724002415
16.214872630414987 31.391893564624304
12.179945378493624 29.071181653221274
30.695541834716881 25.507926564740725
22.768038663812717 1.7155424272836608
4.046586264899549 12.931186188478561
28.829313189402438 7.4839003581924644
31.216928380960173 0.086326826878290949
23.941420414887105 23.38992909622263
27.124124765391663 1.08290826019139
31.241131021773402 17.747988950062144
26.411579897468236 16.459705957563685
29.096784446268231 14.413251422067004
13.976441732304139 2.0875563380187057
5.2346185154949358 12.824154964182975
9.7699758208907319 15.292428701559952
17.273940372791806 10.282169814555632
18.75343339989286 13.643885037965214
6.7515453840285016 21.594641041802845
14.361468709146605 3.763573388322234
0.98548262964655431 6.564944503911355
13.2244960886656 8.4344474408187828
14.479149458899284 30.76512515218468
19.869588144797852 16.683371112482551
15.403639862689932 17.702040318341897
9.6987820352114973 7.3845911015604857
10.300079575266345 1.4198678675632042
16.963475184637296 0.19232362517302909
2.0393156320984716 11.947380071021449
2.8652819300999797 22.852771133633553
21.522292100494866 6.2059321900659956
25.559023663927295 5.6676668550642155
30.436296047697702 20.458054833665948
9.7078897650018572 29.229328205056831
9.8525517033637833 14.316397238761052
10.849866651055487 25.36364136423704
4.3549022449860333 10.922897201232812
21.200191571732496 3.1298052215016119
29.88386946685149 16.308491242294018
20.377020828772672 28.150911243046991
0.42576103089207601 8.2828370226927106
28.117538879767292 18.068819789492782
7.4854752141887495 9.0660582653481789
30.105140384200688 19.465729703477518
11.198239038827472 19.354379118313691
3.9587365027168007 24.76121496292917
4.149246009843675 6.586622752867644
7.9940166094446727 16.442767378516734
24.587043172626093 3.6112472088468723
29.785226595622145 13.443651111789627
30.085416864696263 7.6159287981383947
1.2506836027003287 24.035702699165711
25.242255481427133 7.5109843024956966
22.317357080392998 18.151571783011217
3.3062746946099537 23.804577652395132
15.731240520927408 2.1582147389035184
11.966678566555968 13.053426262901606
6.6906067784873047 26.243372578114705
13.299574257044561 4.1503966474763345
28.151206057643609 14.971726258675785
23.895200139108063 27.149919139605746
27.232613059641281 7.5540346889862287
16.803743399898877 26.408006156082344
5.921209559681647 30.74290383990331
27.122858646627169 21.370460652047271
18.724190123836813 28.332756162816565
20.70317762469444 15.856407946145051
19.488300782116138 27.648044516986541
26.1429658526758 12.264942453147942
10.88127175024105 2.2463544284029884
14.259212830647916 12.115720382668071
16.674082102235044 11.572586290891691
10.142571321844848 19.570595416360273
2.8650168607948272 11.237595227665871
12.126047051297663 7.2966409377105501
26.986924147901259 27.134231731043577
2.9013872821830908 16.467737021653189
30.633416240127683 30.777163009275075
11.982431082062138 15.312233034958641
20.552034889724286 21.569900149927257
3.1753451371438075 1.7365112194251964
17.804153782865594 18.286111643253463
24.20305162409193 13.193571300399237
21.779981434125194 7.7308046814745603
17.564115293960885 25.35059074175394
1.7089508159658862 16.936732494734553
21.952669369328817 3.8407412319360015
27.485776838284401 16.160920040437535
4.6329521579411761 0.73283742435547228
31.295501513398268 24.161310381083467
16.307802613250942 20.634768389911454
6.3716445658912582 23.012942978363096
30.071916419607728 30.005425644313654
11.071950747039693 23.639507877919996
14.906515444775012 29.622735503433326
14.271382910342471 5.9012273203317323
23.601409460092007 1.5337993987108072
27.66859164809614 28.424896505413344
0.59151693366173241 24.731162536984574
18.893565113789432 4.2766045656563794
22.973990912856948 10.371410369793661
29.859713640313593 1.0085594489730751
28.10557078427216 6.8098036888070732
3.4366040178336474 9.4438841299098879
18.331693736504175 3.2923269626778646
4.417826828659269 30.748084555573378
28.610333048583133 12.519659129599361
18.838100225107389 6.9817168044838214
8.5392318105077489 6.8800703952823534
2.3876499585126569 28.058468207657082
11.227531448293007 13.779326823556593
12.032552236211243 20.471655182294768
10.758803507861609 0.42459632349496546
0.7803135071572056 1.9419402351224135
28.627265801873499 9.7622604624875144
8.4835125812390846 18.795862419677661
19.720281046047123 21.044009290748097
30.583415333204371 12.471802762640879
0.58898036424917921 0.17669239137790785
20.170397948473578 26.948161215750094
15.058115873207502 18.633460083473167
27.326333182033139 29.598510210992039
0.26875667650176788 18.527932781485699
24.10310069814625 10.667744052595046
18.941951917510707 11.969449904843994
17.525503345156647 23.331695833264686
25.540550701031101 20.434058325749895
26.639124628813196 30.225070319922274
13.273231528638371 15.419682450814731
2.2796343170221838 5.4413849707892608
2.1814106772242026 9.0172950053595038
12.402639824421344 21.622715367998588
1.6029014904231433 27.479100346325282
13.063115246352275 7.3609889742754202
1.498770238887815 9.9076234632007907
10.508967334325861 18.570759766845651
9.1825866549050073 24.516354781950565
7.517169522863262 6.8033242416101434
5.7910155633886351 22.339777910618729
29.821147226469567 5.380932258837241
14.31715734153253 14.559354574865903
7.2594522459453694 22.299865152935247
24.457098640279419 29.875575872599008
5.9201602745445863 1.4445114475550693
27.477386102871751 10.001498199300547
14.87684286846175 12.818814453861961
6.7097942971560602 3.9280332841857559
21.850271916325113 15.289789584046307
10.928369882966882 14.587834470217638
23.747080949177636 25.95775370738275
29.26790911160019 16.940853207189054
26.448665246051814 10.330310489245074
10.950225112679291 9.0498017660052046
1.0052636382516038 9.0551794975693447
2.8949518251553608 12.506035559552654
8.4321582770727606 13.019762492939126
5.2652247281805993 18.102301274520261
12.530104621004371 12.322961098832794
9.409907648857935 6.4428544394867595
12.306061413132612 3.5491804325714371
26.04685526985072 13.343027132275765
0.19144111489032523 5.3039254886732472
28.137167267332238 26.679549447669444
28.05867782572383 19.14688376345746
27.209071925987509 6.4457012887379923
25.068512148722384 13.391266552391549
17.588019763433099 3.6481100379860862
0.56272743947096626 7.4022791284442366
11.096678437736447 5.3705796801037637
10.675486881419967 21.390021106076023
15.150180432040766 20.591049096804866
11.103079340859511 3.7885373073108042
26.747108155941387 20.347159725610005
7.9848600184921468 3.1897787296506621
7.0863937988914154 16.649667856615633
22.831953576990902 30.824316734763574
21.442709273948015 20.628611679923466
26.730337680570511 4.0278007734885204
1.8374212394716116 28.8048452191344
6.4231423841396857 13.129646885102717
12.625513317556315 4.8335233618244775
19.021748971812897 2.3816155689501919
18.257867837677946 1.768675209440876
0.34456236135336499 16.747853307412765
13.952033351314872 20.466272119084131
0.77935902509968802 10.65645545646399
16.777187264483359 5.6800008617664561
17.685000380597746 2.4046048797763486
25.982573763765004 26.515853739896954
15.537920810335098 6.9603665977230618
9.0750474905204364 28.512977296599328
21.528073194443831 0.62827765914073053
18.541832244900711 24.469063975601664
23.252567179713356 17.833231951111937
11.306908498552982 17.900160428351821
23.454403177224712 24.26334771445406
31.403770574993008 12.880598473120193
5.8598963049428647 6.213127680648272
24.532233709873651 8.0701358196134674
7.372845982606127 20.359149213585841
22.339049727377091 29.377623477032351
8.8263045409953804 15.925265359346811
11.157438150938852 29.231386500399601
29.091007892031797 4.5605171813751619
24.201634098907444 17.703779003147886
11.391421516380912 1.1498127189627956
10.390537056482014 26.21442708287541
19.289924962560587 12.94198312734126
9.2597895863389343 31.458095641111257
14.019045389131277 4.8537412844329673
24.122883181363726 6.8734069593728861
12.944448671577019 25.685911014265582
1.8979088137589148 29.775410374223512
9.0468465900120485 2.7934946512768497
22.535017837850262 11.459883045075285
22.081619023987674 13.597469999120293
2.6803922554674431 2.6782954482056205
30.839646197381587 21.466186032545259
0.46537766861039959 19.595067172987864
2.1375525922567462 19.081752056449723
19.360419301514529 3.3143681204889091
1.7557506435886372 7.3294929343298918
20.918403372618116 2.0380568931650593
10.542828819661441 29.900295880022398
10.807326771810539 27.181730089049665
13.82697181764707 28.256089588063816
6.1630369571425456 9.9584208246878401
29.666228033891869 23.830658682618473
14.633346464928962 16.252025436416066
23.625556942232667 21.492315783645683
30.821896235348497 1.250359049092276
15.846127502492514 13.712364458966727
8.9807341578273086 11.952913608064975
12.933291530216245 30.058301395719418
1.4428392169914701 2.7165603789922144
25.059782598213737 9.0381192797372201
19.811126255947315 9.8902205214388985
4.6510746392216555 5.7099046095105406
12.503250397874167 10.535400100841372
27.164655135192071 15.352435094840311
5.5799584933945452 2.5591514279427656
7.0601663618925041 9.9387254892936312
10.007848108477436 23.442069534775449
0.8482584416503911 12.473247015013277
31.212330338850741 28.162674906089389
9.6816428466069215 2.1646717074443651
15.975427204506598 8.7204511614362552
6.5083386876071723 20.473856159522217
10.091143932345179 13.453905977025858
25.444779119564192 21.91774549292094
1.2401538015569924 18.720671170385085
13.443608316874432 10.784535052927222
9.012608450819851 7.9953082269194748
8.3572609888073561 0.60441260109100303
25.681415708274358 27.382500068396109
1.7058709655652711 17.876276877068257
16.352238368257126 17.355715002755904
20.509998813383437 18.865129320966322
16.987109103024146 15.315862282824151
20.260973102527235 12.76349987345554
3.5572746506412805 14.265036338955088
7.2670803683832386 19.15030176240791
25.993393352219115 3.339027745412583
30.614643288998625 5.8295248874134433
23.334747055039312 5.3980965860075028
28.495781634199727 25.065531438781004
16.680286786466745 23.130786535512875
27.108491810367646 26.219867932268293
24.56316677876335 2.701621474815183
3.4337933845086126 30.849464689568638
11.197261510042949 20.303471787574129
12.517142379907414 26.687315786703248
15.178935506311689 8.1002115785107449
0.83268186310811931 13.435018824482416
30.218528901052881 4.4027218853371028
2.0134427108466104 10.791277846699783
28.997618248485391 21.436502296997762
14.072986060737991 27.225468239321867
21.123345912086375 27.193573443073348
23.32420286713219 29.243843859292319
13.276888770779703 5.6053185154970713
13.687065488884077 9.455799544449377
12.124818763663434 14.489107304155414
6.2391905910496455 10.980840295301906
2.8807450636595471 15.642446934494032
17.112054555616528 16.720562557814887
8.0761669051561533 7.8567419849366225
5.7467493430610563 8.9461168793717665
5.7051256231718286 7.7963318778848922
24.819453611244789 22.635338511315158
10.836132124794984 10.978845776481974
5.3434547388060478 23.951191593867065
23.219462304862134 6.4542861275982881
12.032120120647219 11.374100981922973
19.436323917146591 7.9793042637551181
19.498865002880645 15.873439231030643
6.4134505526209056 19.353850213945751
16.325367489191478 6.4425103453142825
1.627967311249132 0.076296030282814245
13.258109350686681 14.582461276978751
22.452841732155616 14.60054446818447
5.2166270392351466 10.036669079486812
16.415448047801849 4.582862167649477
24.809766847963143 5.0343183644839691
10.257696442768527 24.373424292909903
26.064657085931394 4.7437979453648875
25.815831814269131 24.318778090856416
20.315565599565236 3.7344462346148855
28.790355518299709 23.191486853440185
20.063707197891357 30.787300734492099
1.1450627966190949 26.694775194019993
11.254883919866939 22.700702926902785
23.112084842810084 13.782228333868414
30.324417999462597 29.094531489178852
14.58344889037909 28.70611155475628
0.8145174540803457 29.943554777986574
0.095773453625165011 14.015764671895228
18.041250605536028 26.090810042260998
15.294553691770146 28.057876580543269
12.642423303089821 28.326265054142436
16.533346493733344 30.182093862370518
14.074217200233033 18.584648278910127
8.547148908183912 30.876793186623491
7.1136686133777731 11.240954844574308
2.3554911442967819 26.675910539443567
0.079808771301343576 22.107246138911936
4.6666402021546771 20.129379194051115
10.321097857062231 28.492509203317777
13.443115885859326 24.679320749191113
1.1562862103561489 4.6807296249737904
30.016957038465822 28.198612746007175
27.027065954892468 17.158741766719132
14.053336134433351 8.0638529885225587
27.948194318641736 21.247048083667398
0.70386154436315551 17.537613562222152
13.588376459672224 21.530919313347429
25.201122935602083 23.476605716441885
21.90820811103676 22.612421717516316
9.8375129930742844 16.297433927181071
25.110775915836872 0.25733802177260173
6.5288844344990569 29.954061140613813
3.0901385446270098 6.4757481236335321
31.017092296515234 15.681145389757805
16.28541841256008 10.708715699083079
8.3197964586552153 4.7819396332833346
27.109782808758819 31.025906564247659
27.453999174939732 3.4907010448419653
3.376175569171497 29.867418564254695
22.335324920942885 23.802057270334462
10.382322666382416 31.245107012063606
23.429391188326765 30.14772160443011
1.8103835975328333 21.287389784963075
11.499355541487869 26.468397882170219
15.674670009148533 25.267471320006258
11.241080198957009 30.65885172958447
11.896208943266233 25.623106894991913
18.182974543085418 29.97696804161211
28.460304329862421 24.013872043070737
28.170332244047998 4.4624756110021702
16.247774551440443 27.778310756178197
7.7781569674509443 21.247289153746806
20.450065586717685 20.396235397922609
5.2820786779284878 11.129950509907067
31.260644282775669 19.971097107617144
24.069772592890271 9.8047219684816618
12.651035422695561 13.670751626818088
15.576227799440968 14.606730746407759
31.26907962152676 9.0385769882312701
25.907668750326639 15.685593064470398
15.996669623920365 23.985609911413476
7.7848435221071126 30.226056170674337
1.7348545528478498 24.951727257202595
29.133625924188305 27.334107466660917
12.474808741624013 24.716354183130218
9.8658696927482161 11.092701950958995
30.463027347603436 27.404476971463748
5.8073535331155517 21.347543711566551
8.3975152218450759 24.090644120519748
20.318162344797663 25.184698998415744
8.1226600714321044 19.723105374670915
30.15970837954427 14.502769858140917
0.23240005291343785 23.46487018008817
21.179125822507622 19.617125966071502
15.696541572827119 21.494641806738862
3.0469039823467168 20.638779196763146
17.880226519964619 14.575079744948424
26.287204059998047 7.4931204669395024
31.05217721424852 4.7916377261606966
15.073250701439713 24.602615664580238
5.6808167594191605 13.738102613152183
25.222692149289031 19.55697910686003
22.461628149205684 5.2852284500587867
4.6129554218146485 25.306508280410718
9.5269223459531815 26.599053114877901
23.924327979938823 25.131210711554136
5.2053861315201893 15.346150116060594
22.666464066359353 25.640384767790835
3.0734161413233858 27.207565987556322
21.571251918875191 9.5298659470766207
6.9633205491149788 0.73975413613378349
21.557290096095205 5.1785608056570567
4.8524824981711365 8.742961092399737
2.6322892537181448 21.707143696196983
18.398861068954069 23.128538899936576
18.14385464014083 22.01871230065624
19.259949729260686 31.566191127387924
23.470282270854991 18.78291528824446
18.872863650246579 29.332165240474577
22.702495392811951 22.083133916480868
27.371419931645441 4.8836551559597421
3.9062080979731628 22.89309413595446
24.403688911644078 0.7079610214471348
27.965742310644977 10.753644891115405
16.76039427664869 18.16069237049766
7.0538340474761512 15.55004375638203
15.595138543003593 23.007754679683988
12.429477303981217 19.471165402606857
27.9630051869214 8.0758794419272331
9.0136558449702981 16.978394736107781
31.379795907383357 29.063916818690515
20.471302361446675 24.219387763964225
7.6475092937448244 26.371426716367573
16.699604981004093 1.6633297765878625
14.211547354433334 24.995859169824598
7.4954331783956851 24.154736871082665
23.806487720264236 22.417066398244671
17.215083968398861 19.151827942244047
20.576365493587058 1.1074274212683703
4.1262699049117373 28.73086350763084
5.5841392936651806 20.208890478482274
19.766158516089288 28.841457472379734
19.121586859551019 0.99508649474396982
29.110149513959666 2.7025615024772303
8.9121504593036729 25.893550845195719
27.600252285423075 11.915039465882442
12.683804426246057 6.292692003264543
23.927765585972246 4.5920325817379757
5.0503558762217589 28.587808490693082
20.141675330099311 0.31587325734529359
29.59404759856416 20.76074708724807
30.361411489454294 3.1194247504459565
9.1402120914459264 23.299180033065557
8.4630306427892723 21.858602483855005
23.376278084100395 15.038218697895045
0.99004189863186054 21.909627095898838
19.57816639534618 18.595490162971036
22.12350928554179 27.266030690285586
8.0318407186935534 28.249807946032348
2.2347960308955339 0.98259156083405996
3.7601850609160192 7.502765710805698
13.967517365651545 29.914511214951112
28.418013918681197 16.326902087294219
28.975334944362189 30.223702970995486
7.8959613453317941 17.472659949038555
22.085416378050951 31.343530741501965
0.89002461987226733 20.803415349215534
29.566626114362435 12.558146905549895
10.47529674127961 3.0641771879403499
29.090186298828879 10.58354872497382
19.023132893369258 26.659813354818482
3.9579211671754031 0.15684363171886126
25.519191267482661 16.937371421381933
28.968717025552877 28.224635271162558
12.589498526337543 17.894019191567413
6.3718088860276509 23.888331475816742
29.610263163028321 22.573082336964216
2.5963687362875278 24.422205795284047
17.658976286956349 11.167128278022549
31.102949915019483 3.6488009045662215
5.7680834710812503 12.050129907652716
11.885846917580357 27.553306647053372
3.8867545580593812 8.5528893151968681
22.916938910731513 23.135142589817175
19.429944985731719 5.5336686008809552
27.977005324526182 5.716733712728689
18.551228845399613 15.84411690387256
3.3814186093728948 28.285588085286129
23.857106796720654 12.278171264554256
13.288917934478148 0.42146937375372029
28.496585207725349 22.251388114243575
3.6341160979478455 11.851248413713002
0.57344586296723443 15.914682580022664
21.098431365376204 7.1267565016579271
26.560480160572563 22.231574787805322
18.00008836907903 20.859631746844773
27.17845851627245 18.849722305368513
16.683542474150386 14.493637481143736
1.6473162413463907 16.151647141169541
19.15718249743923 17.484258891145124
24.878214412080368 18.207332053200538
3.9459953541619743 16.951370787119341
6.3298130231023002 3.0324290989655101
29.636465866035998 26.614280688609465
23.717677544874533 16.634234480453991
8.8203827514307687 14.839836769119632
6.5743819183891619 8.7060611312730334
21.31538953317542 23.501573747616806
17.030810214759331 7.1718252024823954
20.424016916477683 10.968779771325179
24.774792297213239 14.649725257477717
9.7673234468213703 25.28921668811584
24.411987100627439 19.086415683580729
21.886510640571235 16.183226417429296
24.668116185673924 16.754182925411875
23.460592184214285 11.404478927428723
3.6608368068041455 2.8213821159009087
24.574778159873308 27.940567062344968
5.0641338178627056 23.011014687240095
4.1617455610905116 17.718938246855206
2.1646664801138189 4.5467889467774611
15.509953682268353 11.521078533206268
12.943857381037969 20.730034615758896
10.154141094462249 5.6586760825878333
30.52667821911173 24.513283954052817
24.860657266056929 25.936584002014211
0.31845613533920397 3.0226448309326917
26.642858440005309 24.921554877480894
11.50060078532889 21.579647476248638
2.7530101923986421 7.4623313981901038
17.018852137215724 21.179069919559133
26.05650775115955 25.643610963275997
16.691138206853871 24.436149017004656
29.494302092404283 31.012374153389747
15.35378026663674 16.717903510587512
9.461533911983274 21.240024028655835
7.6031257205915486 18.232589618055801
12.321714127750488 8.4603664521006543
26.686563780395666 1.8691759372985137
25.796895773053301 8.4652719428981236
13.69286597512022 17.2221113220916
20.849002801097875 22.655442205873779
30.102217494430793 10.397540823091328
21.337803266832285 28.195477376243193
3.1990751998463605 0.69924872377214453
5.7373132704335195 4.2440685018250095
3.2798562919750438 4.8326586995407999
23.521534616479951 3.7887438132976428
20.040452848776184 23.380966459308855
23.808702565833819 19.898971449492535
18.296202452177884 19.42521919905775
29.182100169022821 6.5516614875443233
20.828476448257263 26.147135974508334
14.236358046271015 10.21616967505822
19.805437911132785 4.574510158254018
20.96666327264699 16.760383708264452
7.4998919064509844 23.207903994430563
28.898738692383901 15.53874211413531
23.612226942314074 7.6949853753721422
18.472239962611397 10.844341083743453
8.3014980126983389 25.259784959034654
27.55968651760023 25.468446591842966
28.677145151927625 26.020605933903795
3.5470168809048874 10.522628570076506
20.914173570853052 8.4668828962572444
27.985764158111724 2.4614149245562662
13.958425654410476 23.67945880738943
20.838283065992542 10.131783688690328
24.116913057034761 15.644169389628498
2.6143620409598807 31.476799868781576
17.835101148377969 28.493833993533091
11.96212489237109 30.060755557230813
8.6777083018351551 3.888340548599837
0.077393099943902907 1.1244805340268742
25.100358448215829 6.5590336662201771
22.272387011874031 20.025378159903397
13.299196979898777 3.1910211534912145
6.0841470833404729 16.654182650485559
25.298383808978539 4.1213103891636429
4.5334231533032501 18.909462554753425
28.122938713673328 31.240763884789644
8.2439080838375247 29.23574197898289
1.3046375066735763 14.34991428264405
7.2659102908717612 13.495412519438462
16.610345627831308 29.021533003211083
21.506830144168589 24.513911770048537
26.27654352677704 9.5134303492481447
17.489262812712401 20.093978062916872
5.1593798857061755 31.264903675644998
10.157279254158093 20.566376761447994
20.207308998388811 17.654254094779525
22.63059835825533 24.799556109731036
31.6191975839074 25.425531662281649
6.3860773678167462 7.3242203819842482
14.559865346770261 8.9466672912835481
17.94216470513722 13.187239940851809
7.2541431183249152 2.7006732690428392
7.6923457754556157 12.511498252234919
1.1584476756136939 11.505946568435414
16.751147304518948 2.6670951317827138
11.784599558939801 2.8757674477473083
9.5756186318375835 4.5750908365055114
26.186804091953004 6.5439156401112495
21.982245246949486 8.7413023568515715
30.147855579038126 18.43883561729886
30.753550664810923 26.546599754978704
18.862002717762255 20.960673676956745
17.4222301334867 1.0713634993800436
22.723475180419129 19.300370808594991
19.929136197565334 11.813786663586443
27.526299325977195 23.324711594777746
6.6196440153890475 24.815308701740314
10.355763580952042 22.420252043733299
10.654419671638825 7.6168479501916986
22.795726778792869 16.909240570908302
21.257338949486748 29.169677834329299
4.7396334665492788 7.6950507252504652
28.105760895148023 17.283501079269278
0.85589851841434272 28.100955269621497
27.999841039906077 27.608335994675095
2.6126091172431973 14.639063132174577
19.297926433974169 8.8287112402350143
19.713830074601823 6.7500626054536248
2.8722620260701817 8.4130097018820482
15.31186559452664 19.700138075323892
12.610847278505792 31.048623281847547
16.072177787104724 0.94363644817105385
2.1277427208335662 25.809881657187475
30.084222880825131 6.6516855327056241
7.7762986947261847 31.606122874658482
8.361849539127018 8.9520268894087422
15.37532625575 31.172065449213093
13.089850297636541 27.418659964848533
0.043658430952890966 11.856250336959715
17.904860052147221 31.30069387331158
7.9508548759232829 14.19240458012017
2.3599652772423667 3.5919406316279621
20.197358433450422 2.656673170999801
24.2606367054263 5.8475960926559223
14.459660925140712 25.940487913247793
31.278373834149345 29.975642504487748
4.4122357334158302 9.7160666831454723
14.835601665388616 23.654053737769736
11.226289233542323 16.248790000417078
11.907988678047118 5.7380473531801215
19.556920910165946 30.07305409086436
19.822613906515134 19.669709710224918
5.170066258904189 6.7340186574081393
10.775814026360194 15.49540089649504
8.9012759305385618 10.9148172989381
24.573886140424552 24.245365643169841
14.557813948865597 21.367558832685273
0.79749742918582445 29.016663423116331
23.951527091569062 8.9216032328372616
7.9095665401278881 15.289128224684807
28.509840145474524 20.346810512304792
3.0919261982052682 25.255435729040212
13.490406007436148 12.772573979128197
30.081503816357962 21.868077892563516
21.011142280997433 31.374398338759608
20.481593900251184 29.54564406026514
19.711502680036126 1.6792165225062881
17.092354776789144 27.937119266107416
6.0141025636501171 25.667357499717799
30.424811031114977 23.269989271194511
4.3526502438207455 23.87079669137346
6.7971202443990952 28.49262372699857
25.920815926049904 0.88402792031457089
3.8299990168641758 19.732766772847725
18.264318190775594 8.646708837479542
30.547476069978458 11.468228131226672
7.0950319605713181 30.846533382422827
9.7573612631781863 30.476162797252488
4.9309103369403946 1.8395055349070613
21.080467500194374 30.422363217139246
25.849853023757724 18.745779557180668
5.1759366013818786 26.256064201078754
13.768474120201788 6.7770531286115565
29.005141672367252 18.743970986022426
6.9403127025740323 14.470475972929748
4.864327025747782 21.217496096951155
30.997819615349886 18.925398246186173
25.216763363117018 10.804006681351698
30.431492088600002 2.2107372721506247
0.97469970936989758 22.954165828682296
14.399228223960897 17.530019535613381
2.6068647442712924 9.9448933653419243
9.6128897694502644 10.017270611905547
7.1785583840762284 7.8987547108266609
22.661168954034018 4.2839551187874036
21.475222226501039 21.6478220485149
26.015613214992968 11.334478678597174
26.846597125195135 18.016343711820184
23.053636305835678 12.818755225954648
4.2374196450443709 4.0471067726736898
29.74308979448438 25.662490050065166
13.616568805598087 26.26377029648491
25.042624003281752 15.686132883139786
5.6541199711758896 5.2266706113082471
19.367603104242139 10.858224447149839
30.252795485645741 0.15085935899097974
30.893092698400363 10.081863082693296
20.579010877727377 13.66292315227143
18.263840331038097 7.7357304386738113
3.536300212964663 5.6036862433202845
31.203585677504964 14.848705910885394
13.22484951193603 11.658335440316801
28.436377239393764 3.4657966653183157
18.979291210603467 19.887217207265259
31.155800045076131 7.056663621268747
21.087743227806239 4.3429526194702488
11.845511829441969 9.3848658629889776
17.665328164009207 24.335623593207238
18.356348371595065 27.338876308225679
4.3737171186290249 29.68508156595669
27.798799488007763 0.50368678922852739
13.151363516469868 22.447203322077105
7.6334888284544906 1.4337787317403281
25.141318511739875 25.060480877260861
16.368106935433094 19.719859555257099
15.538634185631583 3.9653606735918197
21.813561250039889 1.5329592734555824
29.184423461143584 19.687768135731289
8.9668027630046634 27.554231879420971
17.500576837490431 27.019983983454523
11.732754288524788 31.48001845281987
26.410327805967903 19.503769388744519
5.19644803443878 3.5945011978892549
5.9483497427672187 28.068136490736837
2.1913787273409864 20.323990960290136
23.024969095638962 27.817402985331448
1.1664158347577214 5.6700174370839784
18.805925689552627 25.495488148631861
10.518287179323172 4.5323538483338064
22.637038260304625 0.60916062646560287
23.231019091912515 20.574092908683916
8.6593470051306181 20.66526000515028
17.780762922660184 17.362353199698628
8.9546715301537745 1.3862829496574369
16.269841741682583 22.155385932685984
21.457228981676419 25.380927506582378
30.989841091052803 8.0151492659978274
22.795633110077038 2.9910581407973926
22.840294181952356 9.5312005410074487
21.847249380714363 17.27254269556235
6.6945583149651879 1.8714876962636324
11.906141164993603 18.687180549084996
16.253517514232687 16.182242532303597
26.418305948483244 14.819352725120568
20.352456259971106 9.0700615212649041
13.065154728977275 23.552923494060547
17.47839905529538 29.41014156695589
4.5800822915638486 12.016612881021272
14.935418823902459 22.325948758054636
15.749361448508825 5.3120899980740344
26.582528888776206 0.14651063841498552
25.785649693399339 29.285140320195044
4.2260788933045141 26.328509588846419
29.535135492400542 3.6413346860162767
17.042662483243081 9.0333093493026073
15.133659696937386 6.0007327584421724
11.352894195907428 11.962662184522289
20.293465370289955 7.6709787070607431
12.944999292328902 2.3598270740587339
31.545307507273378 6.2464381342331041
8.9141448620793913 13.774126634692097
2.0607869258421307 23.542310599772843
21.706282252129853 18.831417494151953
12.923680883549693 1.4158748824245366
0.66708836906370295 15.044150947549376
27.846630634532087 13.164839215239397
21.06050765241968 12.04078304027173
1.1977426688401134 1.086706732440577
25.606712516420622 2.6186060933290589
14.944369096650107 1.7659489538863025
7.4948444701471528 4.1655504805650629
18.272113242937603 4.8277829380091895
10.23824298662757 11.977176812416513
3.8438160434530593 15.158832899398032
26.992510913392959 11.222627992750184
15.255630150667196 10.475715232144717
24.577394039015168 1.6794771379240148
5.8694045215119299 29.18977126619891
6.1307138946084541 15.657305059674886
17.299217543158207 22.138848092413451
16.557641892253191 25.495893964166179
2.124949763834584 13.779737351266393
19.14101889924137 23.505979854588631
15.490190777268852 3.0408070696790066
18.819514278706357 9.7853304800212015
31.423335206218979 10.959809721203264
28.702380681032597 13.652201138419869
20.443683717276627 6.238571827111647
3.547563948391232 21.912184652960697
28.605968369494573 11.556998244866648
13.723240432646085 13.582994658787285
24.616617647879192 21.434591941585847
2.8358678470555718 17.338944934655927
20.515584779856376 5.3042396887109229
31.058218599041357 22.72662306582345
0.038311603661988297 20.935133438357955
8.2627986932000237 2.1084082096023757
5.018660835845834 16.341706705229676
19.037534396657584 22.130548829836684
17.793908506071347 6.7199356117489444
7.4736068593806451 27.602739158769698
14.086422546663357 22.604427357941699
24.728412500640847 30.824939519573796
16.211982723991753 7.7790670488871081
4.5438818838895889 13.709058429506721
17.234527911121518 30.63076822004588
11.616619857312996 17.121204827592113
16.015832618901822 18.753379845502874
6.5973726479448782 5.0990293369989121
29.319426053352242 17.835629692824465
4.0454896229466026 1.6195460250105831
11.44193205346877 6.6816981859987195
28.792964001273507 1.0798223599260135
24.53539287084056 20.536381797541019
24.681109806449513 11.640201680373199
8.9810561037646615 17.8131283067803
26.08636942051017 22.947303882103569
28.057829833080927 30.282404088307338
14.464587202110282 0.21564432135864273
10.053187542926791 17.773485859466941
19.459277519418372 24.617222375941505
14.501144011621435 11.270497301082726
2.3637004720507684 30.530263420326804
17.697697850134514 5.7720235318766999
16.324019760792719 9.7231767213941982
5.2719510971023293 17.270451978958874
13.224619651632528 18.453645161066717
2.9633805351371612 19.452449426050599
2.0260792512391905 1.9282239738408109
1.8342866010600809 15.263649791500349
0.35765271489946826 4.1158376558463745
10.415898126560142 16.962672717889969
7.232625109093985 29.26496648344186
11.798914364281554 4.499017723395025
14.307417005237001 19.59188353809099
25.602263053831287 14.368319962919657
26.050024456227941 21.182550947016434
23.43260146913142 0.33479415114944794
29.894955016589535 15.368192305394492
19.732165285094432 14.06296299526036
24.686898626230008 29.102718093908305
3.8862719852814713 20.95476039338163
4.0317086689448978 27.356747705203347
12.155292418546662 23.740564303966504
