26.817778019411158 2.8236119155643751
1.7829031574952692 20.473778172974257
25.698679670814286 29.057095896847304
20.045213224254926 19.916946595334132
20.63107630124815 22.725121853983797
20.624338532125535 25.059838119033177
27.519920789092851 31.127269640305531
22.764254991630239 3.0337990250547375
2.844443638064913 30.910937751112186
25.836526663046655 9.1901496374350167
28.016389646615863 16.354483370267513
9.5344498711188894 10.852315462437897
15.631057593641982 13.601773357736169
13.517120146940695 10.639828923543078
8.1907633678809972 27.295518309828608
2.1335979638293279 15.166102872413372
24.490779281343883 26.985773274282042
1.7989114907656676 3.1711598057292605
19.322667254601768 0.72050523277406042
22.796620257560662 12.799199464107952
30.002076211674112 21.852138399866885
25.871762491280354 10.22024863242099
11.909418815480914 16.231898707882159
1.047710511922938 4.2165449053715722
14.977139776062927 9.6571950774875983
6.6238185346571852 26.699175094330304
1.1245255706847794 13.871697001387219
16.629818619811964 24.687028145466389
8.6237924767931844 5.9171919016166132
8.9543993641105217 12.275524147530888
29.202173840837258 8.7520623295302791
13.791762330210167 3.4828180959163828
2.0037914261666887 0.36804599980488423
2.1432432552821368 22.691993505717956
8.8021471115602967 15.013407677563196
11.020375468304081 23.813574530930278
17.000016627155293 19.975350349013659
4.0290614203759043 28.195376266430319
26.798746394131221 9.4435297664105313
27.831373221704421 1.5935179964090564
16.362326466943696 6.6081699982817881
14.984794581200113 29.469165738121738
6.2738985603502089 11.296250056937659
8.7082233162471425 30.3967849423064
30.503750006323603 29.302062111853445
21.314104503465 11.713733653435442
18.710335321644724 23.207805128594963
3.2417291249209361 28.862453019039936
25.13547945790944 11.277349125160882
14.290395952257002 4.4796741025202165
11.356788118343434 16.890926539129069
21.645374151498068 3.2892872812026313
26.697328667900315 7.3905815280644509
21.445530839843901 23.347504163177252
16.184065177238107 20.278879950986791
11.508108369552518 6.5141391369424673
7.5857181878023203 30.583766422641673
8.133435419972658 15.953960739158729
9.6195974744217647 19.59575806117499
7.8332214453635958 20.386428096954916
15.530589073530196 11.854031196083369
9.7041811525533372 14.011653425564678
0.73124303946681979 20.184122786805492
24.684037623510623 25.277623371991961
8.1002091739774578 28.324680196768753
14.339929786351419 28.525887596013618
28.957033036938839 26.291230301930685
7.3416967946969667 11.937784061269141
30.876873100380053 8.4256693410365866
30.887549685505306 20.129557802981548
14.029207261015149 13.826624452059104
7.5255083094225173 25.630324676757375
28.005184848827732 20.138843272541418
2.7074502028222605 0.83154206367598815
8.6322069883104575 10.909788663162958
30.56099780115359 17.806860117256637
15.202871894089768 21.996035611630194
16.185135841576642 2.35610771397244
18.307255266340185 27.900894785112609
9.7687024389028387 5.4441882427537234
2.6237791316597612 6.9699140897294285
6.6605527232649653 5.5413059042029893
19.695567186654269 3.3464082157669774
28.78700025957184 15.584859521452923
21.490969590631693 9.2112913451074476
15.487182519174569 24.423040125622713
8.1933329482428423 11.740241758476161
23.880256768029184 2.9827170848887214
6.0452619717568457 7.4066504887422964
8.4254764301263201 31.365995459561624
25.161205817620576 2.2808966866558409
16.690881088953809 26.407743029276457
17.137482837984429 15.563339960065436
0.7690837531455772 7.9023971991968063
9.4132754812972266 24.838694274492045
24.824489030321313 24.124351026686092
0.024178713135086231 24.760676732301338
13.069250848543811 26.693647615274045
2.5333885138046726 30.012979220848578
5.4621903729953214 26.359721986571262
28.707540789368455 9.6017831782787724
2.7952693539216753 19.965972094248141
19.621091656766456 18.730003898126718
18.41206387849536 0.67783963860084662
28.164075699086407 18.257073037970226
30.898354363537184 10.508668923888829
11.643988900524125 13.617332547379828
20.698190029389369 21.81460652990399
10.56650536879191 21.643920066908816
13.86560990976211 29.45748280188657
1.2141831393780682 23.168030698745078
18.849423808200378 1.7544431225108852
4.2448441759075344 23.351986911854475
15.889281875838295 30.432324792552841
12.558629446586554 2.1172350172696053
26.916501466175884 26.25812645668444
7.6405780316106959 6.5017318083231874
20.601912020024688 3.2762985755814658
3.246221124627509 18.32162146919428
21.134871671891052 16.849960895138082
19.649097261484449 24.629736414006963
23.420380632403702 26.188363831538386
23.220907370736722 7.6038540466856901
17.020110076935598 18.928185877333512
12.718808430210013 19.769231666647361
4.0876962691450744 6.1729682531795058
13.742174140432111 0.44144340699255596
16.356773810552319 14.919204974025893
10.351780066244443 18.755179378658166
16.120007340441695 18.894428816387901
4.3117749413023398 31.60641970140415
4.6772513909231312 14.564765973705748
17.940001837367102 26.006120652766178
11.823532926900251 8.9714447702005273
6.400227430882401 27.77173710766446
9.313764907412855 16.617826506025114
11.36314636927853 24.702978774634236
3.7601173760381226 20.078598486058244
29.756627757785544 9.9414585152714512
10.833188534314484 3.6267591602696463
9.1315684051612909 8.687518619349369
31.150568463784492 5.4106879220720412
14.263294446045338 18.454226857823745
18.02761295917492 25.028910694332172
11.136708314101879 4.6844982479844122
25.069294837993017 4.4101519452691251
31.56337546334197 1.4824029112753236
18.998869120373339 25.298271828703918
13.672865449524334 23.009839482678419
28.921652144724654 3.9006677390076274
17.2031797051201 0.78575911343559235
13.70484383556462 17.530331648891753
17.982450515023256 11.987348479667027
21.438926061062805 25.896108301153951
17.425144577012055 28.110444920843889
27.318632326035281 27.430293093764654
1.9358876817044495 9.6012094053785546
10.019170675269313 27.809865800122783
12.386775738970252 29.359130065797928
19.162077067805878 20.105725265839009
24.423340335383283 26.055674448480456
12.130673369381606 27.027775979936873
15.367764479376746 15.224166395274388
12.30256417904021 8.2435987257788899
6.924769963799287 30.181020426527915
28.480923514761283 30.97637493078194
5.958447029280121 3.878185152337756
4.482025104715043 18.400722802050534
22.466013281409499 0.56569764672893319
1.9385626582775413 18.280132303318457
11.190888754803881 29.274995050895448
4.9703464739830725 17.641885469855207
19.821790196144406 30.001833886642039
24.596578332828916 21.051406384335536
11.108424255498067 12.238385326080778
11.9583605325702 12.795216415460144
15.239166063950487 5.7414330776710578
23.416532115029327 17.295475509307668
0.92930586689882799 25.723136260523287
10.696442296785229 0.87597786261027766
4.5592576339811695 15.423926831475862
5.5549514729814167 27.270334762603781
19.14340359875224 9.7701547492700627
1.2427843733491786 1.0439200130866813
13.913355983253497 1.5044201298695015
2.2493588298999034 17.524217636777323
30.222140927125501 9.2210503220911182
6.7928223260155214 14.128865903065224
8.832016053879876 3.0525601891595855
3.3451041008412008 1.9690556578892691
6.2701934808553839 19.601180658695714
21.378760030785948 31.211469621830251
4.8751205826075381 4.8170708594596077
8.2747324658365287 13.129626436107809
17.705221567649993 14.609271316842703
24.202071577533221 23.356704549810715
26.841073622962842 21.765426241087194
18.227905727772942 29.234713250547259
29.71593935173124 4.5055766580949701
25.101384308065942 0.073959399215913962
30.88184497531164 26.696147053684314
26.095248402824065 23.325697182022406
27.081301538779009 12.788529964083938
8.8337326733829187 20.589251975439435
18.107451017265202 17.026192344372632
9.047977384811368 28.312957626383511
29.529681012122268 6.0625658616564424
22.127477059550504 30.061782228040475
2.9443819210056357 16.879352343129543
7.7621272264851919 4.5297569014947721
4.4551472825623986 7.388984419928712
23.962513924269704 8.8962244176906164
23.972331411597235 30.440769643550052
10.579935230732872 2.6143899240833477
10.103942154237506 7.4686449091077627
5.7466666483999997 0.90794039290489725
21.69333690333789 22.189864349824951
10.040632399786592 26.57724999755786
25.27299270971314 1.1988311541319681
26.111114917368361 8.2532162737880199
4.9375918213339638 30.687576296118213
27.017246836238495 11.843574698755472
4.5489472752981897 20.981692876436515
6.4943718726459307 20.534329082064492
25.442226265001732 26.91689278534178
20.705187108645326 7.6691689875118811
4.0518927951354407 3.4825771422140699
17.789520994434994 6.7226787254564639
23.233003872065339 28.432851423143813
23.833621585670592 4.9291668540451035
13.881602507281102 9.892946617054271
1.0106742221211711 9.0092182595702361
7.4233571339683539 31.613866124357077
28.912046801788659 7.607833612891941
3.9973629519308038 4.5013243903598763
24.757569732120643 15.058611796506616
6.2499629356482265 2.7813241563798075
2.6188603753481328 19.036847467889245
5.3889185706548464 12.534539911123058
11.804609145050348 26.175899545413497
30.707533722728812 30.700915809807068
5.1083048175685599 28.184337302665394
28.042515129837138 22.847328567337289
7.9273382057737045 3.5581293615094367
17.309597926754222 29.070678550309601
30.557358215869147 2.021258788561116
0.034996849259181284 6.5388752023528758
25.931256335065704 2.9023600994351169
14.453923541647798 11.217422195500857
14.6992638453455 0.89685793791095336
0.86129458886383647 6.6831864534388634
4.3365406457004214 22.203346000575163
27.715181965316223 2.7141893973059803
29.267499272978402 0.97432174696917917
13.321568920386543 20.955608841673349
23.361066297682495 0.12483591793534227
23.803511059391294 27.673574874254747
30.563185059920947 24.797570893254527
9.8621607801931006 3.6345056088761463
21.257480974792642 15.251491646918176
30.889573008600163 22.24293912564864
22.802802351007713 11.683786937883291
8.9065306044565737 4.0927531917192121
26.745416149454933 28.534963405491713
24.783264023944145 17.7992791126665
8.6118671777182545 19.559622462522167
15.792155081210462 23.535994346413343
19.895935608647253 26.929239773734871
1.9111357668654383 4.2187024232176311
6.170764150688111 10.161416676519108
15.627952925426483 21.081746840544874
30.05958959091334 22.964731057530546
12.612779785171945 27.875968886086238
23.430299469186497 1.1859027556823785
4.3050436993427192 10.501471602831105
28.694319976823344 1.8101690280450777
31.006030648727528 14.851690069582881
1.69872165872917 7.4092760788122902
17.369995881337985 27.031904461952653
5.2714748455651907 18.975392205793412
9.2379685207953219 27.243201392857401
5.332528934640079 10.687175811969039
0.84911012609593994 10.014271663733052
28.860152885840684 4.9863339724774729
10.527274419407656 22.87731176599263
26.519645201075488 4.6249797774498314
13.82406721614727 30.348181815875083
17.783855804769992 21.769576568126535
21.957386086947537 21.345595667861563
27.728455800003523 0.59563735574412868
7.4818967962159117 12.956710272568712
6.9526893620619843 3.4077656621483658
17.318445493551295 16.426521343872594
3.9597532536761189 11.312286608825383
12.948852848360596 13.165813315310114
3.373197716134587 31.56095693843934
14.077278489084961 25.755561912799923
30.139359657167617 0.097792375438975773
6.089962988123852 18.611958463704919
19.639351085305435 22.720958375762372
26.824205927972343 19.980031940892463
16.027032384882993 22.638306091518444
15.143800538924751 18.459215618133836
25.093075567188038 13.190567302362155
12.093762009623207 30.884844592150021
16.136110438756411 31.511721805932012
29.912107751227119 8.0921308232846521
8.3155244354219811 16.831535448739658
13.008087041998667 4.0510561056465546
2.4035481531227614 25.374323583355302
27.618548717261124 28.476501768251108
22.35446542973607 22.991866202752604
19.985116448346318 6.9300241372901779
14.926727983735104 30.381594123969009
12.689008754088409 15.541969089762947
29.967185774030629 30.186244439460236
6.5235083204243312 31.527155932017653
19.66131811253204 5.233434833479869
24.111067475628822 4.016594109469148
16.27074859686925 29.677277794395209
4.2875699380409227 12.168394532126397
0.29061076833723243 22.905465706499161
28.851068899485981 13.728238879666447
22.386525422444318 28.140134401843564
2.7711457900428784 28.031086420407672
10.766598658231944 17.798556986929324
17.140694265287994 21.057416852198017
27.865962677948595 24.640408793287818
0.43411740837923041 2.0878259317090375
11.274587056379165 27.757815536083363
22.873707745461726 5.0304008665278026
18.835604147574475 2.8671805123450742
28.763649070417749 19.29950679044244
25.522277023759155 17.16631326412174
12.498855162606894 3.1801988924524975
30.263609277802932 18.801921994810318
15.515732724896251 1.1918993559285145
0.91840682614542846 18.999938332661376
26.794231805834954 10.559737829882685
19.178782481322141 4.1900494732056268
6.8817952325948664 17.790537983664453
11.747084781704197 21.667438890519488
18.21159044775133 10.309823111465651
29.230926718627334 23.862881966675783
11.347836847976737 22.505711906282151
12.210164821105161 18.892842543161148
24.203176668337619 2.0903656818296414
9.6351568045458453 6.3954319301584368
5.9551573792799424 30.880811026948322
2.7129699159510623 20.976871429867103
21.43718139330403 18.651987813529114
3.6988043358823814 25.034389018178707
11.606799336863931 15.273317667961106
5.7772400295009234 28.760092151065869
18.392230281928477 26.824449014583102
1.1282084665088239 22.099961175307154
0.83864871225184145 31.190249457125582
14.809210882539199 20.506856053421483
3.638776330343255 17.547803616789029
9.6862229488566047 22.526190710777794
17.56567158744755 4.2951374750563618
24.220025435753126 31.5196896864664
7.8895699363169305 7.5101681778510399
0.16029811747877878 4.3130673154007981
15.942214598594921 11.085796578929832
31.549325277096184 25.701621402199589
5.2332470924928591 6.8635185727252495
7.245356463147429 16.901443585844842
7.9560608561119075 17.827378595517175
1.9906999157718375 10.482928359536283
1.1681934460831738 12.593642297587213
15.018866595844704 6.7072763794549877
0.089344186942470774 8.970808576857813
29.646674196544172 3.1082428194558949
27.686896315078279 19.238239347926804
15.265361152112311 2.1806387517779169
10.075602182875915 24.01180881702598
1.4107368379110101 21.315081851752389
29.562626673991296 25.487504576319729
10.473327995688772 28.529598643019227
1.0363355544384991 29.38077575074173
8.285476455706009 18.77218788971021
30.155677212112984 11.713645507792132
4.0060983356677546 30.497992262954668
16.425765973305488 21.635777927939188
17.856732762914142 1.5831898264542801
30.080057430072692 16.685193872414938
15.814770289202137 25.367873288977208
24.669548836835475 19.956016597356768
5.8574900042340516 1.8205062332662167
21.814818416498781 2.4275246863833786
27.930957163094483 3.9652156141934185
19.021366830492212 30.012265483867591
9.247292034941669 29.159757927684776
21.180956559120506 1.5393293690980971
21.03204845389218 20.821731006492001
6.682578961735496 28.94280173681587
28.983189546980554 21.89791223103617
27.730237015721102 7.6023099380985979
23.623666294830919 15.778450171740559
22.959436803408192 18.67911159776153
26.027545412055183 0.38194791251364285
10.903326543173767 7.8556692504958123
25.710987746628618 24.273891139079002
0.40533739888086601 13.161361704712464
20.596744448450828 19.159294082389987
10.578011821106497 31.533686406334894
6.9092858041093086 23.730110694016947
21.911201512106683 29.039885867323157
21.447880702974267 0.60943216069158135
9.7950177697501672 9.7832949365943165
18.666661292066006 31.151304792321461
4.5930603878011773 1.0807356115620275
5.0456698621398814 23.736700090239367
11.842783150687669 28.506883466934195
17.00466402389744 22.543819919571245
16.015379875207479 4.5649342454547295
12.977257296585186 18.207874358721515
5.4881648686577726 20.365027294726005
13.031091215448196 5.8435335083277407
18.515592296431535 4.8840774987801847
7.2322640548478203 27.863112992655253
23.041823223546459 9.779134153971329
12.155957616995737 14.459476041930548
12.49957313318215 22.739759807079892
8.4554435132308896 2.0079996027859996
3.4246083215795071 22.196954484806668
5.1688922224183074 22.557110683802403
11.579771922887065 2.7186164912882593
2.6748907472749002 9.0708548433132545
4.6969678823418111 9.6529235014793802
29.865528864092841 10.859166143408331
25.854640018137186 3.9041614036232519
6.9308529496035929 1.9969529052486064
23.828499939465495 29.417468577263708
23.702966736131657 14.880276728872374
20.149707912124637 18.030812024903533
16.341543635534194 28.647425016305778
2.909024620571584 11.02384031779329
4.4508587948212259 8.669167988055003
26.80468897825941 15.763605118102886
27.101828561397465 13.895608030287683
31.587247083339815 19.496285846514869
14.541873536714139 15.811432849045127
24.937997554378558 10.295318140422008
5.0490480376352496 29.68855154213016
12.580530054855384 9.8545037156426591
10.905200197771068 8.9356215711236189
0.01699735473438263 17.742637788583334
2.528134982028055 24.55395872118255
15.636879254461926 27.451817736429675
23.940972168617726 24.600656189699404
9.6956080163783778 30.345311116111425
0.3085046125336538 28.864511966126706
2.1337154976337041 12.128921058713438
30.258798888936937 13.967216889076315
22.314427038866331 17.985576397872361
0.77419213943083331 11.642560168181371
13.571912741293124 27.784794161538535
28.519112203650721 5.8431854185753709
7.6761089709783823 15.226506594323109
27.073332249213642 29.555002238958853
13.783842139880186 16.208003042753695
29.1215221064556 22.858403488017167
6.937496652178214 7.8105031131390819
13.460341451811418 4.9682776394806103
29.098655074052196 16.555563044497525
20.862410037635659 5.3867584445299999
21.25569468260073 19.9525532168749
3.5554949042125079 24.135947190626549
24.619406096488799 16.088987185383658
20.060602555010039 12.862103952049228
27.20765132121986 18.242385980707624
22.250875940120043 26.374250760137318
6.6068509573982839 22.368472321554645
11.79037852904581 20.063333789290262
23.906391934306278 19.310954739465263
10.582156744217054 6.5379219745211259
16.903634064370525 8.8105671670272194
13.441857156614175 2.5871473230710791
26.460349474814379 27.164001999903768
20.756910116657988 23.958268500415681
19.212457554116344 27.591241605233609
10.626852298972109 10.140776790367699
18.257808060620388 3.6699959547540617
18.76506843836437 14.273010532581106
24.615646247123205 22.264036072362291
29.242028025884952 18.560980061881207
27.683461750121282 15.424501646938337
8.660878244810835 26.377477239313361
7.638405090950795 21.990234507079037
28.367865056067643 6.7433428725408477
14.407983298113788 13.138371316225818
14.659735988940644 23.682633899460424
22.657701569913502 14.608882536664101
14.299734307493374 12.0488003407358
26.903008695296567 1.6792849565311596
20.777870066564166 9.9864563549647212
31.330380210912697 31.34410543708141
14.116611782630523 7.2988747317150464
3.2494927875685962 23.134595174136663
22.355298473881902 25.29123069926198
22.899875721627165 29.468039772693785
1.1487119592729262 17.097632445998656
10.347713059188262 12.652698848229381
30.689667879675614 6.3910093005007935
8.0515340939782405 9.3304724135682147
10.923424415363492 14.517062835298761
19.524968615176981 31.291294111894391
10.852546742195717 5.5207415206531891
10.89372698060841 25.844188389044611
11.938108694975469 23.45408583824543
19.20006725472086 17.311803419373973
16.942893022047105 4.8350785392429056
7.3293525185885438 19.633553833881557
18.757944451203286 6.7125865117630443
23.41702692571792 23.059951263476101
9.2189276203915291 7.7198632396439795
1.4884407595525737 1.9705249150556292
23.696411568798244 12.183895691489074
20.064112036542287 16.960483055329927
5.2834097551330723 0.13926527034388267
30.447883732528958 27.599818051772633
2.2331381966370345 5.3431867199056411
0.82257651988826808 14.784357026180462
20.144835022745202 25.794623281007972
4.2560941256085032 26.334543601662119
22.215708076929907 17.166697066800158
2.9849562690041451 11.991331597244015
25.616903709770821 20.35550872768842
7.6509641091331178 5.4950203336135015
19.410032083346707 7.648730896992638
31.213939097994025 11.375041165173414
6.7616642740068809 6.6900587641925755
23.080758453360286 2.1340499491889648
21.83932106031202 16.154816773020162
2.0075567398491847 14.30099130634213
8.7069084100340906 22.402061835022419
12.644024665521075 0.32038656406142135
15.613894153556251 7.3081415181530378
31.017041053659995 23.354851980036909
22.607519218257437 6.9861703115902216
31.042054156993498 16.843372190371355
24.875687563854381 3.2827778650234345
14.516323049265925 19.524416479451471
22.175183385218215 9.7999006377561457
23.07798068555179 8.7228928439223949
11.069352843380862 20.848550206538004
25.235488719458942 5.2810175662835031
31.605375011037832 7.6793573892297928
27.78516546541729 4.9020447993269327
30.633735430819609 7.3147132574165816
22.346985866737761 10.907417912530756
11.704548773356514 17.985202988554803
15.304727257235054 12.688025319713027
3.6339527829425151 8.2338471055879481
16.398415427034884 16.883358711806778
31.55288045841332 12.226830659922589
21.608908514068567 14.423663256268217
16.158075725186816 5.7081384228439909
20.440550718584507 6.146062753651699
23.856524347015434 13.960135641886968
22.151354690215932 4.1992415118246722
17.321138851755578 17.620351363304181
5.7069552528340575 15.466083759573115
10.567668389620083 11.173418497717977
2.8597778508741483 13.400614600689037
16.541137538047007 12.344406588549242
16.755627561128989 23.724464029535774
21.817309427312761 5.2028645449071371
7.0594903179084163 8.7757216800764724
4.7864765468349191 19.822336921000577
5.976502582689255 22.999582061949315
31.19123781898001 9.71595784129096
23.697793376627295 6.4565835416678521
14.391273396649904 31.287111332984701
26.099310787253032 1.6826682982764134
8.556220079042598 24.373933508692691
16.669910845483258 14.148527609349562
17.237996602227824 10.750108487249316
19.520154380981111 21.763228082219022
1.2846814356373881 24.914398557165672
5.1914537118420281 16.292294167574237
19.229010243912732 15.047470284885028
1.2423343351204885 15.669517666709623
23.120906935579509 27.047901982749533
6.0351512588709468 16.674102396252646
2.3281229810452428 1.7889308487920739
23.769991938492218 20.586796888586321
17.707881713600813 13.676363296055179
28.264465043392544 25.380613929101166
21.866942118929753 6.1653053154391806
13.215997194314667 23.703289756026106
15.200678521584662 14.280885412070218
29.246418450615156 12.369065424825257
18.100464382164866 5.6087226286388434
16.393259862272156 17.889370273894421
30.823668021265512 15.775825007169923
3.1786314487035381 10.173954630848508
11.548419301601166 31.605825979777403
21.182006530307039 30.186910984475823
10.667304224841073 13.545607917417785
26.694213380093206 24.567056825162886
8.6382946923987411 14.116253379734276
18.818496042426911 8.736859888022023
13.432313584462904 12.450722852970836
6.8439087203455076 24.953091320543741
18.629120683295344 16.240708481113064
0.22253601935605838 15.658248181626671
24.080854878900141 9.9805304544254074
30.143226901482794 5.3864806156104814
19.495254882689551 10.588600921901078
28.031228928624962 13.270795491366259
14.747191200581549 3.4392234444689689
24.340532672949955 16.878783274577604
0.19520496403146068 23.991742151149229
12.828142178711353 21.924415939463309
14.157374699870175 24.404840997499129
15.764238765532754 26.340164318685556
7.4890618522284251 26.618502746677535
7.4862452878359615 22.986212779641757
18.42454711104147 11.169442269362763
6.8605225023487391 16.106807255986322
9.2072445747400824 1.4775314384141001
20.884545691623657 8.5193441532324368
15.49987633623927 8.5165787709267118
22.464134117144145 15.476156405799317
5.0253231062179697 3.7193324920660453
29.162227176266754 24.720044194372857
17.212789534758009 5.8371924915403444
0.053763752575569174 3.3244761742062381
24.923690661286749 14.133210858715774
20.356993424342104 30.868284116361533
13.841168398993249 22.073026723295254
12.147075553283132 25.29928114037752
25.540435466018856 7.3786851971567886
25.934818569267268 28.035405849572214
1.874514653722742 26.13186351570387
0.62137418775470554 0.4912892352705856
6.9338389333856139 9.6654298163271601
9.8962722180936389 20.519249883543033
17.023438208201163 25.490869818419124
5.2099245792866418 2.8022935727675833
25.755326854340307 18.374707887265949
21.739093914295875 13.458334823145929
7.1304378864746623 10.8934220653432
16.227733577151504 10.227497821183295
2.4344333169588324 21.864032772640424
15.185341933152408 4.6067779237427153
17.957449098784839 19.58174825208663
2.7742516842267393 8.0054750398699408
13.077763933670656 9.1263797692866202
22.22968091519153 8.4645978419540207
22.284780388060881 1.5296747033938951
23.859421760486697 21.89278665002897
20.366150136078819 11.956612539838209
2.7045765023399673 15.926945892460887
20.09785209780846 9.4320919569788355
31.126363012932089 0.64408051194275295
22.318831143481148 31.153997968238684
31.346877356752159 29.771495008042073
13.021960968370859 7.4382047631780583
25.720912871980648 25.271820576502062
6.7938400745790988 4.481547357201519
6.0452809499781504 8.5932087323846673
28.913109679291459 11.459660632876739
8.1554677719733206 8.3656907957461506
27.736038219303385 14.472023028644788
1.6213950449573562 11.264652658523042
25.90952922590111 14.139219462417282
22.927333115722742 5.9575764575031256
28.622370821721468 0.38988063589997196
29.803173379279098 26.716434395933447
26.800393298982179 0.49445754957922344
12.324813301535187 11.928288625756363
29.854076487050406 20.896022685619869
25.46232182396966 21.425227733298712
9.3821825820853313 15.740307419301597
9.5311269185708323 25.81308119801588
0.35210846283919461 16.60558730619271
19.036667875165282 12.474501992755524
1.7919604902756365 16.465586719865868
5.1840283857719864 11.588655626798934
5.878423260712248 6.0841224471858828
8.4168417408181124 0.6934115156211883
27.110335554144896 8.4472928483087149
15.459803429305497 28.699625068182286
17.183733234640339 9.7309666972280429
14.349581640797405 21.314388493946222
13.702229283845224 20.140304497211105
18.051260283604329 20.560525094872229
14.7810098842732 22.768528239258814
1.3338255355268551 24.096986523714559
19.222152833143603 5.9814336107267527
21.856718615072086 7.6911928980140098
13.05110321443035 25.791409533937323
2.2091499404207657 29.132249904730113
22.793418072680147 13.685723568433954
29.22549257975836 20.148497960622208
27.098592155418793 23.711419117165232
21.092991875095532 27.525125494443284
13.187054861723032 28.79706987394945
3.6141175349634516 7.0595501987793892
3.5656229931714201 29.78731488586056
6.759698276125512 0.94018239327701181
9.3821205361929287 13.151311802214382
26.575477219457717 19.097030513027164
10.060709517966609 8.7326912247263859
9.6578989305778045 21.48928761313126
22.902930839645364 22.135865987075089
6.5112269797152438 13.221462819490858
11.698293965659328 7.4985683362382236
22.242524688328562 20.373839760111739
0.43440481966898981 5.4587840393638976
24.99269377731445 27.993806672780206
15.266360428355734 31.560001694183718
13.470343146971274 19.057313404499588
23.113256444850997 30.630261763175984
31.300552262071445 18.677410453390088
23.731116897612317 18.129535412215649
20.036919543178954 20.943133691176502
22.276214947650097 24.100228241502503
1.7144208262668703 6.3133567560277504
24.897215279752309 9.1460759295217446
17.69950554552749 23.079712880928792
18.810492485986593 21.0606115306202
12.446371366753656 17.348379251834089
7.6513026588909048 24.364034168309143
16.863026837931969 1.977523656927777
14.875009812323114 26.45956226597955
0.94063103774846979 2.9857024340119587
15.240891888105201 16.550633935541931
7.5295647480372878 29.180310735634283
27.38884962011883 6.5154324820509864
28.235112769742308 12.405772119846487
26.42874958108165 17.710080702671455
3.0981767972619321 14.403544174768458
5.5275818016419755 13.592637359795598
30.212876059611158 1.1436698029953634
28.207285410219477 27.246600168550973
8.877290767841691 9.7895101394202193
28.600642946835347 17.425964565663651
4.8774444136038655 5.8148818837240048
25.348341427433926 6.3312467020391532
2.7913704427092556 26.622199556256223
20.864019667224969 26.60876981073913
17.850691073752355 18.431130308466553
20.141098534079738 1.2033891767649245
10.671097391645482 15.684356405989064
19.548146491426053 16.070599244397091
18.957445190849981 28.748424929595554
18.079085197492375 9.262403815738125
20.71590138970404 29.412823231130517
8.3318267392874663 29.587166956262536
21.005303021872656 12.988551650767841
11.473450159548873 11.259791236180146
26.14712054895455 11.34082310110127
23.130222024147592 24.07944431997884
20.58450605414988 15.961320675536856
3.683033000195775 1.0360148535754174
20.217873406133226 4.4394155902378891
27.58642352648646 20.958848157406646
18.820881589525325 13.320211609704595
12.933643309618262 1.304233728483239
28.981148553186667 30.150673867577495
6.2813718131272109 25.779971823287543
24.836813507830694 12.284988699263895
13.335726959100342 24.841137492418817
30.999753331570954 2.7563467451251373
27.743426896781557 9.3910455899173026
29.606333227101974 17.652162739805089
24.947992545560986 29.587651965722234
28.242415714839844 8.4469216782345367
2.6430299716112144 2.8181450079529418
3.7985902808758736 16.141108795292475
27.554720487247046 17.166785793094814
25.779479844545225 26.092045244296326
3.5398145420165541 12.816500711753227
29.812728713333058 14.694115342950559
29.552930706396801 2.2013928834728609
24.538373644064976 6.8615034251813389
0.31007533152290917 26.684039337745464
24.357736375588875 1.0475477048594235
15.950674993210685 9.3438995990380356
24.42282719023272 28.650084830581989
1.824479510871134 31.100981315921825
14.802712416870866 25.234485269607806
10.713502395394686 19.905233365163106
7.6865401895720149 1.2074718479415067
4.7708773772223489 1.9533342808647769
11.451447134393447 1.7713154193149192
31.006758153657394 28.480961955642229
22.124992598295684 19.304413587337962
27.282041341426087 5.5947789291971057
8.7298546718071375 6.9155954511622202
5.2134649453103661 8.1165635342772759
7.2928609142167362 21.156471532566048
9.5915651246558227 2.5427953450527228
13.139149863164532 11.451337084384145
24.972345977509473 8.1366339993123979
1.6728954590986529 19.4860548504668
29.178675691254686 27.490193461415863
26.97046918379414 25.422219618136186
3.6812352303688378 21.155587503507878
23.007877069067504 21.128930085388262
23.082891739160914 3.9069018480966071
5.7155847953272598 14.458624163387119
14.414253844681038 2.3281887367174754
2.9001777765453549 6.0455981009140576
7.8172840924500706 10.358559288141583
18.190728183807895 15.425860447988581
14.33371776307845 5.6159327250127697
27.029509269573239 3.8308549661215516
16.356594438077991 0.93512645185375853
28.694789299053202 21.011223973831836
18.705807252132328 18.033001155635642
14.296932749360735 8.9508871080290344
11.973314347343262 5.6211060252571832
23.42905811209565 10.758036834224598
21.081213800358299 17.785134653182155
11.253982870493324 19.042301810448357
3.6114913565185276 9.4082038318733936
9.4868768138463277 31.342175698371022
19.34367934045439 11.62384168154326
28.540482090334383 2.9471264837883466
25.223353434763688 23.001763200484593
3.9616723063545511 2.57305822673748
18.705128293521195 24.114006802162258
21.122151231799638 4.2635737232214677
30.389347672471768 3.6002763820205432
23.980562361854549 13.0862113068511
3.8651975766392326 19.154181104461927
26.220253641412178 5.4623936265010009
30.077010867606425 19.639262996899802
5.5886244978160642 9.3790261188872694
31.581373270059387 27.626696464880645
11.475504356760673 9.9968860049509694
9.4334168588794398 18.563036680309711
8.4080118503324233 25.43375582463738
1.9919702272038151 13.17398409049545
10.129060333999707 29.472429781026303
25.596376338807467 19.387566662333956
2.3690033912634196 23.651045868029705
19.182941623746736 26.214474157375705
0.47363201799811711 10.651331008866755
24.698017991080924 18.758501330793941
28.759495309634428 14.631804898186612
30.506578729098191 25.783046234765607
1.6586002313277575 28.39995689586743
26.19678942283517 29.837840544559292
9.9858776947627206 14.912348876114869
14.700697419835956 8.0418007924000108
17.065903025960871 7.2719682840006863
6.3449958093887497 12.2708635980505
16.369103575135654 7.9907246458690198
28.37010641043166 29.284918340832061
0.29246011978001685 20.89721263400909
3.0610094231338771 3.6078200693452764
6.2064807086361675 21.52580565217167
26.516752846966327 14.828772568625421
1.2578883105796879 5.339877814314808
21.531165234373244 24.715591048678732
12.966766226686024 14.05680813228347
26.957664009185262 22.739118075602921
4.3928764976742061 16.868267268509967
17.000648098715132 11.56797893482425
0.89424149714405377 18.072268022881207
18.802301374907501 19.172231393468355
18.531418306827188 22.201282296285502
25.88131941320102 12.274925983438385
19.840438693346197 23.690033638143987
9.5684607690607635 0.59049917287161846
15.006347942051798 10.549361661398132
15.563902600915906 3.3364727733104393
11.435569615796453 30.146893409851618
9.3406112471221547 23.524099380969876
29.489257994298651 31.230352655936453
3.4027604175064914 25.881642442441429
24.949964404891976 30.521773674563438
29.61438494261084 13.206237924544864
6.0127829208165471 29.866175544965408
9.9421380836321998 17.445526388082644
17.648282388532561 8.1973242571910117
4.6456554450539773 24.628399697664868
12.321487074832477 4.8031333171117172
16.475620741643482 27.601144350703699
12.420177095097136 24.312841789790081
13.496823649327085 8.2812077004277693
10.893404652127568 26.962910045950778
15.432838844598857 17.570896420878757
17.170625859141687 3.2004647570146165
25.639670582575672 15.363144328070781
11.785921890341289 3.8885178742304847
28.711743299336156 10.552564352469089
28.18982475933463 23.765995692428401
10.649375109464883 30.588289637893176
22.036394230204444 27.305136403998382
8.7905038509332964 4.9768244387827991
27.770015217449576 30.058283409264579
16.060229725836756 15.991590343524747
10.430404253946769 25.080054577366912
24.075347704344495 7.7764123539279151
26.323900737007072 6.4893669402882459
7.6695875324273945 14.20171141537967
16.441874935885394 3.5989355295710728
29.798253568069885 28.322441558772358
20.631646577137033 2.3183294744273053
12.552773021736073 6.6986425193699688
5.7846319053887587 4.9278164174174988
0.34787426893740281 30.376192545239114
14.455455222502005 17.182657716184579
5.8791327704217204 17.596789172652688
3.4540686078331113 27.280019178375863
19.67038059864154 2.1535243392656418
28.583907967184849 28.307503970465895
11.839248324763847 0.98020480095059648
30.506786690250419 12.550565595862526
3.57801917367558 5.3204473787665005
14.252269599256596 14.775335638756895
10.427833823623047 16.486043537740215
8.9658309323829908 17.750055033463148
30.840207246098608 4.4003340993215518
6.0202943639765554 24.067620243349566
1.4784777535977016 30.14774750184403
14.794541420990937 27.700892170904673
21.175843553421192 28.51144619450768
10.259408020935867 1.6468604948263625
20.178732455010131 27.9955793467002
6.6294498098939343 15.168961017129028
20.625861967835359 14.103416824446654
26.734887838631096 16.703032929856668
3.9918002803501587 13.940370461934704
30.300561197925173 24.052686798702389
7.2023036542900325 18.736341774542666
17.711812486766672 31.548128230505316
3.4801597653960314 15.173451083059858
1.2257462582344389 26.928076082769628
27.813941627676996 11.455426888264794
13.823515137563877 6.439776992447011
16.597584866981364 13.167910272353275
7.6949938846012547 2.5374629806247846
20.478035689858196 0.31314669594071204
26.208614386394732 13.193767641844163
25.82422895005379 30.839053622898298
27.683696080860177 10.456199315732421
13.383497998553967 15.054120554425628
30.85799098151994 21.043181469461516
10.027780179958256 4.5698166143401542
26.721419718455767 30.846295075970922
21.451382218279363 10.697438933207779
20.155497281090284 14.999968553234481
15.494532581008286 19.603061037343668
27.91353276370327 21.932012496398045
2.8355491200599494 4.5198063916694888
17.733185579951254 12.792166185183556
14.034848048719903 26.909086756241898
29.433595188255559 29.157994254277256
29.842908538764853 15.634098794361369
8.3536256079884108 23.33280324459728
26.473205792018714 20.833023699652838
16.927075362222695 31.07775986654196
19.796637266232835 8.5228505094668261
17.857098644651821 2.5618608729363359
21.920970497357562 12.301984776155042
31.02361187613025 13.334774754804824
13.216565865899382 31.147600077624471
23.082822709466353 19.813771063018162
5.6994512176118377 24.950094926199871
19.857206146303657 28.86947958744776
12.270336882796716 10.728621248238241
5.3288794620880422 21.518923653563434
29.605900263291371 6.9718397120018496
12.753297009774856 30.139584914376648
25.730263304621111 16.306194847513698
12.348005281264362 20.88502824396263
12.995524961246211 16.61259341914273
23.248037794600286 25.284240344707658
9.7700201293139646 11.805349193659268
2.048329946357117 27.38010255976047
8.5550061474546855 21.466475538102131
23.007540935190875 16.45559058524308
4.4798389125166942 27.234818876335307
25.911962368770304 22.170395810193625
4.4330647000571224 29.104864997359382
4.5941156195510979 13.235385315374302
0.85765735616378957 27.960996934607753
17.192092650167815 30.119787311812001
17.663745686700242 24.148288876472062
24.169007081710962 11.3192521165104
27.933211816286221 26.282399248723497
31.593019456770882 14.2173717551784
18.072753858195895 30.358582369813121
24.327442425313574 5.6610496424974164
4.8456885785242658 25.576436112794038
20.359795320081769 10.943853315088155
0.10184076345020923 21.83985780726135
1.7900001031015884 8.38959004245757
18.384831976412315 7.7259795829741966
19.786127685610833 13.831934081809424
21.291387422226908 6.828898643270966
