24.486756013732446 9.9172480031429391
14.466634217516113 27.845813788474686
24.604915681828036 0.66994703541580991
12.476404809723244 19.001324307274913
8.0114788787754296 25.773657209486053
26.603478912406658 29.741198959739371
5.6334331553542434 1.3153190286981498
16.713712679990568 25.333498903800368
21.231715116950767 7.460177855517804
26.272084414997618 18.270657993099039
16.344255909235471 29.041995510899564
2.9111575359808293 19.707777062160154
13.226950578073184 18.005103086422778
16.998002899296523 27.302349806889879
18.941667253835952 23.901761290556387
24.263122158560538 27.929889952779011
31.620006538072825 17.255577348112741
24.799271353726795 12.025651521398892
17.762768276508321 7.412140125223468
10.717457420156746 25.450866853829016
31.174469547293196 20.977529962386299
3.7837451488974008 1.6586914604414895
20.49261073166506 13.251423850029207
23.891052938309286 8.2319362093823703
6.8322921706925523 3.4829590429017969
30.502877110114405 13.562502810977765
12.206966540782682 21.642373750441028
7.041878811364314 18.805166259527127
1.6251721923006555 4.3129809454952905
24.391250361461818 17.153077907024525
11.475201312893679 1.8753574388208221
15.412614396023891 28.603588302799118
15.842743825835488 26.715064968876767
20.517610080177892 11.817967942875873
9.4284176870920167 3.1046751958681065
9.6019049496221083 9.079175583609608
22.401089531153467 0.70860268992121145
8.6893025731610756 0.3869934602391073
24.952588947807666 25.790345135917523
21.420179058545546 27.244488388560931
14.437492353199222 21.279296171177187
5.2931450793853472 9.2290738520073177
3.2253226503289132 18.497316677600374
26.089167947311598 7.9267005723898247
0.77765266982063574 4.1349857655039761
24.727564285154472 29.446296870205387
3.2015935087779326 12.219025575786969
15.89630956635067 9.951285049823916
21.976914809786216 6.8245484107932688
27.378946202354438 14.842886704020541
8.9920239830344286 29.392356967782266
10.742328860750808 4.601081400671978
15.812533393195451 24.480661926696076
4.7783086694233949 17.006398997831187
25.382733288884534 2.8845294942799744
5.7338432406713533 22.146293584210337
13.210978389039486 14.295754678543087
0.93828034023564799 17.373994573895377
14.855094711846332 9.6653744701464195
0.75491619149940836 27.859638454783838
30.192519563709094 26.439720332329518
21.208025367415949 18.159388904719258
9.9330231447327595 17.176616033011662
23.902092695225498 23.750539542411893
23.369282765961955 12.25963621293662
1.4761660262424829 20.051230892365027
12.728173042093115 9.4903153391255461
28.467165965049688 11.749714197410038
19.783221895469204 24.240220057152175
1.1923483903657168 1.7398513725841083
6.8534732655018802 0.40109781749058482
27.315139082400975 20.5688498271711
7.5307096814415839 28.168270950409951
2.603247462348639 16.369652313043453
26.46365925645663 16.927185035858184
22.60727132713917 10.765793961572069
2.9898274707397823 5.172470962395427
25.608410104645788 22.721225201732814
27.380636817098104 6.1020088563456119
23.764139010759759 24.745967721544474
7.5149091665511634 23.781371120185888
24.781625320830173 26.938550300596948
17.429387275691965 18.823506359091844
24.842972460857368 5.3866566168093302
11.577003180936806 29.306025293456184
17.3358238398976 5.0471857143890171
22.074048730218635 8.1046548158566836
11.3653317580824 9.8752546328983826
5.785263287782243 16.729262250253072
28.828447613878147 7.4543430314272383
9.224247334969224 14.406533759211717
18.489151225681852 22.949538702196836
2.4669814515406796 27.498979442990592
9.3540102675997243 4.4448453240873489
10.332636659151586 26.623499832543686
7.8690458018402465 18.338930644885664
16.500194330300371 16.290763856993753
24.945673269777579 13.367103009287746
27.101337701950044 22.585879079027031
24.893825462671725 23.609670400689648
25.989678375608513 14.923227107113435
15.967862160881431 19.277594491054444
7.3840149166470699 15.507850035868097
25.689731468008301 31.612876858965414
11.268896064232536 13.159573510648487
2.8473294433424732 25.862682542261002
1.2089450947962168 26.166419426931082
22.065989108666351 16.264419917590079
11.671748321296187 2.7885054466198014
25.033178931198023 28.560311664842164
11.654280856784988 11.795912787188097
5.0486130541062968 25.408800944367737
8.5059154867418183 22.974769108354401
27.603768181280842 24.087094527067656
10.153986646320762 2.4361948416331987
21.106033389053337 23.025964958535742
16.453573590913877 20.107744656675539
16.457219602097354 23.827074342511303
0.91870083779806933 24.189367349759454
18.106124861095541 19.524620316783253
24.557701860695232 4.5007109751568821
7.3520628639623613 7.7960989108384364
23.398593822296494 27.66783059458238
18.311464281677836 4.4898181264377826
13.164918820331003 29.319727093873041
25.866442225956661 23.750421574302489
19.84299068064675 1.0516085452254644
18.188941347708717 8.4528675463025742
19.165997639187591 10.035345440968714
0.016836456900262406 24.753365195332563
10.140745590339771 18.155162807023125
16.499216219937132 3.3220919090163403
1.0430086602536082 19.233773391287389
19.51076057036731 17.018505548721603
19.845854370374575 11.074830136463703
17.103270926048562 14.88268123765222
0.88033188916891936 29.114222971838611
19.37407473805116 30.510398344159338
5.5270739607399015 24.261893152055318
23.297285306154638 13.393144142194862
29.99047179063038 0.56405973556009847
15.174541060118029 3.4333969665234094
10.213453399926387 31.269033286500097
12.157998828769909 10.458623516471262
7.4958640875495561 4.8708320652212462
7.2950182268914805 11.293680770041879
13.029635461064847 30.814327985299748
1.2140387153333605 13.67549168459063
0.25188124339951828 19.921110968297207
10.002984202099512 5.2212134331270441
13.281030315058704 17.103528146993032
19.698172260575774 26.349632285165171
31.269090434991714 26.92126701869233
30.081679392584906 19.3343022387498
28.350798702409516 1.3242423787348945
19.196053446067317 29.113333564296653
9.2613830779908106 16.72651969036108
5.2383611889653414 27.558301527395319
13.781657811007081 18.648709960186192
2.7918959944935446 14.735223423798653
11.048956950936097 18.360831197319328
18.72828802271313 26.118978489206818
25.455497545662702 10.326029380189993
5.3333633237637699 15.524256395031443
6.6873692897130139 1.2272774212674964
21.962457357790409 28.361087332311577
7.2621158360357247 16.481287517076971
2.0521426017220246 0.94384492936681952
14.898003484034797 19.30375034677726
30.228595772173776 12.624011640501728
29.776391813422109 5.0186819142799068
20.979055493434316 28.151404084051634
3.1092305347334599 23.812318367775681
3.4166275658597467 13.822316408037352
20.753325488402933 24.472168801271923
29.668953985893779 17.462590514310175
19.92865734921773 29.670916022020979
17.335160299062615 2.5988117770438035
5.2949876642817193 20.40311033856101
28.669088424203991 15.565509471993639
27.164439988726468 28.382385828375114
15.703387756163364 7.0750538749797514
9.4121667487282608 23.519798291173483
14.072090009116762 6.028154863570923
13.7820776686298 19.504115599413815
27.120900198150029 27.311390419437384
19.013430111809445 11.809225247349094
28.927092376175136 8.50046668338274
29.317476177312574 13.202580021660674
13.716602719443951 15.174180264007683
29.120337612539871 0.27865641799506419
7.2937961752982545 17.460161206787372
30.909784971100947 10.980581626526037
8.9149354363134119 25.944735583586695
18.766043703128027 3.3480264381820999
8.0696131539789402 6.9780692657027608
12.1847152946099 14.737645065153853
7.0875764827784931 8.7496153800609413
15.31152536598403 1.5222301924085588
9.9982695047134325 11.97204911053243
3.0901511696076489 24.707394274162848
24.463004331574975 20.220372368266364
6.5931601759487704 22.451847541955509
20.363490640165512 23.389253522259018
14.771776363978706 7.8565253681339753
10.26549548593843 8.3164809901455552
0.30418141270745186 2.040987658847377
26.383748817237354 10.04528557011947
29.426895245605525 28.281023759838948
2.0563892348242581 26.44978459917974
12.203714757761448 28.690211641277209
13.138970144918506 12.426135124738794
27.922268878143971 8.0266213319553881
14.966949739501048 30.297333019126842
4.19531852926794 20.988828193065157
26.092942710440695 16.023111676417344
21.254335203326992 12.728885323220801
20.421622891333254 0.26063621351088245
10.810578174939863 23.234927522543057
26.742181901267045 23.39150922805328
17.268436028924949 0.31897734109745707
31.021642922674285 24.154430462468127
17.71802185537333 26.450211438502645
31.098581258531478 23.192511651438554
9.3008512571164363 1.2869218741637924
10.732943635532717 29.905429686337943
28.248796444899895 30.76516112168132
24.473036420961979 7.3284833238752496
9.8738063255647504 22.826494627049414
3.8657555357905271 6.8998861277815609
1.0705485049576087 7.5320917317140159
7.667996091003233 21.862253698768487
8.8702214755255593 19.91882235820875
24.276614415220912 2.5110566720708487
23.647595247514179 5.114265207020118
30.260329643827582 28.563369176900895
29.188733706332975 16.466145612207303
13.281906291098984 20.663030604402795
28.33982568250379 22.334519303236839
18.905166634688676 1.1463277428346414
0.036211779558288401 28.404711372096465
17.617159137991674 11.010336807755538
1.4340630550717304 30.050744558486883
24.591915474241066 6.2547908335547469
23.164948868992798 17.879227775367951
20.961729087091168 19.404740985245969
13.92271549474478 2.9366673911641943
4.487269037386544 24.549352757431205
1.3101348694560431 15.496380880916906
25.639403697587191 24.920383776605778
29.174991887587698 19.756123347721566
22.749347618538508 18.928608717524217
20.135256947804578 25.359578465068299
1.8287031976850576 23.32621800983868
6.8752146184354457 26.152846573992154
26.255321674193485 27.003919582184295
21.780883973767978 25.535510912848601
18.355337581049554 24.74571598989089
12.860323288166551 0.70317914668267112
8.9569185070358071 24.888034858054684
17.093098437242421 8.2317509208522868
8.3158345211288172 14.633971724003766
27.665307505118736 18.743911769093369
0.036782596541986477 7.8428828187773805
24.699591346113586 14.459240980423118
6.3954967680835821 9.7991009574350585
19.992436382060252 1.9668831990594586
18.127365538903728 22.048634375268929
26.430893103147291 13.084060287310804
4.997760571787639 12.073918622725097
18.410863037384768 13.89837710363577
13.393449283921678 16.25587100201437
15.46598881275875 4.8829476484566667
22.678257577693842 4.8871463445269789
10.78299880781319 28.659322684626446
12.636202287912202 24.601315801765278
7.4730604806962075 22.83721912807982
23.591957423909601 6.0130609588565038
29.117183693695118 29.411629376443564
0.45052760813599979 21.751964498678532
5.2981554883254791 30.495515010296991
14.633534972689025 6.8850640370726754
25.615316271926375 0.98548639289210538
19.969154904279439 19.571103411358113
26.805917964304129 11.948405080202736
25.45379810367168 1.9620748448574681
11.137627057856159 20.941346640999768
19.459392549945662 22.900405476415127
17.094904949960608 22.114574704318311
29.345467560082128 21.164563976388315
0.16303932716008721 18.414001985261613
21.697623556792788 10.255999493758212
23.337742537193467 1.7242817923038256
10.295215075365871 20.791472774776071
23.4513950579266 21.824385922354885
12.671609812094355 4.79030453735189
15.154631030403019 22.92821688506741
27.582282942734825 24.992488635199049
8.9254412626318302 6.6848345391547062
19.493438366784883 21.041450513617033
1.1858326238599142 25.130862425062624
19.99637680232334 27.49367682804932
2.195331733005085 29.737481460345528
31.060974485526458 6.5351279084039504
24.808481001892083 10.982740556162014
1.7326775518378283 3.1834008782719172
12.743561939792926 19.763162185138839
4.3727127217280923 27.178755069888677
21.879965582648676 23.52797181119773
8.4296588573961326 7.9607834403096911
15.180567289836642 6.0219813419089254
3.6878493964717571 15.564423791282355
26.471604767129847 10.994127553131362
1.6401659143168472 28.629027877888568
23.476152231351584 31.55341911086478
17.15748925044581 1.4869971623659322
10.563620909713634 9.5293526680586211
11.331501910445317 22.023297592559576
29.769237971481733 2.680081422923644
0.17771222634591199 15.319229095209664
4.0033033490407428 4.7628953047769258
11.973585678359095 27.782034533833137
21.979304610247823 26.505959080579043
27.062246207004009 17.827961142561342
29.812869690323172 31.060122153982462
24.668296998647165 8.7300513680714573
8.2617011247204992 16.56124886527892
13.288351663839238 27.361815388054428
2.769264778244811 13.062278174163859
6.8610936320864724 7.0463082152248608
30.798910000965851 20.065434007319158
6.1965582092630083 4.1834926597091879
23.03992085606361 16.040556163879916
8.4800090433902824 2.8915063029531858
6.8814901683790497 25.117438184086762
16.526233532484191 11.008548764406362
19.727571354329598 16.108262648253366
5.2930289147826519 28.657288042011611
28.980119390398556 27.337092709702468
25.715143885941664 26.235720486446873
3.7530896671777318 30.924250369864289
4.0932898943479286 11.338346628806889
29.16351067658152 1.46167934234259
3.402660337868828 28.839193027471865
28.274822960696294 0.035131915962166534
15.408177335100754 2.5356080724908479
28.460012832436469 28.693021359613436
24.134592448925275 3.33006193548596
3.9824316183803607 17.541122282787967
30.932302570210837 8.7566638362462506
12.330275648312469 31.352719854262872
29.786429321674476 7.6596195882936327
5.5197544575063482 17.797305260351596
22.60136269215835 14.174928299626604
1.1912295199797955 18.293223461196263
6.205406405428854 18.68052787755305
26.5081811132859 21.183911590217214
28.766186170569295 6.5166972059228812
3.1734248855361336 29.74958860042014
26.144272950309034 22.105311663382746
28.313798229749896 13.786391680983977
20.337344893828721 6.7886680819944125
7.3081182487564691 9.8881598700513056
20.021001805999582 22.195767133181285
31.437702075446058 22.311317486379849
16.801402799622231 10.054129395078586
5.1442355539301818 26.37346533546048
9.283801074164888 26.859142213582587
15.980570576333671 22.015667295936041
23.708794808253678 9.4907115412726455
17.82676024612611 31.108036194537064
26.290871137747033 6.5674056723560579
15.884637548043163 7.9841715700726983
18.514314841594157 30.334899744196285
26.645599375059923 19.161586712178757
19.440258874144984 31.577410073937035
1.8757792460743863 12.758743645761818
23.494591340104705 0.81827333371007882
13.40391708189691 8.5829263011146004
19.268212803119411 28.126685599385855
28.301944158215456 21.260576384040569
6.4769978665325318 17.579980446813817
8.4408247316039304 5.107651669941494
28.916930909273987 2.6703624821049288
31.485898279243223 4.2045110379499233
3.6138514003604767 16.466931206373737
30.894094506113717 11.830063005541483
3.0583726441048498 17.426479532419702
20.94776959247578 15.560987270872108
11.107892320960019 31.139754166946538
22.812941842296588 7.5178252565367503
31.298852255140048 19.110841609359429
5.0485153421248823 13.793491485743312
23.73265841444395 29.893000095545222
6.0764225739712812 19.800189240742647
14.888148943982094 21.994301068492454
17.871418627834363 3.4476218952420448
14.4002856164958 14.472969272442777
27.119873475873597 30.523845506936222
20.49801530571261 17.374432007823646
9.1610672946862426 18.130132068477117
29.686509148202887 3.880574172445411
15.423434016549153 16.21245498817451
14.801005111812545 29.286329464569061
12.169320575381334 17.255958053861555
6.2852419332707425 12.185834517904077
16.641357601105728 21.161831990317161
22.009577641713516 5.4896629016305312
3.0909452656836107 21.119317663096091
10.975253356152878 5.7965284746077907
22.136841649951254 4.1197959577834604
16.363208413092149 27.933969070027199
4.100162554651539 26.174964700992852
17.577008482663391 9.2692260395818025
17.933715603206426 10.133688824428685
12.755673662956728 23.36742377112159
17.279795836099922 19.984213368861266
3.2276363514199544 6.042544850739815
12.242120281202652 12.740851468127113
6.7456846322797936 2.0962904208691229
9.9198537605836776 0.58670905157334607
5.6842690570503125 6.9111687312671339
4.9054598696964717 6.1664814091757512
11.43072616261145 14.180493696696342
8.0434947594882544 10.253100317467137
30.52391990310478 21.545218368818031
24.822995868866371 21.77046812684652
12.679197009408117 22.488734078566388
26.581460433372449 24.523940490715038
4.648255086495011 18.284160487016557
16.954226813526205 11.916679770879053
14.013055652690097 30.859341200333155
23.829727456457569 11.458498421215324
18.268738618724203 29.462485773637468
26.849611741215622 5.4276607912976562
16.323401988960452 15.40120964551943
12.241547364232304 5.9496579806758527
5.0855009286204966 23.377610600338009
8.09389497074093 29.139516110841388
6.4546321602300978 29.926421900099335
2.4785028948890044 28.587365690522436
2.1613501230361685 31.377649086888173
10.790984137254689 7.4387697343499353
14.574975336787006 5.0947345332618728
27.487905468106074 12.489943452631184
22.505025837414653 27.531668492368841
14.396177850624715 2.2934103148841709
21.38968761545588 22.103717289907252
20.725987819000682 2.8884580384923377
21.046454627372391 5.2699927052883355
29.501009398057381 12.026724160536677
1.5580577162545579 27.423031407328448
20.333384974630256 30.81091678497712
25.152553751326014 15.345861893578212
12.186498411788021 1.4124721682959014
10.339679970337126 11.041091106674219
19.536140394707438 18.001491698174902
27.103365756033003 26.173212391801112
19.513919750657656 13.555078447848071
20.310670540973927 18.560270600778448
29.842997811241862 11.186230160732997
8.0123895865818113 8.9102733933321012
18.019606149721884 1.0076944937793753
13.300099601435218 6.7889416505327604
24.599618124497116 31.379443975264824
18.743379773939235 10.892058380803592
14.108198369806143 10.497688035729533
13.549282165937267 13.465859851948274
9.2825045418220355 20.656858338901699
18.768955618300801 9.2655283992950555
23.526415523039777 20.039355929457844
12.188794431851228 16.370440544020646
0.92744133926579186 12.686273914855521
23.093064460710405 8.6253747435371739
13.348649609347214 21.567281644541229
1.4681558966593227 16.432046716200468
6.2788538444340807 15.081026660332469
30.749601828467597 14.352869387652095
28.842550591693996 4.8756250812440394
18.983006068322307 21.753257806964854
15.617327245754522 21.048938656542038
4.1819964212879759 13.390853151886931
2.330273340105832 20.580013459581163
21.579313413936767 17.098262020493181
7.6720292934525798 31.550025858118925
1.5066880155620006 11.660290940805202
7.9478105046446492 1.0087258976886235
15.571255206835238 13.39160115844146
23.861035023060712 15.149869501700199
17.753671304434182 15.493645789114689
27.409402057498131 16.78898182651432
21.918863908590197 20.954947473500471
18.699374420461734 5.2392797565654385
8.453443394491563 15.604998536877584
19.007052287289756 15.623115484141005
28.870706876181352 10.821850764881788
2.0272580223935437 17.271442941722537
10.250365859380825 19.81455018191857
6.9992898955512857 6.0807204899822134
15.701718828587564 11.455329839133023
29.531379990172617 25.596060429603046
21.927186391195558 15.353217010449635
27.119831244803351 8.4254132808706821
14.03289599682436 28.672229352207847
25.809614975488628 4.6655185235955017
6.9129372203365156 21.298005010539384
29.259059122957801 30.498425476797021
17.787248021313207 25.516389471223793
19.731257088219134 3.0552645165554839
0.35843714989774739 11.89512479868416
25.15559680369822 3.7831613816307801
30.691599617744799 5.635222448752585
30.267526181331867 18.513676360047207
2.2196802198054555 18.245216553259795
22.550694293800493 22.834611148572144
14.2289228728587 26.948142672214676
23.797443182395266 28.876872464410951
24.128900739896594 21.108135048452979
6.6196673087453277 5.0004256218588603
18.491888848482592 14.823263007821087
27.221245372948744 3.1092243581505019
4.8524634077675364 14.716273317910003
5.5030603359109147 5.1747096702878013
4.0973846686187638 23.727085389512059
11.855725709733392 24.005960384055008
0.12641837149638732 13.5786915559738
5.4391913734696899 3.5623730784614791
4.6588001204513922 16.070233283207358
2.449645068409616 10.432460120802984
9.8935387583660983 10.217226174939324
22.094464846425304 30.390453414083893
21.094462276843654 9.4509941096079704
31.566882456823887 5.371510381878088
10.570684337725121 24.131211542093595
20.878841915202567 29.615369363022012
15.63396657556293 17.103550090695261
16.864400243068854 12.956958853891136
21.187077306565339 4.3713071432648132
16.796979765598238 17.358016586636193
11.191866785524654 10.908313990777298
6.137407885717507 23.298821577412312
31.620437950802032 3.1716928245052904
11.83067755398114 7.804617764956733
17.83686266376851 12.903812883575512
22.351437816015647 31.352266781234206
5.7766624437073784 11.364757284960936
30.636672115963119 4.5101776605385506
10.940954437524708 15.055921075585442
19.915840706244325 4.8708396744260591
18.251500455006891 28.399021815600669
28.304844055482924 5.6738876056885115
30.897544145962399 2.4587618568305842
22.855893004738796 3.4140822062936702
31.055526294748798 29.193195239099282
28.73186760285591 18.949088767927918
27.438090763928223 13.494939187193644
4.4659596850885679 2.4031966471881274
16.501006734792664 31.597732567679429
29.911954578965492 15.838144219730491
6.0366064622145501 6.0046908060144553
7.5765467830228932 29.889879929096391
2.754284165922448 30.687582119350935
30.911561515623326 0.42698051917546292
7.8929671804145203 5.9941185883766579
16.01507973363843 4.0730625770212461
31.614276899654783 10.289187513306677
29.006972129562115 26.361902524021133
17.810674032043085 23.791058245410227
27.704923424034504 19.633828830425294
17.182679879085583 24.52323267220287
7.8209328884015514 19.467764202621019
8.8509009872910074 12.313306855125225
15.021425668975745 18.443476980943235
3.6893248975007786 3.9162298465201553
21.629049991988058 3.2498022320221893
9.1600289051146291 11.388619590972899
24.614467743065251 19.166493090213873
10.97691267165766 27.83690110432013
7.6658448478278638 26.717971353252459
22.495507676853915 11.625100225500756
12.228542347225822 20.70395650940744
4.8272651788673029 22.52240135421507
15.30157075926828 20.234877389122012
26.613819643743341 0.57822570922418826
16.419601346881496 5.130797374856864
14.725485239470659 13.68926828422164
3.7108104423411232 22.794606535735888
28.198967677919004 9.1355335365572508
9.0419108469538081 13.401485503612749
12.344544752151881 6.8779399837844171
13.906684097538538 29.913617825394255
6.9930236463694744 27.471119635495761
10.870923402492311 0.77734032363616001
10.115935831672404 3.7944208563004191
6.346393393291816 16.119396998587884
26.268249417828141 3.7776441971944048
20.760009175184575 16.441788734905657
6.5516971851634596 10.845866915068653
31.353727674132951 12.776789068642314
5.0992118119143868 8.1448110521729866
13.743950454425274 7.546468345474322
29.569770166792814 5.9688113382088881
0.8182337768011132 8.5158720456697825
4.2265129999737656 5.7290748325322856
0.42709361425978798 16.285098274726995
22.93758399566871 14.985776401514883
22.571862293349081 20.025513144388491
7.1567842178189895 13.630257682364604
13.092729491488388 10.579703293876307
0.91521273502387446 2.9497983203430538
6.1577812033072865 8.7230020042701657
7.9700611355587307 12.560459710592129
0.50611546269021501 26.852064369456301
2.6542971075827468 4.3272199913042728
30.05768567116904 23.421865432320018
0.22925137864672684 29.795722097281896
4.1436736711180799 0.35632550545623998
30.87459118661539 31.096854920877362
14.269038405002625 20.3349633916011
21.896723679285461 13.457372545912168
16.370017000942191 30.623300113178896
18.136964716997216 2.1653398084296978
28.79935054075526 24.940874478569764
29.198771580484102 18.227933413174664
12.713204714743952 7.9988956145747183
10.176324705282182 15.846160047996332
21.187128506761596 20.596115581905249
2.0958142424198627 6.1131280591558044
28.01008150070863 23.224683052732317
18.931888809722786 27.127623757658707
12.512618545107593 11.509242903525719
13.229650420961889 5.6551708837082781
2.1838536958704897 19.197660663424216
0.47024606411495246 23.437039939923899
16.743992724467603 7.262000593893279
25.443038374545665 20.223301507740633
9.9244243049679319 30.326825979792222
2.420365955334653 15.501923737834344
8.7659859885186524 22.135281646187181
8.5962449162789838 3.9533303378515927
9.2470328414171217 8.0139791966100447
15.139927409473882 15.196446309033039
26.272555295672845 8.9821796445884932
28.496685890403519 12.705687338771238
7.2523339025260247 14.601617294864123
14.416722446678161 8.6991374337516536
18.585343720750718 0.027124647381654408
14.403957659209354 15.914938750883136
1.4506358530250367 14.648606125975437
16.325393198452083 2.350904008630935
3.8950354539118983 18.973068458013366
22.963006609453799 21.005445631878132
16.320596754419594 1.2461707312882355
6.6488676532060254 24.063585372467983
22.576154409053704 24.709788262199389
14.821547951637257 25.287875234466082
3.2013057336785735 11.051560463931185
31.048277756447039 16.233459353590501
5.0859770114267144 21.379085510115647
11.656318775184415 30.425479049045151
3.3271954928147522 8.9469193918908267
18.004984781503683 11.929483968265627
12.971603248425357 2.1076578972778015
7.546870987490939 2.7298175955406605
13.484132545843005 3.7108754054979798
0.18758638775791558 9.197522583519806
1.9229627917891854 8.3321568081986008
15.88043710353015 29.818594656614259
25.280856517309029 7.8453083974772637
4.8351564427840215 10.875983678623768
9.1255857706472607 31.280019050875371
20.234835078739657 7.903013370755092
19.118921114705543 6.0670340070827846
8.8922756926844091 30.319831154480902
2.3607510909636562 11.689317707636496
12.523441942334063 29.956707010614291
1.9977437505687405 2.1060295031869667
21.180406577912549 30.668660501519625
0.32333541398825566 30.690763586850114
30.954566361844005 25.851417576517431
6.107352659741097 7.7678076580272357
27.427532133751452 21.699571652899795
3.7128263284711407 20.148035548759005
9.0203622750684218 2.0136289464542125
4.8194032432426503 31.270418155930283
27.988300133307522 26.768902593150813
22.29773402753986 21.943153944633931
8.3372624619689262 21.120300951179164
3.8394182130449441 25.274423742918525
9.9008766795200334 19.15867868319965
18.407564266507549 18.335661563249179
12.251607161432929 26.911875389964589
28.156456785062293 29.865586151755938
18.350007994635433 6.7507786178294795
29.996479186494124 27.30861073670043
6.0509841718612689 26.346648333379616
28.320331521985377 14.68681277522999
12.130154565088782 18.214926375687352
9.96237965316298 27.615163632499598
20.031527842893475 5.7438614391609883
28.106423139925738 17.83979675382983
4.4391312411737669 29.300750553373369
13.743296287935069 9.5907863245452472
26.500988564704645 1.6485818081559784
9.38633522784043 15.590686651708083
27.773631165353706 6.9816797251746552
25.167134726333661 16.483295583006072
4.5608215796310807 1.1376680915576773
17.249511576645631 30.363083663801554
21.021025300016099 8.4881216794591836
26.511341369087724 25.552492398255641
8.4442283996398988 27.19359950539765
4.9480648323232357 4.5729393418408293
13.602033485145384 11.5566234275638
14.515127609687806 11.530709755316058
25.74071452266789 12.620168018797836
19.451758296181627 7.0739753979340918
24.814186220884586 24.61250011972017
22.932296861938386 23.849211082845002
13.593864375329423 0.24762945941824419
19.528878191881216 14.474480453863
20.733304052308611 14.142114563491221
5.9657163269796474 25.137658295103822
15.512227275144944 8.8783347138673108
2.6642991018950721 22.857635113166722
17.823214263002313 5.8981015708693549
10.43301678184009 22.003232839196027
13.061008361876247 26.357673418683149
10.877089808016468 12.304208578264504
8.506215789783429 24.046458108344765
17.033292457388644 6.3370283655353319
24.305154190677001 15.964779638328206
15.745912884423278 14.532695286260532
8.9859954165945837 10.4317008129591
16.012364360016878 12.445757425374332
11.494847035462522 15.77036817276211
9.1245923643315816 5.7251372882794955
10.47344358347072 1.6978472728266327
11.176027490778878 8.6035597167405609
25.590383234520605 17.387188044236797
21.15849633374334 10.906529067304561
4.7068409766158279 7.2934255746809544
16.52139724552806 8.961404339664325
30.744569923041386 30.231730399088367
4.6195454452568061 19.750018023122767
4.2086340757577529 30.136013583587118
14.477274651161656 1.0959430687762386
2.0224983845239382 24.17740238670687
8.7817591595416964 9.3373366352023393
15.876830343479476 17.933167993795823
26.710059841162664 14.159441436508626
3.4218460716205232 27.743912434540629
27.525028035309614 10.409523506466805
12.052498265291192 9.0008021942692515
26.863713433458141 7.3116851204467075
23.870761268686373 14.027792832956692
12.462549804365906 25.544245752989273
13.792768975982968 22.397254991658684
26.254997298402369 28.217546054783785
11.703015492974856 5.1437903248028274
0.34888348245689377 0.97195033037022238
6.2944901955348813 13.341985395852374
25.673528322089297 13.957567750778297
17.258998201254112 29.445107569566623
9.5282659403097103 21.670967000617665
19.588912506002366 8.5799481699719138
21.12554506555491 6.2586901630018197
26.975387131372923 4.3847854315800427
25.487455429143676 21.139849359811585
20.165419711250554 15.069713140136416
21.433345828506845 0.095569043835199305
23.270244646603203 30.693082517944539
19.187797555063483 25.211110609690184
24.250386221193715 12.800987324041129
11.51615334914438 4.0436084512136237
2.9805045678463196 1.0796112532614528
17.527699165903243 17.712418208654448
2.7152560962858816 8.017229523123973
24.142358777556598 18.038670637971585
11.512524942199438 19.98312291847472
30.534900128400611 3.4096283580490776
2.832627787949491 6.9985645293903449
1.0055250681891927 6.2456066533984034
20.294206431946986 28.616291105197917
0.31177071915906962 14.466111202897332
18.039189990834419 27.42709738812361
27.572791778972441 0.75282946943370499
4.3696546909163105 9.803889464392455
28.434972303509717 20.325864745554444
30.050134606597148 6.7511624546632882
11.193174896330852 26.776820409184111
30.258916759243043 22.401202407026656
9.4323532396864938 28.308285892219804
27.660778506149843 11.247109693742383
24.462974411777925 1.5962272174608207
10.112051709711711 6.2912094989928553
1.2953584167473062 0.51817749186335715
29.551400164740627 14.919142477466167
22.90088302296796 25.579037131327418
6.1939068075383856 28.53694121786938
8.515562660374016 28.141782524832731
6.865330561216715 20.049452190437712
20.943433658496676 25.786947852029058
2.7383129457662343 21.923674660664449
6.782986259517596 30.77654106253544
16.184010336760686 22.955318702048626
23.495728240223201 16.757125317373351
19.004342391188576 2.2607694628710315
23.67762659619089 18.996192431823641
22.742279301150205 9.7605182009249258
30.92966904297079 27.774635984342339
23.535667613312299 4.0963331564291678
20.101700008883405 9.3473371360855655
30.021337667574144 8.6505649568394691
25.479505462786701 30.107520319482781
6.9081546590298979 28.991056361344501
14.384646512542163 24.449911525164236
2.1276979653936632 25.197058227211532
4.5988098267764741 3.434281808704426
20.430176818199367 3.8812503426369189
4.3095714538614969 28.264312789184473
27.932714666348765 3.6634885188239186
17.619290165606863 21.074558556550603
26.402215699953747 2.7187326713798665
12.700486086596159 15.464010461757173
27.893863286647182 16.046749614669885
1.7328712690441348 9.2462534952603335
30.87427322540761 17.814439685344016
8.1142327335597511 11.369539575573253
11.293074523830821 6.7035325140396296
28.523136771820646 17.088957689557112
23.936606004202538 26.654879241875172
0.76244698971387592 5.2740289538021878
3.5541553194854956 2.9060810519386604
26.446634985330519 20.071870500641875
21.558743396657402 24.461840526777131
3.935410337510862 14.715998751849005
25.158774506436657 18.199836294082523
12.659236151053523 2.8892083013660317
19.352085628489078 4.1777165770348352
30.380497622174158 16.859666803919019
9.8375858472306117 12.977085589777207
31.008176743529415 1.434275749973785
13.119745182608998 28.206300063551804
25.40122438522657 9.206887762603861
18.510767871793231 17.334188205680693
10.080988294014764 14.586735758232866
19.105045292191097 18.953926652009454
25.441588561566935 27.602635212351615
11.1555997758707 17.362765660812403
7.6646722748390843 3.906735326839855
4.3202172445723681 8.7285585975696591
17.302439091178588 23.01129953010205
1.5799708887010835 10.587165283553501
29.448445346933653 9.4359839228063649
26.934858992610252 15.620126877043587
8.0919843888163285 13.603666078139156
14.449731089289383 17.713590055988135
6.0579362435365161 31.299682677016698
29.468520127662188 14.110263062570056
25.977576476370285 30.841382324565725
30.399785838717651 25.053261704171629
27.296772454790919 9.4855568534845087
10.424490387634647 13.6909611963251
0.61465314322601428 20.797518238060935
14.986467564979408 26.353850327558469
27.46080533830871 29.247740190206823
21.758685384514028 19.546400960693674
11.258708071012636 19.229055384788733
15.642369236511907 0.50701918938033175
3.1365192786100677 0.19217709548814099
1.3354486172315725 30.992344907495838
16.65990514399045 26.312282596546972
18.835246861062128 12.864436639011762
7.7886211978937787 24.85955891755204
30.752515753078338 9.7536068402089615
3.7166173153828761 7.9144445099316654
21.585312948824022 11.808075309829704
6.0765297396109954 2.7571635377493706
28.099129400453204 2.4506226722147093
0.24024109336836419 25.705548936674333
11.683947978351711 0.44152970562889166
15.383104661441237 31.121392708832129
25.73006857155589 11.596027192435514
4.0847291251618234 12.460164508032733
13.531152598592477 25.086851555850561
15.006955311480773 12.395329522959408
22.19517011357097 1.5329616490290239
8.7892105514559535 19.009906778346327
9.9553730018752038 29.171748188606649
1.7134249272887363 22.064952087168965
0.99790113995452734 9.8248459364984466
30.71835476942551 15.227149576871653
13.631769848664398 1.5001882880975752
14.105940820401232 23.172200268076963
20.994976090920769 1.8900043069100589
15.105225228026795 23.846483997482999
20.609572079383994 26.758512819105121
7.9933836885021083 30.727044619823676
29.145079622707286 23.163902160887879
22.995670999412173 26.520460468111363
6.1187767834830034 27.418724721310692
28.12587367485801 25.733763962604321
27.342798583128257 1.8657758236266901
19.035912574375036 20.012515385678096
16.114142224450021 6.0758692963934848
6.001899295643538 14.271885807914158
2.6759598763085126 9.486580342565583
17.309707739852779 28.422448538577839
25.866134559236006 5.5772222019578299
22.668330652870825 6.2189594974871687
10.824552934131006 16.57099778789982
20.639398425016282 21.59411450017199
24.517962638016005 22.628619470858602
22.470658126601556 12.715766166475358
23.076169367234399 2.5617999379610095
3.6577684546292808 10.128350592558569
5.5463955617934761 29.658449678004324
1.8371489111461823 5.2774315143468034
18.372953480978872 20.691905149862652
25.564968644758885 19.193442373472873
17.184533461858727 4.1030942335233958
21.520487507746026 14.457309975818834
22.511837781239571 17.325621117600495
1.0182950790308547 22.686216349498967
20.290396159832241 10.304256617428456
14.602763456751417 0.10892575782431975
29.307860586191563 22.116060853863775
16.579736992197255 18.639837855134953
0.58724835539276155 11.021565906556921
9.8265585402820257 24.539186235470272
2.6232519551453195 3.3586165748396359
27.815420467090448 4.7439002534467933
23.562561057007137 22.756419047658223
17.469006107578654 13.980382866474747
12.404062158655215 13.619352264413363
20.253567377237559 20.521485808611029
23.566917372510208 7.0605685994146485
5.5230127480154714 0.44394192564559976
28.812159019893095 3.7966336079853056
13.930304922292436 25.92187167969815
2.86350978332002 2.1985881632868471
1.8339829942215788 7.0965226180866248
11.396683367335612 24.785449777133632
17.427334794390301 16.445460400748562
23.620872601862338 10.612991021957381
28.584186826271964 10.040280035748779
6.1575024889840533 21.069868269442754
30.829127740898858 7.6343296946420036
1.5637218003983124 21.19883913883152
9.7890235924917715 7.1745449889800579
5.4908828991429592 10.193870737746755
30.051059222255503 1.6814087202628649
13.506411520887392 23.929781739948798
29.821615675535881 24.345541119158064
14.462209468817635 16.921079680128514
28.732459349252217 24.07978819258436
22.890373002280008 28.732946318494104
14.600050430736657 3.9854300585649893
9.8720725681434267 25.68371759824813
8.4386050597821569 17.528605980939808
3.2618393581860805 26.736440846936283
11.65254978752855 25.904634766273766
16.452212046895191 13.897667110838576
18.385070421113575 16.453032696384547
5.2797142954944345 19.025676760392358
18.886152156630029 7.8261344132001831
21.133432718011633 1.0433818728889623
24.009569682298498 25.616052909158778
0.29324540817420486 6.720665432819831
7.1033509029052251 12.419650730212743
14.140682260218666 12.731199690732041
0.33601000598173147 0.008499825000118642
22.002811122680587 18.381939853466989
28.098254776652155 27.850904888906864
24.536495931651157 30.575650699300841
2.2218062311579532 13.952057466377983
13.697539242358422 4.6611183612497618
25.451050599383017 6.7049664876737403
30.005102776374073 29.631400273605763
29.964187000219667 10.214371193720329
29.908337268429143 20.540415900340907
5.3917227954295859 12.87374039438599
15.414848168999605 27.579983314907629
22.074951691068534 9.0911325594887469
12.41505854714682 3.8563278518600641
21.630397810982455 29.27841762304439
3.9573320696713146 21.929740786368829
10.889338056254587 3.1771955647870866
19.843453452171822 12.412161766368989
5.3337563527749658 2.2016877581614795
7.9117066269595764 1.7815465557177004
27.086223876147006 31.348161313376021
11.668656961072928 22.986495373222791
22.647969567568211 29.676007061630028
25.946831751916172 29.109668765069053
15.177549127063324 10.673305907756859
7.7393932721734533 20.460854500460552
15.740313363803971 25.471115802890157
21.987071577131122 2.4279907777312513
