31.570529040533906 15.982445563846987
14.681934882521736 12.146729516068156
22.228135629807522 10.889451422588628
9.7203352700813781 6.5363898008049546
15.755597960552956 14.538775197549979
3.7373456723265268 1.906689964311217
20.559727024227563 21.157897325701075
23.65528237418642 8.2943844676889018
25.211054260212812 1.2081911781683545
13.35813414664203 1.619297928592754
11.402949495102852 16.451837846448157
4.2446563166801399 26.81367023581576
3.3517133993290322 22.98858827534885
19.856764707449983 4.9978238208115737
11.300692050975821 27.63836214791769
2.8306969969521276 2.2912140372346745
31.336275159609762 22.71851081374761
22.195393760410287 20.517240213547712
2.9993606163167059 9.1534619992286554
21.931773009855043 6.3196375738480599
10.970483303996646 23.930223153355517
25.306329448668762 15.134741980823438
19.161976117473277 3.6768351832570603
31.481654545455079 27.559548262025061
20.066541932246178 7.728230126518814
14.122156616951628 28.273373444564029
3.9752393040697616 29.70885281143617
1.6901806180052783 21.816601114119059
27.235931566479351 26.028954686047399
11.318247952479005 11.602209581832186
4.6248633895447586 16.883089256833557
0.9360499861339564 5.6238711034811875
22.204246114263352 4.5274519100192663
21.535459192719774 3.2762546266153394
7.4301014667757928 23.884337589996683
2.348138533731698 30.999501832467622
19.323082318122928 18.098495568057292
12.417128267675094 1.9768924812408908
29.843342976762223 26.597712603122613
25.990107929559997 21.445057972173778
2.8972650421701789 18.02306963380622
0.1157251649158544 14.231494635016716
21.385092512345281 22.908938792930428
8.2662149343358582 31.600836456543878
5.2481261151223197 14.597117090055219
28.156385529212571 14.221590370803771
0.1034729040507688 24.183807569549909
21.890022961043861 8.5814262741586873
28.665960709714977 20.912463263655336
1.2766503992215592 9.8497737091130997
9.9861693189972343 26.107227023361407
8.731684021542744 0.80301507361191282
16.191510920487957 6.0025233520525232
20.825260749795238 16.106906041121739
30.154048712967739 11.712898057092239
15.458381467675158 5.5111754892164306
21.075466662025153 31.097540857133417
14.57846478574173 24.52168539457114
16.728901525956601 15.371415046928757
20.203993890745206 26.138527531469858
28.217010255058891 31.497075761564073
9.0795758803539002 2.5806882240515114
1.4557298242857812 30.359513925368372
18.687641336656352 2.2768625525376729
16.425146980030224 31.105567703028054
10.007867772370822 4.8213726204475522
13.420798929134291 27.550302791697391
12.100103906322953 6.9728226005938083
25.976501420150175 30.579561243083955
15.745432838078848 3.3232212773724084
29.715044808876993 7.815558637004604
9.050272354866447 31.102053244840295
8.0084435503312861 12.550686097802609
5.7347378033043128 29.977851477845647
5.3672301351839522 13.584864265303466
21.510717532645131 30.391422733253052
20.343301196491492 30.069358260476367
23.014862352099748 10.20870324136833
12.537522624813301 16.875835914250995
20.9033905993949 6.8982449519475288
25.827979654201563 0.064082725362527654
9.1884142073464936 29.547619812106852
22.197163495170582 9.6673343908825071
27.081022833802432 28.86490408573545
25.915987361914461 13.801258189297942
14.99919092851246 6.4640441347741362
18.483865577717204 14.581848157801057
6.3322834871014555 20.794414169253884
27.160529632759065 8.6140933349777828
3.441544446873487 31.447230214187659
4.1065321908199852 19.879072601144941
25.277861577464147 19.540057814163134
27.969371176664982 22.373459459990464
20.536409582698656 3.2580600415809644
10.103757090081338 9.1376933841859618
21.083236381022402 26.226428716998829
15.258522702785204 28.476250325187646
27.678203271532603 2.521906094924057
6.289223296338343 18.177163647666244
15.759872839131022 1.4521440331457045
6.559215239721544 30.776908003649908
22.772512666636093 14.40385316652975
2.617347383605253 6.7917256006715849
17.264322712959324 13.193174126103134
16.686079754658195 3.0806131457771961
2.3912876819994873 24.976415584223659
13.796896747565297 0.92958235292290636
23.839800452918279 17.163721352502129
10.542663147218796 12.727199458292237
19.066135215851862 12.656166829604702
4.7105695889651322 31.235202107082593
5.3913507074878275 25.216834642565331
5.7573219980688464 16.278689920411786
8.6065252590185466 19.907588602670323
25.121461752247491 12.158483585977322
14.679800560641979 26.592871241964936
31.010537072520886 31.089504227787721
2.4584771407275086 7.7817472562433254
5.6283841405255028 31.124486881402941
29.447400697126575 14.521274398954519
30.822324748445816 11.033769413550875
20.689887601785383 15.131651157238935
28.971103023717898 16.224257588840846
19.915181879890273 16.194670001811261
7.7001233982072392 2.4092253144423448
20.823651741159296 13.122776635897337
10.508683160473884 16.413823500692999
22.74066647854324 6.8394117179321734
15.872844124079629 8.0346976077706671
25.095466650245189 30.683094579499095
20.121742568574028 1.161400719047659
12.927284207822755 3.6066170266904223
27.62710448065781 21.047822770293045
14.89146665706869 0.75722549231767866
7.3226141117493677 10.917272711678349
17.570795806039666 21.794959627331263
18.434204923650046 29.177240998938846
11.127351611115223 2.7968689716689483
3.1584362205104384 10.65605863928816
26.615638326392002 16.934085362643259
20.88508883881947 28.437185547787223
19.44671383978233 1.635451937995954
30.114218175878637 9.8275867275849187
6.4918608121982846 8.5526960067464302
25.278911134320708 24.28239796196489
19.723633359310742 5.8620668724272127
28.452218164102394 3.2124273006788937
28.168356959008282 25.709079667501765
29.750600822452157 20.695213589119252
24.058163236931389 22.244786188463795
26.808674280020512 2.4818131831508072
6.6207558244421927 2.1877721744617515
27.960417516809986 9.8083036043223224
28.51612869640854 5.7166072357948003
10.200199580143838 22.845071093965498
6.3036926909600259 3.0455784562381916
12.143621271840409 2.878028154549253
10.868748926490438 3.8562478342760529
2.554716828664783 22.439851931728366
3.0997046873608225 21.727396750699796
6.4160283093802297 10.484999403933481
15.07848535847568 22.282156156314468
28.825722580229083 1.0049763551786306
8.7384444477607257 26.715724741844074
0.10507512763763441 10.696005707365408
7.3230193629776101 25.97913527818541
16.085344728071234 17.066924323752239
21.921562693353533 16.186773595690742
2.0582683936767125 2.8709810917976322
27.475167198893597 27.014351793618378
24.354158808830608 3.7610500143146943
9.9568923844127522 10.171839927551721
0.0014476999397924537 5.4139711341198531
24.453020862551021 29.958476158978304
4.6431812662968452 27.804105320690972
2.8058987441370085 15.768666868260013
29.522863127105598 18.00134037166023
13.880741771801995 3.8717605558137307
18.139043606822696 1.4621853965270988
28.985502665331875 7.1398943926486895
15.751058902199121 20.484228732939741
22.388866298802473 11.909826608672908
18.982879110442791 22.552927534386292
6.86773249129857 19.229528065769909
16.005209530895435 23.426936988492113
11.143166415850605 0.90114230843467491
9.6410619926770789 30.409648717691898
29.263733530596728 8.954305909002807
24.025667878702414 10.505366449692671
7.7305777312894444 19.908864750099806
9.114025052811531 22.229559518711255
10.936576280402807 10.799727120295145
20.745323333214934 11.932201452837626
5.9416305584743156 26.264172082596417
30.304884066411475 15.302171188969927
9.5714383365543174 28.665469548723031
21.207113659604904 1.8698811990717912
21.956921955537499 29.461767605589596
26.199743576437889 22.401596349909099
24.821897312657164 7.1100014240486757
17.389603856684612 0.46102858724132095
15.967977083895661 4.3518314615176701
10.63230488315425 19.026939873328882
5.3102504904136669 10.155102131451619
26.202383787699421 16.057687963406753
22.110231040169992 18.140687532214766
30.829323665373309 21.372984897385081
7.0285853614823388 26.84372058251299
21.717079415468696 19.175197415918159
8.2107160085897206 24.819429937161864
20.845541464577479 5.9581186071094736
25.259008216969242 16.209324523028137
30.542437421652743 14.300622354455919
2.8577402269661376 28.42761808069951
13.607545370119697 4.7835527301984584
4.3662487104849621 16.043520924022058
9.1538198953794083 1.6563674680169731
0.4227218431129055 28.792865590086993
26.971840106020004 1.372040762989458
26.309070113254496 19.481631543155761
27.044189408983602 21.610740122457234
22.194443698780947 1.2690742017521321
3.633749059339197 5.1855425922371436
1.6826300747885137 25.932473025849962
21.166223301210334 0.88583778100137467
23.778977566044549 25.81887942605605
29.549996642692268 29.811030390547739
27.835171487551939 5.018916828045092
11.797482784940915 12.326347569116674
11.662575989692488 26.415684928580639
24.173300659278034 0.88065524040533394
7.3509284039142235 3.2876617741823906
23.750809114069437 9.4650646015328039
21.337176208279818 27.421260098086851
28.820317298451229 24.584487480937909
26.237187159501108 11.880338804796116
12.667264996670554 12.778545356221123
4.5392472693262862 1.5182154446629277
0.98548412581893508 17.762283220898187
7.5924579085208261 30.515591123621213
0.8457231426185684 11.84805446800828
28.481952304590731 18.074780192709781
29.121033691305005 27.200141618051301
9.1127570654630805 8.937415659927801
25.510342558301943 25.335269099369025
19.954821144912767 13.084097701045581
27.066267187762932 14.627062921916647
21.158863313727174 18.169145090673869
28.097178259669587 6.5692986215345259
24.826669342635679 5.9952392793793372
0.63787130226148847 12.885677022422646
8.4335442006138415 7.9631090699697022
13.105513110431673 5.5544808070691714
1.778241335070323 8.3487222279403639
2.7416978844267605 5.642470332256293
14.144819601411907 23.488734857615977
10.776209772447471 26.68766219301996
17.718738051146609 28.480794531719592
0.78402299322513547 26.001099737287525
11.455061058951488 14.294647905806103
25.571171846848262 20.538158271741938
6.2672425785705546 14.560854662571421
3.0824987224830598 3.96035147282024
5.5160982384446759 3.6184490697951937
2.7748415803614206 1.1958418938441775
23.673292566144571 18.033854431697669
3.6641905270700623 12.489828528023036
31.331089826980669 15.084806788112971
4.8609153062652934 19.178993018189356
16.260951335745133 24.838500495784455
0.4328088553084406 20.456205271201007
25.269752949901825 12.984992342799849
21.652941389594638 7.4317221522750607
18.320528192902628 18.381065274299623
15.04592385079672 4.3853093268743546
9.6410611543744693 21.552725536562996
4.3957069768496897 13.586532508451558
16.441123387854727 19.146736517218695
11.780229423047924 3.8601765609126257
24.756987430352517 18.554868088137727
13.75116742986409 17.146633726828039
5.7916985480155265 17.185614325599111
28.223102416652328 12.035097052245019
28.387385311565559 20.045280446246341
13.379309787049369 29.129644399843659
13.817018230034106 12.269889765724834
5.255990506974813 8.5091417612054219
14.274359356179659 31.553186315072121
18.670079644231663 9.2190498693573186
9.6000613901441874 16.188340290622016
25.160777429098268 22.42569644382414
13.640136555506757 24.497218194335126
2.3919239225561433 16.811619316570443
13.149626661310389 19.728843341951254
6.0310765980588776 5.7207536909851431
16.294411646251842 28.850406875323298
6.9229010797658033 22.782003960897288
18.003152389802981 7.8849714343886941
26.796324875063096 29.848527201969532
11.12455890738109 5.8829325235336105
11.503127300850375 20.088903222726799
19.879917714345215 30.803248406519103
2.2448792258970469 23.524934598507741
8.9648141293952897 5.0710575782625327
8.3046742975981616 29.165807545108333
30.670055100784992 26.214112755126969
8.15369281100112 28.186907544931191
5.3453905892066098 20.020724345605462
18.527273607409828 21.667781631230508
10.341589060880878 24.920404338152874
13.580704416708786 11.096681044585239
26.390479319902678 26.865385375241104
31.585770901294186 0.33235967021690005
4.2551150755758043 24.65120273453271
11.603587203257742 24.681522086108675
8.5755747228560999 13.437180163556457
28.025434272876065 8.8074131786420757
15.35754278555466 13.26589210358174
17.264752514608119 1.6397987945684862
23.080968709933156 20.779600836848079
25.603997154664022 4.1353686480917053
4.9459597183325323 23.338661086289093
15.867122688539746 27.757138156019824
15.492726538397717 24.393410871469637
1.1867737350598537 2.1629177564030462
16.780554409407632 16.509289216883989
9.698140642090161 3.8778081981623473
11.506769448086539 21.188265474490926
30.333609614011952 2.7288639424855785
12.553368828123959 9.3960126392243222
6.2282196634487734 19.667177017715453
23.020871084328729 0.86193780435115663
14.511342036181277 30.330559060986584
31.067317512322159 9.9050270216241945
6.2885667912930261 0.2972321667995757
20.569894024657284 23.719314315604343
7.9759157538125161 23.158467741284653
16.658994973179713 10.783674390935815
4.5999221282445788 0.49504217468908429
23.133582949055519 3.0016227574276639
10.961134257153514 25.537674757052073
3.5235522015158534 13.813505231740754
30.272351501052693 13.486088106818016
14.78710505839183 17.661276996801032
15.142266797014008 31.061349528070973
13.19117119605715 10.193706719299703
6.7180707287878194 29.746735264080687
13.371273155846142 20.844780144147869
31.422298617544151 13.380543540301575
18.219628978947895 3.2226917243918822
18.035399903579911 22.849445732482646
0.63498906343546857 29.68412763410781
11.992532085299365 8.2885101910272798
24.835120203986879 29.153852349141417
4.4921616331490108 7.5953005900357464
26.888328549650964 13.678998494169123
3.9358449904824186 28.619458999209407
18.003250093072683 19.873681732435411
21.368779783206609 20.284188291376431
13.117283164680856 14.148137267820479
18.943848080091588 7.2540269324540141
16.309427809261873 17.988800718697242
6.5930093769783493 4.1047996862632461
23.520337023363577 19.913879347487509
8.7871463322540801 18.678619201087979
4.2923125337566725 2.7650507597848795
7.2126956200187644 27.967524749617052
10.563401641223701 19.997616262366058
26.053150466151028 28.719744255483089
7.5153556656132148 14.313507046083492
31.57125896756801 4.459352043001271
25.020595729621906 28.152181354712965
4.0889694383658322 4.5162798451844308
29.879167793735252 27.962891743727617
24.668543507194215 11.254454437241064
11.79374687485903 22.182118406677958
23.215053345349848 4.9449237875547558
28.619291557878778 21.865911252940439
1.4454180767085847 16.407512012639891
14.06197982426438 14.31377339178613
14.586935449440951 13.407810842654246
28.075751010076566 15.094598099756134
31.182348876278546 18.530985004600385
5.6409247284109236 11.117085576668979
1.0164355074684943 10.853186185455417
5.754140920096475 9.3297717880030113
25.050312354312538 3.142053490552895
10.469460231299552 17.402899308546367
23.124136854787604 22.898986560018756
0.31903466745411252 1.9475483090533259
15.911315154671268 9.952371441244205
18.956721621921389 26.514024287481853
5.2340710245746189 15.563841974582685
13.693649012166606 7.5122035453318743
13.317203329953999 2.7139916776583219
24.128248324166766 12.807033019132817
7.7149660526220822 4.1634019414929107
16.769886617337473 20.042105549016203
20.326019689913586 20.266473247344372
10.705624272484352 28.656401570375209
9.8021589059682963 11.121410250981723
18.639868652931831 5.4483960302730843
12.69708830900424 26.538195255339989
10.502567950188682 13.974835815992499
20.939328807531552 29.347504095793983
31.575294284592712 17.593583316118988
21.523313160714061 21.479535199060084
11.276473066716481 1.8907915631368801
17.609117339250464 10.845633855331821
29.102418390647173 13.70808764095392
28.359669080142144 26.826592554378788
16.684005677336341 27.083286754986517
19.530614008684793 2.8146836972595697
8.3453751731926911 30.279655712703878
24.917467810211832 10.073884284607116
0.64906190087993576 16.814177579668236
3.6209178522285792 9.8429907026960315
31.041225046683081 6.1070708643404377
20.42343205742235 0.15220682450307477
6.7708528906413994 12.4803463042042
7.9922436845222382 21.2491395156596
7.1656804499809024 20.622011653233685
24.928310744273876 4.7369572736507015
1.9688652142197394 19.940160118599895
24.477263013005306 25.046362679290141
2.6052268487785888 26.079338348192785
19.737309603040625 29.180383114833546
27.128151495217811 30.730169070664196
22.744310442970782 28.889486580599439
27.123432982884783 22.748587071403417
4.2278958895252776 22.647193078545619
23.099914963731987 13.508379675085623
2.5040323246335889 4.6731413099640857
23.479855134422497 30.3315890328603
9.5943168578330091 17.530074022950824
9.0842267500438911 12.334058074424416
25.74841498465646 29.577104816628065
14.174224422862718 16.372208809300975
6.5041054567384426 13.695258067431391
2.1257847707866797 13.419761516460364
10.297213682166531 31.349092045579098
20.170430620189286 9.5814828071930229
18.890317929320293 30.877539317713591
24.559354438657302 20.198653129251412
13.215630974095992 15.266690239071323
1.2111946853588189 31.340886075534435
0.65465073966517884 22.151149857932889
19.176142628257821 20.237556862937968
22.503092783851724 27.555494438068571
12.105251505441613 23.686809863838757
21.347942127563837 11.265997912759955
24.572095329797879 9.0491196583767284
27.850211390253154 13.343045785216159
6.6772466778564272 1.3305241329568736
21.628496357873722 12.509048955363211
30.999678919656574 16.66735026681615
30.604102762956213 27.403243256476472
0.85302815843632318 15.517667766852588
25.910810030345903 27.737184342232517
19.227164319336936 9.9373234227498575
30.875151642038897 23.81437875308994
2.9830591361295689 26.915711476552076
20.160820475523256 24.621577578978947
6.540835197621373 28.515177167308789
5.0576633586227677 5.3034588222825363
19.691481577530119 14.201368629589167
18.638231850245333 25.398021182413139
24.203452643535083 5.1856447236920635
10.037642367947289 23.847746544055159
17.548860372759396 2.6550001750090244
27.857972219699921 29.392519962785954
22.271317001018407 21.801525878788965
4.4199061927311103 10.634206696851637
14.611624916714257 7.3784512993335056
26.148508187397002 25.943645378456139
17.477487603130299 29.581422722718639
23.306636004943112 27.809701812466226
5.7315268605695966 28.956649249441803
21.018676487717148 5.1107242046519117
7.8112396202338621 17.285908162128067
22.879851059149612 8.9107520318418398
13.970178781010901 8.6851704032239478
7.2175106970747231 24.795692843811931
7.1320175423403844 21.846959569325602
5.6831906007896027 22.753001181056412
8.5152944956437615 3.1773074021632506
31.025007530376705 1.1678444943449251
15.134105114840452 10.621817665375051
12.619572420753981 17.88197409782272
24.07677247223225 19.15370090636031
20.496304299802517 10.592477235217693
16.398502531644976 2.0734437273783071
17.471108817858688 19.108409491999996
26.424498194003355 10.626258919508329
5.5641915367070398 0.80459836754583547
27.268871156346592 23.905624043889397
22.581064498635495 7.8157502275077153
28.916144639720596 30.618597059505287
30.563680661557136 4.6915575195012789
12.687551017375684 30.526534070481645
12.140939774501833 1.0631981157866617
2.9432967845754558 19.806087443881204
11.521804347311331 9.0920225044354179
20.439903085665335 2.3013518164939799
31.026450269578483 3.5629681569781644
23.530014988450876 15.842054517879205
2.0942550427891145 14.488996737729735
17.806038514039322 16.237143219477161
13.684061051843114 26.652191172145596
31.232060703055112 25.310880298799869
22.821551078700754 2.0562829688268307
27.102098554089796 10.012076810290884
10.250892026796015 11.891012972554172
6.7680751367906007 9.6003741285910724
29.267126806599389 5.1364663329836722
11.248688489693732 7.6540390621684598
1.7647770821773756 29.50396781264325
28.122755115323223 19.071845402305811
2.9518636710080228 14.517547408409451
22.259284016483068 24.175224221470376
20.008108052045959 23.076168080737371
15.744650836837657 0.25507822355670118
28.122032791315934 23.480751987444993
17.367542874438691 5.9957981381969079
25.305725577981487 26.810376687875806
8.6040080478275396 17.732079880713222
28.933603842391168 9.7888626537378105
0.75465221397625915 27.158048685874384
14.669137971936356 1.70198417457053
1.3025989917973666 23.899466821308941
11.536217407904426 29.407336443626999
22.949618839714876 12.643460534858427
7.6282068660541675 7.5239966690237212
3.6907954566705454 25.993777915735507
6.2110600598122012 24.412767868976729
12.488662586163192 18.794110002610957
6.4458547618863884 25.480029904063834
8.9195815290562326 16.658641371737914
23.575656352617138 4.0673626794423372
30.882185389959417 20.474988989716699
28.834048806321736 12.830104500131197
26.376945330456891 12.758902131817141
8.4162783803765304 10.617081644095746
27.080391505290233 15.716500334538848
13.094932562352616 25.529850271257061
12.096490834126843 31.386135047587342
29.439838628159411 6.2930344478945663
10.633924770824509 22.122017587191021
5.5087024085269665 27.863502159928284
17.75635709517702 8.8463918276769551
10.23940510235146 15.254034731078427
7.3929961679769729 8.5581454442305258
2.0958420582020452 9.2807967629953261
21.181765654005265 4.2283476869804932
26.189119323984553 1.0777200238144675
8.8927020376934962 7.0311107758050841
1.1911311509619391 13.643151748450927
23.693061153772341 26.820652647858758
1.7003379805728991 26.985602540535464
26.59141948294236 6.5324970844517107
24.762873495916637 26.113612647297487
29.808323662628784 10.657641283280952
5.2426472925587575 2.6003318887812776
8.0556057577527209 1.6720899600548782
19.740370653130903 19.34393957298494
3.600268089701141 0.74250623028495322
29.55869818292356 24.228245037704177
29.738065666396576 28.803928769454409
16.574086571717277 0.73606167136745726
24.850020960892849 17.622637183315888
7.8089067595691697 5.0480967691771648
15.18310295960883 16.911713966115155
11.729892792802964 19.072257143121401
4.6454890396903199 25.650986921573221
11.662317227650359 17.46771379759922
28.925080061234294 23.271007823260348
8.775891605819913 20.941695854033181
9.8771898771349793 18.478658028430978
4.306979535332327 20.748965784938896
4.5693736808710357 12.588737771352468
1.9244342232766023 11.162189772780691
12.525130390794679 4.5326689817590688
7.2619193139381579 18.134232594577984
2.8871848470564769 13.018727895425201
16.865302737131312 23.451064710244516
11.363112608646189 23.010265880988896
5.8235393787798015 12.798795869952105
10.19252272852143 1.1539951475159032
1.569359977057424 18.620485273654374
12.552386033312843 29.524802920091016
19.126553512504547 23.590207654879165
18.722618962673458 0.74185679023766471
5.5905355950148996 18.630165888861146
4.942967037906346 6.7859529070655222
4.8158726439451209 28.988015440816955
24.231168576642414 24.056397035122515
23.810697166064358 1.6853265931028496
8.4860550787138127 15.46059370834344
19.866492344652144 11.947552431441654
6.3482780968510566 23.507734330330823
17.692871507458239 15.338677914370576
26.574984236849595 20.489635477533842
1.5140521252436492 24.774870165370153
26.007518469086882 5.131615978714219
5.3027707728721154 11.953324381972113
24.014842148648203 2.6654804513695844
21.55700523917665 17.030649166093696
0.95714105132777283 7.5751421939782837
8.6954980157576447 5.860624141470347
13.960139362513601 9.8261759010246337
17.599013625681604 5.1577207165160912
12.126566144174607 25.493587684220206
23.388135390148186 24.82514445851805
21.971663482880775 26.59490767936461
13.643818279589269 19.039381856558858
11.954839773711017 15.764907233728795
22.629426769221627 17.427949553338834
21.673946213920054 14.220913455889592
9.2175996104467597 25.659386256884424
0.62228514843671401 0.96089348514462292
11.645212608507919 30.410676464303897
18.069053827535001 31.551491966791126
15.823962997318381 25.783422149445467
27.098761649676806 18.902269695378429
18.816778374652564 11.607309868523254
4.9435991220599291 17.746552309815236
14.039144653728659 22.519114384352235
8.0017241218016864 27.123022601321992
16.22633231022505 13.46487173947483
14.186436486673049 2.5121947006912189
9.4765106011676004 19.44023036364403
31.523380093949033 11.852847250111306
3.2939998563601618 11.56276089735189
18.800573591193253 19.195591997423019
21.984673135274374 13.400507012685839
13.307608838051403 21.915199041623762
20.91606246369377 25.070688205388187
5.3214238955466913 4.4937218836836283
27.141664142093205 11.440455937058225
12.647536742551765 22.655276825308192
25.605700112479795 11.076209354722824
0.48676720464868811 23.2856550565761
23.143046817986317 23.847149900904906
12.384833954998381 20.213043503629724
16.582854197356241 5.0443904761208307
2.2406618139886119 20.974522322180501
22.112026100141605 5.4564576204498669
4.207217630828576 8.5925083045672572
4.5140916761963243 9.4630396980580986
24.002981816981233 28.444434659365154
18.82047511307308 15.561769576663904
17.091156843798839 11.851695322176196
19.598151064306474 25.537180099630056
28.731173985597895 28.234599092841165
1.953234993262849 15.511272745170489
6.5910139624598472 7.4875929882084211
31.446148093801323 7.0626088155798836
16.73536233947959 14.367659219804189
30.369510447773479 0.23934993177815359
19.399911272423516 21.087513665242657
14.811961515692976 8.3135494719969323
22.819412205520205 26.369565188270879
18.053149679734144 30.394235026038817
20.184086520735551 18.379996051143753
17.779933073929989 9.8793181657029034
11.317897168620734 13.212723910631311
22.576971255600277 19.493723920928158
7.8862167451658234 18.832799824062576
3.4104729530246511 16.58839991616281
27.572978552696775 0.41867576663320422
5.6679352711631221 7.6875897186917772
3.5481526629592985 27.628777410399195
0.81015345762468871 4.2577293982486024
15.921897756155463 15.776432346371728
10.182533609479334 7.4431623702188174
1.6325482164076859 12.436004259642713
6.9911445583638931 16.18889252585695
15.527003250687818 12.108771190196041
18.587590271227953 10.652279073544083
1.4887671306232133 22.802694041557235
21.703620210988909 15.211151825985317
9.6939117262467782 20.440815272356456
30.962227762139744 12.520726036907483
13.130340743514212 8.7111881424516575
17.656047030323613 14.175002983451908
30.148549053459796 16.104847967737424
29.48239653022112 22.53831906059942
9.0472519104066862 9.9841770641629068
3.6085312380338013 17.462373602600721
27.249489729874565 6.0723473966122068
18.89123226065977 13.701390480100962
8.7606389646780602 4.1082263090881659
25.713197987145005 9.8005841110900871
26.063365822763082 3.2151709159355857
0.51121643307003439 18.740037321309149
29.146245683452985 11.705732670652283
2.2940706854089288 10.291782410517232
3.5862083742902526 19.000843356812943
11.912249036121988 5.204469739927041
10.009085949565279 5.7580493184347814
8.6943351593204135 23.977865647992044
15.661466945917327 26.792178181667879
6.4604710416885478 4.8880710291071869
19.826389216163083 6.7689159704056987
19.088493095642502 29.839074822878501
10.981466645840609 4.8309333092297626
1.233054211422574 20.9067296671873
27.912412533977967 16.129695033163813
4.4127353506911913 3.684833183530392
1.5371527727887224 4.7990449622831246
8.8820889886075065 11.442378285699787
20.081428308189064 4.1420597475312881
29.169340265307266 4.2524817177577754
23.865313575473653 11.938529074580089
11.034052221633772 15.197529067187121
1.4627762188253619 0.6950526385122282
12.018582061596263 10.255836300324708
3.6183909387423658 7.2550801300808114
23.174150410706972 5.8870115181792384
21.054722665530441 9.1483666606399172
8.1481634588344392 22.260665463532362
20.440870989347246 27.272493117916895
10.315220737865928 27.743022655398732
17.168168667699007 30.843313822528092
17.784255934501108 6.887478668783432
17.387347514884713 25.490540922694709
24.365073908059625 15.253456872641713
12.819458801669615 28.296407886904515
7.4879617025225187 0.87952552346952606
7.7866570484753286 11.700208898075926
15.339455338069053 29.480298804579061
15.347093190389568 2.5111870229906756
26.097742818449969 7.9905552806421358
3.2847211080823051 8.263895586602592
14.169914572271249 15.364390838659304
18.074542314859944 24.637957318076971
29.030710550176291 25.82191557011258
14.193287621792908 20.412487505841089
22.709101833229351 15.342141442221132
10.727760392806587 30.406791061048256
26.975936302771306 7.5367093781151251
21.497544827669277 24.059620091436638
13.421577735252027 31.313796313536312
20.672182091407834 14.136066370375492
7.4067957869261738 13.312961983480117
15.724748638624318 7.1379450568894667
24.404170064082226 16.432004997774921
27.937524423543501 24.678671315041839
22.620829655915248 25.33102508904528
15.104616734735005 15.825948942132632
19.906584833945551 28.248555111405803
7.6797502609186985 9.8997390467260242
16.691028584236104 8.7062584613587699
23.37306830203897 0.0025144647651979017
13.04156856416898 16.20129095802471
23.939214017018532 6.4259378969814733
1.9589117010732702 17.550437220987664
19.52260326288453 27.157002230799165
9.1869451141254732 23.188470377341222
7.273526267092624 31.546784942001619
30.217495947419309 5.4753378965046577
0.42836195230660051 30.982787345233248
29.132279418528725 19.012489080444247
12.290354130895937 13.676386181443331
26.98191525516626 27.880241684068327
28.020430532592858 30.433795742925174
30.121397476137599 23.383935734856632
3.593104793775689 6.3261792587579917
30.00766747767215 1.1477806323832853
19.71932927909916 10.935566635268959
23.262639632922458 11.27495910704803
26.188327936856417 14.908007251536787
14.134010654436937 6.1002920567414671
18.022598414049682 26.268378295158008
4.0841818172316238 21.701986987630807
12.323870190242006 6.1712349702503033
2.366203614462425 0.26813458985020594
24.889901459068085 2.1079188036118524
3.2976761822079554 3.1634134670374818
17.578963772965277 27.142884369701598
12.23378093416042 27.39915520350743
29.188441765671236 0.23320622544253872
9.6806364719354399 0.39505589673300484
3.2142995167419328 20.730871462897621
29.700846243050606 16.99855616145009
16.977074953591643 22.484665570970773
29.077199808304364 15.329954888332846
15.793052453551315 30.289028311472908
27.38090838507927 19.963393582891854
17.46345787784896 17.241667775965666
9.3792855457204496 24.705426637534906
5.3144212727034166 20.984880520402907
10.596036695005839 21.105109651992173
27.811166010988728 7.4894688481448002
23.043329337031533 18.672077698311533
10.625140929253309 8.4704945121393767
25.737813952742119 7.1126950544755534
14.507680158081634 5.1593612780190599
30.040200476051943 3.8610079992406954
30.534874361027263 17.580249354693738
1.0464326534509254 14.631164415379214
6.4491024244876618 15.425274885135055
18.836294080565619 16.53821090145534
0.41875704442004835 9.5590898621477578
21.367404348402463 10.12505128431383
14.013977533737892 25.615556299637685
16.945583263294303 28.186648492965325
12.80136290957515 0.45069989213362199
27.359864911456562 3.5778121752265535
30.244957595865063 6.7214638647789391
1.1847760327640717 19.621142031073038
26.908295844662966 5.0730600032392932
9.4661631535094077 8.0052969802018001
21.881521353101583 0.21679604428707894
28.595816547502949 17.150265540257948
30.595555666203687 22.356339229554067
30.217164561487575 8.7594810456353454
15.203808476350055 21.083515615743181
25.581770695779177 17.226803040706471
17.248823510612805 18.144981884529933
14.559566921773916 18.630126311335797
26.729126556068856 31.600876761702551
15.089199908837003 23.330274402737832
7.9697555846945702 16.269256468593511
22.521514388539213 3.681946088503619
29.510076295650912 19.84181172107267
13.379813048928106 6.6078952955589507
12.70971688622687 24.463986785779721
20.651905558412974 17.270163549976481
11.161300552154261 18.170458985368317
23.667952685542762 7.3795263069247339
17.977496569777557 11.973785528494705
27.542229299148246 17.03392460505032
19.701724053082476 17.172090148506381
29.799268750812036 31.03609965694185
15.583781334199143 9.0130631896116817
17.002607899892418 7.7914863743447373
5.2349864865671139 24.186846420853922
27.979593346734745 28.091443864251879
27.926167978908151 1.424835747059795
12.297780455183764 14.89115889391938
28.688034395990041 2.1100317764177241
9.5927189733997107 13.056783157516472
21.896668471613527 28.341120100749141
0.012408648910614434 19.606126614470458
14.366312828772958 29.262000515734254
4.8406745180593784 30.171568511066511
16.333845556887955 21.444260701958768
0.88782344249878642 8.6908370276215017
17.852777010180745 4.1517378001579717
21.764731296615629 25.347589539665631
16.808833549526689 9.6605525867325603
0.041561738299800942 8.0993155588299501
7.4048317147104239 29.232922632438321
5.1590817141437579 26.665075470234104
29.355193297193711 3.0606962597542466
8.1833028854318588 9.1122951990906298
30.979179732182253 2.1268107467119162
18.400287107326548 27.559113907909008
26.484223220419093 9.1821288524927613
24.124949022975507 31.141224887050008
9.6214711150382843 27.087242157860963
29.849304959456674 12.659700019301066
6.9936375888524545 6.5786543482362294
16.751727233892094 26.063242973022703
27.387072558628226 12.501889655321737
17.080559794686124 20.856956926806124
17.028072995399718 24.441482222593834
7.2421214676604677 5.6677270813312264
20.779721894918428 22.245296946202469
16.98288854799204 3.9805804569014693
18.455325421285956 17.384905376655038
15.014830061789835 14.61578007948982
26.390921141633999 17.944270408573466
24.217156411135797 13.71635100174988
24.110732300918702 21.061469849980636
27.848286260920304 10.947138854878954
9.709757035243161 14.093513679008026
24.710056539406626 8.0102852903962631
1.7778071424663648 28.668870304047495
15.520600291259575 19.538168167669163
19.407744114566515 0.20384233904412855
30.460239668379185 30.2063071557047
3.7548653059597479 30.667491428072871
2.194688169512983 27.67697293121455
3.922309869119482 23.830723141896339
10.179402182718317 2.1064478876528017
14.654199409850325 3.4430547203903759
29.801969100679536 25.411435104001288
1.8997386077719984 1.6367531995491258
27.45386587012138 18.023524422811345
6.1869378412441387 21.827681376086204
22.219847742110403 22.891245029435158
10.9679353481022 6.6888636378859383
18.151738197505939 20.73275831519468
5.5590005647077012 1.7804249484241763
14.7688435488651 9.5933575536474383
26.987588661303867 25.101114812478663
5.8742514632950096 6.5501354970214107
1.6276307200483466 6.9519931882217136
31.490205707106714 30.049678997911922
16.678242704490749 6.8583766008005052
18.607286585961319 6.3245360574892313
17.975326074477714 23.703143450782818
28.179696870101139 4.212439093625612
14.366057507362344 21.487153983510066
2.4665020905962507 18.849400022128783
25.892043074676568 2.1754339563116734
9.2835476387382734 15.069484699066487
29.65061618488263 1.9395114168024994
28.654874073979812 8.122616429976766
11.853017920097395 28.52560724581507
25.796239157508449 18.577921484418724
14.687574949760588 27.528385885678652
12.470658349325534 21.316135914965773
0.60871000922475649 6.5440426656509612
11.201096808240111 31.597432169299143
3.6671193815683525 15.315986174786262
24.880888050469149 0.19066928517235798
24.245615740573438 23.169990686543304
28.781452372970698 10.798284936441
26.707729517994306 4.0578300987305944
31.089829143114326 28.508145746483741
14.610997081457828 19.706828677726428
4.4883015078443709 5.9642096945395142
13.595120909338666 18.015245315085625
0.98067072055644 28.116788674597363
15.539547043146085 18.442104917820295
8.040762355914957 6.5156071208742841
19.807972094226599 21.983946867654264
31.153886045198831 8.8680208850739355
0.55222710893014793 25.031115189755262
12.290078706988657 11.062402837680969
18.978589631822643 8.2332526742704299
0.16761202234059858 21.456977866425742
30.565919767559496 19.602471054140267
20.790133892020751 19.296957103187477
19.805809183486044 8.7381038711158716
23.765013843110488 14.591466372283161
11.002135039484711 9.8558787795955478
23.518682850443952 29.293754398367952
2.9774162626459875 29.347947532093439
12.864880296011579 11.774083256254249
20.876859441294521 8.1622443432084832
24.460697605262233 27.347436593292031
2.4180926916689263 11.974344481842454
30.498265650132424 24.797930946785165
25.385369851544493 23.344162882682387
1.8523669190746295 5.9296930977219757
19.19279543768128 24.407695069754951
9.0536980984287396 27.957061601615898
13.162471698718386 23.399744778863749
6.77120965370605 17.110802639719946
14.961515268343126 25.519919337152441
28.711214752624066 29.327161732571213
19.64250505146163 15.161843018177208
4.1956928595289451 18.318439942428522
0.10944326807638348 3.0562741348609501
6.5442736443074967 11.674744836772073
8.2149384329327564 25.78227031236597
25.50766669995982 8.6794695627144893
10.063330074966014 3.0795204310427295
13.632423165092186 30.242021393921032
13.605642881508947 13.196930747704654
3.3695254139362341 25.096029463335988
1.9360585488898405 3.719763371159623
30.219257891767825 18.717306928471189
18.79073518657037 4.554326433049301
22.895328831738883 16.563620682562608
31.549550879271973 26.427843280588085
15.923575208449074 11.277478956097134
16.63799349290338 29.736821487366228
15.950419215680625 22.260197299647849
5.1094599332972459 21.935310021575571
30.645048511114453 7.6808355084130921
29.733343709133223 21.602499354923928
30.721282442099323 29.228803845293708
0.96703933077651827 3.2487666271423459
4.3414762700629117 11.435311618513261
23.21026019222986 21.783143045770817
24.926475408968031 21.469439226593632
10.355653051103809 29.508990619623287
12.768828915249067 7.6803910474275945
8.5757223625484489 14.266032153761065
7.5177284639969724 15.132758897435938
26.275966947054716 24.55793157040317
25.042524326126461 14.143122483557171
18.093933475261476 13.018545909279496
14.470264746418108 11.071861587285127
22.466070104692513 31.222891335773816
26.367992146071735 23.513153827281005
4.312520637477629 14.707037636096912
2.7344959518112604 30.187137391015206
6.2179786727788722 27.313918987365859
2.8939668942406134 24.081468658653709
22.604036613108772 30.257042062838032
21.944851878552729 2.5061077912930951
16.470139447103602 12.467208154679842
25.718971778347935 5.9706800285360879
18.936308272319454 28.256997172577282
