13.799445284428678 17.944107567900542
6.6802149722919104 28.341285940543649
29.048462587116639 19.075095859882136
23.717346809814075 19.316020489526931
14.56360263708466 16.762147311252694
12.717977965317115 0.79806167184813903
1.4277558524819218 6.431181096721156
12.664430395839101 12.806404539121518
8.6307387530182282 13.684078556894629
28.726317409925599 22.841303465749508
4.7903247174058521 8.1043971598261813
3.6133191123907751 5.614705256138957
9.6068614030348183 17.820227353337341
31.545820253640446 16.09606812765929
7.1272340105693495 6.5362383477367345
23.894118528007482 5.0928162465884803
11.667008925992318 26.664586849041829
20.342679759943305 6.7746919895580673
24.442622342385633 7.7165538118079633
17.095639079452152 31.05415575722159
23.556566833938582 16.514168243547736
17.871639962563822 21.294554341749187
24.260405173201654 1.3528401896959092
29.53962984246791 12.186679287034636
28.13876338373915 5.5036218812922479
2.240396215911892 0.53093599003511383
14.745340407982056 15.805506924613914
13.828571942299773 22.650961130506939
10.957913919254461 15.658573392063467
3.805347383545735 13.264949106873473
8.8914295963095924 31.282061835611774
28.544960281925192 6.5148073024810031
11.437237890974078 10.614387384575076
12.526542317149325 28.702475154287612
19.192468149981234 12.225086378275869
14.822625988175986 29.768260945757071
18.465735219963324 28.742855161451757
4.0525030210703781 24.409239820169141
10.586734760897484 17.180437703711721
30.811870551404073 5.1149914423277227
8.4487225492338354 24.834891710163145
25.219407821874828 11.39670026142594
6.2141658710086292 1.5630612334168106
28.515205568232407 26.161893005708727
7.4023761517465028 0.23075343105199
7.5968357160250131 21.315334252496118
22.601903349572435 2.4863762876180058
18.97372139395636 8.629215412223358
19.450408066506132 15.112172837327931
18.429128174565079 27.576153587850072
6.7942271786829309 22.160036773829408
18.248284991331076 30.613113244806041
24.193860334121712 14.404965893649011
12.680626283850781 6.8777275954031838
14.754864869190337 30.831546862948279
28.460405342623204 16.335564640408357
18.251137192327793 15.54076552244258
5.1310244614527329 21.550987224561268
19.843263209993829 5.17207222368366
4.5649431361270709 8.9871943268594645
11.327031551340715 9.4989790617453274
24.939640771126552 0.0020628103577467927
5.0221159072878283 30.222098493186987
12.524419534283558 8.0629397722692335
4.9618969357192855 20.568720881816358
8.4957812268903776 12.453065948909
26.809652852608256 5.6838909237435216
6.115146601852504 25.405319506215044
17.46752963465552 1.7728732471258049
12.203261252453851 25.471240842526438
18.767107188696688 14.500588362410745
31.499671519110883 31.567954574556275
22.138911012183431 12.107759790873603
21.07710506840613 19.606155907776731
8.4365451915610716 5.5049675256036128
29.137732255437196 13.167332513649544
31.569880032997691 13.112018697092903
0.66464653364890125 2.0150874397787848
0.97122601248597851 21.953681365552193
6.7612141127374645 7.7640000374161451
29.50457950299883 30.651583953698076
23.600594652313799 15.33217898133505
24.879877104949017 17.941647229917031
20.918827001870081 10.625082701545805
12.392123283413103 5.8982550622998824
11.964529006983657 0.39201388847621854
19.430832240763255 28.820525682632088
11.736508865234798 12.836066213042445
1.6204392320738028 31.228049810863642
5.1697313437696337 10.780603521723382
24.964309730593744 24.558589178395927
24.215335374042684 23.73734092316549
29.809948743555914 19.629011472017076
7.3398450030070785 29.216379680053993
21.105053997304147 4.6278448914156813
14.785846099879425 22.957994421582612
20.941667289333026 21.82348463463309
1.0477519660933639 12.177563670138191
26.916831096845126 25.489106551374491
11.296971321634047 25.729113229910908
1.0828533729887675 3.0052004842102193
11.435364964225604 21.304396107038404
7.0602377674966519 1.121582579384869
29.820485759283159 26.429582557514816
1.357198951334768 25.615478376295393
10.666426110687711 12.440833379336413
17.89085317165496 10.883532957829217
6.7732552089522349 14.014097029371502
15.425255754697035 15.163856893313387
24.664757170891455 10.43959267632335
0.25689859101204848 22.775897787935648
14.722552362411433 1.828260833536975
12.30913020418787 15.630967425291406
25.782594213848597 4.305983129681322
19.043936602058199 19.846962232849595
5.2616368298417093 28.334758351313621
31.578783215729946 21.731011582099285
2.9317952245125478 3.498000852887595
16.446961420559319 3.8227514898383448
7.2569812304979164 18.846811348259365
6.2484014950418896 11.055294068477538
14.317735228638597 4.8934123746117857
9.4962291511743899 23.369462922735586
8.1284959628618143 2.2917519679723841
13.920632408351009 4.051321962090686
2.8943132950188555 2.5104559922798657
27.542473213088957 15.378267511531211
29.442290863634547 25.532276411451448
3.0320809328596257 31.5288957525336
13.921933775607759 2.0822938346323441
10.575281701542321 26.575870214432967
24.786648623063101 4.8507818180053324
16.970215082662122 19.715265723258067
1.7870305112858536 13.999559712623636
30.823894170769858 11.975451868347957
18.754488215851502 26.477870506340903
6.2411191546860785 6.743601661436907
3.4166977846434499 18.365949301860692
12.47034416231007 9.5292605960760923
17.715015367264094 16.54896115490866
30.72086642897947 27.384358135021181
18.042594825528685 11.882563720227214
26.587613337568964 26.398499087036324
8.0747692794002823 3.1727400236856798
13.366216720043315 16.041775577974782
1.0101261020264309 20.007633298215087
16.177162889212422 27.276516146421482
30.837683891693001 22.396656687770403
22.157616591535149 6.4321223342308596
10.76413315478861 13.377252926743733
7.8685167208650757 10.034511497629595
9.9573521359578319 19.235016272012022
27.424932437242525 24.091127108251513
23.501975995194766 2.9638547985226644
0.17347789671932748 6.2773157840094811
17.213975450036997 4.4779084255944479
3.5153280835459402 12.326213304142287
17.422381858881362 24.347608362752421
25.750746592048831 15.114789498904603
8.2569714752640859 4.0434497519643271
25.634667645684516 27.718313810064867
4.4589790037061201 2.2207192650090599
6.2058799001793252 30.030160462867055
13.406995933793139 12.099488582380037
16.44129064330609 9.5854393179398443
23.257198733776455 6.8628320228216095
11.331431797991481 20.100306283460949
29.128367294691671 10.418712607479941
21.714637356455476 0.47277895178530144
12.09112911335291 23.435899768835707
5.4552868210697882 9.3771464421808837
30.792266223956815 18.752302404809072
21.746615334714448 11.250254059868494
11.594167628822991 2.7084024341672324
10.169259908917674 1.2250676037806274
23.058208452791288 4.6128944800264069
0.9398700955490088 8.2069878501913607
0.60596215000497733 3.8003830531611547
21.440174247043657 24.979669846620173
26.835235700274513 4.7871094189678756
8.7527959020829336 17.53381562676757
25.805879921102999 18.667062218350733
10.602536877303125 8.7240823229376812
18.16490923930041 20.115638325119299
15.358471261635207 6.779939106004286
8.5269538821351549 28.109488476776047
22.188362869969939 13.053640038861209
12.386751925468447 16.579311014422203
29.113798486416254 27.027764194074681
13.497700579116477 29.373165745627237
19.829182619392302 10.249142213659953
26.07465209452748 12.320545970606659
5.347543474491018 24.745052385341328
17.045887591042653 12.71963297602724
27.852807092880884 4.6637240955031389
20.334605104307155 27.951324632613769
30.789412386728209 13.555552553924711
24.373722617726404 11.737388208756427
0.72782299666870953 20.933110298308517
2.9383074953285866 9.4208867728900643
4.4576755926871341 3.7228812853970368
15.472968123597761 25.504804003252755
20.095198814955349 14.422702488534267
8.5647169167432278 22.67157840956283
11.745694829260231 7.3430081082259147
18.741994198399048 10.279293925645925
20.869552929648297 7.7274883175430675
26.494010233885682 6.7772658824950023
16.451629928715874 23.773108446863688
19.312071066554161 27.801219694262546
22.892278095605889 0.8990562016800262
13.228424863363035 5.5529093757544894
23.816856362066584 26.903062712996359
14.030452124776197 23.745889630187826
10.457804616675693 30.15902003576025
28.732000463761192 2.5169469190539608
24.781314283360462 8.6107100825233704
29.860040675212399 5.310987938250145
19.138064331872499 4.3084855676351212
31.205719877145263 1.3319337201798791
8.5559523019312262 23.719066247181164
10.562790674129918 20.7527167989752
2.0896045794244542 25.127014551826225
14.019385052540471 10.757506014872286
6.7218074664870571 12.024662676812381
2.4673637431406559 22.233252605633552
7.631645773332826 12.440685124530917
19.541438189242349 16.928966025021175
9.3401658051965377 2.0916458479715363
7.5094517265417782 24.91650997807962
3.6526865562235344 8.6921277204564369
14.528741486927293 0.7293717627207269
16.252483883607201 11.2620132739463
21.390586727645452 5.716432634803831
25.194540162915644 20.619122762171198
25.74218959352045 31.099444873814608
30.360398506954915 2.9096357233464722
19.671497421682055 22.622620409724075
25.764399544830567 7.9889730573124806
21.656824786431503 20.803772871983391
31.281899298000702 10.133502687533763
29.209421631500952 14.842685809787771
24.171435524410796 29.519903616640537
13.440456306147841 13.331312191241105
15.867318574189991 12.234925332060017
20.525773396270864 17.007111620997517
0.23575841176842793 24.825096049236009
9.5688513241843509 9.5526116040400044
26.519691733378373 29.491528474897581
12.233939264131044 29.516300615667443
12.675328947689747 14.077032293945095
16.760562602255099 2.9952769505712391
2.9960843034373936 30.036894914241714
9.1494162063612663 20.946198028992431
14.524724672286133 21.808986203129972
10.04855661119648 4.8458200434348502
2.8835271839820051 20.437050078142956
21.186786740440173 8.81522013507041
24.358495601957685 26.093824650174255
28.649785793255784 9.6835826770437805
18.478620875737928 25.202699978093229
2.5574310954665638 15.019843596735162
20.897457531776269 14.787457266814707
15.149099794123547 8.2800831065075133
9.6948529921106434 10.640363960069639
25.755340660845206 5.2736646376573448
10.449593938330016 18.251238762176559
28.330742862660141 31.046725297397025
29.95789099892513 9.3886641421777632
15.654209618612121 3.092790445072052
27.370270684985051 16.400899440717758
7.0208072482313524 2.2336066827953105
31.3292245599681 18.085830643101819
20.144965683821166 8.4512540289540237
16.427449037677693 14.984023865444659
14.782580653364377 26.854580891615573
17.746125386064694 29.676124709273289
26.661947296528417 22.084751257016851
8.7182862985736307 26.875381436497154
16.68137934846148 29.074667346626466
3.4250011964356499 22.453685103301844
22.382898664138999 31.352159859932474
30.627081279782061 8.6761033899508853
1.0034457099656993 13.253817023394751
26.41983933644509 0.15003761874183685
3.5384035711374322 1.77508952108044
11.401615876985913 11.730820165223358
10.933434798245351 19.313520323285498
22.002954769385365 4.7250426302543609
20.410019241669389 2.6139663257113193
3.2938751230425325 27.930565773875283
20.712061204854415 22.75834868890049
27.765277475897822 1.4862201904203063
4.1984037135334793 4.7904703623156903
6.3092879134286051 19.647994045809625
27.479745821864199 0.62389453010836715
9.3950230146253428 7.6986756512134553
27.310308279681976 27.231820995426148
21.078247436830758 1.7912606807381035
0.91541810128191825 10.104352739251357
8.2623742572702401 29.352592393752833
30.692435134371834 7.6293769951432671
27.739202503158278 14.303134236332925
9.5314146114603169 5.847815749886661
30.650645356130298 29.67319741606811
26.846589980319838 7.6131306092678646
15.330406572244089 27.857852667593804
11.41069048500024 28.446250919016574
9.8601657161435252 20.160586964626471
3.9492786088100242 31.19363812510489
2.8042576696922845 10.65126074403425
5.1962528642558397 6.6891545622732371
1.3555468226844465 30.244366794154971
10.34439311279225 22.93299860857195
8.5695442334419667 9.1953538201482647
24.699538426272504 5.9235748571069449
19.774972484853095 20.721375856975655
6.120473096292959 26.70204464994741
27.07467439164807 12.275880466611156
1.931612983286159 11.663109568901826
26.677508808441317 18.657956091342506
20.927517171832765 3.3712516379713993
16.322007968491661 31.509768946050297
10.446536268748885 25.33575547990656
15.90938486300557 29.773316006316936
17.312896395913945 15.340433753439957
7.7218374674697854 30.993657865429462
7.7573015228723952 13.503509543387755
9.9235365051924038 11.896111379118645
9.7151194881850866 26.682091650624557
15.577824063608237 9.1920840158145101
27.352524422743812 11.487212670965862
2.0989459263429517 4.3663820659814423
10.189803597051799 24.197222965557774
10.163761470211126 28.172363458297884
15.641527210993463 2.064500178212731
13.989241024999828 15.32016949739339
7.1664031973957387 16.078310123889128
5.2960185672754845 4.2936296786857788
15.787698853204464 5.7503885339826342
11.345147478074084 1.2533568485849524
20.474388294627094 28.887175947083097
13.538834706586989 18.823164085287189
0.48824399518867162 14.062895767773011
9.4137232442254124 30.104725886824255
28.471476126907753 14.003401406964562
19.275248442949422 2.4021765989819839
1.63185377666875 19.273845575658175
1.2109099556731624 29.041272104788998
25.932724975222339 25.181249977338073
5.1101837136303754 19.60427637037278
20.285845685244006 25.781063110450098
28.562757545139402 30.168404368669751
4.459541888591863 1.0142397514532184
11.888122529247507 27.621307180738079
10.031230407155503 21.578405379955829
29.011414214684418 28.280951007021716
16.434336532163339 24.812794498457691
10.573177888148704 11.08016996774454
18.813841751359103 29.795666785155007
17.027445368886411 18.511487744749115
5.7475883725290133 12.685584301594599
3.3559136028253445 23.488881306174985
17.459117591026292 22.159456649010199
3.7124739883875253 26.931318579015866
14.533670242862026 6.9239212386715083
6.6339147728673336 17.280617928395159
14.748962208293639 18.829535476150504
7.7185746122250718 25.962743404048091
1.8384772740117785 21.452300388587489
14.343070705289659 7.9220582680859364
19.954596673459267 11.206335713152976
9.2160804250683093 2.8953495978810047
27.424043674390237 31.313184505789351
22.073186336425692 18.499564751563145
26.065538467199893 8.829008818613401
31.392002691316353 9.2901864823250975
8.5136619197730781 21.520755726267232
24.898217509259009 28.957629138682954
22.164675364389716 25.678949923608698
26.698337130549991 14.068682680642052
0.85641815305711355 9.2996567534970911
22.666031479219097 30.258748575485111
17.816484729842255 3.7657878245215555
6.1826634585016187 29.164315077114221
4.538373638141266 18.937053865596205
20.733733550165333 9.5768571330200647
14.805241640407584 28.948500316772169
22.985580979954513 22.479771305907288
3.7353067845995063 9.914684423301626
12.066763016624583 24.504445583032691
13.03739013255433 24.448287718571116
30.086248847143047 28.699827831600967
17.716042515098042 7.1046939097732507
12.572737938672043 18.399119993157914
17.911368551728277 26.236463783325537
23.77571243122431 18.293443507004898
1.8659638356922894 10.64909456253455
28.132298512048042 12.881611516052576
27.438347042015963 9.4971442229562388
11.901270216774783 8.6949225916884476
23.479698529748322 5.9975404034101611
7.3180989119586011 30.159242462088393
10.318901616689605 3.7553009614910549
11.502723784302859 30.139814615361981
22.724187732751133 16.138013442093076
10.417426287051759 2.8647985563383092
26.469370979835688 23.411326283643437
7.5664202451087341 8.8409829994108016
6.9994358816338833 10.1325226505455
30.574569759034326 4.0761002909116302
19.987979206523388 1.6514325100901146
2.013196862232332 29.574756994639433
7.5840298434059932 17.193066830319875
21.000440070509466 18.662113517791571
31.061562318002277 17.206636572857441
8.4224321064848038 7.1921695697780441
31.544000037013951 23.616851396692041
21.65524488198243 29.347723600287772
19.7213680399692 13.498466818252153
15.414192173600698 21.893429782087679
30.835326256648099 15.584575174181815
1.5055530585700942 16.859260783820321
23.233728741294502 12.71309265831508
15.003409794992979 10.760465130027075
13.631580110465375 21.515779383763448
17.394211919147896 8.6676022514966728
13.048987434760903 23.432824875705723
15.605414594897566 14.043152192399116
3.5637559583524685 15.123913515073754
1.9089480345510423 3.3970471514095508
26.150006682354217 21.101577412380891
24.39734231634116 6.7346056744542908
20.757200237456743 11.735230717875199
24.725777591912554 3.822802599582015
17.06872849449617 6.1202205497876658
0.71102551839375105 17.764547450893133
24.560503756397178 28.027402605375652
2.4813552360850015 30.754719871178569
7.7192468868434476 22.456537173497416
8.0153057912447263 20.321718013176543
31.080411960209371 30.465140700048096
0.47419552656129543 16.830957260676314
17.747201934662268 2.8061804948232938
31.031317548764534 28.574005515467462
17.499595710004879 25.300483373460466
11.809175927233024 13.826887322923517
5.9035654096468226 27.726359941116947
19.979101397491043 12.496155637710009
16.990537255291311 7.5941728206727355
16.623540510636261 21.585770197351128
16.087232940715293 20.845550056762246
28.431514951661246 19.887433382728453
16.955073932385375 23.006793507189357
27.903983654445341 22.266385773925375
14.591882434610403 24.394240486171469
29.890553622261194 27.7284024130151
13.011063676045438 11.126788441276211
21.464562923028073 17.743581810494778
13.873727517489231 19.666684082090132
0.89976202212738832 7.1698073796777608
0.64741522332812851 18.800554257846269
9.9877892510310851 14.559474714056391
23.225060766712883 31.507169910474097
20.11789768520422 0.2439677334833219
25.280840205965291 1.7201272998658053
18.409524062238862 9.4772404396946222
25.543444462876803 14.152433950204003
10.589811623270784 2.0580613069095492
16.407627941061875 6.6991673772648133
18.421685922183972 17.137817710087955
30.211644133271381 25.093177855935068
6.0272293140732485 21.717785571549349
29.906646747805663 0.90378741867353773
6.8334590314823451 26.003283792506014
16.51557143634135 25.794066541197054
6.9579958470244989 5.5579673845882791
8.2988630648799884 19.040013674828181
1.2140943583282326 4.5752181254901734
22.62921924383199 24.76381163347758
14.791617816278086 3.0613170956802427
18.963567011902246 11.251772495345062
2.5105331023426443 19.521609887084338
22.450144155158508 7.4726526678724756
12.422034465634994 21.569644991816883
0.84804470423541278 28.228886398987569
6.7027774605263968 24.57332289425009
6.8434655539932328 15.235209661447813
15.490876226537374 16.898525081518425
5.847201650110101 18.846542956342685
30.006044951032674 17.604429185060489
4.9356429967893352 14.450020505039396
16.427920263969089 8.4931738423356702
25.782166908675016 26.584787676439046
5.4834024419526228 17.12113792704881
26.541261270868056 27.68594617827646
6.6925578050918233 13.061006511600686
26.382228190585277 1.0774539163474079
20.627930763514058 24.670762761285747
26.467052218026716 16.199298937020952
16.176714217500503 13.177859284778128
13.017509914493687 14.901563003218826
19.680419552020773 24.631280502023571
9.7235198412520401 0.3158118985412724
10.916654577148563 22.125240458191897
18.824410717855692 13.531494582651472
0.10662895197103935 12.147328434205882
18.474761718227015 2.0239531441590697
28.489936648627648 15.347100949981517
15.848279087395383 7.6572420000567911
29.377378435389438 16.403611842873815
23.99904413576137 0.5359956769831038
5.6118812851257784 15.667106475649273
12.272310855373032 11.744879430923604
22.911605951777005 14.897075594057959
14.738575514380983 14.338043408501321
29.727286462659709 8.1276769195897298
11.643485744829471 5.324752687860558
13.425268906649482 8.0545634468041793
25.698876438441403 6.2208724123126551
22.803118749908986 23.422552947970935
29.483036024104113 3.0377724937109494
11.466031076857535 6.4702822882343165
22.398632641492902 17.133582319575467
16.831185863282489 16.281075185729776
28.749631793195885 3.8439297891800805
16.690160972358044 14.104476554283423
22.425488004375275 28.203179186124441
1.4841243477462289 1.5030940579339238
15.495718535686624 23.365644588558517
22.690875811673813 3.6587876554330316
8.8334393171503418 19.925281611420353
4.3402774733575793 7.2746874628886262
15.498290425899489 24.419579648046575
20.544488969012576 26.970967454746457
8.6933528167623031 25.83806749831135
2.0585761178393125 9.6546310262364017
9.3653340858513712 12.761147421258217
20.335812527992207 30.844737993352428
25.641635397027283 29.931348839571431
19.724319819457982 3.4146274323815518
19.651843623802517 9.3491571802160323
8.138587480043654 15.272428973316648
24.173747112077788 25.028415574574655
21.712422793297417 30.425851208593482
28.578979916293747 18.151157889455583
17.596142754496412 28.580010255772642
24.851912802836008 13.602799084770899
22.776875257178435 27.419687221033243
7.5451024110927163 7.6636875070162489
23.472451708928432 28.914664052316887
21.426465135257789 16.718441447512774
26.111242159155246 13.279841551273392
22.944027498272021 17.739935747515982
3.5162177914844603 19.346898415234591
14.018127549954029 6.00728991838713
31.472439502928573 20.50256136943996
8.09330600695281 16.34092762260024
24.178275787629502 12.760195203381452
1.536677470346598 22.750953633666448
15.077421755710043 13.073344635337707
7.8189980830720884 27.029946582064106
20.29096378800844 4.2763036227974558
25.050579155827005 9.3974921506396214
30.602135182349173 1.9742317581679152
15.815290481732294 30.625022038704174
16.495075688912006 0.90000776530930815
5.6710367707028064 7.6508956848063709
18.770708984820125 7.3465575550936304
6.9521553612454063 27.237445288774232
7.6709390315401338 4.9192177316839834
2.703261543564643 26.200546652069477
19.999341848440753 15.93545256487017
2.3176209892298725 28.539936554266376
1.1824107994021391 0.4855464570075031
3.1628853469099729 25.472187417506522
19.803401615225276 29.833278388996437
2.4554302790690916 5.9201404292891855
31.074555700381797 25.52996867930235
9.658198671046085 8.6136993059118723
9.3871661884165203 27.697151980973338
1.8218032541265545 27.79584150177195
28.524164430539951 7.7928159182319954
6.8243617430735295 20.875551934560875
0.53857216276496533 15.228847618533516
23.520733255733155 30.288394573220547
25.608429056762628 10.251400316093916
4.7803741349392395 0.055044934771260143
4.1675481182697434 17.102962260455232
21.964526140312717 24.029480073617119
28.962695572199713 4.9273497192196212
29.388474807192143 0.036447271357764467
9.0995636252391083 28.965781256149675
29.0307998997576 17.393116921670153
21.423505595712488 28.396225881608419
11.650287264059502 17.44010927530384
15.606315528360449 26.491556942739589
5.4030178154866038 30.975222673113471
19.978128343716481 21.652991671449374
10.8923915857661 14.434485351552306
1.0658468116852062 27.104078837097706
13.937955949798781 31.406102551250495
4.3055551523010349 23.2376765433823
29.870038860432675 24.1173059976039
21.114950070151398 26.05813442401217
6.3190778840084896 0.19761268784712382
16.150334814469662 18.850398980352647
13.625770461870246 16.917637456505016
13.799895676306027 28.567073201148798
28.759389987246397 1.3840658761349365
16.765108426285536 27.975317443477664
30.265578948632289 12.788928915539916
15.067088607821747 4.1273223666561076
13.502077514155662 10.083327604190455
27.784268046430721 7.3096719402307437
22.57394329129442 5.5656843047257158
29.702029496780256 29.707780887672161
20.844176265664878 15.766214090017071
27.271747522374142 13.238525646398388
23.009779667614964 26.366919962608083
9.3530075260433705 24.550287359918894
9.064390466001262 4.7828933649210583
28.292778505476104 21.369095234579934
14.773659148290704 9.7717245415130876
9.0451698020655638 11.468391713008316
23.603949340561055 13.745501794414798
27.215795025396993 19.519877681792732
2.6128673743544004 1.333696396992214
5.9763390115810697 8.5586210318870268
27.833655290488647 2.5018102589643831
6.6421861025759181 18.176567344669358
21.916001553270409 21.969756097720904
27.89319515838919 17.228448000541469
23.897622350781162 22.808213980933708
24.198592490584446 2.3239284448224731
2.7113413258421559 13.201751069795479
19.84540068791209 18.849715531994285
17.216551724655758 17.525215517163705
3.7541329282527278 16.023201097729839
23.620124574381169 20.283188620321219
12.87233125206145 30.285344981991912
9.1430567068213193 18.747137652923659
15.968038251957342 19.858121157731883
24.797363511356711 15.15102002513175
3.089708693249289 24.509909841183465
22.911113304135252 10.006127450425721
17.472050926806805 9.6496650311746635
29.013693542372916 20.574131678169529
5.1288138262726903 22.676977644623765
29.55460927526553 22.985189041715245
12.814466035365694 2.7844354677300127
25.229586004484798 25.715548228132214
18.325804619353836 0.99750400557084262
21.805763609096811 3.6125854552901577
12.966119016568944 1.8218739261946615
5.2446219270095957 3.0736124792663118
6.1264968330485834 3.8580830989704289
7.6689691508799553 28.165823200195419
30.958017009776306 24.315403171782702
9.448449868075576 22.241550347093405
14.352240687007287 27.810689496920855
19.624163918753197 26.81023767221696
30.757018155259949 26.397554651852928
11.027290127266932 29.191195428936403
1.017571116148404 24.471440472100163
12.80696135283817 19.72439080786237
21.105212287450193 23.647437882344747
27.492358024707439 6.3008862275852948
30.702939934450107 19.812871251574585
9.0822647039070645 15.51347060607263
19.386911976562828 25.622287029773947
11.094254539444989 23.48863747868749
6.9977326160091975 23.263262575420683
1.9188666669727625 12.82570325655543
12.91528759984838 27.871797770050819
0.0094896620831264582 27.774156126849473
4.3564988293062283 11.424139708912056
0.17100968969174826 26.747875875606024
15.69693710096675 18.107388621613303
25.344509906785607 21.665510911655865
24.447083200148995 16.023682531184289
4.0444554950033886 26.154365541189907
7.6687993133459313 23.795732952908551
0.88234535491028865 11.132284933525058
26.95858766277383 3.8417434184985515
13.264708579086598 20.704358121972888
8.1487730651346606 11.291725516739193
2.0550483257653149 24.165253681561676
25.364910311566341 0.81469370320412027
17.03736451551713 11.803932057827739
29.668061608231106 13.900710874480938
11.339181641901474 16.43974544557129
20.045348348145524 23.672932958488452
27.944681145924662 3.5572920901586991
1.5860530083285713 18.17028310968659
18.810476059111053 21.006364425909034
18.674333336021409 24.312293957461556
1.7670561696204099 26.515645017282534
19.195521210932707 17.870490889959353
25.846674674237381 17.559757831281939
6.7860500924476099 9.05747912905567
2.7444448064286129 5.0436165247775664
23.831738907903699 3.8832126842797283
10.256495191331961 7.3581743943253892
17.073076037456978 10.561616060756124
14.579616890154909 25.52695997177694
0.056689726758775968 8.2866405570835262
31.488600454638636 7.2088101325860565
19.457626681268156 6.5034426360726654
17.560222360334105 13.539803659668895
27.787995370007902 10.339213653684407
18.294258065824369 22.685733713771388
21.880836695900022 22.861825838964126
0.38902193205569857 30.018277567053737
7.9627897984131124 18.056134656684886
30.366895653157485 16.621746656774945
7.279585494819214 19.811452222622865
27.927728012321701 18.892036031864603
5.0111101354726877 23.896755677852454
1.2031664334558712 15.884748163468471
15.072056216742711 19.574035537725031
29.321279946766694 6.0808941169860002
12.301632228102209 10.460840876160269
30.79377600731577 6.0822452686688697
23.18145768396845 11.795919957992734
11.717971201052833 14.936014760873805
11.97414976398381 1.8533173508391214
16.573042009812564 1.9984804423306317
6.0077334614074775 14.773757286618498
18.163622030597395 8.1800087432507915
23.751771651125232 10.985709632291412
23.208646310850732 1.7371892579789756
23.861693240307776 9.8805637237485477
5.1185742277679935 26.778285532230989
12.861681049246597 22.370110152908875
1.4879479839467371 5.5223188004544994
17.784468133212499 5.4741345076371752
22.925980518544982 8.6517238318596696
29.861789177592375 18.456690441632055
13.044709877811453 25.832711467386019
1.0412273664443945 23.545197269560912
5.9561876861611607 20.554377871592486
3.0245752274783886 21.372006072041987
8.0200776473876676 1.4218074836893135
1.8831432632333858 20.551459134084318
6.0907741883397852 23.887945319562242
29.382354256558994 7.2531575719185319
12.214704611324274 20.5483105262295
15.270142062746402 0.025315896280627245
12.051658756069568 19.195563809805051
1.4581456709590916 14.749352183938296
23.682550196582742 27.972154894921815
30.224229044080392 6.7166926611481834
13.492653594461814 6.9343236239580062
16.10210213176402 22.476619111303748
3.9929346555714553 20.10435198565138
29.020662151216158 24.194069677047299
13.313280180422773 9.0807915937736592
24.905196677366447 2.907133774958953
15.801435811602502 28.649408844878852
2.2449187750884612 17.282835843415917
28.217966750167676 23.688021056767287
0.064491100963361622 19.454701182735761
27.434945873501277 30.147906581912896
8.5397820182512483 30.338333896413566
31.621572799324216 4.5960774330980021
10.51068539118134 6.5062464422413422
8.7377255014166195 10.308498787288952
29.525106822076687 11.277404469461839
24.754004706599193 18.888547918918963
29.141042887575043 21.757849138452102
23.99475473142326 17.306733031318426
2.6642329351806513 27.211105870215523
13.990014891388435 26.284309357646766
20.803241738877482 29.880936605110353
2.909218147637926 16.384455132206359
0.11585863721200006 29.168860003930337
23.364953245338732 25.468615136669818
31.589778766328909 2.5233462837557341
17.867846605845948 23.573985641675783
25.858828651712763 2.4081598371451554
26.609648558087638 30.600401621393303
25.767206472797824 28.734813058794856
5.0786911167799706 5.2684186919870983
19.298653611419549 1.0665785427130932
20.543565803038774 5.7924221011703585
21.723197544201593 2.4966495994005462
27.641155737772294 20.470714429794388
4.4430848192660859 18.022827646800749
5.23077541612661 1.7375347229343352
9.0136910671466897 16.575595171577692
17.815917564144964 19.15765727506145
28.034096028436991 8.653680871800729
17.378234476108911 0.66705475399176761
25.910453614301378 3.4369385184329406
30.212469510695435 10.164334624319064
6.2084375869363475 16.377806785022589
5.5546035095616695 11.772116400706521
22.634653651203603 10.887000711729277
7.6608224994040883 14.555945108006906
24.166555863916265 30.996478790649057
17.810981280497991 14.435240591590119
27.342808453090569 17.970917899122416
25.864213911700276 22.572039613768819
21.538035878021287 13.87343098103705
11.784799081356983 22.522803197213939
10.831300420624745 0.35911401551807165
10.005750518109551 29.148860395621579
3.4220849961648874 4.2480122803534881
22.624124198980315 29.227043193469989
7.1499435930646742 4.0731351473736783
3.9968128540681476 14.220173307684149
3.9109366878244942 2.9892551245049845
22.216503933723978 9.2681489697441712
21.442124521606569 27.435554151998456
29.911143978173435 20.706162439004018
11.033405159600296 7.9426344427319489
22.686178568218228 13.884754265070482
26.88839500999228 2.8696463754139026
0.55477130296974486 31.075551917836325
18.011524551250691 31.508646215752673
20.268761023637303 17.955493381603937
28.594105312370008 25.054852605105925
26.772211765122606 1.8634105152797809
31.609631958272416 10.988272686327075
12.135076109700673 4.5024517561110233
19.647399050384163 7.6667871228479116
30.478390726219157 23.256405259422639
30.515194301755898 11.120769790217691
26.441966608670842 24.405736126061257
13.918729513949588 14.215050368425265
27.318335718219799 22.934368512490831
2.7700350106726948 11.922376601441377
10.053418625242813 15.584997487489055
27.692978706598897 25.037657307404718
8.0213806444663955 6.311995235177819
10.773839713825366 27.518006018460405
4.3539638783977042 25.270379641600968
1.958450805839679 2.2974496916754896
4.6026740141932221 12.323026349694446
29.065548104387069 8.8452805059248014
13.536732101143913 27.16806736163829
16.581797070253938 5.1790103248960779
28.580055749727073 0.43860149709319918
31.286285615083983 3.4082944376032884
29.712939877388891 4.1489611560818345
16.956319091008716 26.581095642056756
25.157029939942408 12.597510927423583
2.1680503150688821 15.835855300672671
16.357740706933065 17.341584746980242
28.28628406668922 27.475977199253052
21.191162817396812 31.240162964677527
5.2262943314638068 25.860842888591332
26.404566035219482 9.6603240357017892
24.871246343823927 27.034799877613231
18.297549456027724 6.3393393428628597
21.932690856357869 14.812765719184526
1.8123826082477101 8.7171205316183524
19.039282730477399 5.6305590197298097
21.980427015323979 19.66673192389112
29.609249510189766 1.8186491259894939
11.411703411734072 18.312611948442616
16.973257432429822 30.138944697164238
12.744241541897754 17.505166019023914
3.560483504012419 11.044686247914115
4.6641967896876873 15.361708227944945
12.62018865345274 26.704732467266155
11.136556125726509 24.521334022666657
14.332404378032097 12.990286935714618
2.4024002727762528 23.315357201090048
18.9079168387197 16.126604082802864
18.7159989660497 3.3117854969301832
30.651741805371223 0.41414057585814518
31.362324285734271 14.598076839687414
4.8011413455272969 16.423295631912815
22.019696112371072 1.3630106952617691
5.8359871853324048 5.7920495747400338
12.742539382352888 3.6174538740021784
26.900647636591245 28.627125711411804
19.061187709003306 23.434282070921906
11.102992483703941 31.119457183918673
21.162086054817859 12.566323248206995
21.896511577771093 15.789121810386803
5.9561259711371504 22.924079038248099
0.42949170049523377 5.4651029998806973
6.0327923587930359 10.048394569064971
20.740544494285139 13.42914447057221
19.331933857963751 30.829258747951371
8.9869616233490568 14.476975768543356
29.983993674885685 21.912077158808092
30.396850191110673 14.547298038130624
13.667022492182682 0.91897934221234578
3.5930578508195623 0.72546829585764006
20.740383799922096 0.82337097301754869
10.50700607145049 9.9106944924514515
6.9419939739727319 3.1235450255037387
20.108573741434729 19.768800879319077
25.606014325706628 16.191274913122776
26.773416703705465 10.616144868861339
3.9596276677451656 30.33963738142748
23.52336574817927 7.8358554893655166
15.872401447481613 10.402919604843008
17.608983637921689 27.374047521707929
11.598011986148684 3.5112532132775742
4.1328161227687952 28.379286230641611
18.283348484493377 12.787711965413381
22.586661637328053 21.232414011742652
27.826446162599524 29.305258804118818
9.9831847135578595 31.025949120029505
9.6084545881035339 25.617318883324106
26.500289558054956 20.195610487444956
30.731388409562037 21.133729092937994
22.707924962472468 20.212271075892701
18.885853432687991 21.969136774829042
5.4537686972824808 17.988273097849358
27.833158048484034 28.321388576155488
24.728395129196109 19.835625440071524
21.901928099547657 8.1457387234703482
25.001336130692248 16.890595494523993
15.118573731112992 11.776408875151885
27.085237004574637 8.4920625960117846
28.335372004091262 11.168341205544737
28.869207403093174 29.144703878557685
18.371625428534024 4.7285607629699609
14.946299108943226 5.5983044523568504
2.543181016196439 6.9319792341152908
21.369955095788018 6.9393522571939918
2.9121706360397797 14.117874316084114
15.730199033434941 4.5702618753038333
4.4406079357754296 6.1137192729403935
11.056276668274544 4.3561580274073135
25.414769845383933 7.2083246209138929
20.830304866490248 20.717126648397954
8.4833701605176852 8.2688681693897603
3.9618384436632947 21.076109291102394
18.82908389031514 18.859170015710955
4.8223570288297219 13.291080318964358
18.095431263582725 18.104807675262034
22.826495382657122 18.960955610046817
14.272783493666889 9.0794198088213491
3.4767839462013002 7.7095879990817018
5.9378432757306348 2.6513146320776175
0.37824443319527234 0.9166777560913224
4.1093025727684456 29.352263468991108
9.2535729143801575 6.5890962880317288
2.4967141031823785 18.409145301914403
26.585803076364652 17.2867979894461
15.126076321235434 20.800843307409249
14.215601044523298 11.849271538428923
24.215844392518864 20.992153672860539
13.092248121660607 31.346880397036305
27.197347221979076 21.291173119515424
17.192459664028281 20.609858035713888
25.8171516188916 19.641975402077087
27.723986311406584 26.30174493087565
4.5851549818447097 27.490833473239714
6.5067556763237073 30.931915621904043
15.960288455173984 16.038453621907848
8.4256343636700635 0.44206416340851379
14.33199764381266 20.511303809906629
5.1334285235886181 29.268270132065204
29.851982002199009 15.553457510923316
25.487217957578586 23.838001386088528
5.710844978188514 13.76298203502823
2.6611032924992912 8.2504493223895778
14.753417742769578 17.832937777663485
3.1172361307388492 29.04738293203895
13.089354220675547 4.6338631580387091
24.889578854474156 30.313854926673667
7.3078059514185938 11.189953339126019
23.799170840138423 8.974475521989822
12.139601554092422 30.995059125159187
13.885928508215285 30.243796622279522
21.725384942438332 10.076994148558777
4.2497324518573665 22.030214409199008
30.364051197181301 31.04244431827113
25.001790183325564 22.978956544624761
9.0782541503502046 1.2160018915721738
21.960037737805294 26.693994674495524
4.5786049694131847 10.133742612511842
26.131641103958039 11.28838047273921
1.8974239495571408 7.5566575590714384
19.054007112432902 0.08325839439386705
13.677854465585268 25.037769862459069
23.433415229375612 24.166985902313805
15.560134543820855 1.0058070185824348
5.5890970406895839 0.6921625997272105
24.476894224048294 22.008492913642872
9.9530948073028807 16.613400100661629
9.8071711041843255 13.5273238692728
23.420416320609412 21.586123076378701
13.858948085044998 3.1182702543142407
0.4784988673040626 25.881992260495551
6.3139149908481231 4.8717540293482973
3.436706684078767 6.6279757206312553
9.3097081825217565 3.8130138348943188
28.474216625014385 12.061785710579574
3.2471309908420922 17.363629407399234
26.686666910001829 15.055342505683685
10.670822922829188 5.5191202246133368
