29.76203496181547 30.552282418835119
6.0204227671972141 28.155945517040411
5.9685323477837224 4.7497650436942429
17.136693639158754 15.122370939751004
4.2871973908382257 1.1953828904523391
2.0333693773804411 3.9545090715612092
25.028069689150428 10.176439384589008
13.74581281767948 4.1292986563099801
30.369055516989324 14.731790868918258
24.804991368617422 31.384983649356958
18.101767123069123 4.3920161150039192
19.611671745943234 19.920675382246586
2.8414237613457605 22.694372151542378
7.1874574588482041 21.109050170593864
19.060342171484777 7.9552336645149531
30.53882127348967 26.135907845373389
11.730764915289564 0.90440811641002283
19.869560302675797 17.63640376972473
23.771449311179573 3.8488048657684053
0.10084164214984283 3.0365429130707495
28.84073377583449 11.793650650678096
17.676784118289159 10.890392734594544
16.915896225472483 22.886675884887008
12.271740697545599 6.4983656246707042
16.277617755348736 2.2536164798823899
1.1479755775148859 6.0587730575857908
2.1783480721056319 27.573221255996366
18.574782892440915 2.4758917648483196
28.214819151442022 21.517387107087945
12.81964421949168 18.845196777507827
22.186991667373697 10.763832650340801
20.584580804947691 16.755713001973874
22.068941390642259 18.38741227375672
25.876637124823553 27.785551696802781
25.282654235170376 5.6691995487614353
9.2189666430035633 3.4518082860073727
23.087817360026026 2.365112161949996
5.5170574163996831 12.225916860296518
12.044522550390194 25.446013758724906
21.031656507308107 30.854058282031318
10.044283066948376 3.9665568637528938
24.068178262553467 13.634033870205684
1.5236776499308344 17.178463892680433
26.925023028426594 15.232112974967833
19.014136281410789 11.93651937152811
15.687556869612685 20.949989079601668
11.679577298576442 13.986260159994917
27.213864282954269 17.071105934817691
9.4287056578998065 25.273054583748788
11.837278844166844 3.6915775540095601
27.188566635639368 4.7878493988059185
15.208399471652854 7.5697127912973521
16.814836560394529 30.15469687046253
17.288204450218299 3.7665330292577441
25.816504682892891 3.9474048070068046
27.419712186118126 5.85538848931039
22.903867683711212 27.347178705955272
5.223759761894966 17.025899163134603
26.989493351556984 9.951956832274325
31.035281827858881 27.73050633633153
13.848470275288673 25.966714587275487
29.413685261194875 6.8807539148579213
9.7947724754310865 13.362222464820768
16.996236119112723 19.357463540388061
22.079092569466734 20.53929894407284
30.267934012015413 19.689113467186647
25.810956768429122 26.592358837893013
7.7203672729851167 11.654678996324186
10.118255679089758 20.694489624908829
29.414698259411193 16.288722464872478
10.590446634191473 11.325712447270185
0.50239681993936125 14.77933814598447
31.13535213889017 1.088638610907305
21.007346168936881 11.06147139402653
19.736079566826287 11.074791417261968
4.9431294826855936 22.575420936021317
26.466643796148588 22.678503731550709
6.6419501853796303 9.0265032908238414
28.569325606078646 19.268440823422988
30.538976069277403 22.31135445607632
7.1734438923664472 1.2964713587913927
8.4146376708419268 28.217568608420248
2.5184070388703557 7.7187733185931409
15.064830367506858 16.114339485734586
23.131099022191538 30.226275639476412
19.406305239106938 22.471750302339903
2.5311664130498954 25.877931528271066
19.023899980584652 0.48864393763390024
22.796326156933606 6.1341233136068709
26.364904059194412 29.562314244230603
19.823394808082345 0.98077763666102935
11.579962201914752 4.9548815599395946
15.38774374401164 12.651086833563557
22.664751397398717 22.044961285446099
18.469720868993896 3.4443854793765545
22.544188466374987 5.1786772971288491
6.1086969859085656 11.310910894885048
25.337413444197214 25.59949562871779
1.1193561958834597 7.1480844261336136
23.604147991816347 0.51635968134495491
27.586473617389842 29.627768122290544
29.315972668487884 26.884746519745661
22.706164966783238 24.471664350004907
7.0076700653382309 10.658216127459729
28.593489070926232 6.4466543255848059
8.7417051471222482 29.109172513206008
9.4762524708866049 28.193422692984619
13.137970985184108 13.14154754469617
18.207058210943924 21.861900296422832
23.678553875675352 6.8939022010242326
22.26060664720432 15.79520337697654
1.9263349845190769 21.167575817214313
12.057559495825716 10.60025502058097
28.190859271459697 8.7557135325215167
5.9989046486575006 7.2078594332598023
14.396691210369962 24.140814655850576
15.173440351034339 6.5343912421846095
0.28341496946049988 6.2958185202827792
23.565702858942167 24.999764350484153
15.469308430638296 9.8705075498642927
24.060411513608564 30.874317061180804
29.065282010787875 2.3141071354611449
11.457970250748465 8.2900887521634541
8.0771862232567688 9.1985820267809171
10.562032356412532 5.2317329613995209
4.5746416126881222 11.874098429948919
17.067170732747584 0.64763112405343526
6.697781670028542 29.617490929731041
5.0096237855109864 4.4174737252717851
0.40174743540900071 15.920397238063071
30.512331054766001 3.1542027055673749
4.5394912728022661 26.148654780054962
13.124806462249555 10.4495596948735
3.7741099797249196 2.938280236964081
12.187362390779979 13.267549431002085
15.118903098414474 13.683048002961909
5.113708282046888 7.0957969111275832
21.545676329948979 12.668742964326739
1.7702802070979242 23.890197619802493
23.568611362049488 28.313193166161973
5.1641912033634867 15.737157504146744
20.448151617486186 1.7233204852474813
13.477942955831338 15.064941180337415
9.1701229748419788 20.017924091851711
11.216799411526733 10.120522956798364
6.7854895686459145 25.571454556823404
17.595982458407043 31.070530033227051
17.644115497455921 26.063223411140577
6.0663566722736215 23.798189018291744
21.753642461287864 1.6331768955959536
5.9273530478624288 29.179546172730252
17.714956920079661 5.2480992045130268
10.330464253784356 25.551144062044351
5.5333437461282431 19.251166595627868
31.610026188902932 11.630838018045623
16.638500999252354 31.263340393364544
23.748082417233967 23.979838002949432
12.423939684272042 8.8010616658232905
7.9781986657042152 10.663828798259695
13.648913533903768 29.368959227556772
4.0260091546224075 14.308772214595104
1.1992689230544165 3.5119473255610489
3.7289105788381258 11.253089010090347
11.041406214045521 0.34123579602398457
0.15433222859771659 7.4591618997444282
17.139620589021064 22.096178425530397
13.695225021176544 21.235416930530867
23.21274270133544 17.264540000315343
14.896013762346179 29.524533153015259
19.259744701320919 4.1667721824222603
6.5630854328582915 15.74114320749344
15.74615600109972 23.746562939680704
3.3483264531213566 7.1608087421843054
30.858109114105712 31.554977494379258
28.398122684733259 14.112833715650099
10.765958107583899 13.548030683880951
22.738803771503051 25.792319359244644
27.737142661382816 27.106518613793082
22.016406159922461 9.8060457742848044
21.695048076265564 28.659223820953908
4.0180862108719095 30.413080564307734
11.87137776430858 20.908462788313937
4.6704741937214616 9.2335213984279569
15.378444137909062 14.775581090198063
10.196350492188479 15.449155812638727
2.8568027153326656 4.9950634741234596
24.388241884232329 29.986806298875479
11.387028798395125 27.116328280937317
20.661349604326936 14.373222260670232
31.594358258143668 8.3927726887507745
23.65336118960208 10.444424152125777
12.091371789813147 7.5931353327660505
25.643916315833035 15.512080947724183
16.019561280591841 13.601924952332912
16.229131743425292 26.580983854562479
14.228650952494185 12.055816355856521
18.18270199850317 8.9092749215942959
9.9525881782322649 19.539624579615904
13.543803536299226 2.6418608923197917
10.218862342224119 0.93898178670428833
28.853162472005746 30.064396697373937
15.918593163523902 30.318417706046084
7.3177738723183055 6.6306376044165445
0.79914190824902853 12.395869259048766
28.916364619202486 15.270904232869327
7.9229324024989358 30.582631585369345
18.931937231488231 1.582868149731796
31.073644354825763 5.933895253080065
0.2261575725230186 0.20914648678254935
12.84178771452175 30.075993395077585
27.137033568268649 26.198947955716502
4.9430617864999453 6.0944198272316736
6.2601026322707707 31.124498133961158
17.039330542869376 20.338083778363508
4.4526773731132092 5.0961215369161046
11.784431803589127 17.831361762373945
10.599848512842181 3.0805355498344968
18.140121165090168 14.097322726130804
23.008181371304769 21.210581490586197
29.706846812906939 25.754680836591792
10.494531761210006 6.190419322231997
26.465470677772661 10.929926347012202
22.961125552566752 20.14195664147401
30.473913252348957 30.035098617818587
18.740540122680386 27.877175328001893
22.782541438341834 14.915780581851186
20.494598311729415 0.20578682161107892
13.183942186928002 12.229182516244864
10.139568042872948 30.602345822663771
7.5161851864023177 15.46137475791318
9.0794224030874346 27.261783771557095
30.971005810435123 23.52734176431294
22.942448780586268 8.8890234384235125
0.73536126117604472 28.971552790350806
24.521369163741575 14.521267612740061
8.3834448685264 2.9926091654947897
15.191473100533734 11.692100318920495
3.5549343507914499 0.7455862464779105
22.511396229910336 29.482840106198335
11.397092087402791 1.7788231780163313
16.44662585513235 27.800631415834193
24.948706855660181 22.440508738490728
18.101291278323501 20.028659772407817
21.855243065307597 23.765938699944101
11.304895200204072 30.98942008236747
26.624283338033344 6.633811036766005
13.136585619114779 7.0291698244480525
21.783130279104942 16.679081294132526
7.9455558154150934 24.846140212181904
23.189880205072473 13.818629399552588
29.280175933234336 21.257529406354248
27.841928226577924 9.8887497600911036
29.512884031421581 3.2337923826890211
15.744569006452647 18.196959275909862
15.320188014210894 2.139977165987788
26.073324629176508 9.8301593046900191
21.738732968209504 21.425461144746375
10.307038006063957 14.428003672967645
17.55093118089022 6.6481481001329286
5.8957242479814482 15.01453331562484
29.989187122877592 15.589157238625672
26.344592452470472 25.672467865652131
28.8285590513958 24.553286138398779
18.068593082393324 19.107193611832916
25.113455445466322 13.297767288182802
5.9200210850395534 17.800410380256071
23.697559830682263 5.6499057134010346
6.622654462661111 13.70504905326095
1.0065820749512808 21.314668097237817
17.268986457307562 29.418043018371293
12.233120861323012 29.290739636636957
25.419504374830591 30.548440936224381
27.941578981421276 0.14085524722125095
10.556496493575274 17.429276381803621
31.546752750390489 18.54384818299722
25.593633683072753 10.997413973484324
17.941799431808874 28.749387461646801
21.099554799051074 18.46658818190333
28.341864958455432 27.896628537370713
13.460898823499997 9.6533158276889601
23.936046094075405 21.127871968140656
17.438500822213271 28.008448740510939
19.824697816001226 29.393545095722033
25.525165751832724 17.029227492496069
20.230566795176962 23.072265633814798
18.101470395926121 15.069428227747686
28.029255344421166 12.049760875386287
2.9747694021744344 6.1670405687600498
18.491679029714152 24.081622573356452
0.85423800298563834 24.012860715924162
27.597551099934783 20.095760907261685
4.2252584920877858 28.058349297070482
30.759336447767815 21.282465316943025
4.3366055348761137 12.839779183222465
12.999086899432694 14.183297537517463
1.3456148176863334 0.83662731516975442
2.6010030565964279 10.805738698619123
22.672348959960757 28.487316903897479
5.1174637602182989 30.752397018245219
5.6915217537553575 0.28084742516985478
19.055091732692265 19.216509683809146
19.162455860366673 14.886539572027813
28.588385325731455 22.373503085984833
22.894981743041733 11.227348275978869
28.870672027154672 29.112227251037272
23.971884448740589 20.077811729259469
3.3066854063350566 29.683844222309226
19.329824790172506 14.029471485207443
18.591592585166055 29.561990051043004
22.621119225405383 7.0565566718469181
23.624758279189482 14.924522562474717
12.2468632943863 22.599752566841136
7.251836663705701 9.7146234245209886
12.33572700994706 14.846375600673545
8.4190265552403467 15.131618982482408
24.492388962311992 0.70412313670729043
14.362636786793315 2.0909362957000552
26.320707406109385 23.706200569590163
17.751855579508241 12.712738982063572
16.058325954615654 20.039265605290534
25.452400785825251 19.322480365956483
6.5999615470010902 19.581259419587177
26.761283243439976 30.378430465083841
22.790754555302449 1.3883747229426922
18.410138403409835 17.092606592614963
25.004150362599795 24.248274389253361
29.819578841213222 12.208249869871896
13.446806926524069 26.889213257510168
1.4648403704546533 2.6159025844883348
19.569978768519608 3.2102519289864775
21.086260830418443 22.981730096062392
31.334457616176724 26.769350868573564
15.507887893707286 27.338109967768599
7.9481107001631131 29.680974391862474
7.4383703186914447 28.88535878804284
0.48094360132694874 2.2317849117668773
14.68648866067452 25.345988472435643
2.3207895946833599 20.314298454861948
9.5072193059148358 24.297697974440439
27.066850170754975 2.1660501065600815
7.463609908835835 8.3501570154406153
16.677382764254336 23.914200193905497
7.5753296592837396 3.4982092940713354
4.2282679175713209 17.969897815180861
10.132675175061504 31.454979758760455
29.787947717160229 9.125395260750695
5.740087363534891 9.4743557829156906
30.222563589391932 24.833847953327382
20.621555948677912 3.3042452333112835
29.399926022275753 1.3869349615072244
23.630340300004164 26.100358207380257
11.436420171758641 11.386920182639972
15.395336921234662 17.276996067127381
2.4733761437957948 2.7428916350419921
25.390438586625336 9.1264764075852085
16.250828010687343 24.950556186342119
11.788296401907596 30.28483218181249
19.169352446174265 21.42301221756756
16.615716373331583 21.300715831836339
0.86457789586745171 31.319036489868321
12.836430908778809 17.684920070452456
31.333142238257835 17.582422768131575
10.477047185760496 1.8092658183350465
5.6108883947070609 14.034794116791515
26.631258988775922 27.119493315146457
15.819620780614233 22.796101469125073
25.6604764602024 6.6374603606922822
27.246580891198111 21.05296145653195
15.893345014775207 0.038971906285379505
2.1024608596227643 5.910430498290701
17.935595626062163 11.879424585776212
24.889469593501882 3.0571697408783236
20.294121998368094 11.816489921582464
23.046561601412325 9.8237841567351651
9.3734666766825079 22.147245207579413
2.2187509170739936 19.016018926435862
8.2487641407042922 17.245168248696938
14.443398516608623 27.217117534577877
16.505946743423188 8.373145212792787
30.979177897000163 7.1041373142837418
11.38940229140014 16.849224500461844
29.745881130945079 24.179141111424091
19.846935563126884 31.223787403986844
10.754237341534392 18.301739158206075
1.2267980914235175 11.443357614145654
11.654680632543545 19.769387304654067
13.240632698769536 16.01544888565374
26.087102703539145 4.7577818549978437
8.2652003724936005 7.4145844636338261
19.323847477264191 16.887855567933915
29.251835220461349 20.040994523620942
30.22226925387011 17.776741719548404
22.777648676699879 3.4239707158509329
11.16900016485269 23.602749132065831
6.1555633598172736 21.036454964371206
16.25821242402278 12.250022628832253
31.262973528722195 24.255715040822135
25.039518263573829 11.933049875063295
19.41100206816445 26.967032337204753
14.553377790409732 10.6675547169156
22.438530981823707 0.56960725459171624
2.6110860655041455 14.84275815718205
13.715030895262927 19.274863196298789
12.935620438603323 20.675402969444015
1.3347633529575857 18.609946545726974
6.2096305357084827 1.3416831025236176
6.7312366189211739 17.135739897379448
2.9785405355587167 9.8854608324779782
9.4380141579143011 17.608693089854036
4.9773175472233886 28.907893091144306
14.303966038359549 15.759823647468762
1.8136602589130695 12.319235708612471
1.4287551869623951 15.105153559147018
1.8609020362398501 4.8429980356214433
30.160841289827356 7.5990841702304532
22.818077910954354 23.420298845930027
2.5926423012892559 28.758650381902669
21.008017828922412 15.898637904935484
12.913658279864455 3.4146489964153912
4.6547425078539213 19.319986404972614
25.831406474920442 24.606318277963272
25.116060834972146 21.455923338558751
18.54072628109866 7.0696790576864501
13.045592014015948 30.919630748797438
16.099496910830307 16.694211681797274
30.175916814118779 27.105595046633603
4.9179538372271727 13.44984948048956
4.817917536803737 2.2262741158414077
5.8788495550870676 24.662124473316574
14.301483567400176 12.962186810924926
6.8132908400190457 0.39322025610196271
20.06102535311571 13.503938080563032
9.0992860092777477 30.192172877648513
11.231746221098334 14.880068309833456
9.7013419734812629 4.9046308351581622
9.3506112092788829 26.334810064863312
21.00403995175493 21.933949046956929
12.795805758469747 0.53471923246366559
27.710235807923382 7.784937031769009
12.450424464977061 2.5149586298493909
24.976259728577329 27.12798517425858
29.968151042897187 5.3688098496494856
31.264226360532366 15.104452006918319
14.13101339134869 6.9372051059955879
8.7809119806633653 11.401653770181088
9.5936757274249889 11.737453408284802
17.236158118728028 13.942494659493805
8.2919976297139897 26.6491257456745
24.462578573001458 25.053006883121899
22.387591384378414 13.350403848851792
28.161114054096902 4.168090575824241
27.274437191887454 23.741461931580083
6.8462942616751565 14.577237119970187
29.322277255410359 14.428001578441776
1.2670215714901241 27.818267030129558
3.9557584112286182 22.287757271379828
3.8095248716852708 9.2714771575469328
4.5380335575403281 7.905426282307233
10.814878593637378 19.280265694856169
10.927670745034209 20.50116022179774
9.3853571722384892 16.731697718983973
24.89091805666056 20.587888228744315
12.698098266237794 11.430312833857895
16.865400599466881 11.678061026629992
15.110928314971947 30.650771930089586
24.148659172571236 18.443290398677338
8.2020724015478894 0.50777951807892263
21.054942507965666 27.725864895941914
20.590551236832138 26.84050119023297
7.2915396116178561 17.860831131093374
21.743002525756971 3.5212004082982911
24.635398842034125 2.0278900629579826
26.478208761669286 3.1636535960930536
0.2215782489573109 25.939555375536802
20.255917279979105 25.281766744260697
0.14077014580947203 28.251114055134593
30.718893412762419 4.7466624959172297
24.385747569486412 12.620694152349287
29.090389829616946 10.369942258753285
2.8856930774569349 3.5266652686479141
2.5082273436506046 11.628555801685817
28.250090204537152 1.1052847217965187
4.0586823524828182 31.320810998102463
2.9031808718983894 8.7129142446413343
5.7771249950069983 20.268815055106423
11.257308471974138 22.6584482572183
9.1899912654985254 0.27721042964837134
3.0458229715883673 24.811411698955968
11.521660688497125 5.9875027995697012
5.564088651358559 30.152938376991898
3.3968374831340822 21.497466914478863
7.8453779559102932 13.350970221531439
24.808843211451059 4.9735910725724137
9.2552092890031155 15.65720389517157
1.2371041284596154 8.0680270471237492
24.747155283525945 15.535818173721148
4.1783978932872436 3.8160803570898447
26.798880615366482 12.059403635738546
23.339444865588518 12.664779042894487
29.10303363753809 12.941000241501477
1.1285806748166736 22.320202449467892
27.102491507823299 16.185326763918759
17.215056261124186 8.9684553407407055
8.3967240418213365 18.11014429123469
3.443305306005656 4.4197275786989785
10.999661888918673 4.1644521292259125
2.6863436452957683 14.013061043439365
8.6523443494435757 9.9809542621374305
0.62998192808820896 27.226728201188646
14.742620024648563 18.950547203910485
9.2826845658109161 7.0649383266690133
3.0958389514169897 18.062560361396947
7.9253484922604667 4.4522231720764118
6.7210117218487975 2.4458818852329718
4.8468854604962672 23.492216963344049
15.307278490782117 28.205214510606812
7.8102760088856167 14.307609683562664
21.612094341562013 11.706591781976648
30.751513812053663 13.839116633604091
16.504015158697236 10.775949557246635
2.413328356175628 16.78313340846482
29.888238351297055 4.1584264444428021
12.879807318650496 25.914536294161284
23.882592154375377 2.9039529513059317
30.549698350891575 18.634518583009456
31.19116008056589 30.70952393895044
17.885911283765946 16.157079926224323
27.289110432681397 12.855857775191257
19.309834034076445 30.316784311846977
15.46050360516664 1.0856831717906588
8.3258411007079758 20.479105827429631
6.2935285572207098 22.065712603205274
31.208900247779415 19.648485992004968
12.277974809498934 9.5730480358187577
30.727215626768135 10.671294688811086
22.01778807427231 22.652045765989833
28.888015727216541 25.502484921238686
12.063779095139683 28.223350985531795
27.735322626642265 6.8049106907090371
11.915702073088244 24.277896646998506
1.2979821711655681 16.189025251438611
3.5586094293212365 13.51748864872229
5.3191566043142426 25.40585395047512
2.243857377367485 15.755436953943455
13.528676888567134 22.905097669138762
31.437977145155447 20.519771231696769
8.8839745953152676 31.038975070832805
23.996300520284432 8.7803913101976043
3.5281012854587042 25.785732120211996
12.325930996071902 21.696264352630045
29.926221417564907 31.498193523750295
21.181820478612533 25.429428147644646
3.0211303276636183 31.479801468830548
0.50831567926006038 23.20184455631264
29.081810253121571 5.575310049179091
16.836384960864457 16.033203174787968
14.75027664664416 5.1230490532339541
29.100651922204261 23.122516769267076
2.790725751441673 1.8373830311578354
8.3586918307384988 22.374969799017578
1.8495078800207161 13.311637632656764
30.945067520722262 16.095628316480134
22.184255587977837 17.401055480274398
1.0744982179879836 9.7648495075221451
5.3332067562675602 21.706941483321554
23.15730388853887 31.321382452879586
23.746111758694774 4.7635436487345855
17.74059921977312 21.058876797496726
19.833343110908629 16.003904709082988
8.1687665272367376 1.4515145166502239
28.369128618085682 23.760303128315901
23.648610533753345 29.346980832266436
21.05556844009195 29.32488784167035
27.937872743133219 30.493349577412747
1.5601781549771214 10.630238309219711
28.142723020289825 2.0057149152936664
20.142035896418346 21.773377821100343
15.668396948199494 5.8259363013681664
0.030534452370179106 13.873883171026176
17.390342357791344 24.497131841650198
14.74533160725119 23.325516740744483
5.3121717301842102 1.3683543990210185
13.503681616693308 1.5249860410323091
7.2138540624271705 20.219201802117297
0.68929157754179382 8.9627511219907934
18.822012826108288 15.880229073859603
15.130159786695401 19.726458395221307
16.921079843597902 25.561919844784171
29.048039771596439 4.4633079733348593
29.420135902859489 17.157355704454957
23.034926482126419 16.287422327827585
15.175610266349713 3.0898903664224049
11.264117028280165 15.833052526428112
30.582546255401596 12.808287529087465
27.739829872480424 24.745713632416852
8.8535036340839159 18.957007167250534
13.910047244537301 20.090338050312468
3.2615308502811224 16.073507042707146
20.403663109778467 28.554039199625663
15.628824319616921 10.956076694098755
27.232122837167971 8.8098134066971348
16.034113433385379 18.953522533990029
3.3738256316079509 17.101077512544357
5.1073354860263649 11.069720713317492
27.190706663302841 31.306836690106927
6.6753294977734061 3.5650228643919499
22.024069433734329 25.093360740964897
8.3372603074221114 23.252728465083308
21.398868963668075 19.649798854360686
13.99163404905215 13.871887246131513
12.715991040173822 27.564888694899491
14.725181705676938 21.643368083867987
8.2858191852239376 21.397383014356649
22.250865011156478 26.531514986245984
20.519179263822807 12.636959809698997
10.257754681445222 10.396840074651463
17.259809680162959 1.9355420993120009
4.0603992486301665 27.077931196165427
30.589093630821434 8.4110581081029245
30.15282001224119 2.1663956484300222
9.5352900396393547 8.0439380818734278
22.088920891508803 2.5361536369840763
18.101838554185758 27.197160015359866
4.7952590792047349 24.320662104117439
5.975407700414646 22.97129890842762
2.2334744297264222 29.787398039963691
11.486546936743114 2.7700905161096392
24.048944513309358 7.7661537002915564
1.7398398265913482 22.814761389700383
27.217913464003217 1.102536752597338
19.136355256336309 28.691946186717178
11.121088261050838 9.2136956848008964
23.487738183019154 22.758874996985309
21.735966970203613 6.099387059811467
0.82410334252727913 17.809220498555483
6.1783421742532676 8.1595254331721936
12.423722479397847 23.476676715154674
25.740073541263175 18.34738840924738
11.289941152428655 26.070967925969569
15.712283218805599 25.865427950053107
19.426784954684173 24.589699524690804
2.5710237346265443 0.95842360848551156
24.59403896687202 19.35681747012222
8.9705801735606308 2.1520981385626969
23.770502816082921 11.710730332276439
17.333630742375977 17.029151033139843
24.992675975995997 8.3062053549236623
24.46302260835348 27.833835600285322
1.6851272752396658 28.7663474553217
7.0444762056300299 26.964822615357374
26.338399531453724 21.009665345545962
13.657408017469512 8.7486587720255429
18.946340458028125 5.0688727268206373
0.54433047618490504 4.1121700090336661
1.1334158675958588 26.36054986422965
14.905672461753598 4.272834028447412
10.209673580136792 27.479721049883779
12.584759135374686 4.3559367207410515
25.362410626188876 1.4340146921585726
11.100898129084305 24.925515663826339
10.401165800708275 24.27039270350193
16.249277532362697 9.5891010354150872
20.988787396738271 17.589672467249798
17.161159517288592 18.409918673531354
18.227378150734467 9.9160652698871097
14.276722921688217 5.9404162827668605
28.157713036910316 17.982367321892021
17.98832420502325 1.3895932885601054
9.4212493253690983 23.194827365007534
18.043282263366336 30.294123192569231
14.86295975814094 26.396933908856091
26.109307061978182 16.237555755546897
15.79818560177775 29.247767775502798
8.5710196925786519 24.158411614271131
30.257007786220768 0.94601730918940907
3.7159833006251426 8.1635277845446836
27.622335307858801 2.9614210276757533
16.075543836025613 7.3438183575855476
15.87888244717365 15.59482099057559
20.099384648987808 9.110695027829097
27.372781908133998 11.182517785155762
18.27780390056537 6.0389864626550942
2.0843430491995094 24.871238880947395
13.701729897011621 24.906581976291299
3.6506003899983392 24.145475871670172
26.722894299795733 19.800861014785518
16.779381042547527 4.5363246432741464
18.539424303050108 13.243499140207064
30.17732764094059 6.3329026060749136
25.593161131436272 0.48173633568286417
28.776112504420066 31.125204625488891
21.237057040702336 13.607529808186179
24.423365370284323 6.2483336509823619
30.777081748882321 28.915695784649195
31.478594864469876 29.489958775715532
27.169150290866448 28.006013186856382
22.26710282317638 19.308960947591704
16.859640464370152 5.6341530812269287
6.9956681072089735 5.5653918699905951
31.127465935433854 25.262479232357581
24.109044813280509 17.263804034847833
30.074370573803339 28.202404178448372
28.211114913810096 13.156423941804768
6.909346962460706 28.194821065193487
1.4926394495326358 14.186887540269161
2.0072773831071742 26.623904278455942
2.4306876507671564 21.869546382366359
26.759608429985036 13.667636613221839
0.11239022139078347 21.613615889677437
17.765148861490509 23.403514923084835
13.258210940325664 5.9854269161636928
21.026150167410307 2.5256113322261222
6.8624864377875774 30.499447306518487
10.325389937716585 28.699853706860669
3.7959631005685623 5.6721903073083944
13.338066183663583 22.045554344847893
21.439782029893561 6.9465039465342011
4.4488930416873327 21.303209752841948
14.693841850236565 20.658122980046823
7.3329703386304121 22.066740712315699
8.0304677464705385 19.491002766184771
21.65786753087345 0.047546489212173478
26.387003497546537 8.7389511710958132
8.5826773821838724 8.3079757257827183
4.4904280948932538 29.579528390576648
1.6521145787307725 1.7208435030737459
28.289903213843122 17.031305003328388
13.615079480933636 4.9875445454753287
24.909110980096305 17.979240978404412
7.5297401232229149 26.041271310692292
28.272977114648317 16.169656488121728
22.266461209478983 30.875725152796221
14.761141708753925 8.7717420465907274
3.2004618787320136 26.780731649837193
26.836471575455711 24.817822958276736
16.385374287165618 1.1874572509914254
7.8050010819470073 27.580118675992274
13.56939658645336 16.905182517975721
21.71733722800947 30.052616746566834
14.575045413202487 18.057613332625355
7.1216895401694922 22.986631544934149
0.56562855768228359 24.891326333897382
5.6739747287515456 5.6204715798813485
23.006319088782625 7.9680284864180519
12.571156826917083 1.5969538858161327
16.86458420456572 13.05395522312714
6.3327382677269197 6.3311428907091525
16.528028910768199 6.5065376415479212
31.611016556671157 9.973156127449931
5.2942392008749586 8.451072195200819
28.44743934684816 20.529341978822419
11.866594306183144 18.711925030051141
12.231509096334054 26.709044894798708
11.116360767629596 21.655364674729487
26.367802646874924 5.6386226115732461
3.8641570918146391 10.425159677622252
30.125158516053162 20.677898803036644
21.144292145833866 24.296852262352598
31.143043716470736 3.8454568583518731
5.0583296073630111 18.246954505441728
31.491001510328839 22.536642871104686
24.722616164564801 16.580705013163595
29.675063970862727 22.03827354051737
25.379139776363491 29.616156068671376
29.760524440620149 29.260106180451139
5.9377892465285251 16.457901991938833
3.7565098422882599 23.214233666875543
4.8502945279334266 10.242827003587607
5.1896878901346035 26.812155701606571
20.146192115779641 5.1071127364933782
2.0829179150695816 6.9719027970043888
18.984709616700982 18.195268871573116
29.090771526022682 0.4483536599973828
7.6373598094363215 2.3224824959396204
26.086762946404669 31.153294610505181
21.931061678031217 27.569830650062162
28.21742920337072 10.816209558920443
9.2916273269038303 9.1512708542288745
14.485769386648121 14.712811170158789
1.4994834772854122 19.839238408375596
25.98367385107451 13.175454819593815
3.0676596177940394 27.799456140106507
18.782044141681084 31.155444286908047
12.604543810973208 19.846332334829036
21.168853659153545 0.9616621363458524
8.508623761960548 25.542235080506316
18.985770857728372 25.459283800292585
27.924155714273887 15.247814495320851
26.669279351540265 28.72179530631573
27.504910267669892 14.242408867764716
0.56845457483936868 19.218462947660207
21.475046253228577 15.102297073840017
19.989362655956096 7.9195745276771019
9.2915873638316064 1.2759113897900918
14.526510627588237 1.0253481563640292
21.10212891885115 10.084626967897938
19.339252926757435 5.8898818190541959
17.084607987547503 26.917644435103156
7.1072110637134838 7.5362960585892971
19.719574066123613 2.3266837129554925
15.91192875536516 4.9113854585633101
10.375455534289655 7.2783271137298167
20.51571087160287 19.414193070858435
14.952613720434364 0.011711723264207856
25.487896147322214 23.202549956963679
7.6046483544879422 31.474350700128003
8.7829740824107336 13.843864793250228
14.473984080984602 9.7404307073080325
0.35672188291625068 10.794892447253089
13.062058719712445 7.9919543671004876
26.559625717135059 18.909645766559308
1.9037939744805967 8.6553442016198581
0.76666472927366058 20.33412571251344
7.9662409300073653 5.5210235812237594
6.3758840275960438 18.592816867364739
17.584614492496648 2.800501510712706
4.3142060111018896 15.898829240343018
30.569287495703545 16.817196168769794
24.023858655227063 22.081325598020463
6.0001096774441578 26.049856779598226
24.289625937489717 9.5805974893648234
2.638048789073598 23.678062999057232
10.075883365778575 9.3563703468974158
3.7332640059761211 18.858317074366703
6.9136367171795579 4.6276117096589902
29.313780349708598 8.2702022877857235
10.334396173973552 16.431028661764604
20.976972465020189 20.615565895043918
27.102181965832678 3.8943533249400084
25.801866061605267 20.23922508718335
24.843744359152687 4.0373017332034147
20.307123438404325 4.2265624438569631
16.378893021460012 14.559037221152284
13.643420708971739 18.146254995176704
26.235346195527701 1.7549103749360957
12.266770161440819 15.79648652535451
21.337501233460472 26.375850565998974
17.145521754093462 7.5776651518437248
28.520702429728544 3.2706282539787135
15.615376029183636 8.6217559444159715
29.595036792073287 11.117669817719834
28.530632964350357 26.585530164249175
29.533768946499411 18.908941629356523
10.468519058306969 8.3022957542105793
30.621914882988765 11.580274859620564
25.910862702861785 12.164365806956539
25.715781535504998 2.6509817555081074
3.4523321493507901 12.186714061504436
8.7590665430817385 4.290913571641112
13.811876482156654 27.956024734478405
12.024709268356959 12.224519729542271
18.839714376034866 20.611067294298948
23.839864066835574 1.6029939388904517
16.481314430233194 28.750365810611765
3.9641913995446068 20.051724413475419
24.423880670315821 23.407271539238277
13.835824945986845 11.160779852286877
6.0722658893471086 10.272785842213318
18.010678404490999 0.37228404559058581
2.8007029075176884 12.834432913725248
7.4396695319899466 18.801400460839865
30.046238973896916 23.237080029514605
16.462896531313547 3.1440187444056678
20.581025464652274 5.8765554389070713
14.496454594870327 28.608462714730997
24.928262100078125 7.1804828357633896
9.7108997577485798 18.484903157104643
27.903701020028674 28.841004127151461
26.004153823657582 21.908096572673198
2.0762440651141607 9.6334748324796511
20.424711719843231 6.8020258900091068
20.966763376508876 8.9815689594596222
18.633664105471063 26.349631128013755
4.3226204030251107 16.918846937414187
2.2325802049722641 17.936334187545508
23.714367702896997 27.059559961969263
18.690358033913146 10.979302747635783
21.892869284090356 7.8422339131375249
12.521084512549612 5.3278802316535634
15.320380543280736 24.660200697823118
31.433190172248683 12.646366897940769
3.7212834601096652 2.0679428576892787
20.407323378574926 30.199180915262886
29.07587421037864 18.112434384410676
14.419546057197742 17.004763004803735
11.196256545407964 12.635589205805127
5.1583634534960829 27.785735654573788
9.6985915876609372 29.431388384763416
19.907832894073263 26.09122094129561
13.084208056409958 28.657783609790862
6.7971921908657587 11.899804380495755
27.170664732107817 18.148043999867106
27.668988904050401 22.902881026288579
20.153463889402396 10.187821929262894
17.190761817181503 9.9910415357395461
3.5779772095350837 15.146441260799621
14.016014276122242 31.140884729391921
14.27140756125463 3.3387223447396583
23.114343335053785 18.241777932748967
26.544057721577492 0.56929293789997304
22.631184405188996 4.3618109532989795
4.8189564983582995 0.23934583127875034
9.5480015248368879 6.2012703717843864
3.0014664564149367 19.438281096211377
3.2429715398290377 20.629533219458381
21.42662256240061 5.18710117160213
29.179848210676266 28.007629817881242
18.114600667121362 25.076525593018797
26.334776839719627 17.497781764720902
23.828576799271513 15.956071503149163
19.89010776611055 27.778180219858228
22.540394255190943 12.218819084030555
20.150137903698557 20.719821948561233
0.47843234385449507 1.2683060008242562
7.3474409079267309 23.783864535365151
28.164598284420162 5.2742625150223379
1.9766080195853966 0.11542037510061604
24.58418197548594 26.203557755569062
12.369305775428757 16.813584967082463
20.838435862358995 7.9021083458724197
0.00069208139654780858 5.0716555691678922
0.9548381167073724 5.0463211832096437
26.25430285352299 14.60305558960455
27.880295815860062 25.701959969006804
28.817885528876126 9.4197148339104952
5.88815890914635 2.4675574671494891
24.595564931657982 28.847952680172479
9.3997759438228687 10.552589400424132
4.9748644304092551 3.1448020232690115
23.349867562032308 19.167190752021419
27.759212206748575 19.029925802592938
5.7831567973354145 3.6548405728856292
21.895007793198054 8.7886754805137262
4.2513879629554978 25.11705004307327
27.261674118079206 22.049743932187539
26.744581816559133 7.6075626741416249
6.2153992345596603 27.055820248033275
29.734758510885737 13.582368166844443
20.292105508949859 24.122313949254732
4.8042094537836064 14.730833980895435
31.036448768887432 2.1244386984826953
19.332220774307238 12.697000341189657
25.418857254341749 14.304226557332777
30.127448684032885 9.9984175813828244
11.123484836053798 28.033472954462489
19.255430994744973 23.502478107828502
2.826325616685943 30.620967425622382
0.75985374679510753 13.3877326625297
7.0649734103307846 12.796969593902579
20.007483464027455 18.601926181801574
4.845898252218003 20.507128780724965
12.818671732000617 24.72345862038911
19.190168647211152 8.9530024911503236
8.40401255997166 16.290069956940076
10.304578597661747 12.372166498576291
9.3408825633630315 14.533525785551403
14.232591409074725 7.8585803262490179
9.1114513839718505 12.757638071575048
1.7330645782878329 30.810802715623698
16.656049479042313 17.624475201741113
13.410546283233817 23.776295799825316
4.1153115207337727 6.7343551278204812
7.4043886955134006 16.501078799072044
8.3261572553543743 6.4515203960307659
18.391439775762805 22.729768513251074
17.963230825978865 7.9584215183826554
10.710518917232747 29.904918505995159
15.842561750292644 3.8363694195828066
1.2438935738760408 29.893438481736109
19.493345281997193 6.8225871445235411
24.449172203062723 11.040825611424399
0.30795141852655766 16.869034989908464
10.345153934494597 26.590047502353567
12.221906555653108 31.441913463286244
15.791142665327225 21.996732913599164
14.116437645419575 30.16848367674206
14.540821619592101 22.464810411133978
20.172231720389593 15.103292747824339
1.377545542302147 25.372169038210316
10.247731386971831 23.074217251926065
8.276098449270302 12.444680685279428
21.376538544061706 4.3379272435630352
11.278554165638734 29.154975861509925
13.747378844867706 0.43298163470125928
10.310779423394804 21.906670350392709
5.945357711992 12.897462273131881
25.529081412859096 28.539027280583763
8.9294922032479089 5.4398062788591872
9.838636071018616 2.5508164320236193
18.066272796261774 17.996176750074174
25.847751457970872 7.8117410631711399
0.427274467168752 30.349339312377143
6.9471397521411431 24.627110805653444
3.6423485685850601 28.762997456226206
19.171014997270493 10.00889976425629
28.696869335694746 7.6681241549304913
9.3294575325017206 21.174327820984168
11.243733714049196 7.0839213644793908
31.005954677560023 9.3318238238341333
22.009428197736 14.297970099087296
