26.713603766458519 18.328968654048676
13.22339341665981 28.147870622517193
24.151885445733495 7.0125599731316326
25.048309759243065 29.519959198581077
18.956257729682882 15.359171919850532
13.201055168009125 3.0817240172663429
26.382995955954218 29.896923472716246
18.975938985068968 23.430767069619666
28.14382112137314 1.672380739298116
7.2696406619618692 6.5504612303679322
14.011405527512018 21.007899983361469
16.243473819354605 29.077282087613991
30.095297804400332 27.327316983369627
15.894125216303097 9.0447905532711772
14.798983713833204 25.994011564851103
4.970024337203597 21.656975658602491
25.828724237694402 28.251425015984349
5.2812045200070585 13.282602094900609
10.10328258359781 17.285320708311538
17.644120207139498 9.2964861102304113
15.091865040312918 30.875240504348223
14.274921760700343 30.542426895793149
0.84783534647625869 3.2657467795231705
17.118127414219785 31.467413562316349
10.312972084828766 23.753882850050022
16.972754363390198 28.225092378330146
23.86563566505788 22.180583187939597
15.145919282715537 18.784459226165474
23.890052992171917 29.262243372176957
16.57018757479976 8.2881329083383264
25.944238750260439 16.333332321936282
18.459965277347493 19.702587225060572
16.643335243115846 6.1739883128131607
20.516774741475931 18.003755241568005
29.611779469294884 31.033761620629523
3.8312222802380513 24.978089536310016
29.721353575299581 12.165693724511582
22.720602383221607 26.495074399956906
3.2792346624902535 12.908412129397272
20.937216731678131 7.9058934863583499
15.601469367622927 10.087644345428169
7.8260745801332678 23.038413024357393
23.96926977840991 13.065176719361022
0.086629301001067832 11.148247603592454
0.75950440890731308 11.663549089354929
21.602182270407077 13.723154524155285
14.964331852438713 6.4905762635591291
29.769723150681759 20.14340286217374
24.395423674299217 9.7279571695838047
2.2210391030256327 27.83346096527827
27.791235086649156 27.014518488605393
17.73551588238734 5.1120758077597124
28.908753232690653 4.9421057443688765
3.2125744661429856 19.885006065015226
30.609218788605745 6.6078334132458503
14.958597495420465 2.3204175347646827
23.938954119577833 24.69125914165685
26.010535291337931 1.4000798723960328
0.61499598801644473 15.031849801819385
26.213465089798522 9.3393218676094296
5.6261776314468968 14.356790484009993
15.563413606646746 20.421834060674009
1.5565447446736091 18.716044656484478
15.604014060071846 0.59673153571550974
5.4785719593103943 29.681376442828224
5.2386069769770822 1.9401592645779802
28.767621351939777 31.314846814792112
7.9612986444314489 20.908480089982074
22.232612619147229 11.675291366400605
24.347702313338743 6.2108124122870656
18.863282975779814 6.3019577036974459
20.791498572176661 16.430783735863983
27.426395287224434 7.6426601844962008
11.576390013909723 25.340423305178902
27.152682859809229 9.1207012097453379
7.6480233169196676 24.243546151603958
19.771156717811365 6.1985210364274472
15.545641770275397 29.908544285633397
30.511786291517783 1.5120350307944506
27.002245609646213 6.6910513267800713
7.3312225028963027 28.708864869163062
0.18999411541134587 1.899981819496479
29.310860110223143 16.907628792329611
26.172473190982569 3.7403353439860672
25.673283259506597 8.4252714574190257
28.365858600394848 16.714033219464255
19.559141957750224 20.085419158321226
3.9557574892356597 21.501566011425698
6.8507056618814017 18.799973374293387
10.909289842555188 0.29837375925661708
6.6777354278869963 26.248082229423826
5.4832924923377755 28.616923595894761
8.2709807262609694 18.378762185426602
1.7983253003048851 9.1091064070183627
28.096165164182555 21.582178394326835
19.475643455254978 0.4005366713045509
22.385161529443302 23.527518444101425
23.816851605837826 26.535317706837098
11.261657911888753 9.1735122035870447
5.5156877307577625 5.6237254946416195
10.37282935754715 27.916229899608222
16.784353748073844 27.438772893895848
0.37808867929983919 9.4273694651004067
3.4347820031888001 7.1577632227511518
29.741472448145984 18.161727078150321
20.455501222080898 23.513931741352227
0.096839127414219392 29.950448959936573
25.80350008383374 22.161254765060328
31.375588588735532 23.627848014109997
21.552598468771066 28.965733221294592
10.651305980927727 4.1973580796386303
10.37988110647073 22.710101620695898
31.547860459580768 3.4741250994601338
21.617942452984931 26.504860079715726
10.135503948890262 19.838217454834989
22.09140197972615 19.005019958936757
2.6846718262705989 15.054279253820662
25.873006254369212 2.8480444113435821
9.4752287449962687 22.574371673429031
25.678970826874053 26.897924133093017
12.711452906396657 13.728512241075013
14.267634668699801 24.265965542277868
16.876906635338973 20.227365836337754
6.3528667209638989 6.7593062104802657
31.132817088154056 0.89785667238933087
21.021850054175498 12.902651965347919
19.3546835720777 9.9841988754178779
4.144733309692838 3.228029585752537
18.246117107262499 1.4940265105245512
20.081603848536602 28.577659195763637
7.540309986855787 4.0607854198618254
1.145916903661927 7.556454073036055
5.5940212485710905 18.297775121659484
3.1829340407216353 17.128779688845981
15.610772064428865 5.6777054403397686
10.352810965989667 8.2184066108535792
18.573285093575251 28.873365494262831
18.487177812907778 7.3016759388517789
31.46057903455576 5.9389550401602085
21.06482988793271 11.885743494577042
20.651130873751452 21.254714214517648
27.611412593052609 18.458248984048225
21.821983940978104 1.046391410947219
13.503521271942791 29.007497114740254
30.85837451161434 10.46164631658654
12.176813130623836 8.7777571648165154
22.569702886092966 19.796366076654014
19.966529728600101 25.06629558278539
16.600554834194586 5.3059520596955974
10.317203722212035 18.240791636988483
9.2358014562383914 7.8223764586981206
21.889072629918903 14.789669349383875
6.0189510441018577 17.484780089825293
14.287184828247426 27.810699086947782
29.542346647750357 4.2112569097099497
22.440677859728265 5.2370738070078815
9.8989941988190129 2.4645528341806671
1.3820047867593299 23.830659068103817
10.333990069628273 14.921783753072637
1.6802444533365382 24.816462086183943
11.6609886839908 28.076514196402243
8.8805439535426931 2.2835798863780243
30.870158238792577 13.503976521259629
31.52825176164745 7.0534877991292921
22.140792642952892 7.6435301386073542
13.337422463231777 30.977269431992411
12.864190468488534 17.780668397983199
30.707814345557242 19.993091304566857
17.267805340718024 22.042911375058594
25.182632589077709 25.491718645651087
12.635618548958297 6.77596160634537
4.1432890829006332 13.172110473983416
3.2922283588466579 26.49928972850714
22.973179035668604 11.047723382075121
20.080057970373289 8.5828827146579343
28.395800222958908 11.057654316821566
25.384602829147418 11.859718269331054
9.3053103798114947 16.109399253056829
18.236638309715079 26.042966955161667
27.453525552516329 11.085197561884685
25.248716032025563 17.068945023931697
6.0604028136262853 21.937804345526807
25.943236491245148 30.836185907473784
2.8220509184494471 10.948304547346822
11.640874520601184 14.491305150034133
23.664269532633032 20.293626937958685
8.5977116673847505 13.525712242322852
3.4279283266697305 14.322908096777052
1.0345653739027081 22.902881632105032
9.3889797963767432 26.908453510971398
15.759563292605545 4.2903847382817935
21.648043668001549 21.510387334941296
13.619556381158924 3.95058024810091
7.244292236533612 16.734240963237749
31.598160382001275 15.609033805364016
16.62434484439235 20.996042056343146
21.176905226489723 28.113611421827809
4.6032901278140885 10.69002941127461
15.343088601221396 21.32927811937186
0.28358765849761769 4.4112873979888434
30.876801333185096 9.6143829268001166
5.1757255522523566 23.826814746840814
26.134129760049948 24.075924201903735
26.636551116641662 10.401184951993963
29.830340964936578 13.966784575991612
16.227224296173127 21.83218999098014
8.1624174243275167 28.2622533251661
13.507304273592791 26.230765901037557
2.7686510452843129 18.794165604682011
29.142558632314703 27.537969955365075
30.036069405571784 8.6310333823271428
6.7345674947794709 29.711516987144609
12.352456575949491 31.529650535084734
2.501057834206601 26.955564103687486
19.943316492322463 19.269116490868175
10.384823530048791 9.307205844874785
30.204452236381286 21.099018757147821
6.0567090140172786 12.943361456468711
30.502596161875889 18.770064353420246
17.406189936426355 19.442842662994327
8.3290480325646605 27.376182635463838
2.8932474448473369 25.296906091675627
21.936393275719666 25.594349365238877
18.979253922577197 30.082383103924659
18.913473292146747 5.37235483821551
5.1273724225211517 22.683088423452073
22.923265861576052 27.384110993466273
22.0511560937396 3.4503518247665923
27.868643566687496 8.524767600027003
30.379872316238572 3.2362530519973611
11.658118757378009 12.051831864883699
27.9940675946469 5.8583698714482262
6.1422801908966287 25.149212739864772
16.221226071945125 18.065595625998789
9.3763665718805722 15.133110700527659
24.254395750054908 8.2099718149629552
3.8591585811392526 19.196671226705629
28.082812854050893 15.844057073431168
22.839935284300669 1.5348195100430631
3.9494076294911729 28.845422458785364
22.680429356588689 15.716145614047567
9.3208630667249874 27.88241029970705
23.503259093608463 13.894000342550706
6.7218910297064856 9.202906109354144
2.3742562904011519 29.069029990830348
14.555920297256549 20.340127112209522
1.4779111653125574 26.381141654904827
9.6078950126069298 18.97706650790672
6.4539378335477799 14.045491818380752
2.7649355035876679 7.7869788558864652
16.014448932638061 12.546331519573174
25.031630507057319 31.517113228560483
23.638637538531302 28.345717527280446
4.6787475533502354 28.270589909957959
9.5149523857242624 21.399187231741966
0.74388413822719412 19.070592608468182
14.778132097134518 1.3214276489575765
3.6013121616382899 27.514994027029793
4.3268132430045219 15.902769409776294
20.110196953604259 12.404740266042394
7.3762680498478463 7.7088211654186107
17.212211493643043 12.753072528880422
18.70914545528812 9.4234512514304747
23.728228749746684 5.1567297018965821
22.493206749527051 6.4870427593399702
16.460712918575805 13.406495858754081
31.185414879728555 25.894575754224487
21.03831723617396 25.423070499124229
11.742242755006545 0.77391535648539711
0.77927278788010801 17.393350963294917
0.49752155408307974 24.071384613149611
7.0996177245571861 30.749563662454666
28.74914641949416 14.537513784972178
16.557867036446279 16.877985350462513
31.274547629380013 14.230835224034861
15.548657329200191 27.573695841001143
26.886962377160415 31.016953097141347
10.444618356365407 7.2920494009982058
29.847334765889986 14.86218188394119
18.303349575792016 0.19532748489307702
0.18557932230975516 8.0020466920705182
27.534207137496484 9.9866275979717472
7.5399909992270686 8.8198590703334414
16.147024321044572 26.697014886846919
0.44836165963972219 16.542218378755699
8.4619608045004018 4.3673396394935713
14.260245417366725 7.1032359026923846
30.096259324647956 25.349611476920508
5.0385253688222882 30.87025938335918
11.255794897402557 29.329494969708929
8.125999663315346 30.81037837812665
13.616867217573533 2.1561634717385254
7.0585818976208934 25.126285707380489
21.769337774887163 27.412445285322395
17.565660931759062 30.741971351367329
9.3020329881746697 14.211831329252925
4.6085665216980241 20.59881419962645
26.646216193385424 5.9301095884160571
4.4836679199754981 17.794276954030831
2.4166589675452097 1.3207503880666194
10.343908080789365 12.405154864257003
23.615123741979435 18.086884335825747
31.070750183902991 17.863962797137738
21.355609591060315 15.612317833172336
10.369616602417251 1.088014416438096
18.047935297234087 27.005751950377196
30.140928311499209 12.90861620361925
22.07401721536128 0.22146231489972432
28.437322383390871 29.165324684183371
0.050846920378193418 27.106471768665255
8.5124661876632679 24.188242288050066
30.561065375846706 26.504137007753638
14.869024733557639 16.38671919507852
7.1151522959140383 3.3080342084661392
20.216385974229667 9.5052372135685239
16.573667436681934 0.69890383400166312
26.91692593946226 19.965951166062798
25.830367329765675 20.145625940349131
31.142803403566333 16.884715776883542
2.3493750784890874 3.1520679212366458
5.9382002036792016 4.5993947481664277
20.49901059184425 20.38838324337933
3.8589119287799818 11.321503990128058
17.428411194736984 16.17546053481064
25.590684966496795 10.013438107616777
20.257661607726835 15.449301160617219
17.418911449845183 23.018213533122488
16.949040352531672 25.559125589393567
30.178173412195068 4.9895936155649094
24.791684961165242 26.5441591384239
28.907203619816169 0.68394295104310376
24.624179726750061 23.951368551581563
9.2510097313486845 30.954663462464548
1.0377908953750823 31.452928313910142
15.859191183491959 19.622504256370586
28.681784868188689 24.038281704251656
27.403794694189386 30.093070987298855
29.758756371546028 16.03251599850471
23.656835492766728 23.081338656715822
22.708799239105446 24.773286784389306
15.479331024878634 13.950705848152577
20.813193833626514 0.98063571132918903
17.068362787490504 14.140869670034597
3.7803103901011421 18.242693694528977
1.5530179880558777 0.68451815524767878
7.0748647847155439 13.173960091531601
4.9405867473693927 3.906208599195629
9.0689923412477125 6.1214641344717711
27.110174233617464 25.683709076868656
8.1957275189288463 6.5532054017781887
24.767679069851312 28.643331387063959
12.670229944712537 21.92399684816343
19.087697732932799 28.081587499959468
11.915439784581778 15.321589223987765
29.434846171225093 24.617063063245588
9.3167656730857225 28.774606096024616
8.3435310822862956 7.4787850729348158
26.33388026690227 19.19091410270304
28.520891413022877 10.04490002382575
9.6323688823787847 0.21421133476099682
29.802470250009872 7.4089915044027235
1.24178731432081 1.6340074749995552
15.491573286619738 23.975116962656923
2.3787222022071712 0.14398432929995161
8.2095908391675092 10.883354656766995
17.414304238957925 2.2653661300198094
19.57256378276745 3.4150218275253397
4.4381848760993474 27.249809353783224
13.098069520172322 11.838541819332221
8.4569775136143654 29.275549711127145
7.5235463661712414 14.122712958980211
18.649687178601358 3.5072503734725489
24.612799728313107 20.10535605423599
9.4668745159936591 20.475064558799971
0.79355348180527741 6.6203006498464614
11.423553222250831 27.266182683285514
5.3359236015958418 11.029148617885935
29.576111603487664 19.25958131009898
9.197333624535867 18.021011257235767
2.534780686415651 16.258571012662639
20.360370250395967 11.188262429527867
23.104404874509555 0.67321407418864265
14.049853940824594 18.248457112580791
31.282848212145659 20.819273392019618
11.601853290042822 31.033765661546564
14.435591640792584 17.443868977370876
27.75371124902254 31.361073067260641
1.9756651835495138 8.0932607448169502
6.2675372468138324 27.622701400486008
17.940805406275686 20.545942930534924
29.240609648956831 6.7323800680355461
24.999606446126613 7.6788065913351202
3.4431862885351645 24.033761637170667
22.500107297644611 13.620857125525815
1.0896140929366551 12.485621780701148
4.8162005264844101 4.7858901415371973
30.64584924768387 16.08082086985624
23.486314666243981 11.880814885434935
30.708950984167313 4.1081128870968868
2.6453831119368809 10.097893553938388
14.939596033608456 11.914759586643468
5.3164665115701544 16.207928337582548
18.460887568627982 11.032214812410524
3.7508472522178624 6.1014453181121091
8.3903779619936003 26.376397498047194
16.660156909008304 4.3559638874364808
0.29396222390919041 18.182654190501705
28.188990074803449 4.3533209774058594
4.442771833931376 7.0741206509133212
27.901707924422915 0.74450647109753809
1.733727735366936 5.8135827206925859
24.849508133841702 12.83761551703137
1.7082654610950734 15.288925106039018
12.801350908246349 22.832585013235889
16.431576052255636 23.804682330405861
31.243771611360575 5.0948501566585573
16.421683757776513 11.671178199980757
8.002027549288405 12.873074249408694
6.0444159895908385 11.761098975005375
11.60076520398885 5.1840856670918827
12.666202050600305 30.384981452397039
21.389093168935066 23.283923814528901
21.595840811025599 18.15064850109145
12.569856238966391 25.724222192040358
31.037075834892395 28.656587522235888
12.944392686913091 0.67334699906785234
22.818533843612084 14.684258447507471
12.484578120175536 16.622437130444343
0.30327254386705155 20.08437113665169
31.035324013976716 27.707526862799213
25.641780918780992 23.206212317593266
9.3751846448027134 25.93506229071059
3.3118260760317537 2.8830479687743531
29.882016562527866 22.538285993840031
24.729048167574884 16.202671265328554
13.656492540161981 14.132325843110308
11.297620604361439 18.315198626733661
3.4867669721168659 1.8802025928218493
1.5567427903841411 10.861002946888407
2.2997915020799797 23.323819985966278
14.091890956645475 11.896288853980172
20.650264558343036 26.817453790541656
12.371482572409809 9.8085673004965148
12.443663197398667 12.541130393802012
25.546803047187538 18.348117285828234
24.835950908991741 5.3495855213043724
10.020869655117792 13.547521336557272
9.4665431568817002 5.1869196432746252
28.593200498524599 9.1892353641227285
10.180905191499427 16.296355155419562
10.8360240369704 3.3147963392333701
30.93655282560518 22.847468807769339
2.0181986127066307 22.424556741739156
18.036762318837539 27.79519178312971
11.062648040044467 6.5040128672377033
29.298581176117548 3.3295611537315413
7.7861896260716685 25.574962782791474
11.232345594328899 20.227454303402546
9.8778249503600257 29.509829617558751
27.668725567016509 19.422074329475379
21.232998540485607 8.7718713831556432
5.9847098648606813 30.424869701901887
28.296542702108741 30.370678020435459
6.1537009929443727 2.7990147894842035
13.876907702780846 23.094413733553608
20.315853824183723 5.2998831665938546
29.329857873071973 1.5857029463060197
25.110232934324703 30.387925632179627
29.058597831109974 2.4217321696886218
15.036062604269929 24.867685571584861
3.2192117122689186 22.967917969057833
17.599853622541996 0.8600718255603863
15.090065292260057 5.018130901073337
5.0616843576462376 17.073726406162141
8.0610127466017047 2.769915140844692
29.074442291553471 5.8189511004530736
12.498839814208374 29.57076339467368
10.413475537057982 26.954206967794317
10.611590768443451 5.1991555784825731
29.329055776679855 21.422580465725058
19.715216320050516 24.12824400275024
22.671481479560054 9.3601240532491587
4.9223559407684823 8.6315466723526377
22.462408020942277 28.233436361760983
10.249486683895475 6.0222664936842571
15.177616945643743 12.957771520480296
29.63031804228368 10.332570804834095
15.625406709239771 11.252386547964381
24.049398486342614 30.284808251738834
5.4587316918851467 27.368280319056069
5.9903281952067298 8.6790110112181988
11.908222509822361 6.0198008623427972
8.217574753286911 14.594123949873687
9.4717365495789316 8.786597890870933
20.412807431655317 13.750697055500334
21.486486412360534 7.0016376491041754
28.094767675721499 6.7615324393161425
30.489808860851685 31.563744638757345
14.989691662647868 9.1274322476398133
18.054114321028809 29.956061294435859
23.762664538807659 15.129381166134975
3.3143392793792961 15.72533058182387
24.375926821873175 14.362749740491346
13.796767247668651 29.780861336760609
28.773604996013567 20.656857954058676
29.580256604817464 26.195915355341736
17.85021983772085 23.801410709148968
7.8366133788786296 21.958978052550275
5.529095501422165 0.027162921833785512
17.657009864400116 6.8799168874626373
10.554172999464638 21.815717963481294
13.965096622214055 16.269408865557356
24.94952635370305 9.0674165094230119
1.9746883890674398 30.890267324487063
16.414410641553218 30.44776234924063
6.4898525828450477 31.422005156416585
6.3708330302589564 10.702170594591761
6.1683473637441324 15.597394974532701
18.31607040398935 17.977363204614267
21.332350631973682 1.9769510117451641
19.785149061598688 4.650825881713903
5.1409146253047036 12.170316899425504
23.094590864254968 25.609984859737256
16.856386692774702 9.4038043396854523
8.5001773154388527 1.4111463728950153
23.025190182926021 12.703108057934744
21.845739360333678 24.390692738833593
25.996590841770558 25.930032215711361
24.434338878956702 4.3631851143534002
5.8538319023701897 9.8865885938836389
23.274172869033755 5.9037968588234904
6.9308003091888724 22.716675543282822
19.229057961204248 8.5082271190757499
23.395258410181437 19.286050143996462
18.023275976928513 10.266600788967768
0.46907100769260363 26.286254226316281
28.777580135629833 26.684675401892793
7.1684925392062224 10.128294678183702
15.64068547608125 16.805520399202553
0.80918592060723515 30.571041184847477
4.5712620319311963 29.612828377602536
20.728244603433797 6.3238638379418299
12.798580052753074 14.739154178791697
8.9723390104951211 30.150105640222058
2.7904096631543607 13.75307261174142
6.3936326017630742 16.578398597305476
7.2364169474589337 11.25416807594593
26.082695627624172 13.439233799474158
23.16792482449797 31.276986987779587
13.32318249586725 9.9417403023102509
15.630216516609769 7.893956732944587
6.7944203497821238 20.629603799835742
3.2138476891744205 29.546202930378229
27.538609141527964 23.445055480061015
0.45992231187364918 10.299161549066575
26.584017676930529 8.159535874802236
17.847763328804643 21.412978718472978
20.149821456999756 1.5312059009656411
21.281676336765717 19.799887428795454
19.516059866663959 29.33941349421432
12.836664896893497 5.4870192430702769
16.97963195548094 29.68081751721774
19.237076692127872 26.365276024010893
16.783105361020787 1.7244466848635061
23.206108214386198 16.941501391154592
1.8950951959153677 6.8586115354593513
1.9003146278794205 16.851021364733221
24.402867669449837 11.855549896010261
18.826715981865686 21.892944712428044
21.238992451064188 31.339744835282133
14.929914687578156 26.881448212499542
18.493199593274561 2.4862876479974498
3.0336419769397156 30.441892463740217
0.10752587865489947 21.630953498390703
16.441694923344663 18.955025541270391
28.846279716145126 25.43000655854469
19.284334613867355 27.18596608891319
22.774356937587239 18.277368403948973
14.035358207290423 8.5945421260336499
24.683743347298872 18.0308617106894
22.013081607050371 29.854726148638804
30.130607121790597 30.2380727277034
6.8914794025615747 17.932905158750803
9.6268682300605626 24.853487515838538
4.6952220392994857 19.779827324462822
28.925753609474832 22.301240686658499
14.190577331936401 5.8027432376518719
21.168446782927983 2.9750729885534075
2.7560699748140629 4.1221013192712892
3.0715041127859339 22.008501734223984
25.988793776672132 0.30162049786134837
12.737638872491443 27.453770701501355
21.517435055611923 10.944270710338975
3.27936251102475 0.85409708254214389
4.9651431906398145 18.868207853665869
17.178174091787572 26.432473675087383
19.723852093700099 30.935957046102494
1.2666777205231965 16.056834652314102
31.096382241192909 30.7504067874941
4.2297285347786353 8.0073745529951275
3.4527527266496962 8.5790370643527574
6.8538268504807558 15.001822256054284
4.1754778010093778 14.922997366692828
19.599390920239841 13.325093491417681
23.612654412461197 9.0371016481504611
23.354469803943072 23.931528092010552
21.807947853006155 20.581774332666086
9.1146533606565114 10.837128245548127
27.04079776493894 1.5458869019157357
20.224789808882026 26.061538296574092
13.869022217729556 1.3110252231391331
27.208424598630138 3.2620962077978635
13.821690390013025 26.980576609082213
27.268472582514519 13.671491519535728
16.048355488137176 14.598145692973851
24.018375490853707 27.51581447800379
11.045983614437118 17.123521678831565
30.754659891399324 14.987295575144516
30.673447740139967 7.7492216259152586
23.190411958042276 7.1245900226120877
4.7160463051474544 24.70963210404464
9.9035812502202081 11.446118074663138
17.921524893094066 13.325047006015746
13.453321371790757 17.079862331257136
24.920506269669172 21.941333425772957
27.280081885584636 24.373100605803071
8.7402715967541003 0.45871877511025694
12.410747433096278 3.7196684908609017
13.130990104329557 21.123778317443314
13.596222851445805 19.764538976626991
8.9943436967608328 17.133831318212184
30.777418592455483 29.56934895427818
22.745025604626736 29.086591469810838
27.704538089631416 20.67120892546507
25.413694316823179 6.7632020672727933
27.003504239541588 28.415659189707373
22.605508107344445 22.633095408370654
11.648813050545368 2.9494652929555794
14.572567372164201 4.022406933459493
20.229464847173254 7.2870212232292086
25.047113445113009 0.91072623626290883
4.1668700247308701 22.538540605834299
30.950998270236248 11.973362815456989
11.35556560340207 8.0821036059707918
7.0964964134069914 0.59155022220876929
13.204409302237435 8.8986332391666316
29.965570936139422 28.372737246202092
2.3359908202211641 2.2091419338366718
17.124398965266455 17.650751265381452
13.801488096557708 22.16930926940783
7.4381983777167582 15.692315325945879
21.650790816240217 5.8919126030521252
4.2412850632992702 31.441787731300042
10.634219866378704 10.441251993185576
27.136637606180877 16.072955920965018
3.6277003213928749 4.0955989119723588
11.378485609545466 26.239579498952672
21.23324140932969 30.423153790928595
20.909358429735747 24.431509413656674
10.782244667520736 14.065878738880688
10.629145140683541 28.721607471082407
23.546255852592115 2.2264002179025737
15.765734640422769 6.8974797305391471
1.2708720262700632 2.5399059649289555
16.376954859243412 22.878233427888695
26.736051525259761 22.106842337839954
22.377789446817722 30.824944961090829
18.733473821427499 12.897699740638343
5.1040311049460501 0.91368259163143728
14.257053164820254 13.08793966269438
14.071319270970333 25.380199291287934
8.7364702653968891 21.771240190916902
21.312018323861118 17.197955452728845
8.6791163930767148 23.043578708929441
18.682797638036998 31.096379675974148
16.067164614696452 2.6712736136378457
15.335145091079649 3.4078495459479012
16.710961165567028 7.1900500913322469
26.077154943691596 29.154890990889303
24.141457550176231 10.822024641274195
0.33952971658809039 22.520210366803507
6.3204565083063011 1.8350619767443679
14.613994641505379 28.576960615351794
22.024652512777624 12.570051357901777
19.142605771620765 1.1640027438251304
27.131008681014944 15.084658015552721
11.747380011729193 7.2687516813300066
14.570912345331148 19.33850819329561
31.469734579015178 12.5769764690119
13.168766340467778 24.969237308946123
0.66385415454756036 27.962025007969228
1.6699816064625608 3.850542936645005
27.103603966604187 4.2071215563113444
20.26240118315139 27.63387838370873
14.304704749121187 2.9182880597186696
16.095846249389258 24.949247647980332
11.622552855027001 21.527087498402981
30.668785368797966 21.908817654942212
14.81951320488446 23.277006697735967
10.589053272934134 20.910863285086439
23.847133058822347 3.3351952669969784
9.7321060824442025 10.119761699506043
27.916799301219029 14.605829626928575
19.701752667599337 14.659410299638646
7.1148375602705611 27.664233142414233
2.1568367928237349 19.526352880183044
21.264380535525657 4.1370084668582292
7.5112483679411506 5.5182586470205823
27.664039328406094 22.337862180151269
31.621567605515256 31.514459726099698
8.3656679293743164 5.2974054844229874
25.054134543238881 10.765302590477305
8.0595446639531172 9.8816537674398308
5.6950796929668162 20.984884396541478
9.0178493367052397 11.984668472016983
10.880930485039229 19.203037594181041
5.8143424981496334 20.066168366272084
2.5327965402068444 21.273302975676309
12.646089138524978 7.8937665335745386
6.3590162434823654 28.792089437546014
22.892205138528332 3.0678450861782705
8.8175094284881439 19.39382827777785
23.825111347766157 21.284618342083181
24.16184636002151 17.14192394108855
2.5239327311235167 24.30935008145244
17.795683278114229 5.9562360052380967
2.2535882902239077 25.844344572290275
22.212238200440876 10.29129593751086
4.2489067440892185 23.577305611666464
26.525897959251267 27.533297989926201
18.634297081661479 24.41073824906865
8.695518941688265 3.4675877548703911
13.905278098802059 10.885680864956434
30.369969103893247 11.233752155118237
13.985898279348502 4.9589227474203978
28.013631109116012 24.813296148534985
3.0763421970815106 11.959487446658741
11.055808444942951 12.919945493806527
26.953466170617805 16.976899360410506
12.854554686289219 4.6943100429803817
19.370272569095988 11.94432694551328
23.370972785915082 4.193583071942558
12.383363506804768 18.757284268746027
25.628048284577581 5.8804001394184802
10.856717956436814 11.407664090586245
1.1146758875856819 29.517780744306478
25.93954682453473 21.039306933640916
26.709713018696323 2.3837455267456065
14.698839871275888 0.19706207666610234
0.97154371293142394 21.077444462022228
12.372327378310482 23.613788563330303
25.005553890653353 27.676697804395417
5.4894886124033428 7.7626133989638451
15.794724866949325 25.839194939491001
20.326087095626832 2.5664341633237258
18.051540416629955 14.363987364716703
5.4218283413478279 6.8295823820472963
4.3334280979451743 2.0205690624362114
6.1613114648039833 0.9774921527252578
20.688331982343168 10.267937832366597
12.386609715205743 2.4162103535835389
28.685315110413246 18.711872105931409
0.14447368947712491 24.999267368868615
9.6962088131521771 3.3406550524340508
28.559811547707426 7.6209657069922629
18.38703664009315 22.638182756756397
21.442394209727823 22.379044575489985
7.2575988027305964 2.2330955871579552
24.137698513457856 31.249652200214157
23.646402335627183 16.071290115484391
13.512451871872985 7.6150194868654095
1.2476503720222067 20.091562079850135
24.239044559905849 1.6688910503646617
27.911920398552301 2.5295306835224727
19.55832264805769 18.357770915125496
18.317789417400853 11.994838519786452
4.0887192921714313 30.368732233107966
11.960804894222221 11.146182807629046
31.111023209843257 8.7175070178542118
29.734367110512085 9.5233444312879882
25.044995203022189 3.6134863759311404
20.875558174916861 14.580462540139621
22.226745142284823 2.2694806526418048
15.334991901601843 17.809065724968118
26.817189447416546 11.847993558862454
20.255177439909165 30.257395914285866
22.730155910882178 21.820830825698049
29.885129852782669 0.61970062146488758
12.839713732095127 10.901980546466067
30.365658126918046 23.942550617398066
28.560694565978256 19.764348269031739
4.8263376113835363 26.325169977906079
25.547786246561657 4.5835332019055999
12.089327524071058 20.728484835904041
1.5416149186422576 28.578642889548437
7.5832949611360103 1.3775675321800456
28.311642875330929 3.4655570017281194
20.703459185234564 29.379478698023014
4.0763290863192347 9.3948651375045831
11.540809963020836 10.220187953940879
15.521444965121479 15.469648405333277
24.8662280220721 15.373023824726332
14.573711712540295 14.182743949072774
16.603328784269671 3.3040388291249507
20.366148170782083 3.8172615113445092
19.459324612437367 10.900539326759535
9.5395231796795947 6.9046382372116311
27.446924349596689 29.147355555731092
4.5373748975306922 13.990574970777349
14.792510208863927 10.635917138077586
25.571681430315238 14.673365640807878
18.260397330399481 8.3693055043665154
0.91047415415630406 8.6818364382717377
3.9486401351989917 16.783636291034181
10.53594433758488 24.983316777863639
10.865444184914399 15.615309051608925
6.4110570420182187 5.7275000127337483
8.4931620997632251 20.324596416439192
30.138094602104534 5.8833187877951509
14.271723277581684 9.7242353130028771
6.9296352961180459 21.568664372827751
17.676619044790751 4.1836159323895759
10.381104736627137 25.95802555354145
11.718178434948637 4.2634483821703482
9.6186516861009324 4.3201765824768295
29.692037488338563 29.116971959814339
1.4579878985839221 21.730660084720718
30.166483427449784 17.299722582905009
12.228966509609943 28.705376171647782
28.962686722677123 15.537494394882405
20.033220939776598 17.178301593850168
22.070479693258694 16.335296777005819
27.982036346870178 12.105913682322139
4.3215419314162862 12.145232337278406
2.1997534044960929 12.608621983319241
1.9712000041907778 11.645996867328051
22.270320674403251 8.5246077843286674
12.633605059283974 1.5517374645277564
26.081252502681789 11.175729827625863
22.792027335141189 20.862971635689423
31.369905747918565 2.5031437022275829
1.1637548211012363 4.6348788823206144
17.586171708242684 3.2183669376361941
12.210799908772985 24.54583353627493
29.118515581731376 29.935304145710244
17.103798129576646 24.46284869615231
5.2194154246386759 15.122459411529213
8.8923701309855563 9.5592898007324951
28.179258137740629 13.414294984504219
26.6619298905219 23.167887534489875
26.146763566374574 17.497200945848224
6.9031723948742982 12.179395978671351
30.23399174402002 2.3599850441557786
7.914727131672139 0.067631644072595407
18.710493909946141 16.42893389424631
22.372226533508346 17.318813630562289
9.3559349251726491 12.805046159724558
25.095347817579462 13.758739133024203
0.46673434818441933 0.85384436285932475
26.879796764025901 21.115978136090842
11.433104645523921 30.172522151224634
16.377059417835461 15.849736111520997
14.676294722947629 21.930186661682296
16.007253250585368 31.274982653263496
3.9020768643622072 4.9859691816861078
22.450125502058242 4.3865990044023562
0.76288102892526044 14.143022237033236
2.9835919697631015 5.4370911009532845
6.1137445937580761 3.7461551306478262
19.657134047683041 16.220503263626973
25.265398602023005 24.578937672777002
28.685138954398624 28.34175068656635
5.0641797867317342 9.6394541282345223
11.947381647728891 19.460116818151565
18.766093924248011 4.4640033162215635
1.6661703094147076 17.791533470336638
28.724954955244161 17.811785018875653
20.415773884247507 22.328755779025318
6.004500591261217 23.023676216222221
20.419450145982044 0.07941157335868472
11.925822974040313 17.618712363772111
4.6714820496547693 5.9805398095703284
29.069258857094201 13.419600922976638
27.98618682056108 25.944637695632974
24.034830143295647 0.71276991801096345
21.257390230609598 5.0013057931264013
11.210311228163304 24.253083067747205
7.2422543702310396 19.926752473566435
6.5891016675321197 7.8308978482039882
5.1300624041527474 2.9420531697595647
7.8024732691850707 17.649593883575243
26.028481786542429 12.591744548641598
25.31478317067392 2.0072284356254486
14.882075561266735 29.414237913878956
24.253615570965618 19.014259613894001
27.705582050900265 17.462739793666366
5.8827071911902413 26.40167575983974
0.81646835426858666 5.5980769665257419
27.822796933165865 27.849489298053118
13.74842520050022 15.267872625276603
11.352726406401672 23.25896072615193
26.87279743546457 0.52316534708606544
11.636359895668489 22.449673255723088
19.666449117886991 22.739605187899684
17.395357409546815 11.809114242206181
26.168858304169557 7.2568477135569509
15.794733721833392 1.6694091499763046
1.8408319644404503 14.333454939800703
29.135222607393086 8.3494717778165661
17.895092499480707 25.126580398430011
6.927987735830416 4.7513766803868096
15.731117064763625 28.390494258280235
2.6801019795933851 6.4674755479715609
26.388680856592934 4.9787158433386889
30.840315001790241 24.773882830399774
3.2671491706452875 31.37366313712015
18.063572040205926 15.404947740059683
3.9795707310224366 25.954600262281282
1.0226878401765753 25.353551145037937
8.3578775970558201 15.541760510517758
31.305391493707276 19.186393869539515
6.0267431626942356 24.207710801669066
23.125945844403081 30.05646478896799
9.5884051563241997 1.4000191740153642
2.7779876222844706 9.1516090207208567
11.57095101083098 16.342463920064429
1.302399692250974 27.299446373061194
28.485613022367922 23.146172661037689
19.073894375221201 17.415704842514071
1.9557178109803279 30.012390573954026
18.980007150077309 20.791369151033695
7.7137174805171416 29.809928943507469
17.903149042138239 16.966204893740272
2.6884889039367335 17.875598870997948
0.34072991658223029 28.856582988706734
23.276194110955903 8.060622697248391
9.4491431526897287 23.813329893429881
27.18812066265566 12.744114499680963
18.762049847936922 18.936768180081909
19.699250891299094 21.46651156528684
13.418319885724294 12.924450829369333
26.836365625477647 26.666810498076686
1.5016834686234677 10.007149259344711
24.181193255422073 25.554094382180651
7.4040151628156536 26.742294013584257
26.51382914327132 14.334335952668079
17.217022498440897 10.787820161085797
1.7239503537400567 13.408518507400242
13.37524694335772 23.987600621253151
3.704467799382186 10.163552132775475
11.834369221013471 13.458269125272425
14.69938473974692 15.174291311620333
10.309174551327326 30.237317114315065
26.436051353197001 24.978308320943608
17.649690982830144 28.913891128294644
6.8777861135672467 23.808647117965513
18.930949612886906 14.118184334030573
25.223465802601257 19.304325212901173
15.440101208140932 22.635076085784132
24.892464694223971 20.990092435432029
8.2439566393080153 16.623089072993761
28.760238274879494 12.387278449131884
8.350468095233154 8.5744032561968595
14.803432727879875 7.9652924643409984
11.470817221788289 1.6449676642634745
17.555487884862071 18.553801086280753
10.427789577051369 31.109750023651547
8.054746119498633 11.928752032380666
2.160986056784103 20.538093071077302
4.225066857129856 0.80551687095262003
24.715459857410092 23.009022968494396
17.035127880950927 15.113423653536096
8.665854301352697 25.170632209696159
10.787111632406784 2.1608923064285555
13.819383876382842 0.17825219546864846
7.80193357560686 19.227880345217013
12.82480575151507 20.063470555809978
12.899441607799265 15.827730048442255
3.1227561559125685 28.289919506840711
5.2446485604421511 25.423952535728581
19.059162234638883 25.324311569333027
13.37468130850424 18.793456947519665
24.631974416472847 2.7348796517042628
26.084740053081894 15.524201208093983
23.387728834474046 10.148725390437978
13.418370955160439 6.3498540378783064
27.515052889986119 5.1713272493103624
17.444171932676216 8.0475287040638932
12.383060303623854 26.670720011791698
21.503156269347599 9.6132349329548141
16.470615776332572 10.372467404716494
29.274842348968793 11.247465445285902
19.386834482489942 7.4324953799336226
2.2198607804335886 4.9558199856323801
0.50179053049284683 13.277035774668196
29.647955843173225 23.435740492115876
20.872609888089947 18.970932978641606
3.5090349677176533 20.645021117336032
6.0918635344819663 19.296204739078309
19.376804378245971 2.2821052875612766
