7.5393086515778007 13.464936498713849
8.9045731946815909 30.31424892156214
25.619615967896859 25.136767695493585
8.027772066513549 1.3779954382729802
2.3194017339956359 8.5992595377783818
7.9842966339158901 5.7087833813436326
0.6528732055537686 12.153511426379595
23.732964294136675 3.7388965512855141
20.864901693361478 9.0407826411371239
28.16785618541941 22.187853656381701
6.4064460018002656 12.214820621748068
11.957424670999702 27.437119654347725
21.212152861188379 3.090176728739864
3.6128984159403932 27.450566672557116
10.886702400422044 23.046100536013054
3.177267189224259 7.8135706581215612
21.796721800565493 2.1831366244692605
6.0095774156524442 8.8914731017795336
24.274301135406418 30.08362367254551
25.413585598979861 1.7262541682207371
28.575534317753458 3.3782557503703186
5.5059251185929972 14.877270251203377
28.021212320816947 26.965006053245133
10.239784045888063 26.472638066071248
28.529937118031409 21.000619557792159
10.804941777891186 4.2093001101039107
16.141070328694376 21.231901588761414
9.8216471865456825 29.888429404697447
9.2440046546132528 7.4836797696035058
15.365406454624788 15.199457394468336
9.8280319445219959 4.5491737504128862
23.824293230056668 29.298856570395319
25.709657895764046 10.099134407437111
12.816686212860436 8.0133421474184647
17.973994630519226 18.955135570677644
24.009485353302573 11.377680978362671
8.2818180504834036 8.865094832841045
17.958914458741706 8.7598152064737871
21.537333623312414 28.994837636851308
23.040228137422762 25.413994406332193
0.17092918422591599 5.1020614205930057
30.613360783517638 9.6549468224561448
17.278483706963094 28.59818242103896
25.016395410885917 17.558769136030463
8.9608765758581512 2.060780878727893
5.8650447202536498 29.704216703751712
18.030615792754251 16.742579082782346
27.252581967643508 2.4276843135753237
20.140493137687152 9.6718804914711001
19.167925723251901 24.357507725254042
28.62239497197864 0.18803081913135553
27.118312418999377 1.4348085604361964
3.0207545518427685 25.116923875211857
24.19760096270495 1.2881484852048695
6.7218421451013759 6.3658572596709089
10.627907234770257 8.4115996579063612
2.0494913851318608 23.03922153241535
26.038194921011073 30.735529752503311
4.66741689032167 0.35539053418769068
2.4391433936043687 3.5426670552820609
13.023839434903902 6.1172274593367817
18.684251439610904 25.988153369360109
9.0877880221947649 29.24821675840332
20.574445866333136 16.623523232268283
11.567908638163013 22.188186861004244
25.117256661830844 31.512779131562077
18.692422582330707 4.4616984012030034
5.2179983433556547 7.8579448587484757
22.403118078352403 10.837335716135224
20.164809122861698 8.3510486011852638
30.965097383302872 13.900894096538387
17.508262278525731 19.731475643331276
29.949067761860015 17.157566221309676
23.381591823113993 14.057439775028396
24.166896644286403 13.241903945158141
26.7096221197624 13.772993424179637
0.9331936020636572 5.8230316664945097
17.258123661571638 11.820690195148899
19.667538081826656 19.912594574816435
22.198450743168195 3.2721367676685467
6.192008899895896 2.4829156259498655
15.014028818302192 10.669609059996327
25.274498175445601 4.1108482233287642
16.710819073523641 13.743785817988819
5.6272615843723202 19.81503598458691
13.61234182075671 4.2330533620072437
29.582508848176225 19.551509579309599
17.274410576489689 24.966924230669139
14.268418863456809 19.311571870564414
27.607038943622758 3.611122413854027
23.855843690698446 19.546666612938793
2.7872962575679945 5.0951418010435034
16.087034393134136 25.922651865533055
4.2240462278519981 9.357320405676198
1.5701305935962997 28.500786665338754
22.813320395836897 20.607556598180288
17.518598601495388 21.647147031376171
6.9539085004172199 29.709761509222282
19.51220241334677 14.176652070255798
17.300192513628073 0.3659057448078567
27.848202397091914 30.837182297390182
23.175950077541547 16.135246866521769
26.82319044492062 17.400860132441093
11.501109261056609 10.997275358215907
10.1992724171978 14.676061172144619
0.48601490310834028 0.31761257521825664
15.632273310401541 18.737849148377094
0.98081895587417445 29.93317398229544
0.075260041370591751 24.328513335724047
25.694709742826419 8.9475638271236395
4.8599891018650787 19.024894432563965
29.032054694648597 15.328482036538924
20.001590200205925 23.86284714316216
15.918533622727193 7.6289797909364339
25.035291910715443 30.554188792567015
14.732374097487726 13.712269206681015
11.756420186247864 0.7004570139327212
30.18768995637528 25.370537305729208
21.261957613980144 4.0998542843659482
23.536882702101344 7.4487914854954322
7.1240244077063402 27.819382483352772
0.82540454554422593 19.786970077235235
9.9988391268677255 12.099269530995041
5.4905726335388545 0.61778743774884581
1.9233137612295119 5.6577529719706483
5.3212043664774535 23.735131455012063
1.3580588714266633 11.138185132730472
23.451118344363838 26.429182952737541
12.617616255815721 31.091920626045049
1.7452383235732407 15.685441637165338
31.237748870462696 21.440050929589894
0.60548168955307358 8.5300268243726602
20.301002654451153 7.369276154935843
0.86582504621135503 27.611450561042364
1.795521688649637 26.941731353306018
24.862800569225357 24.108478885955776
27.79429102615946 13.139742888879491
2.0465463934645864 2.3704529970450405
30.168570824524107 30.629322976533132
17.002873079479727 17.143244426015183
10.783012306190461 30.436304247806984
31.447531550970698 30.440107822236815
26.47495261210582 20.150333398714881
8.9485244794653909 17.935303011566969
16.792120480000673 31.086254169145178
5.237913206962296 16.231989822024282
31.549920540263042 19.717475246454995
2.0721593057277858 19.461070468290725
18.931174975596015 13.538075489579054
22.001222629609018 19.251787977900662
11.332070683127261 25.721670169713168
4.3261399097093793 21.88410661656884
21.200399659511984 12.535902074862214
13.52549287924332 31.230517135731937
9.5335647577043758 18.813182730654169
6.492165245232945 27.243935285381546
7.5927539768397985 21.386820951553592
31.276124836590711 14.791226478370399
7.1449705453854602 11.159655757714885
22.85630418291797 27.31336981714426
26.978427865103694 29.419332578534444
12.041758074111328 24.265168910808821
17.880075292732943 2.7773515916343063
17.151616024147923 23.099434284265939
19.515559556781277 15.08893787825358
9.7892821492122319 6.5271467168855946
16.968307994607407 1.2318391579951864
23.44431775362203 8.4983469598344588
12.602337481088087 0.51985408741706574
21.8327005305546 0.61382260088946949
18.268121735395404 25.194923950437776
24.465387513614353 21.771162543937578
17.244545068614062 9.4823718261154148
26.420028117258632 14.834066438099777
20.84648896167365 1.9956347386380584
17.383647766147803 12.885745714785209
21.318971986893178 11.266186010475048
4.0457435940167077 12.717918609438156
23.688745091401827 2.7603710194786135
7.8598773902597951 6.6885626541171437
22.45560867806503 28.74614643966957
12.837692393467682 23.342515950658484
17.097138756154564 23.927237171941403
2.9968180504502109 2.1612541430194336
8.2200766972822201 14.300791887863078
5.3755306076124079 17.959302915997625
20.940631687382698 21.833950923598444
27.444446039930369 5.5756056985487525
21.800575842040914 22.365644068330877
21.244237387432928 23.184050339912279
2.194621421576977 16.767084285680085
28.227910613343735 1.4350855602383157
9.7352269626090013 20.783788112754571
3.7435512730682969 0.56574464698221028
28.436987809694674 9.5634277099761658
19.942938942508754 16.003160453231189
7.8104838537559163 20.404007260592202
13.95576911541613 2.8141722338701123
3.8631182989093515 10.185958447200059
10.485710140919837 18.480065367565878
30.003931896202189 7.2302442925463577
9.0372053370763314 3.9418770338369495
23.80764709197917 6.4132195697148706
1.07952743568414 21.676603585706079
4.2226442408102161 4.0706650641397415
2.0793775647025758 30.263775695244355
15.228505701741261 19.642518698167333
8.1951229327311914 23.1267071002652
29.127905043325704 6.6794885898397229
1.1495883257163675 20.709809701479113
28.728609346397302 4.8244679504149754
15.015075876659568 24.494655159599958
21.885130368830353 24.387978618664313
20.628098502579263 15.222430535059118
30.455177633908594 16.44156773940967
7.7057524482716486 10.578200055860762
6.015751566828734 28.6450332734792
22.769541509808608 22.634053292998832
6.6714424111599628 24.541530504238096
8.5873181926287998 19.117659616678807
6.9734109866686369 18.633109931786954
9.7688098703159287 9.0599047231121634
3.9230447659491001 17.02046925726836
6.7276062556339111 9.7656906505763317
5.6072218929848843 27.818230644221643
0.28303606847394042 29.418015398083355
2.0749827286831768 1.3991565156657479
17.84478678070916 17.789753521523753
9.1007382226447113 8.5291222196932903
14.39466782755658 3.6541499528285972
16.147134705136516 0.28035556272899304
19.29151985437629 10.302790115856231
2.4059590756231066 14.668796332958154
5.5066219928443392 9.8305807614651126
30.263856117081477 1.2051604947745416
2.3450992659469372 0.27408968063812428
22.205987047579029 14.678830220007942
28.80624449544414 30.83581519371117
9.2129001154394832 26.423685957723112
22.016664484335735 8.2760986537814603
24.773507341472804 27.60624359686614
11.146251099972414 7.3134239326715633
27.949393761940573 12.017119309948026
11.154619780915271 5.2967365652633029
26.20829155470253 2.2170593562321974
30.810592169921787 23.542170778305735
3.0951298443564412 6.0723003357078627
0.14686604177351864 20.877897719403219
28.43064895665637 8.4624877934675435
3.4096186615875665 16.137304603817441
19.335203275701407 23.147983114574178
27.502884848483898 21.392668864731856
18.202003440858178 11.792706126059345
6.1618457580111556 23.571177998230379
25.185024285885262 11.153147621224605
18.789516400780602 1.879218463444245
2.3514642909982655 11.392396210316072
5.3234756459063215 22.612920166641661
1.3316575782841231 13.290347916330113
13.584101765401227 28.08079280419874
26.623699696150368 24.58368908338192
24.536380696482489 2.2052001135902097
27.547922291685786 9.2876341730088452
2.8881271228142023 31.160138504148318
14.98862501362704 11.569899690532043
24.675465980892433 19.044503536701253
24.913264407758369 6.5308654475520642
18.597958726847484 27.333549050093072
30.381379082085395 22.59612886124372
23.664265419284206 10.385487358612748
25.61264114218778 22.685673233898463
10.027821777718051 16.724874014040324
17.858169187692699 30.996512358856542
26.159189261380035 12.960398550131602
11.644662802233826 16.73684906785682
2.1003722300134799 4.4009207272068815
24.128815317107762 0.26915097442433228
13.742434147554397 5.6391804867259117
7.4258433310371545 25.398209180999377
16.209201420973429 8.7774770918123473
1.5096470215940201 12.279884166162198
14.457837115949348 9.411056821185948
12.423336122298791 11.501814428974031
0.60382655157549758 10.794620926370659
31.516556581605354 11.686126637107412
16.087688564653387 22.838347949925819
27.971938112025775 17.402699659114269
18.950478072872759 22.174721408383476
22.710320911527816 10.012251125278413
11.339479009629491 11.953930914448616
18.559547206438147 15.405067103627474
1.3589029041399527 0.6193446887752635
23.91678062953109 15.398107998528101
29.724604361890613 29.37426615358536
30.106565335700523 18.203015757148723
17.893987354598728 3.6233777525769373
10.09099840342064 3.4678538661334288
3.1208914242247561 23.75828056406586
19.455009888740527 17.070926887615048
19.502067103915337 28.063845776367515
20.181493070415588 27.511733404737114
22.67066094939554 9.0249183865912883
9.9949041715809663 30.959392294172211
15.961534428686662 2.0873353285724994
20.159159251158808 4.129978296791486
29.35477530415546 24.480189476049734
7.080451849980598 1.7181729345502392
26.148471576412746 27.290147661756976
15.414478285374013 20.485682972109963
22.965913208258659 24.490258672104872
12.199988814287448 1.7370244816938334
11.104506578370552 3.1519543670627272
31.162419634671526 27.101908402538349
29.170249678830505 27.348551210178169
22.939932680875057 4.8954910108642204
20.137950755027202 17.725340612353058
20.84072517445556 20.140514486783665
24.22351952893624 14.463769786936627
30.066186902024334 21.731912346393202
31.337375888716149 22.345616934902967
11.343758308663254 15.420843460179002
18.305611826075854 14.509994028326426
22.20753841178681 5.655511907737429
5.0494632175386549 4.2102909040029513
31.592678757499687 9.085525371332567
20.403459742187845 22.832249676636909
4.8733688015100292 12.379786767995784
20.820761380599777 29.885548118640404
29.378789274230652 0.67012449570363641
22.728356866736075 13.573324566492422
3.9503671271723868 29.16700728851719
28.170526675140955 15.969383339940128
13.006568444176587 26.047197081591754
5.7257490404167202 3.4775578522526414
15.14659917383694 5.3730963328862629
27.25268163201023 23.452328063449304
7.8359220653046577 30.482363555946051
17.128257497621114 20.81914675270918
25.968918235383139 17.886356790780436
21.121049910317144 25.660382861723612
2.0828464245710547 20.36180786338705
19.79617856291998 11.334546630774415
19.118689816244348 8.0843326485119
5.3060267149636982 21.56046310135023
6.5031980916756655 21.532761296727415
23.13560591042771 11.494359583685199
11.179298976994414 26.691792619912626
6.5071479449962624 4.7380036222711963
18.650151052149916 5.4702271496333896
4.0381744139442697 8.2880364476877251
24.824757955279825 23.027865599814557
4.5718839762375421 6.4172014998850369
26.417128694248515 10.548323350936439
1.7805281143510738 29.300071424497265
12.327498378211304 22.588476218086498
21.172933739321575 31.478737382022118
16.465563380026072 26.832386258828397
14.134310418929209 25.936408999978966
27.135847727278811 31.513676508512145
20.452461000566775 6.29290053719662
12.777245203871013 21.524992253734869
19.943648349711584 26.059795896184706
10.554827393541514 0.73252594253530046
18.66022250766633 6.5816440231096012
26.1812874792634 5.4810787099465221
16.625921260478741 27.952651004209937
10.674377731384423 29.284439870339455
11.714346920556485 4.3546115375114294
20.95648538166876 1.1023190920969592
11.142714261639336 14.453054335297979
13.92897330293242 11.233512780424357
1.5896330674086905 17.810264106371914
8.7645581295549313 20.144462471057153
18.310790776329817 12.895939663840061
22.860104753203345 29.692435955905314
5.496592177142948 6.6737522662408786
8.2725714156189323 24.90010392984658
4.4057075473254415 26.583235444197609
8.8643504374802209 6.3462319070429558
6.5325823801777458 30.555028016758289
4.6238537838704881 20.135029317290368
28.300515257389311 27.912601278653543
3.1657011283508822 20.14328071165437
11.032800190774921 31.560333950912185
26.217377800845377 4.1231932797024609
18.849473111535211 19.742093716128313
26.888197087260725 4.7296460739054949
0.49070900114212845 18.409927332262892
5.5285192186569168 4.9744705847681434
21.162010899331126 27.793971183105953
13.978565426989604 0.42189418875787205
24.580966797195934 28.572319606797034
4.341977362857568 7.3668633166093311
29.445752094032358 12.831218322765928
18.013502774400866 1.550975731230553
6.714424481816482 8.4248016784926811
11.486849443217908 8.82890231775092
14.976818701506602 26.396978282719058
9.2498635953734798 12.460545339484236
4.6279733306329911 1.4892850213832174
26.758718103077907 15.676041385564004
9.5843612256880792 21.743805587041564
1.6015792720375399 14.342042725155789
27.534837505905923 8.1509077731128272
15.210299509011671 4.1676201142560227
12.283266340457589 6.8605199253823743
22.664598319774143 7.5586916836358906
13.140167545173664 17.591764811273006
25.406991228990162 7.9486419598614928
16.911660704412459 7.4147539793179691
7.6439359397192082 4.4416700195305197
14.876913665575184 0.65341793641949475
17.926734813297255 22.45090577182841
31.284815027306834 18.738252624462852
9.1825643139431801 27.33819194671258
16.961766305616901 6.2636770599122391
26.34251066111214 23.307853394275
14.415063241768028 27.300036060710475
0.97047988948933228 3.8706619197017971
30.695398439775232 29.823357833580332
3.1145903967665385 10.802171674754037
10.820718842699105 21.291803633651899
30.765860355064042 26.220163489904792
14.094065773161336 25.034285983718544
24.659329135512884 12.095557856475255
2.6845244090457538 15.668690540584233
17.916051809625383 10.299980517729438
0.61046198196406176 26.79293899540281
10.772394197883349 16.101028956433353
22.142882620553547 16.013540196993826
29.698232164916615 23.483478055127147
1.1797080008110521 23.336659546542908
15.768256114149713 13.24948625543079
5.0374313885204174 29.794076363164578
2.2681620978126311 18.245754964242533
31.316110586663985 6.0294781162793685
9.8509768006124681 23.300112991093396
26.608213538722371 9.3475471334542242
18.389385094100852 23.320922356413927
28.332190175337651 5.8042593870598012
28.7078498250658 26.330882734275804
19.861195808861478 2.3241619850959321
29.154772041718392 25.469868558123611
0.52740996210151869 28.52139918686083
2.8615604567752313 29.113144493975081
23.345841915087124 18.648478466475439
12.553824547028515 13.810517492612313
24.029865595799823 16.874398146670028
2.1774946959741972 27.737784238793672
22.504938041785238 18.339927861494342
11.699405260561422 6.1597209430818776
25.411731851244372 16.72681262411654
28.555583464270185 24.041432795845434
7.9932156187951682 18.263966191415058
8.1661769851191899 27.682894810507115
28.196764348854892 25.113279426778234
8.4924736265626191 13.246773215647105
3.0087478593545711 30.08766271874444
13.27962585762803 1.119223822843032
31.535012317481918 4.222129512682514
0.57952622361301387 6.6586644587655126
3.278868496031742 14.313178261380163
29.18408202806248 18.091280661644937
27.52334541553823 14.178879014937195
20.494287391257313 11.884143500780711
6.0616223238553593 15.611426416463003
5.0296308299157282 8.8318354941394777
20.716458848798855 26.646508676840298
29.295185919183407 2.6274258963712116
7.549435841901377 24.173984773438068
7.5508175840840774 17.481698745193771
9.2426605158308082 22.726847452168126
6.5017165729093929 25.730828760304291
8.7390275459262732 17.03920487057297
25.347430339075 12.678362108141375
4.0276554924520189 30.093955524479885
26.846906508304322 6.3313352234859428
9.2353361718171367 11.209108869862115
18.555958300094559 9.5292268813505743
27.036898143161419 26.671576673105857
6.8101537707866742 13.193911206376317
11.876330373164429 7.852152868533893
5.3648654836032135 25.858119366913513
10.511753960492968 24.130211867346624
4.388419517387101 25.526568594757052
4.253617774058216 23.762341128621923
24.35452350706931 4.3507511457592107
24.533438489262434 16.166551749050178
16.092569443231447 6.5457366709797773
14.335555414975774 8.4301712268005797
8.7899767196128096 15.313394017306285
30.670251101285434 3.9619951167501002
13.248756297313541 9.6269836102626591
30.344930018674177 19.164614113370259
14.040409080837254 21.577033764798397
15.42687935213379 31.386631908361462
15.552167679178449 3.2091627387403192
23.729001022148086 5.1851171167842862
11.591963414216535 29.836147540735237
29.783400905604339 26.417965754669318
21.414159603515881 10.286829630894669
11.041083711903491 27.847953218995418
21.692383188422507 9.4267120627488872
14.437409060958471 17.401671402128272
4.9633029713424133 28.736330393456008
17.804403574354122 7.0185906022062925
5.6526115168928301 20.770624368559126
28.584232498814476 10.483171522347797
21.652745919201415 26.756108528973304
8.0097141168995361 29.52343526534051
21.27984314905493 18.739269764194834
31.298079477556442 1.8537853012369097
14.347038533187543 6.4052794652229164
20.272525044071116 0.38111455748650558
9.2307763354366372 5.4267081720331953
10.199600869392993 27.507515073037602
27.876995031740758 4.4818169972134143
15.573419920074018 14.240386913072765
24.998219397367144 13.69821411885394
9.678817699883874 2.6701882801755206
1.0154765816698421 1.5962302721667769
25.668709912714061 2.9969031444798593
20.464055390641622 13.27996038686616
28.386161771911294 29.086500506490829
20.679583243926334 5.0544320174083106
9.1891071386712859 14.39032996200425
1.2062366561494597 4.7764247614680686
25.242334959805856 26.68191302069777
2.2874018779508032 13.440089866938681
18.711151247080412 30.035209942506384
26.334029145494323 21.08423381497553
9.1964699320275916 28.308893547117165
7.9958576446765361 26.786496043917726
31.001915512476369 2.8082955762760751
6.5864527381438629 14.494046326182652
23.516982546490091 21.954678522970443
27.083320658824007 27.690913609975198
19.138894584648202 0.69886687652220902
10.973364789193413 17.368122896362372
7.0848997914525889 5.4586886803858619
17.030592861609151 8.3198216969471339
2.8845349522025101 17.213050925712096
11.696606651004251 19.346970840338429
25.204351418907947 0.81783720592277698
4.3605015973681427 22.871471193666117
7.1679236002899991 26.455785112636018
18.228700940006746 7.8594418340193029
14.114999605360024 7.4368096160674444
13.291884883537195 13.27480822630643
25.919321235253026 11.685440790999818
29.165690526997167 30.0002136004078
3.4188199231647038 11.985288303587593
23.749022143588231 20.903554967630519
16.53982390869005 2.9857199367403329
29.209476514194868 16.280027834953184
16.09754769702813 4.3446750546517521
6.5213968965827886 3.8384010206819452
13.733477153454384 15.579430769935733
19.331339168894921 9.0356307691347162
0.75365479878254227 22.374982808614604
11.958223381041442 12.739547988333959
29.377080519246338 14.092615762700666
17.092362525157682 18.442271525424701
15.10865252405025 7.6824619067382827
29.095996365750182 11.175910950868051
17.118324643079518 2.1969978269873671
31.000138519268685 6.9355951004452061
30.554559795740488 12.330856099402562
15.653461535867354 28.127888307451219
24.08407762416725 24.321365782108401
24.776204405292926 3.1469340419921945
5.6307356457242284 30.975101774073302
12.320060698040564 18.520143543785895
19.194475565322854 3.7110821070907138
16.022833221175574 5.4445779203584888
28.829710830428521 12.142267064572
22.092052550268118 27.811900111603663
23.021588754547381 6.2165434584646979
6.9441312984365196 28.751216239092944
3.2843287635638081 22.007383118227732
5.8318106915695562 24.869406876287556
19.560236362741929 30.120365475148862
10.271914079236602 5.462699101193822
18.131341921007149 29.207526934125688
15.505946718719377 17.44581690757461
18.872228632976256 16.27546956463069
8.2149065577080194 0.31225434664657631
10.41365026944654 13.566270798093576
7.9128242971552396 15.622377061096309
29.112790483913262 21.764875153639565
26.208972976480943 0.11348256557132091
6.2232530001128987 22.440008293178632
2.476232995405951 7.3590022079968298
11.868924129787928 21.185602166731545
4.9788818751558406 2.8519144922515696
29.162138571912465 28.473626370698796
7.6524135875370556 3.5779896166272831
14.546398543100381 31.004359536769815
4.1796567638930417 28.197205443105073
19.142685051632387 12.141620829375631
1.5271204501029669 8.2008934233617232
18.146293396861996 28.078193320008388
9.936688489776591 15.485565193278621
20.54191693820696 14.216560162432883
24.406187901761978 20.366967879544809
17.474566198234687 15.996975995270869
4.1882591692576892 2.9402843933599057
20.385519353523364 20.983362804362219
4.1953748816635708 18.40750691397476
19.684784703596765 31.250572296775402
23.813760715116096 9.4555678045356579
18.769704668208533 17.690750404568451
30.491729358609454 8.7137600467095222
30.121769396807668 14.656893284120594
23.879042410582546 31.046603234971787
13.767026895021424 14.117720837691897
2.2376064890465281 21.31828169883946
5.9357306990715566 11.422593192776258
30.99515878692992 17.750128926779201
29.58641544310311 7.9977578689372342
25.686882698979538 18.715527728824863
6.2463566453102137 1.2388907651814207
12.218618285871226 14.798203658851225
27.448149835132742 28.513222836161773
14.784169538247683 18.351722838382738
16.435639513537637 20.110539904819927
30.763371739875613 20.173469560250375
12.289882536792831 9.1045977691960225
15.442208865541295 9.9055692366265831
5.0025210578277974 11.385381988632208
27.445227414277674 20.521285270482323
24.438979635070201 8.4032718999007496
20.486628607573067 24.990633988567517
16.477340017905728 19.212060800844441
10.567401019630896 2.1987812668048994
0.71984297579757583 2.3476710571260631
26.712965358148132 3.3055444976418498
15.562642508812074 27.137917555599213
29.116316572843409 1.641530898068178
19.625313030437677 5.9786875225625389
7.4603407599825697 9.3961859766651106
3.3706468689077997 4.2429524400141201
12.375499960973277 28.616374902201144
19.487486166560295 25.19562961017585
2.966642353855482 28.29671060279783
1.5121977800502966 3.104954337004671
17.590113620880587 30.11582032761595
6.3470598480518161 0.055758788909702234
19.660580776122604 5.0060170919097038
28.579506679370155 7.5120663358284565
2.4032439420059908 25.968202535277214
23.085357531393569 30.531011956555471
30.053461878604462 10.629415373408429
4.0541661957418089 11.313521190015862
2.1100388136601085 22.191673430054614
8.2041396772228179 12.266561037360129
26.352066798320095 1.0201406327980047
15.173431884104456 12.438165540179014
17.850641192836505 26.460274772875046
24.543816168423596 7.3903594193274103
4.8920385751497459 24.685170693143366
14.23043481897048 30.089177358308199
29.199648039512184 22.781354356363494
5.8934309096315758 18.800225257511944
17.106530781885418 25.871451907915812
31.214014520805069 31.313640060104269
27.662496496310219 25.836374842368272
19.340308931056285 26.80134872806968
31.28292800737761 27.946474118681415
25.600855776289141 15.657426344484323
25.790268336595947 6.455161435642947
17.798024088847963 5.8144305872236455
13.277951916192341 24.066325479547778
23.342941038669125 23.581907385647789
12.827448613943321 12.364076138503224
26.073084879609389 7.3808819983416107
16.235213652385813 10.807816243301646
3.7414612769884101 24.635706665967412
27.518680796252333 24.426200269823045
30.700003284582955 5.1969463680922328
15.358482570907201 21.752329588403107
13.118631976674971 25.005893049995517
21.847875921527912 29.960891288694132
9.008082166632839 0.96048923234346095
16.849673337933549 29.530153602728294
15.907312334460789 1.2183214646098228
12.984332721415123 16.330767597752352
7.5918798921737745 8.132251058135628
22.293482232785131 1.3842246610774454
16.058632308770434 29.05471359164542
6.7645431445870834 20.588251336569467
0.86646898598235444 25.234098040886863
31.383109269802969 16.957353327271363
23.364471573306403 28.432106377854439
25.751663932214587 24.060288969484496
27.594157672485423 19.417024935498308
29.377947589755326 5.6809844503295555
12.850778743636843 2.2925014431111963
30.128230822437782 27.396637322321215
7.1892496666566865 0.626749888533215
23.798881792143774 27.595481258390567
16.089675637624939 11.644189587143929
11.460560175012121 18.209153163361268
28.006451731183216 18.365810573204048
5.7820144002476628 26.599908374832694
0.75727421813298323 30.938967465824778
18.574195408988086 21.276021697038132
4.9922840686055068 13.738636664138644
1.5976660709648181 9.3742356081924196
13.425256138534856 22.31750078491973
20.542792864041029 30.696611678956291
6.2459375856718751 10.563178257253645
1.3192883807484779 7.2708475621660211
30.673420010887838 0.39175543272233415
30.037014961781576 3.3029237645914025
24.841847183188321 9.3248280313932579
26.903747164846148 30.374159713059733
10.06604669884919 10.472580412875738
20.480829420196208 19.250718337480254
8.4468746746167458 25.886706552431701
31.227561385635809 15.69090211180238
28.164160690049961 2.4626569402389786
7.6531420708224225 19.415431635328606
0.22692898279448992 7.6282849619991726
28.230539826963529 23.19243333554433
5.7996088753249246 16.946108417270654
28.834916610882338 17.126370501988927
10.13615145123066 7.688668446112338
7.3938955347951172 12.120648055688068
13.774161284358446 12.075171662173574
14.699491757850156 28.20358217985326
8.0122876455922878 2.4139025774688494
19.460904636074247 20.917240258397118
9.3507847014752077 25.222160622779942
14.292715515160387 23.880691065959095
9.6783029304974146 0.16255572213180541
7.3761279913153137 31.230544037808748
21.904861985561979 4.6124312950188671
13.952420407062313 20.089748242194222
20.644395394261757 28.636163511005094
11.786399142309392 2.7451702565222385
16.584261983163813 22.122290697788202
21.494115099168337 14.138389119998859
4.609800722258762 5.4703561711563804
0.93172207375277782 15.277083194042465
20.260539655639711 3.1717124611667131
15.180269534674871 29.333452060015752
21.877030891903804 30.855094787996077
8.3241052536368709 7.5170152919833972
25.043665364058725 15.046377439888058
14.956681830504365 2.5156484512884902
9.2486245846885708 9.9639774399028269
4.6882143494524149 17.374790740575193
12.933438736615416 4.7509651292943378
5.968192423293547 13.810092949094084
4.8905896467608487 10.398147444252139
30.099868032437801 15.532615392688118
0.14327337610212845 25.96585649544933
9.516674463855745 13.47930580010653
10.93588196632976 24.803741276394174
15.328923111276174 16.532382758874114
9.15187271033877 16.210368395654708
21.024707426134405 17.829059967903099
4.1847237935655972 13.780497785079751
6.7360666615261184 16.78526822042177
17.694008240742576 4.626189305075922
12.280942882709081 5.3226004077670526
27.051933868696295 18.364088283214901
23.662571190089785 12.577048213476461
4.4531377982978002 16.000804999566085
27.98120171939691 29.820534969263747
31.456002932928925 10.153818545785729
13.308808952099129 30.125272266293077
13.990699790209096 10.229005004981165
26.013993570425907 26.182706102910338
25.668298214391108 28.103124892003123
24.016944481198699 25.338670201426822
23.485285838306101 17.612846914285566
26.582116300571744 19.235606430687394
15.279092743837291 23.350029318291764
15.273142847886966 25.398487600563939
8.491305416476326 4.7921136336062862
16.474096085381795 9.8710809112664606
7.8789097346737069 16.562605228240589
17.292193783687786 10.875913965952785
30.149562283550633 28.358951871776231
11.846824456484523 20.286026937590119
22.128502194914805 6.7789563032884192
2.9501437939866526 19.022586121913932
7.0405555290943624 2.8165887588289475
18.78002530772083 31.160602406720717
8.6908508518648979 21.179993379639392
2.9485920312837783 26.87460160480769
28.594643696010731 13.397897326901326
16.398691285654905 16.491837434748525
28.818637851714449 18.940600158212927
25.143007755078759 29.276309002962481
29.819203553642872 31.347042600312324
1.256944861728035 16.66515713209294
18.141784053047971 24.193629416504244
12.309537382455105 3.7055699742654822
2.0207269658898168 6.5401760882197308
11.327177582733084 10.079768581285126
27.145003574735643 7.2458465381190331
14.795932334772168 1.5424785339740594
29.558593584972609 9.8349309391341624
7.3160212656988746 22.365317809087095
18.25146093235233 0.52467226890936636
25.334064325852292 20.64196653771636
9.9048278192964503 17.633717794726618
3.8985606338220111 1.8594847420848764
6.0306233419066011 7.5349746464579237
10.430179675838763 22.18329159778753
21.289093965424186 5.7175734453032367
9.7088930234844817 19.769919208729785
0.4049578550135709 16.127274678010338
30.925001286982766 11.017045926460069
0.87203615400544254 9.762155480982269
12.137221574762513 25.168609326534689
25.428488183514226 19.710668039976607
16.92343312730609 5.1088598465801116
30.204885349296216 13.389165696110648
27.505216870961636 16.531501703277108
21.230705114117715 7.9708171224965225
29.267997321118663 4.0076204116806844
24.326540611665258 26.50694489074619
0.41939542665213209 13.418143657344423
14.296578382697101 12.865738628121047
16.28883346852626 17.866129228227489
13.575990902819131 26.845122076493379
26.316427746342701 28.669723153408704
28.506425164316529 14.54633450626222
19.786334845628581 1.3491219138118162
13.113978031740617 19.037177174746297
6.6429676514543941 19.665359609884522
16.033224596509498 23.982656979337975
12.765898266899313 19.879826307633
4.7871971279039593 30.890523212927103
27.742291899777943 11.120730748972605
29.287823562284672 20.46364681437931
13.310025377100592 7.1216379605873268
29.386042661609352 8.9253189517108531
30.934286348781157 7.9852294151601475
4.8458290634522561 27.30518665212729
6.9608062754368731 7.241602408173951
26.73519004274026 25.535256110489346
0.13451388125886729 23.321542767272053
27.737093755031822 0.57780218445898524
1.6476486690365022 31.119407758373693
30.949110483548345 28.91349819862404
14.045273806101459 22.985474939831903
19.802473900759576 18.614181642847068
1.9856567585911324 24.948597161268147
12.227040427737284 26.392645145434091
8.5006777570825403 11.268039028554357
22.719134912742131 12.561013285800339
21.946670534781873 25.326797644295937
20.936264396129729 24.175328116726114
3.3796137788080154 18.076208452890782
15.368840690888625 8.8420069381994466
28.345676692323156 19.88606962821375
26.757552991690371 11.586070056527397
26.597030934338573 8.3179148771065012
13.847523607930579 1.8188638005980076
24.683836636133588 10.367908702250459
29.97059473544132 11.720657443035895
19.38764245155534 7.1082105769059476
3.2571820494565831 3.1260510259578962
22.844730727504345 2.4845387289550867
9.86075901208579 1.4205519326304186
22.90418468021047 19.700109257531313
21.412608117112189 15.451077329141146
3.2633100519330038 21.031691953692867
26.354251771188547 21.978752470336147
4.2915114173483904 20.913936667789486
21.976961509895162 17.575019825913145
27.172918175264559 22.421292628239438
21.288125292429591 6.9248324750880128
3.527396306446299 26.059042075453515
8.4517614826381955 9.9566020594231102
11.59378562201397 13.624412939618502
17.371408104482924 15.17267955801357
25.245219410216723 21.63587616709323
25.717369447383025 14.173061559798834
23.327101428598414 1.5788695357257803
3.2090142056873812 8.9983744510456187
8.6437063897231603 3.2142345573994167
17.378760808838503 27.267755360113586
11.548131627690008 28.696297345405018
21.769231564714868 13.232805905834045
14.651656081157178 15.994786608855557
5.8610680365177199 5.8498192457207185
16.247399153824379 24.8534327853456
10.613731802325635 9.5808736033925861
11.619947890263347 23.569585190613779
22.644138746688228 31.466155488936902
10.471417528854889 11.236019326086575
0.55545488025785239 14.408888523611074
13.204573261511332 29.015753370827046
12.817572560320858 27.523730883117153
22.059948812332959 11.893185649447908
26.341238197817709 16.574835748810997
3.5207713804715004 6.7059487379970788
13.747266609617077 18.328342884436665
22.702635388582408 16.97699585010967
3.8605367390801191 5.2588431360459209
7.3685851390061154 14.720790409571965
12.983711209619418 10.841030011452954
2.4971910596615463 12.363516965643717
12.343866742086458 17.375457506019004
13.057799622866501 3.2759155349825049
23.990512680996453 22.90881481594354
14.866763300817803 22.408313686170327
17.682384417454927 13.950189095120084
2.7476404850537111 9.779783567883868
27.016472800674993 12.55683395761662
10.758648202453259 12.741583190748681
12.432054445077654 29.86879588609451
30.410123604876386 24.39967562090921
16.424404167838745 12.545143366917257
3.0475802923955801 1.0377334711664592
3.7513190232346552 15.084646093774783
14.215483224979785 29.077260102525564
0.19945360711650337 3.1863471014280043
11.21044595808365 1.6055275408245757
2.2659470573995342 24.082287671110297
3.7857537065213798 31.1359557675394
14.539549083761464 20.905562895835644
20.445405276643324 10.546730344908125
31.575758652072352 1.0687279251564734
10.178724293782668 25.519085803721243
30.192768645195958 2.1304930957770245
22.405759299505466 26.290831073479726
29.932310288089802 4.7591041793398281
8.6488989910023317 23.889311807769804
14.450658207943185 14.811171249787172
19.01940689231483 28.820891037638013
16.570302385822899 14.665486836598497
1.9843726074293024 10.337319558198365
12.270277311619292 15.913575473026711
6.4847143794120443 17.82714991243925
24.892385331705096 25.489834792122046
22.806527520778758 3.8884366038871039
1.2625074854440892 18.947385269514019
7.0941900157379933 23.290263184436931
13.180652164142648 20.739454347068865
11.762001521667086 30.987336025370194
25.869787293349649 29.686926434092786
12.317760625318209 10.120761198135362
1.1076662906601618 24.280878538970459
24.591337912320746 5.5766498372225808
30.197018054680953 6.1667323312022244
18.170802867474606 20.457764321160216
6.8953518043218374 15.815788495118522
30.203346040705764 20.824771234317286
25.383626387166885 5.1372613386858417
19.873479917321898 22.009256499526003
10.718160599635414 20.379070432120152
3.8454082915280248 19.502318254500267
21.639334309805434 21.170393934305672
15.163820116275179 6.5043093334496902
0.63458201342410347 17.440066884286729
10.146666478120796 28.597337702441287
22.562032120415882 21.535492074559105
22.937965992954773 15.105101208825673
27.617940190020054 15.143890125849524
9.4773927207104709 24.309104026572587
8.3946454584536632 22.124108069787077
10.738676900754776 19.405765592409352
27.347773752482944 10.304754777488673
18.907621898855471 18.67535761794262
8.7851146318273958 31.215480391371546
4.6623861198790024 14.901484984096616
13.401918994158505 8.6512823986771554
22.24921951191299 23.505861927209654
5.4405643694778645 1.8997216694482291
13.859782400463587 16.759161646326206
18.935731641645958 2.8657084537356829
18.713968659093421 10.99194670293204
23.120575363303448 0.55886443604402025
16.271375250605214 30.388132020109335
16.203744341992007 15.634531092056955
31.247174595924967 25.106469387655661
3.2314445380965502 22.862966774142638
19.759938953496476 12.802053513826234
14.386054575446064 4.9315028609232296
21.747301535969513 20.20761844557596
1.4168713114191371 26.001123482634831
24.377626424920859 18.165949509751968
13.090942038654054 14.915035004965741
16.86684693112101 3.8225269591037478
15.389439341221792 30.275946223274179
27.988376927870267 6.7569839383761083
10.69865174024334 6.4974418907501956
5.6233208632633813 12.80444887842506
3.1691489633894405 13.263076777566392
31.355547185667085 12.849783791296494
19.952464549779844 29.231163130852686
8.0743438406168355 28.627379046221773
21.401927019336608 16.673129749058617
