8.9438752412579081 17.817777895941145
28.772012117438813 31.435798048567367
22.944496751385731 16.976233290322646
2.1078125522859144 1.3617136235772103
8.992390273720293 3.815374458300159
10.047521989537611 24.722874733672739
23.776228059543634 1.0567157222934571
21.05125095002327 31.069054625443076
1.09527814046954 24.86083856453244
20.566570532421128 23.213937780696593
28.124078868914417 7.1407196482377584
18.732550185960431 30.293674588643185
11.8580536364426 0.039147541151346193
19.201881775041656 4.220838592945241
17.622332321618416 30.025418983801778
6.9150187277367383 26.594630461766634
14.125639405838188 21.393315334271925
19.127795408685852 13.390725679599976
20.987073293030534 16.727003237806763
16.662654206442635 8.5667872038740125
13.462138846023258 28.381437905857013
10.106721123900588 31.155707803543184
12.241317957612951 12.424490803343751
29.815742648929092 12.569580575486988
29.121494147488988 17.914935321052425
29.316048227864869 9.6648184835062363
13.374740060709886 24.967916181719584
21.041531490574769 14.467209562089305
2.3377103072474181 0.036377639088222696
7.7752797512015892 17.523288532983219
4.3777470198700366 30.334479650152218
18.804166258797313 24.637871474302319
7.3833408364778306 4.1628948683196754
17.91852277687482 12.435409683383291
14.712958472074412 1.7821433846757184
12.658937303171793 4.0623921834568257
16.208306539718897 18.636801993213009
23.623566779978422 16.003136511460109
10.423197464475047 19.190279656494109
30.835425028342215 11.037549396969807
23.069102688074889 23.6549130114024
12.087036275298667 21.163941787120585
14.363511772402106 17.722905065523964
6.1594968974910866 13.561537338700575
5.0637811846615381 26.15844760284627
5.661696166294016 5.9165024715837413
4.3001037064304928 24.009357745522117
4.9513875219510233 4.3240680051561107
17.964397826389408 0.59233552092144204
22.031497366287301 7.6913066330534274
30.429079370590564 1.8154802480477006
30.259030589844588 27.102374367325353
18.92099218852848 26.916993766887209
12.869251209059913 16.624459233189793
21.409083590376675 22.588971105321306
10.9957633017119 8.1191876109392815
5.6972652725637154 11.355642722718922
29.61076811556476 14.328970666514008
3.8894631208058201 8.4929886664011995
28.233064438922209 24.347516768209616
29.916308401564603 7.7891352947806869
18.849430716917912 14.27776992458163
3.785552291327809 11.065208263544667
20.515502711141448 25.562874428278882
6.1676371253718205 30.141539205054151
18.832131346781562 0.77827972477420793
28.495380191961129 8.5625592919981326
13.331170806093954 30.635557396775969
19.307945903910575 1.691177384673396
2.7293943771142963 6.8454320739796781
18.513098464961757 9.9284710225074697
12.740218795687868 0.61171850017316154
2.0651330383197446 14.018734066404971
31.447041838354767 23.612787647412834
8.7891676051628398 28.384885409920063
27.61090469298151 30.827593166837136
24.640619273287598 11.181773917121975
29.791540752550674 5.7227585307658178
20.151877523813475 11.450145085445971
13.748972225611789 16.95327240569685
20.036888482962745 26.746411293636129
20.634735072604396 29.617565774000632
26.301618401515665 3.6379665097118985
12.531987215341289 19.127615638939982
22.851398391875872 30.577410832224263
14.92263811066376 2.8625633147535878
6.1663875819927583 23.895513347299154
22.191642856485377 24.435186722276779
9.911658422618892 27.452515528460644
13.686261254774626 18.442707921761873
2.8977549847025652 1.0650728067367716
21.114339665853276 11.776350275385004
22.263754963268955 9.8436614680378138
16.852561948404521 20.396466531568525
14.169113104273919 26.772394418423119
20.41242324466025 20.784483971413152
12.025040598963523 17.113676349901958
17.383771543560059 7.9823892250511772
15.077419694146604 14.675926468010866
21.965578188662178 2.6933919149525734
28.996806108915138 7.6389661232658757
27.1512872888926 11.579126518039722
22.805149934955125 14.6987937798497
24.038790543989965 31.09121856552521
16.915700483734643 25.015962898790839
12.620679337453133 11.661458325664425
18.63855343700429 11.6978103515755
0.084075473943699311 16.785854431159375
23.283515752545192 28.849898656558445
28.489834870417674 22.066551015815389
14.732352458921488 18.880525684006219
2.7409216692005165 30.39151794406466
9.9873729793887502 21.243299888703536
11.678935457869976 26.746399306821502
21.407278527894665 3.6506318114359475
5.0137336669859476 3.2693305955364749
19.241805375109454 21.552398569064074
26.176743086144729 17.918497775368625
11.880880824757757 29.078885836570564
1.7002550274538686 6.1050140450514263
25.468915082794396 30.793988645274339
8.3101116027993225 0.84283491895905271
14.197546026249862 31.107997736046567
26.624620112683566 15.025458516431341
30.675943356069475 25.318432355128976
2.8402568969510171 22.469827828456218
26.439367513391979 2.367897969665353
9.6315491595034715 25.710186594112255
16.686012084075394 19.470403499211759
8.2457929287053151 22.077974631932832
10.748961324222122 13.587360084773092
15.961483661938109 9.3497279625578091
27.556768020390091 5.112214088769937
14.426614751718205 24.626855348955132
15.357521712495528 21.692163978663515
29.344057992943029 15.841712625435166
22.428034260438096 21.477696319793807
27.714541938269946 0.18367206323868224
7.0101345270100746 17.213681283768729
8.8465431364725511 27.495055250579579
22.976385596733031 24.884018748971979
9.0211950236058041 24.798488564715548
3.0786635605684998 14.619937051039074
29.043221384367797 2.6180559417297391
3.0192604130960374 13.662949884391493
31.206481400836136 15.927584222957286
16.976433805091908 25.908648558725726
28.179276150067118 2.0256275553260936
14.816516480362578 20.792857794687816
10.266439822353155 16.463451821709572
2.6244535387520478 21.560959411606202
9.9962045994015174 18.100640047607577
8.1723475185412564 23.948769515440535
26.493774970471065 22.064144496624014
9.4458148062130149 15.356432537669674
11.219726254268247 16.891562534702629
31.595932449397612 17.83552675438029
15.353815465381928 6.8497438962323685
1.868425333513853 17.751536508669073
24.643265308519926 0.89759478557530925
13.813052757319696 5.5933197768653153
19.797566617032551 0.60246818415243797
26.706358814234989 27.823449228491672
11.000617779327492 21.488430713954553
19.769148469936713 18.020025098123767
2.8662002810487506 2.4036475512067286
30.396397875988733 28.128151873482732
3.331723211164765 3.4407035692275105
16.192808216876248 31.293495140045842
18.082897917242409 13.266454962827858
0.068811894554610009 25.706209648808507
13.395156671660908 27.358662327969114
31.510552941348433 30.310062477646117
5.0040604179779899 27.29777209334155
20.385732452587202 7.2922101832738706
26.158801945421168 26.984377123254827
22.406854534769177 28.301125315596803
18.77593122910783 19.64743462705999
18.251200477815438 6.9524199787128556
9.2151926241102853 0.36294468032833682
9.1453811036571349 5.0333289946247621
8.1410882440645462 8.3885249117694549
3.6484737312344153 2.032981590203907
15.129377436468257 15.872058310767454
6.7063388754214843 7.0221934833371327
17.585761887041276 11.376512902950521
5.8944726205077531 7.6507375661799504
5.9108143115129375 28.074086217522154
0.27760333701786172 8.9565386917531118
8.6894168792721587 23.052207361727049
28.440620524267562 30.413256968081189
21.472263297614258 20.823073135020127
26.614515813500031 18.800764506240114
1.1710509949829582 22.85957694836695
25.251706270960685 4.0130174873818163
16.306137507354787 21.237595780117438
9.0039759978841687 21.251006187361181
14.300930167186557 6.750582092782631
23.446221069370264 12.927285063353787
18.250254738026747 27.530313923921192
8.1796288292746517 15.289874855820978
13.442486174570309 3.4097920190673863
7.9677280647464821 24.892089484200536
14.725635508429836 11.832827994992277
10.986511619598177 3.6180206072627841
29.233681705745031 18.863063865744174
27.986633877932604 4.2453711205962632
2.6596684284666448 9.1413268137179937
9.9221844613708363 3.2484976382783555
18.35218469454372 25.674418827302436
23.021454834815071 11.853559673623236
28.579509854317166 5.6725881808049854
3.9775841339241542 22.411644477356237
19.140086596065718 23.57908103385153
10.761708104157163 10.70227347281565
9.2959224276173433 22.259231155003498
5.2946996975099268 15.343072424560781
29.39693709859251 27.801061534945525
9.3243304811856405 23.851508514286319
2.6646179744869141 19.680083613658422
6.3934164137786151 4.0071755318092359
10.05427129327564 5.4801428348383991
25.204558604194549 10.381824260451136
4.0235804242953481 3.895727864705306
5.0448599165937127 13.470863843662778
25.075996539437632 15.906025764726675
23.732454940312621 15.036928484541905
24.762898344796138 28.324159756587598
2.3429204183586054 24.910473666690724
12.118182195188224 10.319148331749554
26.637725365605533 4.8619272325718992
30.820775165696482 24.341526300119082
3.4720487539587346 23.308491882915664
24.476335425773325 13.887444117552596
26.789773531076669 26.320636232834019
30.783564691724038 7.4273839838303015
23.627748178365636 19.009810006915121
0.67979625608954475 10.491294375974018
11.744067035181553 2.2228535900148252
29.405287946395447 28.824517075331244
4.681480175237116 23.048434300242739
0.062298980227616915 28.408154762350854
8.0362684085658351 30.720858063737467
15.98598927912858 25.901580004017642
18.864827598348899 31.296447838051311
2.4087898848396341 26.476647517168207
2.6110998700486561 20.684737614457688
13.634450543289846 11.890072630824093
11.85694284809821 14.771780279357015
0.99022966306012206 18.665031008761293
17.311821908573005 6.9590774050022883
16.254861776102938 22.243734661993081
21.025021157659864 18.807048979114636
19.983668162419111 2.3092363491649097
7.2000900335192402 14.938208411855349
17.85816498306129 20.005644046139334
5.6459160321067303 20.758568210044146
0.9096222011072912 19.626040930092266
1.0245485395072633 6.6979305114429284
0.45482285576375697 0.67948223340429126
16.36882987074048 16.612113220915258
22.086882903528249 26.942931844640043
11.55492229548847 5.3579279094570023
20.727115290644541 13.163510039727953
25.306067143750898 22.415399517229591
7.0115882914300585 30.437651028721437
23.193048200070834 9.6447862924754553
28.314810967610779 15.997378019126893
26.787384472826048 25.187307713325666
2.0629850884790883 28.445794810800958
8.551809470470916 16.885099634521268
14.574103419688358 27.675078003936374
16.428694995245131 26.89183931674561
6.0686858114542845 25.912859586587111
21.122513807542706 7.9078146186071701
24.345882166458946 22.894822589725234
14.127571187947023 29.875572366075207
31.151726312993723 1.1345592056217
22.066611078301225 17.433218755825319
25.643638431543035 2.8583209286307616
9.9319294731489283 13.116142262573801
19.336785583547247 26.031359157506458
14.006960717091497 23.690259598506781
8.4807858296968561 5.8782366468445888
9.3391970029192866 6.2506889860295596
20.921712937033657 26.375027135060655
16.952629614231199 23.972847229681282
13.636333938363491 14.155220165256768
10.085586735232091 6.8756229561089306
28.013786424069448 3.1407269504901847
8.9582693721775186 12.673672451467878
8.2479057627384229 10.050589546529848
0.94097921962676845 29.005079100260041
21.796099529127133 10.571247512728252
26.805153217004808 0.27550219090163403
13.441038091899639 12.797950917530109
1.0151774656678445 31.09904761949263
3.7261955685289778 18.761907123482004
26.312528513502986 16.179179409023195
23.10317014533473 4.9410924090435291
3.5204247056997855 6.0437856388764777
21.075348752133475 5.9249800516310618
25.614094677771817 5.7969875717290922
14.555046996477277 3.7286980165094517
11.777153761625847 25.745662572352181
5.1851927782180427 16.589776839150989
2.0194455751952152 7.2953558099831879
23.930182433173847 25.243394440092363
30.964556281883372 5.3704629409395679
7.6872166982671244 6.3192534169083583
23.991965999646034 11.728846574498434
9.725934031369464 17.090877191710355
28.908921589069784 3.6609671104143526
9.0650789750501062 31.104109816573139
16.88771627910333 29.005804938057821
9.9055471523382437 4.3040711386149839
5.6191930112959323 0.73025576388774549
2.7405073982479133 18.531369379831034
21.825805087841484 16.412913058669861
24.396008250282264 16.527855975246883
16.6225839714775 17.843679325838409
22.511139527595013 13.707126288727899
20.050351260357722 14.698965733571709
16.528963360874219 23.20561952591698
25.920986977326397 25.644159736274215
2.7024839422438318 17.37846977647601
23.182847046876464 1.86007751180071
3.771999377122818 0.94729492851576713
3.4393798129770641 28.869948524028889
15.944343178492165 15.658847607124704
8.1043045357932524 2.3999688800181396
24.345839014827249 4.7286933923431151
27.353493325056576 23.235752164706568
29.393123795153951 25.84730263869352
29.533273162059665 30.710623797587452
13.373717789919793 29.383043081908262
4.4632959901189428 15.977923545459127
8.2945179853232265 4.6415162586635477
29.890015365557804 0.9833784980165623
14.013360476759964 22.764917059025201
28.571924835776546 25.274239535461582
24.041509938199496 3.891578390478025
22.73518086025566 3.0479510923944688
9.4252966586482305 20.145195324251617
25.23080689410137 26.15697249542044
11.353087510353301 18.540387389872151
0.52381157645639276 5.0405325375988639
17.108394429677556 0.63578567982367151
17.027139537436579 31.075554690650389
11.172091954592489 11.92260898275633
6.2633894949690969 1.2385637629911925
11.883459029484261 9.5583606078503394
3.6814007660913943 7.314016663417334
25.166959149975344 9.0065855686525094
14.585860057187785 9.3010283709288508
24.181894126378648 20.010706136992617
12.933005489664421 20.770246417433263
3.0415023020605223 8.01440107368634
6.4580300938612689 21.140205368244001
22.045916323480068 15.13139516966479
26.82835808614167 17.336749377614741
21.795445352780749 5.103516153431201
27.263466883363254 29.169948081593716
0.10722659529300876 1.9219884359875519
19.586485963011594 28.850434537198872
20.760761396711882 9.8202612329768613
6.645825178606235 6.115673694962374
25.690855668427123 4.7330631340921165
6.906805313708662 25.011064754671168
24.442747135526851 21.776339383775586
17.826199822626904 24.784779615987787
12.180181983212718 23.378056621229195
28.312173460977316 23.269624867659932
24.153735516861111 18.228962034520109
0.49405120002977482 20.638410586354411
7.7414770840957896 12.536061374511032
4.6659901899876859 18.490905009218714
18.084502290379699 10.58513297942917
8.5490731280546317 18.622322684518867
19.152250176531425 17.188064928173503
11.598059746863298 22.303471236106446
2.4086962538621908 4.4924754515175227
6.7295797927045964 27.704129459581022
5.9999905909266733 12.429445198614134
0.72225949643468934 27.212082153211739
5.9019849041158263 26.937608423159965
9.1172560437316861 2.6738799497544847
9.8213832247727417 8.9045212088683474
5.1713185656858141 29.609565458879199
30.758535501375334 9.99444842492011
14.035196656971335 10.964455601372892
9.9052451972644828 1.0045373239390301
9.1163849123540555 8.2076381020070457
28.426980991998171 14.047533876295402
29.121874243103541 1.5304964770701082
16.94793212431583 3.8695320438432552
29.199608946521952 24.183192316213841
19.251469912945137 11.030996395906756
14.989680087809067 7.7623947895894352
27.639438127076428 25.529171612276123
21.294050090230897 27.368702286383183
21.536986184447297 28.357678428154532
20.571781016561559 8.6944850486052498
22.938502661992079 18.122269276515205
19.606510502750357 25.120737420916697
29.254550969247312 29.70350778774425
14.056922886350211 8.5919435213786031
28.435489547516386 28.560231886467623
4.8019072000933711 11.486265550752837
22.607008260600452 22.326204539868424
9.8940773626306875 28.459594930947951
9.9675288158520221 30.194064854002306
14.541270108475157 25.492087960759285
1.7373838378140003 24.044590497957572
0.77022885336433888 23.751689439244181
17.97052193535551 15.852748650061606
4.9504567993675366 1.9592851373877536
17.306585048535268 27.203367043781618
3.6682210181364483 16.609026924999466
11.299627210915467 20.537274632155714
23.043500656600479 4.0383460407539769
19.85613446012708 16.546609014405764
21.365675261645364 23.823609723104468
25.727968602557606 19.240139230420557
16.558412866149993 13.699954335065978
12.576657318271559 31.023671421242106
1.1615523285920901 28.04113568229462
23.242096231793486 8.7061007142646982
7.3814014933248044 25.868979298410085
30.83999329177723 14.028576748260974
20.979478967192701 19.89523654496444
0.092227835847611739 4.0989616478874087
26.230277362739795 13.053660657260822
17.787080955160317 9.1237424767396682
3.5565391778787911 30.149219423349233
9.1068398460035969 11.869518559109421
7.6761820842966051 27.373917621788042
22.448755776638997 12.671152880660783
5.7493659162656714 18.919413182745014
6.7716112361961462 18.778145664163475
23.666977006208281 30.062516558049239
27.782607988892092 12.543243388960851
25.241064930417711 27.202040994155848
6.6915255940013223 2.3759191995272766
6.5571227653205719 5.0775298684164705
0.03749742075517655 6.8944805604372013
17.913924967794919 31.099037059613394
26.698469472542072 7.8651201968531907
5.3140788926291025 30.70675670416809
1.3957763951743882 21.066269879658098
15.228167507499764 10.987145182441767
5.4476315435456195 6.8121225016345086
29.521393550152624 8.7462668287290466
12.78655500150121 7.1440591612563216
19.908448061087206 19.802217537598267
11.45502707358853 0.9147697886262135
7.8265603411714508 16.186700988668154
10.797506348707335 5.944392603394868
14.051697250003963 15.985305388512877
10.314968001977549 20.289206278025247
2.8005593276932101 12.724487838012173
25.336989581535164 12.05993525151411
21.300259105793486 21.793891045285079
10.726292743963658 26.853551119037899
7.7551727545058027 28.348235263349881
22.35935612390028 1.6687683348495124
4.8965945067634076 8.4674379459974496
11.127265896931858 23.067536007928833
30.77145773305384 17.282509838562298
18.281267768036543 4.0543915151561727
26.426886438818542 22.990312640037001
20.553137937931691 3.2178474972908373
12.111777092226971 8.6842069033489935
3.6498862626430104 19.684066818680265
9.9550413949437591 14.513743804640441
8.6090879746268136 19.672031752486738
28.128125285159456 17.898427787391412
8.3113823985722668 20.731876567793428
2.4898151111193605 11.07726463499943
7.0844274736610204 24.032310083073238
13.531152311406421 0.24976788611804376
5.9931695954567274 19.822269362764334
0.97229989224549151 17.646817479175677
2.1179334715238838 8.4269619655259209
18.942429726754778 6.3521535596863812
14.832207478529019 5.8526645894801792
16.854485221744142 12.896539407860731
26.285650258585694 20.781371456483129
2.5730672331970585 27.707887236599827
21.291894851283327 6.7226361864613233
31.149328432202534 2.6856885751955515
24.42180593284397 9.8350886526307928
7.4326244536826138 20.921455892372602
11.40311112347757 15.812872086798837
30.309862736378449 29.946988466612222
25.830283249571433 0.33904967442598233
19.310043005617491 20.584608868182567
25.956058508082634 9.8683278260129388
3.0265166451257288 11.836623128651059
14.641627786158978 0.51718531796465128
19.983824776418167 22.589602569171134
23.644574209747848 5.6570671750436032
9.9962645835637094 11.366538064839862
3.9282673961800589 25.476976353885448
20.454486335836474 1.3761977552755695
5.1187537496807023 28.564694715267574
29.889778020325689 11.524450800474048
21.642582621908815 13.890806194293207
24.1926702114325 8.8679450403727564
27.527421884372046 19.526958409775599
0.14373294379385793 12.43492401689219
28.20153394317845 11.564766496874316
10.318570319078031 22.256128790373293
25.628537266122876 21.519718271282716
21.484063791817146 9.1537996915248225
24.994164669522608 17.371112177697068
3.3622144050975207 26.686330480047282
0.018560729941005639 22.668886047461076
19.710317491976145 8.2046485568306355
17.724254869945064 23.009254837638828
15.658511309567436 10.085693644516825
4.8792002180801441 0.0067966048901321003
17.065418264597142 9.6042834241265993
2.802109022852056 16.242708051635546
25.985036673303277 29.827420326239555
11.009740534993414 25.057614940071467
29.755174768266006 24.94549011955602
13.889026808835155 1.2260959811596139
30.984683470577785 14.93845830662568
19.908782777638638 24.044673153493608
15.701519239091477 20.410911295901965
24.275481260190077 27.212683956200536
0.17915486941351089 24.77019286888725
9.4937665940213112 10.550852060138496
16.728911892337873 4.7127946336277944
30.517017415521497 29.033941659691017
15.376645997790623 0.072040696863023626
12.192951265117076 18.184055144921793
2.111256118876101 23.021773835306426
15.432183171455437 13.760904136516755
15.789928957159058 11.999931726391043
15.652575964537888 12.873959501007551
3.7492724126214063 21.535853762421823
24.269664964074824 26.164221184116226
24.873199208407875 0.039695684573398504
7.5501598313829819 29.688150589795534
7.683738980574482 19.64527219976944
21.399614785089522 18.028217880960984
26.365371356391684 28.869190219015071
11.88739911000193 7.7249045266673626
6.0496285990428911 16.820813717668962
16.657202440620075 29.978809898905734
1.7057323145110195 20.133791746767784
27.545728032556877 28.094090843554945
18.507296628822257 5.450067860980198
28.88694873718465 12.333755694535068
23.827506604542791 24.119318437285713
10.781905275082362 4.5995389747571345
21.582449230169775 25.173420153586306
6.2139255746545619 22.047257233419472
9.0804205328308765 16.094218432610727
24.740838359557777 5.5305188215890375
16.27556394354162 11.029487025780888
27.496293507879084 26.950072916625039
21.096115968766277 2.3417680539593873
5.6124945432679345 4.8087835221481399
1.919553605793813 16.547823522547851
10.617501189002622 25.939454261818771
17.657798984938385 5.9116184892919934
12.283230536932225 24.879173258888351
3.6522401200295751 9.3921216106594336
25.412735180746164 20.215892922603537
7.5839356821103676 18.518881155183415
8.5643912825175672 10.964503026293277
6.6519303238281697 11.11051373111837
27.257593464780964 2.6269313257310052
7.1462895812055924 3.1288297568741044
18.329714758043142 22.024548953062425
27.666511158192552 8.0010237788534173
22.400097258297059 20.486066492757136
27.663593467281288 1.2918598537979351
30.943723797610552 13.096482453295449
30.789494235096676 12.121612469718771
4.115124349242782 13.991391265605071
28.228647968016642 26.358620029151385
11.655128890823651 11.142776479293985
27.563699235228022 16.916566278984526
20.7712481197822 10.671591752056996
30.436077736841938 9.0709625462683174
3.4390753722832113 27.790012953281508
17.550175716330973 18.230935652374857
17.439619934954468 21.241193305536612
29.438164761972381 21.334388146872961
21.990734873297956 11.539045729034976
13.334513876328488 6.440472990902971
6.1195753056036528 15.72432072709976
7.283326640395102 7.7238459762017619
19.3476533807893 29.721623524017428
7.4074733277401137 21.922239510784994
12.826615677610901 13.390774247597635
16.124175392410947 14.658858790078806
28.629000926239996 16.909646227363449
30.066811487704928 23.715393475286707
0.26554592696764706 13.730111591020771
13.22991190469947 1.8947288638011699
5.780929951658706 2.1930550841536722
8.8849179379234968 30.106822115537046
22.404539240210031 5.7250524048799516
7.2622253760080442 9.6627388767090778
13.817399450063649 4.3926880573458664
22.880047593129618 27.475526758548192
3.5982070098992365 17.73825510962206
2.6651362730243568 29.245423452553393
16.59104118473395 1.9103581142025325
17.516118203831788 28.326800022003191
27.319626761963182 24.28811199955803
3.3335079813691921 10.291741563322098
3.5537831519994172 24.579602977573057
24.219777819727931 29.238309686821726
17.057288456156449 15.906184002320828
29.794075157203711 3.8049525620589315
0.97352942517994434 2.4234237313791809
31.553091594827986 18.785453109793764
21.802167716907611 0.4209195268415169
2.682475719608421 5.759527175649322
6.2585838362068067 8.4610361265284304
26.414779070019261 30.964244766668003
23.263466809084292 6.6055050941705673
4.3207687975798788 27.883866318377653
20.71450723162431 24.564809218672661
14.878447534787249 16.797315053217577
18.60965003008258 28.53467717683505
4.0507953243973667 12.156726201310029
7.3631601013484316 10.734816776536494
10.841295771867838 17.766791333548863
28.501965703079655 10.250748178124347
19.498533600123299 3.2923701772975127
0.54764878365707415 21.932133308618429
4.6370499971564936 1.1029622555640963
29.169484234655272 23.040291974080656
12.542142850830327 28.377007187587036
6.8340991957383634 12.133456167327036
30.758570439651919 22.007559852720505
25.72576225389972 7.8168536600827982
16.133317405447361 7.7920214560324448
30.673047296578183 30.83793934861529
11.906117542520551 6.5661836257870334
6.2873366997879323 17.91187537508522
15.707351342303097 17.228343233821764
11.829952140850311 3.2404721102336094
28.409546994716059 21.119693309476332
26.565074551053474 12.251240072523842
18.135030191323974 16.969761960590976
4.2495575881458771 2.7051761169964679
5.6613637279407723 10.355973760431967
7.9099194100129875 31.603961398678546
27.373139008885552 13.26029903227157
12.623492587021914 27.054480947677249
4.3790276858882597 14.817489933657216
8.278106526915364 13.386058598419256
15.304550986221912 18.147979684092356
10.94797612490394 14.53872646082182
19.717895414369657 9.344063513233694
9.2746869385661252 13.855509932516904
8.983612126921253 7.2128650906277123
22.060517146774131 4.1524716663137431
14.500309511712791 10.143233070614389
30.513935160235597 22.913488505114159
18.118213692050645 14.854017840966188
22.245330282431595 8.6471274377905445
27.172214072090625 21.329018322117051
1.2324100001934604 8.9188844195817154
20.773642221958799 0.31411403342378025
18.307007830993371 1.8672823926179611
11.681596232390561 24.182487502503445
30.359134259353148 16.293253688140659
26.28429860282888 13.993482325666703
4.1699711971946076 26.588518193910588
29.222389033349916 26.739158145716203
1.3307172369235911 14.336474895695869
24.247805958263061 6.5831887823183033
23.047925419641725 7.6514871028794129
5.6162598188298336 23.144301327467023
4.6620098394584488 9.5709015467745679
15.864248496554655 5.9211634134619127
29.608379012187772 16.90219710236212
20.245876634199487 21.70448895387306
21.955252965586766 25.978458023049551
11.326801784713528 19.540235128460601
15.596502562591651 19.507175634625636
14.686433966052329 4.8901595640274529
21.749102663813414 29.409027285780134
14.356285536767887 13.647560167461842
10.889202720907271 9.0371618162764591
19.792532851528634 31.194419135989666
31.455814677838106 21.226768658518431
5.2429357545276307 22.093907066511814
27.480530485801697 18.38503876776381
3.5547218329793306 15.446274509893625
25.236757237740157 18.275406615192622
19.438571024319995 27.825842116758817
24.751186542971777 20.862164584034499
20.040265620588883 13.758866380899951
15.483698425151927 1.3204121294808375
27.077431523832828 3.8207873513356363
16.097217607225421 3.3217178615824334
7.9320214012523653 11.668404671768474
27.068790492280176 6.8814002431784145
0.023718205086235206 9.8208804611751095
20.273118949778691 4.2259590066938415
22.347166876355907 18.736075742675983
30.739104322234134 20.176802165201838
30.619211435761166 18.72181778213562
23.79434429379938 17.363515938662829
8.5180614119161273 25.766750645795874
8.4243991831213911 29.29788481053982
11.730879332864648 30.316921441354364
26.977879410873829 30.13333458213307
23.645757596059237 2.8731593667739048
8.1165908026838292 7.1993272608787224
15.798256409090422 2.4009813153392257
30.12116815466781 17.929616451608066
29.060044724608861 11.127887375300196
25.729154729827023 15.17078647461056
26.61181349304238 5.8642303776992248
4.333424248463043 6.5841726791210426
3.1917625938773369 31.453244233277246
16.499213242183394 27.994594962751627
9.9777296207557153 23.179646195468262
30.894563751788187 6.251832468067323
4.8297828053341512 19.459973097676066
10.900482140334864 27.941406474338436
12.302650970617167 19.950571360564467
19.628314274229385 10.239416182058486
31.005810995542255 8.4312929836829333
13.100585775364165 9.1647034626821124
4.7975789329416072 21.385943075668692
1.0981665809530869 1.3813915793728171
12.689266342697879 2.7978984317611868
25.815926540557236 1.3002970623030696
29.947241283034675 6.6877967509199729
6.9789025198691093 28.865583028757289
1.2518137724806286 4.2960623313332142
17.61964752928569 19.0618158388559
4.2513677642841214 29.131978224535768
9.5425795957858348 19.010259299680026
4.8117336974517757 25.22113711899819
5.8781082652258654 3.3098393906375962
25.067848127573495 6.797724199400343
29.848080201145571 13.509218060374318
8.5010314372425029 9.2266752760289439
6.1585012512677331 29.161759486289782
10.619234245459619 0.38701841972969991
10.709309058356316 9.910022406617589
26.069548846839258 8.856668996621325
0.39188361396213461 14.704217150109356
2.9488414475063056 25.599783169330415
25.231001835019526 29.312924149357393
7.5043926633296802 5.2562937710410269
1.4216473066130528 9.7834296632021918
11.427812473342394 12.947895999132113
28.397231407105568 19.138180821896579
6.3622123163723669 9.8454570318306036
1.9522305005010714 2.3814328161386737
1.8098601011309232 12.981610696803287
13.480910657465774 19.320957271863115
17.92281554095581 3.1583357801808001
22.915867036857318 10.883751139410936
23.348651888305483 26.631794487762864
0.367306268480452 3.2706924387264085
6.4239062338519117 14.648267854277925
18.95372243018781 22.689055548272375
11.085837754964507 30.985533784012009
23.486320313882196 20.66985256618106
1.1917727681693429 7.8042191419361364
16.941311584109613 10.448155488660872
13.599059857160066 25.983498558990082
17.313836194417267 17.08198803739776
26.789505163807075 1.393521458656626
15.526286615766381 23.117900611576541
1.6560803297579811 25.677805628797607
1.5128740120237194 0.37120989481386923
25.680494871853114 28.17149855097928
6.9431366839900752 13.318543279261201
25.21427561200322 13.02630869498695
21.86315500210555 19.538674828290123
20.0578060195948 18.897996498985687
22.696347816963257 15.944543342808755
13.017578703302721 8.1094372537973438
13.418864521961053 21.853542039519695
25.348071232470058 14.157326483189511
15.527992338826564 4.0231602127113621
8.7849335395793791 1.5863372491807459
10.085623655416169 7.8351851400084707
23.786724470944232 28.016730376031028
13.37771427337046 9.8716113040570086
18.29647845053567 8.1001927393368955
16.830811283300665 11.968546317377655
0.049450031754798326 11.222008339720048
6.0621049368305329 31.385439007814021
12.534826311114363 29.771776795195954
18.887489103605638 16.079141424111818
27.225158491353294 15.954196893119217
30.627083717613235 3.4307571981643004
22.912549906249048 25.84193382390076
27.330605518269888 14.169131685061966
15.976847169234816 24.341409407204857
4.7342604167958049 5.6573400730985881
18.771920078774809 2.7676547984714341
23.528445706980584 22.710796748290065
5.4439251879506916 14.352833838799258
29.81533769975945 0.052911364010373448
1.816384054614705 12.020179289675323
13.00902227706024 17.783701642444797
25.486167990404443 23.37089341154995
26.517076011535476 10.721294114210279
2.3083009517655904 10.049161959028186
28.970030650653342 6.5484319618808247
5.3366100317405358 17.802303865939482
8.2790269653065351 26.632810431509636
20.846661692716079 4.7911612511282851
19.202009671280834 12.450054202497205
14.933410524379063 29.382398160560417
11.803156870512307 27.813671234067208
18.088655679457457 23.755733863123009
1.5134728132872872 10.990164221890588
10.670441523851395 2.6332373889989684
14.413941234336844 28.570416131592502
12.435590659021509 5.7703183985986426
6.8886313116647262 19.992917089654181
3.7062004039867702 20.628872421465704
12.364059427912357 1.4928714413495034
10.833099127894448 29.816878785952099
11.0653739776228 6.9603806035368585
3.9296097935461098 13.032762545062992
27.616282657458004 20.511265374075276
24.265630125960147 2.0973766015087372
31.455619157390142 29.34299624446259
18.523379913948737 17.999690328531194
19.24793190896947 15.22979047150967
9.7830245030553584 1.9383045799769205
18.83463928535441 8.9390942352635392
28.12033929009716 29.50171825979335
14.818548863728852 22.406861550569705
12.277894302743888 15.832623148830599
0.42810671096241038 5.8396786770312721
24.737835976620758 19.230468050670829
1.6766449226753519 5.2013275702825998
14.967074771822388 30.612875825675452
13.070924971630056 24.13838005976773
0.81225911345650414 30.061324893303837
2.4190012693892484 3.4916153444401141
24.816086515777631 25.026877179739603
28.776239375720277 14.977415406681901
24.337142695317873 12.670809847711871
24.609129590325978 15.03611082335166
19.399445681710333 5.1407063176272043
8.1520443952886463 3.4028586947941823
20.164090962261266 30.401997479059588
31.43598835806457 26.637939339348844
18.897250802039796 18.812827402978872
0.86153221221569753 11.874881720473564
26.365789924095406 24.079238072036841
21.523698460985607 12.710194953923269
12.72649538087194 25.992056840916288
7.5886955175506294 23.08038918889125
25.757624694906561 16.80989702984407
30.827258953478843 0.2260978463669564
30.392913255512283 21.072027326505705
15.570595716135054 25.050699543961581
22.252954871114934 31.131024219498183
0.29593841626111561 7.8744720745569907
7.4817576024318733 1.7238379131975414
28.701111719052289 13.284539767311729
20.615323539871298 28.720598826724331
16.272603494268999 0.84488887193821294
27.702056129520248 6.1314161318060059
5.6129290484328935 9.1369938615525541
31.482492555998903 19.774097084588028
20.370996744909082 27.715628154812027
14.502659805485354 19.791209680860792
29.830290451427139 4.8389385209476448
13.966754092082638 2.5743831397267365
23.949742922277455 7.6812520365462058
13.242453741569252 15.497587370945855
0.56611171794150084 15.628206256803528
14.279613018255022 14.986890489724827
3.2100180984917435 4.7717322529862587
19.154446481983349 7.5416689171210951
6.6952589317860429 22.836123380274966
10.320963876912041 12.27268350876796
20.109652791286386 12.411623546343099
4.7343865971791779 7.5901586282773943
21.544633254233876 30.309923435262153
19.867512121330918 6.5897796490766121
23.580881255515799 13.906826915819186
15.076527691100488 26.308897981474786
14.543083584087219 12.761516676323437
26.599706626137799 19.908674644307133
22.286093336415387 6.6722835583643256
20.1322388052345 5.6528118318224152
1.8692853037999704 30.638221307055311
15.347925801073346 8.5923503564660511
29.537457222519386 20.273425703792395
31.300783362657281 27.610475843505977
13.02776254003996 10.763866594695484
16.411664863323107 6.8871531367437422
30.455695446722448 26.230167661564984
5.1711302596570823 24.277713706801308
29.910458673971441 2.5592914602313108
0.11608515634638208 31.371332973828249
1.9280652798496765 18.941607440697268
11.987227653188672 13.789346678087099
23.433452718950882 0.042354962618999695
30.854775861899604 4.4768634614472314
10.868166392006309 1.6814047641230832
2.7589497189002476 23.932489815398714
25.172862389304036 1.9022302025159052
1.452481696935275 3.4117716029433356
20.285176639545618 15.741110175589334
30.062805131167064 15.174393252661629
6.8766282287809259 31.515964517503814
15.505345095590373 27.185844894704051
5.9212348380235715 25.005987434046023
11.861605088863985 4.4317752188101798
9.5056081631537381 9.7055391175353893
22.998093254739754 19.688908564035263
25.638537894140544 24.60184923383208
6.9720501233597423 16.085052309152413
30.021928351890008 19.417496786073102
10.51068698267976 15.533991695599164
17.245776965466359 22.187037113399011
17.506929544057908 1.7495059058117624
4.6097179109188637 10.421762902768517
27.640608968857908 10.629927298610339
17.020306177868665 14.90849125691374
4.4496405746596155 17.321744298271014
15.774742375716791 30.280322977143346
5.1052492779781691 12.564865759874365
24.694560418099282 23.906727725521968
17.870753003116373 26.348735682340994
18.322148506753518 20.880480311021227
10.661707721721266 23.962156783801213
20.508570464379467 17.508343173408676
1.0441909007648866 16.578708058615351
24.809456890660151 7.9183789388500383
7.1436447396482201 0.87029612374246867
9.4653827192770823 26.583839751022619
7.1641212905843252 8.7633214905851471
21.441262280256367 1.3688164109011869
1.5308322767383507 15.428719185234032
22.723415730438141 0.6266457170248374
15.043082423252368 23.817870493313674
0.92142225691868795 13.146696738029382
27.74708038455309 15.063553061198991
28.838479150242687 4.7838991457723301
23.728488537619775 10.511669720611449
17.767712609031964 4.7431300842515132
27.076199596628538 9.7993422956596969
18.13114024928041 29.30308317024841
9.6342915233691198 29.266695418579566
2.3464004214262295 15.259844962798205
1.7427160537479831 27.056674498495795
24.711165537793516 30.283572516556337
28.116907217210247 9.3461233418222047
15.838802609585073 29.136164744647918
29.866459086382253 10.389859492717264
17.553174200291974 14.007822265181636
29.64259369631279 22.243421986186519
22.203116420983964 23.251673662005526
10.922500408143284 28.922038777941061
13.659172802494709 20.32582835798291
24.721700292899087 3.1182188679467009
7.5901990978736187 14.031507718743358
0.9451665565765428 26.19174665353508
16.808947315731892 5.7428429844644722
15.564470474137611 28.213757459791868
1.637532335747566 21.920668244737513
15.742917596163581 4.9188164207106606
23.537128186247926 21.564640803463821
22.637544530198564 29.554583703297524
28.684348744644691 20.110262974976894
12.990172265560663 5.0353397696322535
13.924510862982498 7.6282300693243501
28.440247815284064 27.486547426476701
12.530304300316413 22.091408789193501
17.108699776431784 2.830590431125541
12.84136947287455 14.636589923295013
27.091360156190486 8.9008248215595227
27.614188883327738 22.242078363743587
8.6077786936450593 14.54446799795114
21.177658016639551 15.512169493323274
4.0833210542271834 5.0303208844002762
26.061922831030557 6.8142876190470183
12.99242865031454 23.044177988623211
25.831788334719658 11.356766497023646
4.0199633252952651 31.406992679487445
4.7166162135977432 20.317648372104824
1.7454990756164668 29.585578518528155
28.638915646316626 0.7249738044213514
