13.135479931162026 30.134611854788389
11.297654967688331 11.283130439326545
3.4315705037072002 24.442460976306361
3.1827053340974767 31.333101870209756
4.13529628872715 20.639880094935954
17.60902959035684 0.93567136109399962
20.683549761823446 25.6954734624174
24.648072414236367 31.302914221970571
1.7152836842508694 2.1342254979718547
0.76640888007275987 18.060367960220841
25.929375886546101 4.2308135549101342
28.599202785045069 7.9863568762504524
10.74863741885151 24.362640428534831
7.8039456794055129 25.656309204967499
27.884011926255646 15.028281872554695
4.3704471914423451 23.895065052827164
19.876259789010923 27.894676074634241
28.812999373351808 30.2641260070409
5.20925752463069 8.1155206755573577
18.299745867034314 26.974792177189045
28.28944122627135 31.218354411888598
9.3039158096818788 0.24887663794288317
1.0014531759456162 28.746621321488817
17.855796706078365 18.907783621643496
2.3653778383159794 11.937188829269392
27.690831775740897 25.366027019445113
5.7802154220145461 24.67369313539271
17.3580791583781 2.8919364578769939
8.2632249573020751 3.8781608374965026
20.417996412089281 5.9258628939786817
17.286350306205133 15.382057433595129
29.895824708224897 23.605667181676449
11.507549327012438 17.996942605594022
13.128518361710791 4.3020177508733894
31.583390453357723 2.7376031132296768
8.3791071357737028 2.6401493383714603
6.6177854724752541 6.5954448704267756
17.954150220971762 2.1060802649487487
25.320497331403097 14.987220329037932
3.4298779880055528 11.527445807219046
30.455214152846104 18.819902328666679
30.687524859534541 3.3729553783435584
30.772704187902136 12.605024753154984
12.599831184736766 8.169686549689148
8.8421925979179807 18.427194258413856
6.5510360160079601 27.091058901170495
27.877171335959019 30.287877288472661
12.557467027299365 12.939766561810947
19.932046296772874 17.442226334766211
21.457655070614198 23.805501650311115
15.24536388508422 14.569960098564776
28.365154500701546 21.512072168580083
13.736141420727483 0.6200417282547338
11.321280305580425 23.601396605017587
19.468407731138523 30.043054132517202
18.496752017683374 13.698767026924319
28.691501617684217 25.270242399596548
28.673879107085948 23.029133597254095
5.1590742730740846 20.235674422177564
26.832281898732223 24.944259158011697
26.881654421866607 30.679356668554163
14.689503236489175 13.863825860188612
25.246479698517948 8.0096710193392546
25.531094262418858 26.081125565954377
6.6220376017722273 22.720483143645584
11.834533899942064 27.044290171524537
10.789316535798315 22.730719619064189
19.807946169566566 15.342576349829177
5.3829882080510183 17.511340940074536
24.513915945774595 9.9071709027436494
14.292367493605518 18.327076185522557
16.965431422713031 1.8032726336136109
22.821370278675243 6.2128149063978562
16.973060830323927 22.598679882280447
4.6267080836528436 13.835278724948809
27.971083694248708 0.49377654607539423
2.6990905629067683 0.59288420527938179
8.0634798675227355 10.444398114741155
6.4688170174733122 13.507728681236317
2.3329631079819881 24.198353791741638
14.72733371244793 11.586037825221252
26.017487255246447 7.2986222448994909
17.11990651657786 20.617720527131958
22.583237410784591 22.272649484853542
24.28229815902208 16.505695706217924
24.799337978328516 12.488807564279082
20.609729148108254 2.5325291766394633
15.841312173432444 8.4332765812770987
3.0309187762009753 7.9850835729919885
2.6689133865891912 7.0159563616805318
26.230685400503951 5.3964597340746367
26.159906628586459 16.152205326418645
17.951202904575972 11.323426544807003
23.914419778858186 10.585436953963853
26.552726256722288 26.742023339639001
15.985419311639518 11.593095451622128
7.6341755039040251 20.384157253111201
16.264659674305868 28.964129916385517
0.26921430714903721 12.305737403355023
7.8526769410653223 24.762581646410812
18.54581431209483 1.245816395396999
4.3880495869523797 1.7128815001299795
14.528232970570821 15.382320441825762
10.062288617991175 6.3873142954174034
30.46352855203742 25.694227840728303
16.114150115477567 2.0486620255921055
16.13698994955859 3.8700365197806708
29.194761383653219 0.065606106131413766
22.27770887607679 16.179075538186773
9.0011437697070207 24.972889132680184
19.4510439327277 5.1045534445524403
30.360083967923693 10.572283416112155
27.345088332050398 9.2100613151319966
6.8119291058102025 18.763570012707419
12.995501651296667 27.406833518183817
4.8974328784112222 30.71296391179418
23.101717420870862 7.2205329435704311
19.876386610317422 2.9348510456328611
15.460702901279566 17.693420877480612
24.13083257917825 23.52099027419046
8.9254232496480679 25.81374694110297
15.334769478607683 27.996948180349165
6.2687114588797259 10.445076251374926
21.552798960513886 7.8815871590330993
16.116832380369768 30.053871558457907
19.970825236329532 22.699037970505277
12.556725801922587 21.728765693458705
15.886667093649217 18.530222081076086
9.8705627190704224 4.0299746666348835
27.340505501915057 13.524788233616638
27.898525425166032 5.082608039886658
11.623051402330628 31.047124634967624
8.7055325106675472 20.439479912245151
30.181064018270501 19.97925294417642
28.604336356957887 11.077635769847927
16.587570502757288 21.694211952218676
10.800506894285073 20.905676430436767
16.652687438994015 19.693549792810455
27.649275149862824 11.126133429804362
24.918352651555292 17.849048927262011
18.223316108515832 25.8893598114024
6.0635540872799378 30.955392814950354
17.148845691154595 29.485799790174937
31.369489534314205 16.871912372016993
21.940299302107935 17.819993211054523
10.380556053107769 18.061534661750571
12.377080416200792 18.550479260555701
17.519221077893388 0.0041255017729473738
7.3799002225621084 23.505344326833235
10.896521003042903 3.8984582053962087
25.266427361167448 10.77426137297282
21.921944464997182 27.09572254591367
6.8299084327281863 24.301798840415071
6.7777178477227311 21.015730354456679
22.319485644354142 11.237340146859703
19.091121463684296 9.5818341975624612
25.510803699657743 24.443645809590215
19.244116884103647 5.9884069212283677
13.309843231398045 18.541543045349929
31.148196127759565 1.8329819621120242
21.706889686109776 2.2005229302279155
4.0751828458056671 4.0773365006540825
26.400296107545675 6.455526865683316
5.4029647805367844 10.286643040301762
24.912563635630082 8.8075553627044592
14.071488086192547 20.556199378965694
2.5592604703674673 16.624191324044638
13.062747172787891 24.661518862415392
1.4889132727359931 23.617135289488782
10.971596365286469 5.5353538710640935
6.2507247345436054 0.67360463364489598
27.151082479536029 29.587948695020458
31.455601040895615 11.420741817502245
25.473874297849122 18.641141776529199
4.7221379460887141 2.6263788450850445
0.40283139015704783 7.9743184934722731
26.871600573821663 22.950245296601853
21.837665992238549 22.979872747542984
4.1814446559461897 6.0932882206111572
8.0462927542052878 14.426202815254225
18.998698288496477 21.236981036085492
1.7968380726160649 14.309159506124457
1.9097954159390129 31.582175536281621
29.67641740453659 22.659063252374047
1.2079622627132809 5.9973823210504573
17.251533460980593 26.386986387426582
20.359095608086882 30.978412164145652
19.110675989086101 22.476915016965151
1.6438002681539796 12.773709918962481
25.776554457759755 12.851270051975924
3.0054482666127034 5.0038367452051071
17.384759643513359 3.986095657380968
22.729972581622988 23.731427325143429
28.274269487620376 7.0963393637704586
29.547743578494483 18.375238661739967
0.0062144262405396649 3.7165719902028509
28.901162828341942 23.958496512805002
9.6585023006695927 2.1818878429522641
24.247374179656966 4.6814612906861361
5.4404587780826308 22.657173589657614
29.903077335651687 9.7093984120362222
18.308752796963056 31.194179061618307
18.8859389666477 11.815497461365338
18.947306752607698 10.827797833937444
15.084822724240123 23.693509682720055
21.683438749539608 25.20624766863634
19.242673973705852 30.892937570239042
9.4952422749603596 13.052212346613597
27.841782293131651 26.873958384786498
20.016938015222198 20.457761934678079
29.144758187929643 5.5358211816446659
2.9848453360794802 2.6751103732080033
2.2931533437102303 29.482875181869431
17.937419564979557 5.0443804754418409
9.2923443442851283 9.1587045528459168
16.146179311176997 25.688768495857619
10.108197027388034 29.775808724230149
8.2555967473628531 19.457936240228669
21.697837907222706 29.125582499839162
16.426726306191533 12.679698548991649
30.203905837104021 16.908931520978488
21.722211050593529 20.957930453548681
31.2456350694459 29.173468075837679
11.729180563526528 8.1199084763403118
4.6390581036484946 22.599808886408649
7.0820744929804169 11.270671432385106
16.099470121440572 23.278558109337528
27.244619187396538 6.0123624739319386
4.2655823892439768 26.082829928832901
4.4214924589667026 8.7888867229302772
23.226748984855629 23.006740255419679
23.660924434183396 18.292038219181201
14.03207640387153 3.7756492456077817
28.576381010293783 19.120862359746067
11.448817836239597 20.141620585216575
26.134634835911591 13.789288125042052
22.516315345374867 8.9444009649407441
3.0103622501161635 30.408627709344234
7.9960728649614747 28.431911118288298
24.329387797201662 2.281804233769066
3.9728642174393256 7.8543659178657927
30.06364872048557 15.658540668178082
7.0700110204509476 29.098562849327546
19.201292938392317 27.414423103661012
1.8713795404819 26.924051197253114
26.949239456479514 4.8336372051068777
20.850995321244252 27.854629908999808
25.742102985152776 11.876719506141503
25.451717503283813 9.6387537892923021
19.419644355051172 14.120016162586426
8.4730487775531547 0.65600890899806608
8.4773435179812768 12.437346351443912
20.811543548461366 0.4750831447247098
23.116940182915965 12.439748361750611
24.697286681105087 24.739209792918547
11.855034001109628 29.48506542132473
12.469057105497782 15.102403398880728
23.283247939380896 25.076667508601034
25.939485594913062 25.421535990227618
13.091574335812634 1.2444956934849225
1.1225931020341966 11.981384920677042
26.166759128825564 8.4687894516011006
29.847821785296659 4.3920002222386101
27.641829856687714 3.1510635215146583
7.0654366212346078 19.662441976886853
22.664916593295889 28.67236340896654
28.311906743860934 16.895292850916938
8.2396185201837469 9.386465517397653
16.909185499446259 4.7375257947516536
15.171838224838909 9.3098058054605488
29.140149507088061 17.48969661279444
21.178589619690179 14.022996373078461
25.214192262708526 16.00520197097233
8.9943798061101639 4.3823349552845325
18.986782870949554 17.197674366794853
6.2823722574075864 14.571297330826186
7.7629362211038497 4.9283828677035437
13.194572917836059 5.8532125761131644
21.058365372624692 6.5982096845072258
25.122116920275001 29.663674128148397
28.867966044891769 27.556273643877088
7.2366956309043626 14.110291419136052
4.1841145119452792 24.987577899407086
22.303845520881623 30.741677095862222
1.5716375524255133 9.2985485672959474
10.33489856708384 12.521212572119877
5.0648857194620458 11.348443096141976
4.2386547396033141 15.131912785079313
28.222928394774421 6.0422109735259619
10.958547014320539 15.071267387163472
14.536236009617223 29.5169359095473
26.195239841331997 10.468643140271748
4.5887177572445079 29.458992835616804
28.121117869858882 12.902058721208098
18.258074088338951 22.073545908026507
10.667020115653644 1.421146935428915
17.771481224778018 7.3303540829502838
9.2206274921745042 17.529030425248333
0.34743580906132793 28.065352655197348
12.057407540504867 19.407593463802428
30.24475962938202 29.014680515217016
22.865271741230529 26.637627643932056
30.346589872621458 2.3398155842325155
3.3665227475457118 13.41077082583816
13.346287786012716 3.114051977972752
3.4865316785021103 9.0093833062354509
26.769748836266931 20.253980935651555
11.658257163440902 9.5185667977576376
11.030244353968744 8.8376562891447996
1.0097536606197031 4.9272220070411867
1.7610410720052962 16.110072066311496
30.179538499846728 27.746320301594313
14.620471449807647 10.17498189929869
21.590396970267147 4.2723958750579154
30.627093494019753 9.1594787260849095
13.95752600696404 26.875544230471068
12.211804578127396 4.1080857061500913
19.396491818054784 7.6526161196420102
15.260787361194621 26.88913363265079
9.5344479604212182 1.3048234036076023
12.871366172970378 11.920131498992744
15.501451561301224 7.4288066727264876
22.080308510589791 7.2342376402713882
2.5954254141501392 17.650487344023574
10.136087651457316 17.173537802200872
23.022222000132128 19.00162665515473
22.208063625193905 12.214283034176889
2.2507082907582632 8.4272261430452495
20.875665415090619 16.433265404455518
19.882827168816441 1.2312028188040716
10.104499922895096 23.503793752900574
30.647506877731807 31.161772591659254
11.393594906805255 3.1206443235479524
28.207148226606556 20.301788060849447
25.724819379543838 1.4882554346727492
0.079485884146514446 23.636349004748567
26.78178695892084 3.7911591129027586
2.7567673087248128 22.253087304036161
31.338763267085696 14.316739204493921
19.114442526540486 26.19061781589436
19.010486324382317 28.687416735398063
21.877742286164427 6.1503174799559259
7.4859504882982666 3.1562716594710776
26.225908301150447 21.174484544055463
11.991630276076137 20.994086750783357
30.41730878493339 17.757081832376816
7.7836715930127944 11.725132578087846
5.4101627103863326 21.255246557383124
13.721487346790596 12.541132231768451
17.439957611358366 8.2680653891029987
24.413738332773587 29.147311692852586
5.1252792858614162 15.279048741501269
12.74117653475871 6.8447518265585572
27.875688306436661 4.0721298149885028
2.769641372552671 25.181055235739294
15.495275800055033 16.603844987043903
22.573975345795208 25.746059077392928
18.986916257105136 16.205690404913547
14.027276420861467 9.2975282660325913
6.1231453064125727 4.8051757342840071
19.931317430680714 25.215485542466023
31.057378675468019 19.899185388115903
17.707933263439074 23.006745682199401
7.257853674707559 17.682361766348617
11.903659996802967 7.046243461319488
12.683369182525565 10.968441467728988
12.285231469580591 30.449580764553023
31.062051025469714 28.189643139087629
30.528080151080083 11.758514743806982
4.5904609133981298 18.559506923926566
6.1251954517364826 23.535878751645622
19.922387140251569 26.522421826269934
30.298350733305071 0.45551083788311281
7.2494168391708715 9.1031451260997436
3.461479395088034 1.7562490357487086
28.354148472274673 1.5968305229193116
22.084002613866936 19.914060215236507
5.3453409539528556 12.370018926967655
1.068485730942728 3.1250562561222188
29.07119209793526 21.877847284585712
26.938092257994228 7.8977571575658958
11.880625981738014 22.590625344294171
23.216601666857141 31.253768721957478
16.804898474362336 18.765988853151853
9.0052645674269467 16.551830114037639
31.289871221631682 25.999488461910037
5.4744958655276461 0.071611620447619345
6.5040742173385899 29.67565052463565
8.2337080893357388 8.4446608947678516
0.77905918012202235 10.967277061663962
23.695383486167223 19.75423651829686
14.944429303746702 26.128789954018401
10.930436017772843 26.556284807680829
19.79524583837491 13.272500440749861
15.718861530933294 19.79274120522555
8.6148827851322221 5.3524532926174615
12.447322503345807 28.860886115579458
25.651787339892564 19.572498181366125
12.789458177662276 31.437620165542043
8.797661307279343 23.011435130711106
0.23160415390484407 5.7497428519979694
15.656053803327858 24.414866323426988
15.081201670620786 18.984973773079702
0.63609226042911482 15.957052451408209
14.293193898337957 24.256705848237964
1.1680464027615252 22.138003481398776
8.9853415357849329 13.764535842875686
12.02084295958546 24.529856130921836
30.200252530716334 6.6002744364212722
20.924078941246567 20.500553611881706
18.295727608346034 10.130050382655719
20.174437475870569 19.427079526507161
1.826883956208045 7.2083664121184938
15.651848726088229 31.295633931921255
22.577272655317042 10.201532802919507
15.336724983725029 21.369585981986901
30.717371957025044 4.5664239091544099
9.8967348122258318 27.403512569143693
6.5406199371021305 1.5522576710303464
16.67614966378715 24.860795543408685
17.053905151050699 30.498299643954915
14.780263774243251 8.3881642686605762
3.3812555860653255 25.912456773017905
18.66172158520412 23.378234635970536
28.076045939898858 9.9672432893773362
16.900365937011276 11.750778069704836
1.7113066859640484 18.324381040359398
22.185555812808655 0.15954915126076921
18.029007443089625 30.256361100485833
21.566367910295362 8.8397890923738416
26.768111229602294 12.756025811024161
24.660088139293968 27.906853990217378
11.086974586752534 18.891795293461456
22.496369705299362 21.379858391118379
26.427877079641704 18.310109033800344
28.965878170123496 29.227645927245455
16.230887846314708 14.017210419800923
20.667766799428346 23.047750189604486
26.983829533086855 26.078341992786306
4.9367928373312528 5.3693230731107597
21.37249787714174 11.265286453500352
23.448287603368112 29.341140229075023
3.3772300498900574 15.654259546343944
2.0341560928423208 22.8626257898995
5.9165154079815911 19.380732323920604
19.05092651983739 18.248237930687033
3.9556742674030168 5.0584432697200237
20.594376817486545 7.4670408389924985
1.9622912931675818 28.572458388029375
2.4834223760301568 1.6109340421504044
27.164044035448548 31.498983559801243
24.546070791933126 25.617278274622009
8.6566647881469923 27.844165546768505
4.837931894270314 27.857038127327609
2.0746249716163656 30.699587204924679
9.2274651263232794 8.115682953162457
4.2060299281801514 27.105406835560537
21.833788793429751 28.03477684362171
10.199463670964597 4.9523405751471694
2.7126988344041418 18.66792910431003
1.0653642488250568 26.051164584099212
28.067052304062344 29.107670385872673
21.529230712734147 5.2321191639618023
21.083623444179 18.52930022930401
0.73857191858608495 19.092695931439369
9.9815561676468736 24.885398128067553
9.0884035609881675 10.126657573339905
1.414922725232713 15.216078841819813
15.276150001272711 10.757422090634309
23.910278369525692 0.24605338102953603
21.40994120527915 22.113229367203836
3.4020246268494514 27.350814017598893
26.443417239909163 24.106758301271761
23.158886786204636 2.4118273680456204
5.1598351279450361 4.4525324307051291
20.408948226608857 8.3740228598927864
11.087337452052397 29.869003403071126
2.7770323384055948 14.429995411985141
7.5813817272679351 6.1744519599920658
0.70513326443668189 14.474228672830982
25.473792920182646 3.2033296604126091
23.250575233388041 11.162660753474841
13.042861306829881 16.002628802291675
5.1731459749026216 26.474549595717612
8.9175928876053554 26.938294090385984
13.85134738291795 14.302405580290422
5.0070961920988939 3.561359341373556
13.737689628293936 5.0043803339043338
4.6452682471825604 19.518154863487531
3.0572167088605648 12.54716272295264
25.362289986396448 5.7561823181304232
27.769062773792573 8.4210643900655828
2.4059549538003546 20.749486038133952
4.1434199308075534 31.180341734471504
10.178339530526856 21.73034857284285
4.44782901652232 17.487357662871233
26.558130002576611 2.0459240627090161
0.93819752578761983 30.754643505267733
17.353244116142381 5.9963442341457354
10.444847467041598 11.494869308875161
25.363277200385124 28.44618922619151
16.006681990862102 9.7170352393512456
26.484037234830375 11.439210264125981
31.131704012909214 22.518312198691081
0.90134274939349346 6.9737620110099758
28.883932352869426 13.511935153802037
3.6353613652735435 18.902435563850783
2.0469940015430064 10.225631879010413
24.031471850500637 17.339230788133349
20.127614332751673 23.998025391134632
21.39270103052576 30.140227960921578
30.466805488495996 24.62794144579026
19.604622598813499 12.376365670345276
27.30074803295539 1.2188438373307986
24.706775949874192 26.776982024753817
31.3104305748702 24.638951331434374
29.54549800381691 25.863516215884211
29.476052069221925 28.39774695451576
9.6904461089503275 22.536981466252705
20.726979153378878 13.113346462820134
27.12504263287375 10.319353787058271
0.40718699845639228 19.954754302745361
16.375182090759569 17.275262906680847
26.934130943937848 16.740794765706248
11.202113502556614 28.47370939147493
1.0068310391868496 21.05937099938042
24.434769352629932 20.823242454201885
22.578376206470956 4.0685714386537342
25.361103898032866 17.016345696358577
29.647643527232749 11.220313712036537
15.300863573662474 12.353608390190539
19.838002501383059 21.520948505631551
27.954365102784838 16.09632285831113
1.7449026450200595 19.343969928294204
28.227116685542136 14.1955937924729
12.933451066408661 22.709754619016277
10.8422081867163 16.267579149127975
18.659460441090037 4.6103818160419978
9.5246297063246352 5.5589289794804335
27.037142164480642 28.599469941845822
18.927885808944986 15.027221733647224
30.955313890936157 16.052567793386562
28.024502236387136 24.350080124664203
16.717039087864688 9.0307575709776025
26.489590266287493 0.78620260975512402
29.524826097178241 24.732976529719434
22.79323184786292 15.103896813457155
12.526964693253698 9.1792816789684135
19.778573817698263 6.7978093962230943
8.1711806416213211 17.51590860897528
7.8285850515363551 30.184788713544432
23.885426596393948 3.1657864699008087
22.460714627709638 1.6689529602747717
6.3416107580625427 9.306144380477896
27.354646474199235 7.0934004428625936
28.895632730467508 15.602047146968525
7.5727895059105421 27.378884763655414
29.427561460726015 8.7430791228894478
9.0662670552523785 14.761707269625591
6.2341963318849354 8.1680174996702153
7.2716831726684443 12.781963351462975
13.285615412056865 28.233304911648645
0.56710554152371639 26.853543933695278
12.810494667542779 26.477462902138512
15.977336704509945 6.6197911106082117
26.38930994186471 9.33979027090448
14.820887487808895 6.5964437474689408
12.025238104858474 2.1338222339256698
3.7071027121397369 6.8692763423529595
4.5754159256268663 9.7970840540140092
29.506768325452136 7.5086784855764508
4.3295322620261629 16.276246279524074
23.653943340119124 1.461870922756773
21.314451096249311 31.21215276159435
18.623914681326863 8.2258649781965101
15.724408125308095 0.77125512430761267
26.402646563305595 2.8961388976867313
30.346861433523166 22.010065714543913
4.5561951312786473 21.531666750078799
0.72357870374539024 2.108112879578171
22.0033087150446 14.431369717302024
21.557418863328934 26.250818779935035
31.23842158987728 8.3200061369171721
18.060493311810934 17.959322167790162
30.043303679305499 1.2593367665918453
9.7651680754247696 26.332051970145976
13.719550456334657 10.541610658075696
7.1781772063446656 8.0869738443258061
13.38628254672996 29.340832244075315
2.5649090482525074 15.383557299095109
18.569814427523898 29.586182343136191
7.9892218615636788 31.36539181032224
21.865330833452003 13.097277411822564
10.069704008344607 14.151462863850432
2.4863105370069714 27.873904869970371
28.874729449633097 4.6302722962634757
17.055919181879265 17.814829144118917
28.701432217223733 2.6811723556511042
29.427281186531914 19.436194086351094
14.743689151911397 4.5369986798975646
13.067715257660042 9.8613110415918666
25.370430955606249 22.311003650864567
5.964496483042824 15.700510353602137
18.05099574213968 14.646290152134688
2.9526079037345561 23.439903035590866
2.932192192086156 10.741492521539415
18.279099291256944 24.669875894693117
7.4780799647203624 0.83794660229354101
15.242343251508396 25.214702815930565
13.654808635009305 15.234266442250103
15.329565978266897 30.238364479572589
15.676861882317095 4.6204503069517147
25.035739092728512 21.467009957733573
28.208579991630295 28.148282012713679
19.173778880651255 3.6611629899921607
16.174067107511146 27.566430154238542
9.1086841633385713 3.1460169543263152
6.0804407193471661 21.84521969425511
13.301703994991845 19.557504715394401
11.697351268503661 15.727940130165814
30.784718772986274 30.131169309270163
14.236185654886009 28.601663651813226
29.792961798930925 3.3305984146030445
16.55834617914326 31.295451346502208
10.198724195083637 8.8387999148533876
31.472318519706153 17.82117938473591
30.715933850393824 21.066983366045825
11.99939354472955 27.939426616811915
15.680567296805027 13.32382534186025
7.8363400781517276 18.642485320252174
17.260178369215282 10.675316634445773
11.417710408603071 4.6778972809337702
16.543182339191706 14.87303068339725
7.9726907062929584 26.568630675069794
7.8607188502998051 22.6882596599484
1.4418423754465564 20.282512221400147
28.374588193582301 26.26274935127342
3.2271302437140665 21.107331073092208
6.7196096388845401 25.236117987758195
14.228853392894184 30.410614473087485
11.235183938584548 12.667096723668783
10.455502161733614 25.704235489188775
18.86103018425068 0.44817525853666818
28.651001631710479 9.1783174521607709
24.432591298063386 18.824519618621608
5.1807441884966057 16.478418411911971
2.6265879720456957 19.765207073737795
16.344416874227068 16.066463847800591
21.06988257641256 12.263444143226261
12.226786606483069 16.546553153007078
5.2836177193731624 1.2521723911372371
7.1888520077634661 4.1359072425322108
9.7078719272681351 10.954937880275258
30.108875674164945 5.5110953994963845
6.9484724372042557 5.4048552122343949
22.317863114049793 24.504175414776334
20.88146280489762 24.557850242768456
23.768457058946357 26.021877854434504
2.1295508795383569 3.0635124675722634
24.452363860516623 7.2795357700749905
5.5849224343863684 30.038546526995489
22.592109881491258 3.0968672160469901
21.599191182864985 3.149774116472404
10.978637404759032 6.5414013332337895
22.843023145432181 17.671607775052962
14.748190359502953 31.335438962187691
29.414082382816161 2.1297788737418073
31.486968897844182 9.5754588116090549
31.321238729452947 27.083980852338115
23.329833536920201 9.636361591751287
1.9757450958148248 21.612159098123609
23.038396492838832 16.788779497621942
24.683822569562821 11.400390061456793
11.259527377132505 17.105569090952383
0.68808870618230522 1.1685030521166775
10.149064704449252 3.0281500233825476
22.567061517659148 5.0967139176163103
14.492960389605125 12.925694066263464
23.405377205916544 15.835342121418382
14.66273462976096 0.69029726654768631
5.9569484042547627 28.335949458747084
22.936235859429797 27.688801845076316
14.915917169811989 22.668895396819849
9.5909849068620474 28.336182239108673
12.673637118017252 14.311230406144718
29.337444345976195 26.806705446662441
12.458816681636877 17.42611440848038
23.494309154108809 30.342029918965505
0.99307528213466334 13.505866666431645
15.317904792536943 2.7327102415205795
24.398639622755333 30.385708180045913
31.612272972832024 4.7015778690585162
13.37200487104791 17.503491235488983
8.4880234307595348 6.3451064372262662
5.602733680259476 13.173608045824889
3.6510225706450781 22.013347676605111
22.613981611994443 13.634421013926209
30.974171409737242 5.8237603483071911
10.900619715188324 10.256839007609024
3.7468256246593503 14.361611890136684
11.225293448204559 0.28928499883508058
5.2360739002855645 6.4528579922816478
20.785731173677629 3.7223193947494608
22.896443443850156 20.27495140219721
11.41305053348786 25.199279825006226
11.990494193916065 10.493706126639546
6.3517404046674111 17.799133760657096
24.549235904692093 1.1392310761311288
31.272968138701451 10.467307387060668
24.271913586165557 15.420003832816585
5.5717151824385374 18.56944480683141
3.7653196859740077 23.10165280346958
28.466563811491628 12.089933469734277
29.021971980541245 0.98964340714469501
25.214479865086389 2.2431964658785839
23.540889323210372 13.331314198001115
29.360241418391407 16.454081543318431
16.740335616701959 23.884752268125329
12.381380499902283 3.1465230124349608
6.2280498890695934 16.718420715830142
3.3604021134539654 28.415671822552454
23.880131595546828 12.003339845124605
0.15012409185877704 21.924276593557771
0.85659075521629668 0.11033351673143006
15.385942031956585 28.953888671150466
20.720575556236501 26.915669746503266
24.314814767555067 14.45653414051492
13.59732914984877 8.5887473289549465
17.179427034665778 16.532529889243325
21.658619360530743 16.884550149174956
20.798753031677109 1.592257055447557
8.7150196200123791 15.61351148595752
1.3587975064050639 8.1418551242517694
6.0448812296867231 7.249308933140445
8.5698687670225357 1.693441391781644
15.216126642853602 1.6426667048425141
27.319431441701564 27.634153165481017
23.432352024011706 5.2896664656786703
5.4801087911137225 9.1391429280104219
8.3012887938199409 23.972871559862515
3.1831231710256116 3.8760049154724814
29.719872330756719 13.024134644382332
27.413237745704844 20.909596814158874
10.34350130308828 0.50000771748290562
15.598172009499098 15.434630436838972
18.554266782993729 6.9993864373085311
16.104781656728516 20.803052405609051
8.7170097063167056 30.839192891552987
23.909957521145536 8.0057206817466575
7.2588572240892555 21.897193487583124
15.793552538515859 22.340294039103448
10.655149278526579 13.612008298826851
0.45973074793474356 29.546839299239029
29.171775983726885 14.770097550343104
22.488947524826379 29.797876234241553
31.356078670269309 18.833642531629991
20.749767680784828 9.3355953841456696
7.0643984668277184 16.518913769700269
14.539529999288236 5.5702861632055116
29.757608387085334 21.043600978960416
4.3039687976205334 28.529029971681254
3.5593006532053351 19.912859859240481
17.971890639375786 16.96959433535001
20.294262575917287 11.689228497581366
8.0433479883932062 21.316756765433379
19.892904157341164 10.891299702163632
18.132859641749139 15.846343000153345
14.385519286335642 7.5709594040268016
5.6794972375942505 2.1133546789911262
29.82098202864956 29.916142799843449
25.915775542257286 23.19138108505933
19.954670580370237 18.593023754129263
2.7485533348429803 26.607375315209801
13.029647973055294 2.1097491187672257
29.670336769852426 30.932142502441533
13.412849860358008 7.5505035674019441
14.198241930679799 2.5601998383196016
13.693239795070964 22.06421331655492
10.752554659066027 27.532049828836509
26.091816230624197 29.007884162544951
18.550778184116318 12.884939194827821
25.586081174929099 27.187542388571448
24.720247151280734 3.6277779914532107
19.40562164965452 1.9356097781692752
26.036588538534698 31.539254594638447
7.2025427196971945 10.172189639017857
14.202382479595601 1.7345895718076585
20.49307562795801 29.963969888402659
19.094837477673604 25.042805832421998
4.2940575296001775 10.863925965994241
10.875112535167151 7.583351014480888
17.78154675573272 19.814126944120471
3.0605420133505929 5.9735696330391566
19.807435004399597 0.2099384927289234
20.579598903238956 5.0248444269944903
28.395489404709995 18.132613497124606
9.9595939352762386 20.375145109299559
25.024890315797787 23.483889561565114
8.415074529713845 7.4423731398128394
8.73666987576763 21.966273185561473
18.741660944935177 2.6176660879003122
8.1753221137191421 29.405965509532802
0.7691415730993193 16.900979796634555
3.6008790147115213 10.074891363960166
23.826469610220073 6.4814289192948067
11.747984705095941 1.2963849222059327
17.703437916819716 24.041254995837676
7.5809908315286654 1.8066795892324867
11.286770094197546 21.809504122652939
30.216780839477373 8.1222798978670578
30.497637356158904 14.873680491553415
2.0880758511561863 6.0096435964248913
27.46090003056813 17.470624774842037
3.849252985219497 2.973913500043122
1.860190685389546 11.173910032778831
19.569243679190009 8.7674664668473774
25.532168272889852 30.770697504091345
27.676210303604186 19.482515019234924
6.0405963376082967 11.484405721377147
9.3088478083772888 6.8721733220168657
19.303973021993702 23.913972199843645
18.86317766930177 19.214355405637725
6.9003364535882321 28.141492643292167
22.836659729273642 8.1678547404535671
13.376190440892829 23.738902132253568
12.831333151042472 25.483481183572096
4.2171184825359784 12.079037308141874
14.491932980045995 21.628607862786602
6.540048669636418 12.313043743150688
6.1808814731842485 20.361217482732062
14.532274653788781 17.466128396318883
5.9470388661508098 5.7961296748484452
1.0939674351114672 3.9914883159519556
19.999259418668572 9.9292740430201221
18.288796496599218 6.0258750657540068
17.765326233168231 28.814078086474023
19.982631328117304 16.364308960784744
19.869052605106774 29.024127478933568
3.219506401316313 29.295043866705203
16.310143129264958 26.559175181459626
30.762832864429075 23.436962975559588
31.519057962114736 0.021379688416638409
2.6644936045500764 9.4316544149123445
11.842294525249198 13.517293957096838
4.8157433009484967 7.241019269608957
27.601392039850843 2.2680387002195839
28.841846664563754 3.6095906598157894
9.3586124678042708 12.006507053091497
27.931002699972638 22.72901446702538
7.4546501755212997 7.2359625808522559
20.804212336928551 28.874031164256085
24.455670116056499 13.315792054434649
18.303164363196501 20.633910936249563
14.621454102661264 16.348345340249978
13.856859619209775 11.482706249340547
23.696636272044529 21.965798163873025
14.224846141018068 19.453753156238335
3.9534069974661312 30.051572705862785
10.660188795556907 30.813969829738891
0.90287755702896866 10.155703832852064
13.328782638581744 13.513156710865733
23.770488834131676 28.29086508199795
0.0088756564892026203 15.308260888343961
24.403457918391354 5.7754511410566272
26.983248351511136 14.399470597381521
12.715571431859823 20.233512472865478
3.5046273410058562 16.746418045892398
10.448583099786488 28.832955360763005
5.6531985132934537 27.313807310108935
17.341675693139504 9.6977263125586983
20.724667189904796 21.658142796751907
17.346967944038607 14.008666531990666
7.0046217377665165 30.585140183036273
12.428047534704248 5.2134629144143547
29.82753051792 14.126098649196337
6.8314827410669734 26.229785495201117
23.883641647093011 8.9272906717882616
18.138201924191012 8.9963677870179648
7.9600460439228744 16.529053426968435
25.180900123056297 4.6877267101720665
10.524289896902467 19.594427543474577
16.886791063972836 28.192831018350994
26.281848973616189 27.820650370957182
9.3505695026770557 21.184772134389195
23.504224348078232 4.0529964996063885
13.853677241992035 6.4997271510669128
11.48764047030016 14.370455230546456
8.0596564946083475 13.296750934069911
5.5021547099006929 29.002159546217563
24.615566709575099 19.815729635236941
23.395872724803635 14.419058653875169
0.1371256960484932 13.243182737167452
9.8721597975474964 16.098499905084694
25.238585919794129 13.931425396333184
16.439202947676566 3.0742225974369268
27.315432468329394 12.033571108174014
13.323985272267286 21.043952674168082
1.6064090638824218 17.242098730281082
5.9317701253349435 3.0410650373326829
20.84265667908052 15.350360216248712
29.04600800006401 20.479738666012935
17.769711673743 12.32919112034212
9.999412420129028 15.182997357439355
30.851348833206128 7.2577013026436976
14.164222497411545 25.104145651584258
13.70745071816779 16.621396455172508
25.581099221765307 20.492578103761659
15.513803166815551 5.6844939371183747
30.374241868288909 26.832559395144219
4.317496961492254 12.947041082022345
6.2966074260760223 3.8568801774312105
15.001993152254283 3.4884223036044726
5.379260525672227 14.291840245214207
18.206439444901612 3.5502625867163844
26.127132315488602 30.010046739741654
14.377105260014648 27.639454357473216
16.564829867686296 7.8004485287504437
8.6718007850512233 11.20726038500505
1.5646962040328474 24.876726337768872
1.6218541702495279 0.97405839473584177
2.0025130450667596 4.939308905034987
9.2815036807286635 19.58229161323473
14.067095874950006 23.063035458854483
20.97152284586916 10.474360969982788
21.763122056241848 9.9418823730328896
21.656582383191807 0.98529314376863208
5.1843097620618765 23.822776142998762
0.63307468105137576 9.0563170528371337
1.4324261364658732 29.855033309464908
10.884721464028976 2.2815503450971599
6.8836585705628979 15.359409673385301
19.99860892829583 4.1923899930243911
2.2405340488030103 4.0132441678033004
23.820780969879198 27.127014705265605
27.439422851908471 23.767057935649248
24.370196372358294 22.461224699452707
1.9668430256967955 25.783237907456115
29.20812458540162 6.5551916351183577
12.337090232923138 23.583544952146013
16.571572315829481 0.80101707329375982
25.20294576367241 6.7183736518643631
13.653936403781591 31.187046524407595
26.384739167568124 22.036964400928532
19.148184949157486 20.022964497510216
20.382701542125506 14.415905079377616
16.917692286738667 6.8202796978937936
16.309181840529561 10.577415801945376
9.7696553482177837 18.756760751273333
17.358499556357145 27.360164373976673
20.783710910725475 17.632546996637501
26.211156194565771 14.989454466732919
31.298843912700484 0.95739303409564602
31.610025170705629 20.945215677660535
11.897861695128309 11.999398425027021
17.235276167735453 13.167959373367832
30.710041675169524 13.567395234637928
27.045000231011731 15.621277678576597
29.428711142045536 12.197122603396888
9.8406690364133045 31.078989803259969
25.246786407546331 0.55711396568465654
3.5914167443057621 17.816546831215735
5.0593512612643163 25.18866314932394
0.030231159106925542 30.534503134741911
27.403976732558782 21.885485435584854
29.079265282416721 10.226118366193054
0.37777117567475421 25.396772715269673
10.172551292311343 9.9605132941135963
10.051918894010534 7.6779574756335469
31.619139639311022 6.8318691270428893
0.7036086885023739 22.979397083657414
7.7389615776614535 15.421706611696386
26.659214091560049 19.320329157641371
6.8571216017117074 2.5744663672869041
0.78267500009356383 24.415807566615271
27.441065249016454 18.446256863746218
12.294688665136182 0.54313730919103698
23.532798838618508 21.046839498015952
11.859011079542958 25.974639756986278
26.180244442957761 17.465952357223102
9.1083341031090193 29.090807077448652
11.955735586423934 5.9497014832689716
21.691651984482711 15.408980107787345
9.3150926310014857 23.950523057261584
13.835822304758505 25.952558691226802
18.257672888043377 28.028703911166868
17.604787235618424 21.502201921989329
14.947412420482568 20.332674570593717
21.221679620629669 19.487136882008059
17.414719685608844 25.352124137386042
3.6777423665646687 0.74104282697580992
23.729481622577712 24.363197390496168
6.9799621632323836 31.599864373175883
16.457646952060141 5.5422316772126976
5.8595988906393393 25.909472579666716
4.5904495487759478 0.49825311810296996
22.95286749890068 0.7722376107209078
9.2342350315626209 30.095202398162176
2.2941716387255866 13.408990271459242
22.177963118989037 18.812726613729726
1.2842913589737106 27.602190571984508
