18.164033587453069 19.809336839431687
3.7093798243248526 13.208096389461247
17.987798867165484 21.021285208285217
27.363854419032076 0.86553042422095516
28.330716842344668 26.896431300738783
7.0489556808671194 13.791944732311682
18.837562584355833 20.365670701472329
17.02453540234179 2.4393491250262782
14.366575532500049 5.3449390241603805
8.2117763930068808 24.202934942964706
17.473487349404163 28.80030666067514
1.837203303187865 26.302357168495892
0.98434119167132939 21.803599785747114
8.2134391053156399 2.1250654013783254
25.428963758163494 18.759591933525822
19.520773386785397 17.897828758712681
14.030221467290037 6.4408622616394959
17.126146626115002 4.8470578072420505
15.013039410788471 6.4815128021207933
12.798712030704925 24.165953716650431
11.012620922141274 30.456668010777012
2.2656723617454237 9.0258959766064102
30.54484546315021 18.791929261538282
29.982182045840997 29.469918950650488
28.489135092947091 9.9069121539730265
24.169229234903259 20.77625417912305
5.2171308949861821 24.506185593287771
7.6885702005560983 11.721482713550282
12.972885372320674 17.999251097899538
20.489255263761454 25.315153124979958
10.10301840168531 7.6724033726835668
19.244659368372471 6.7935877515479079
20.72499488665413 21.302845682665925
4.1188018088783176 24.662570262983124
18.88187627936215 22.785431744540169
21.384873776152862 18.375490640601022
2.4640635709270806 1.2649737583429264
19.563153006165948 1.589884402374109
30.944977205869478 29.047081926903516
30.013920297917167 23.663150009204031
0.08086061977251055 21.000461505886772
11.5728069760914 8.3975859646612658
15.669292493737313 18.7039281874236
4.3381259027349861 12.568789804134905
21.315692040314342 1.7828505532611139
17.265533330438384 10.906242310117301
15.979102687127259 12.137110983959339
5.6308618021691856 26.955931432398923
2.3627237722036876 31.003374164669655
25.64633163108623 1.5123719016378703
25.289415107507704 14.933568058503692
15.153815519495431 11.692487771229377
22.548507370156521 15.021609681405202
22.390263936460027 26.778593503308144
25.434623687596044 9.7066357667836414
18.922187777800943 13.995711624555488
11.054732673961169 9.5151095674950685
23.83896866557221 6.7119780260243775
28.307568257357175 24.871990666289598
27.788334165242997 3.5828368624555225
13.036716604686413 19.200561741462131
19.276465979693732 21.276614991811531
23.024809028028145 26.07021569892877
25.038779709753364 12.354342414020095
31.040982926467226 7.7318491850026794
27.509584801384058 2.5064547892076967
9.8203812711554797 17.732624864333964
25.082724509304839 31.06260327671249
14.682219866141892 15.371766148438564
10.87754745213473 12.687076642638043
29.271797102049529 14.133924486447208
7.5571281762733582 0.19529502072400071
7.3121329026456356 22.037487473367911
0.4109087556345602 3.4129761526144708
24.725523569582723 8.1834519891203197
22.025422477348005 17.604087786822308
23.622269026998918 16.804186328258208
2.732598366316731 16.582747778773822
21.605383280601355 21.738055786426358
27.478034290519567 30.606133746897498
24.401970126778508 14.782264977468488
20.329021587841169 30.934637878737192
5.8569119092529913 23.492005763931274
2.1745994749742801 21.035354558064363
28.304835408033171 25.972093266137925
24.381545186959549 13.41232009938887
18.703263554618498 10.093595972344815
9.316100670255123 9.3278837554860612
15.12132151883182 9.7782168745962839
5.1176992737233 21.781304122624352
3.6443407116722542 2.7203443197583339
14.196591423201228 24.512913036955027
21.243052099106823 31.270546818417532
28.465521150938557 15.705385349468649
21.667176995810369 15.066897306342236
19.945114909980894 5.7498983213512789
11.814669125962091 15.257856978237253
21.787517567472037 13.804567593442714
18.846934277784147 5.9186080403749024
23.918557601610399 15.841707778655948
24.348813233208773 2.2954956975264142
26.617342530086919 7.296601423654443
20.222403600583394 0.69059070547002577
29.512315838656171 10.486051317094971
10.66160507022761 8.38743205991587
8.8054597540002071 2.9385078836561744
29.214078701790498 30.953108637879318
16.3154645236344 9.7018874613964439
31.073246893378695 4.1950690464480953
20.679739242635048 13.493567666967969
5.2323374238990565 15.676676989854522
18.999788041462875 0.8812768793533049
0.65575777153192993 28.833908553884811
18.228944970293078 0.54062155102756981
23.390361561763683 19.614321858113613
0.59554920140021006 17.686207517474735
13.298832290577298 21.983742445360015
6.6912409952707366 11.662991958077336
17.40290550923525 6.9856461127942993
11.085754155640178 21.095967354097159
17.707813499290381 22.542772810461873
24.683903790171684 1.2587508669288976
7.29056888478096 2.7453606621069806
30.987352989837447 2.1965723363164322
28.886720396581286 1.650367180095349
14.077249183742506 17.369622323396854
26.6348069928145 22.127172331759578
30.040613659121117 5.7685424102399523
21.97926447699092 28.666916182313333
26.615367610031988 9.4218626905142191
30.929726522142889 30.132607679808473
10.489994362723618 23.506089462041903
26.859188623901765 26.489214105785472
9.8332298806010368 16.715289345566777
3.7423924621500118 10.191889733704594
30.1699585793056 28.326700913341593
10.383633865636586 24.426001691849269
29.275912673006832 9.418835859599211
0.73731941944866841 27.827559173662955
23.568079324646639 8.6347595633708725
3.8455444242031631 11.425430389220342
9.3738042966096895 23.937564708085862
25.074378521182076 0.37252696526317758
14.086814648573577 7.4835713077554722
5.3204527440084908 6.9455058990842682
8.1234981805426756 28.232236434175711
18.582020510540637 4.7207779908644012
22.65845605434464 6.5864418305805499
23.581257840494903 10.347510407461169
7.0465162450863534 1.8259291976026424
14.441019032016218 26.248355807814868
11.013452610716673 14.460184906266708
27.703394267577906 6.45916035735811
13.346864870182047 27.093842654432176
24.501125378129004 25.061681740053306
31.356052313552617 27.218972752242966
19.882878135108609 14.089121464475239
11.25771794812869 29.524067008332874
6.318968681978733 3.6156806936779238
6.5659648337629157 18.927172835326733
23.550663600337145 1.7619907542410751
24.225382573853626 28.436776553416102
15.280810505840906 5.5448761165817428
4.9723732293280642 11.93604528294216
14.267449102767296 29.118234142256018
23.707874933483673 26.788315258522292
14.364061437878314 8.3805828392893069
21.134028166329053 17.210417700458166
0.21753480900532005 29.680777046267099
0.76060126905082903 25.957826298251149
20.370346242760853 18.166015890413558
1.8029858414517703 30.17062137382144
22.460753635886956 12.786191028116464
20.199339392442571 2.947664731655165
21.107769775083735 2.9617695897268472
8.7344267738343166 10.839819980419106
5.3469404313139144 27.949587679212446
6.8592062296885734 7.6493359770014679
7.060370027895102 5.0584532752363867
7.2885509494232883 27.734450428299674
23.560297367943495 24.325676292564175
5.6192598008253825 18.672122021764352
4.4395999571391593 19.963727957008199
12.343846768548328 23.206618975268761
31.176411187308801 23.645437098865912
9.5302880932050602 11.711426459042398
16.258018154070928 4.8638071906507232
26.102655902132078 10.378177057204644
29.69631289251787 16.530120289376487
10.775334478225842 16.704655169946516
18.506524286747631 2.1154906277083714
8.9104218877501946 21.706122217293562
29.597404429426412 13.088558736144238
19.364007046491114 18.961592206413712
2.5837126391205945 20.072187992581782
2.8040955164109875 14.33851993012988
9.8113238893431696 14.331913234217021
2.5245355511755112 29.090925218761257
5.081547897920009 9.0118839868507745
16.100213851972047 2.5492804473697062
29.688754413013484 8.4911862282668302
3.9767631887417831 22.173618107553754
2.2888339748343727 17.763965345778125
8.4265809524296245 19.012842405724157
18.543879160830574 17.806527706053441
10.406218248530289 1.5235876520887148
22.560958265705622 8.4631138749984256
25.108429007021041 13.856400317894961
11.45786828875759 10.456812713993598
1.791938347932039 7.0431604676475237
19.660828874831026 19.77074320082497
4.7588533675573483 3.0103612173420382
19.179369787403633 23.578091579125054
13.108400757240435 10.36939753995676
7.0193579998658491 0.96128172158327974
27.712676571622641 11.642561119201055
3.292172349050666 11.998242257867156
3.6063735339217966 5.0946984184547786
12.838088814724657 12.777029521517969
1.7366860832276665 28.235282160608065
11.165657460768703 19.344216603834408
13.767243143998861 30.872881460188538
27.472049058052416 25.611403800592186
14.860977082617778 10.865284561784344
30.39662759750701 10.980782950004816
25.604749212382977 4.038896582052411
2.6317787756056945 2.6829651774580934
24.488945000703715 10.101578500763745
10.23846668451907 6.1843871740925005
27.412105789287537 31.601107415146473
29.136134242260756 5.2698135091601612
5.7289561315417474 9.9183256946256471
25.483915684878575 8.7772268237614028
31.380189874229178 5.1476855412685518
22.488042827754217 23.779472934960573
9.1310185813816336 24.812959207254899
23.474995330213524 11.378093443897326
13.64456511679739 2.2193298464914055
12.119098591862116 27.681708474981608
21.600477107397744 20.50883228124253
17.271434411389475 9.9722713879019249
10.793473065202441 21.860453050171241
13.04903383706481 28.889111758192104
0.62020099034259779 0.21511679634561343
2.913590298407692 25.032119788227746
9.854675518105779 2.5101021843771938
26.266718810928086 15.07123424162665
29.049534849942106 23.723190068683412
30.287660133526671 9.7423819687676811
1.5051886195111239 29.272029208396528
23.113258804734627 24.957053920074067
23.414737854360869 4.5974579706817602
19.542174727562262 8.8081599728464184
13.372231157173166 29.741132064068392
29.312284365046317 25.560460266209247
22.318275164456427 16.607057667521524
0.07740865517308243 15.711498414973317
17.216982862270758 19.69559855579551
30.331464121320494 26.32723160389051
9.8900919563976082 19.561965126043983
0.17698443067325048 9.6394453763489061
25.50843604055089 24.557303628815539
16.095497087195906 0.58335321887406022
29.379273036491593 27.519434082355133
2.8049951939073443 6.8042536888681617
21.079586425971712 0.63130552540232432
3.3761221631421527 24.076146536140513
6.1859881573977686 28.269843830720628
8.6211077391961126 11.912334227759208
4.0482761332443564 18.278450535009025
28.58736638601129 13.271585791596525
3.9549266227955666 8.758961741439677
17.399373257159873 27.098745894679979
6.1010977931581571 13.084747087813941
10.509546048558423 3.0821368740483255
18.908706405728314 30.279421683412785
8.153002723836007 4.3718459590407681
17.091522579137237 20.666735404929373
27.501970834398964 29.336002805159495
21.311347452292782 30.293731414101302
2.2350916423321281 12.289752258728971
24.030686229672721 25.742468716666373
20.631181497442416 10.65960952114477
2.0835762134935387 19.031486440354339
29.923290247916981 3.9910372553924702
19.171186641901638 15.029505935964579
23.56013434941935 13.718066110825283
18.148677460223059 29.465698946662972
17.81809915738916 15.063588320394199
8.5808671627134032 9.8996749676287497
0.72279690387147855 7.1050481724474981
0.17018463311629253 1.0718111812410724
18.741473535908064 12.764721644097952
8.9691771727952574 4.5918198575434221
1.525494283900644 0.78286492643883798
15.38137836840532 4.4861652225225335
11.479581551290833 24.68041191772836
1.3609994818453788 31.291993212657946
24.448611401832771 11.257993076884111
20.699488227644459 4.8955527963514767
30.187088619710305 30.60647259049269
23.564575722725802 27.673612287930691
3.9852657038717312 29.67881458522297
17.672609391846091 17.499622054906407
21.519469574277444 27.778576404893411
27.642321011923652 18.658598386246151
7.6995070683892832 10.757572002919085
19.786207134793454 26.141614326383383
8.7629718705976742 7.1742513677193136
5.8095695423592906 20.929213580669025
2.8020520181743351 3.7166402354979549
18.907158817813652 7.863131089060782
29.115983697947335 6.8484711138865508
26.391237493853357 25.51175207797673
14.361441581951194 1.5424182843644489
11.120753571538874 27.179445924163691
0.22184575857396888 2.1952418637520736
6.5639901123706803 27.192413579808044
21.310242707756874 25.712323883788944
18.050226212519487 25.429635599604705
7.5092179837783188 20.192981036559267
22.521452684370015 10.452720295144102
21.822680161788657 7.542229040755724
25.27425275982139 10.950811968489241
9.4796691830873563 6.7398564836545134
30.524139901143517 24.487080615495735
16.662647658727899 7.5694848450243253
30.410831271188751 27.37941815145496
24.693820939659631 27.253694598574395
7.2646842048839995 26.339356758961998
15.534141912316214 24.644096889305423
3.3434379480889742 7.5221503139703865
11.393594929725403 25.575321851593824
26.972043398273801 14.056493893043553
29.590423662672436 2.3024105603933607
27.889994727565188 1.598847110408266
16.491863143862894 16.600354249711081
12.25665675916386 26.797942809337645
18.622264740749184 28.425361083980135
9.4382170573610544 23.002695047804554
30.972675204033699 31.504066986641462
1.5517823926362433 17.19602133095211
14.866547600019421 31.090214976236219
10.984503571389507 26.379313030949188
31.071199564045571 20.353904534191404
16.893274283302844 14.406238735510451
8.0043013168942725 26.978173287350298
5.538539899414574 14.756891500958844
16.410492476844325 26.503978949300276
31.271135092061883 6.8425619228934336
23.006636362290578 23.147265460483279
31.053151853580989 3.2292683547207255
25.507414080423047 25.568038508546593
29.348127123027659 24.674376895306263
18.254436543865079 16.616968088682736
2.896917444834846 29.966300031400657
6.9825664942206753 6.2934301472811356
7.8864701736235405 7.6942958794335237
22.930725516351899 15.884020023165933
19.649610546465198 31.560358560732304
28.968380133090061 20.514379007051453
25.800645901533322 6.4579242654417381
16.667981706553253 29.368263989893379
2.5389596338115319 23.35285243006464
14.698837233068305 20.55330976134724
0.34593429723218128 22.431451660976229
29.402048458959978 12.119881768471895
20.47908383578644 1.8559185710224706
9.6692934837383682 10.542427221606426
7.0149108798216258 12.695160714466111
10.413405525453587 11.719383703734225
20.349365307669899 16.99298545025237
20.686192188373148 8.1743958205326663
30.404530240348411 11.834700110579325
5.2720914711483218 4.6174999319956953
5.7378817131407756 29.279909210787203
4.3443448053677667 7.9673647388493203
24.251604336008437 29.299886406460729
5.3957019434919244 17.812023614964577
28.801603341670056 16.883987781831895
1.8257712449714025 6.0624634441615255
7.8334279420854545 21.292252969999002
1.561128300556498 22.972800539230267
29.244919604327116 28.696365369558219
11.763011474021717 16.994151916823714
29.257808375909136 19.625920223445107
5.8660522457057169 0.50023364270050208
20.085514087006125 20.698192333502732
5.8415950691572522 12.104779300115185
21.98603531733611 3.0648929045533433
6.7902145727986358 29.698897208936241
11.039095364587498 0.85073863254607174
12.799731499741211 9.2845544617274456
6.3050057812303431 21.815223756682936
15.870760942650101 10.542383653395175
30.9553776142155 0.85847950416450769
3.6155045194455764 19.410480847657034
7.2182058464028538 8.5980640411084419
23.532576920166139 14.752338269937409
13.36940813888261 14.287005072493869
4.6588564043175902 9.7680303351751547
4.5664045841502245 5.5016073111035722
17.817857508792354 24.360521011971763
1.0644106617378883 1.6217004891643132
15.317367829387965 27.210666668315721
12.824002670531545 4.4024670086952904
2.0747014549101008 13.812825672653732
6.8339888343516693 20.853773206883645
13.172709314772188 27.984306504817603
27.032177442011974 24.692202156243017
25.126785682329277 28.090253709871924
26.888026970744335 5.243327711701653
1.8228681115812464 27.293767270006413
28.065417803146914 19.846958098283498
12.348596691382651 25.946503582656067
11.689244147504336 6.0577253369190327
20.168407447308496 23.987605531241105
20.771146211543332 11.573912370979739
23.070213342118748 28.669318325258512
14.401585823289789 30.14221743169206
25.83863836652921 11.726209225954372
15.081361872160334 23.835830120093537
23.878950030605239 7.6291053677777843
20.267149593838575 3.9949345860034322
4.7779583679438131 20.857458901394864
24.882562647964836 26.374402392659448
25.221633014005853 4.9122898217455004
26.546804534477371 1.3514866252908626
30.119917641926218 7.6238286711203376
9.2949766748054667 5.5165481898849285
28.03093392681755 7.3439167173280699
1.9219925999447609 2.1305305527652565
22.579882315767723 27.698063707223742
23.417872000278599 5.8461644938010568
24.306607440606232 19.610013875416961
16.028154508442924 28.688310359663397
24.530091960451021 18.629148345252112
12.053949288262887 18.78306092655107
15.207812964454325 13.350366721483248
1.8072882808844482 3.4582274574631109
27.487703902779188 9.9320021143779993
10.984657933317802 20.212907790761957
26.33723251913689 24.135664171106136
13.429836421560966 3.5721527103415371
28.006829814743334 17.601067000935831
26.886629086017901 21.241042976927734
12.242276283092453 3.5247852680708269
12.424878485535388 14.66815211567363
1.9395992435923479 22.189174917984815
28.492748370327366 18.90364806434178
14.588258222467898 4.0822952160495349
27.77863039424577 20.722803338503574
21.760709746857664 5.1150789503649579
23.131247519821446 29.501576437122768
28.925086866478576 4.4079180773653457
23.093884347691379 9.5167511247830596
12.587651748466458 24.993454628112115
19.584393176839615 13.030645209776539
12.042282982572026 28.691728638070156
28.449535857223466 31.449553109796167
16.114509974703957 25.406278523425897
18.442397590023081 18.852239476854201
1.3956150286476121 18.37479151909039
14.62070333962623 18.009943407784046
22.278707296348717 4.1475077993636855
12.018017193114964 9.3835334482211792
20.723135333898171 15.921540286766826
30.195155728079001 21.621840946354382
19.894744730158749 7.7608829345660411
18.055939884169735 8.0680958954158584
7.0787608469652277 4.033687216607623
22.84799262337966 1.0702469926562239
19.596283776031214 11.733113843858858
6.2806535669924815 17.386037652216633
19.565079714326792 27.648263927092078
10.347246778340001 15.221105151557696
16.095242890481206 3.6518085034269436
13.663518024147622 23.74855317766519
9.9079811077724216 26.052780931868604
7.0101578949612815 14.853551825697267
1.0743508264755059 15.642274291936737
17.843278373316497 4.2068692807507935
1.8766258773485647 16.266463325983079
28.532211836965459 23.003885735624277
13.436814844572677 26.154586370915677
3.5797428132013516 16.734812856584014
30.283217323554762 1.5722879303923347
19.526902987982272 4.9392134813546349
23.913891043383956 3.188420501882391
24.064020421941947 31.343432889485477
16.649420999243194 30.254895420144464
6.3030082288665765 19.8994651269822
16.780167058716565 31.247597776395541
26.537446999411834 4.4365705008862202
24.330446391934515 9.1789156911923797
28.944597818785386 17.942910554012037
14.567622227397216 16.299061182479772
1.1786015793286653 14.385747599277684
15.707644972264237 16.04991778577439
9.7556436961408028 12.777831620602385
10.060169546074176 29.743129073584711
3.4990252406870757 0.059124849373689975
12.786919223426395 2.7012456024294482
8.9929780557669385 15.079302814459233
12.147858133076193 20.670569992353911
7.9150500451035413 12.855052508835909
22.585253816406681 18.552750852588389
9.8110769527050952 26.975433584224074
29.96255362389882 0.039121703638675696
7.5726250357515861 24.786211824952886
3.1457632878681521 17.746571059072075
31.518699369867598 25.261322434504979
31.341261160601224 19.357715723180398
24.770161189539802 16.925990965219761
22.982710123429928 2.5557202337937093
22.221628219389203 31.365961247124659
3.0787659638003761 22.627761077087019
13.767003885633455 4.6482109954781734
28.399639495117992 12.299441855372354
27.884635427863703 4.473490769997241
10.590286678923833 18.671036060316275
29.380644894441513 26.542651048708262
0.78156822342048515 26.87376586655299
29.074151147771151 11.265197792073153
24.380383446455212 30.264274494538945
16.887057602192883 1.4239709777400078
6.2210041741269029 7.0830457233978805
22.619691570316796 13.929493775945193
29.41551355125377 15.612101451395981
28.611354836954185 0.66236288966892054
4.4322755276282981 31.066349303435768
9.913856169026003 20.454401968029728
7.2177643677971632 10.013771983014362
15.454591433727028 19.985626150238549
3.6747630131838798 0.89806677566032422
12.350685902028451 10.645746230170419
10.045377128007935 30.733430175548083
7.846391701204757 18.214404564187866
25.0509089716939 20.127535261591515
15.127091993761377 8.9389496676327305
27.067061900210014 19.796995676088692
28.915124190126559 7.800398137199247
1.1927899993274846 20.91849167350108
22.646741857230193 11.590305625154949
14.39317165374635 21.328576273823113
29.157609228749994 22.266095464707028
18.190894543133307 27.760848439151605
12.158062990957607 29.740861712482776
24.839532425139126 15.982085600744016
14.746415911676406 12.597534664952551
17.802844890024755 31.154251216669074
1.3128340243773295 24.038490895351075
8.6015465618483837 20.662131676744078
11.070524764469729 22.865662893865014
13.937267008620788 12.04068864291844
22.011651434333881 0.82043434550063521
14.21832255570199 13.861663795961297
28.512313064258258 2.6888920457560985
19.650068385131856 16.112830132088401
5.0453063448487958 26.182140348065531
7.0996272692570246 16.721542334792911
4.4188492579850784 2.0225009355050756
15.718833392363981 8.1099582265027887
20.240939963003143 23.075424280086928
12.890281797353021 1.494411914771544
30.768111877001527 15.421157378977888
9.7455174532381168 21.258954540016695
19.241612924746789 29.263476590093649
25.791506864135329 7.6898858431716954
15.133262580313721 0.81160989674872375
30.420012983613351 25.347003995703993
5.1334221296774869 16.807527054293136
8.960347372270677 13.966430240933184
17.759726811612129 9.2948114356922087
1.5433512424769933 4.3129874212858805
9.6136444719604253 15.815932872107389
6.5867323321289204 31.442961918016636
13.617103215106978 16.471778121308351
22.678002200942295 5.2525411410928635
16.484666648330784 24.164116127193051
26.008733745406531 27.537346430206238
30.624027548477699 16.364543659230925
20.336155015837221 12.433868564170542
6.0624879477185436 16.366274904635382
25.368045499455544 17.646750975711743
24.785530753299682 6.1832082337623033
26.688073031262071 28.076841160923923
16.90115757242345 23.412750741248271
31.508413592646072 11.325546741444642
16.605194800285261 22.396866887615516
16.364576241701844 8.8526328308883873
4.9169829858889118 22.633696242972828
21.892703434255701 6.2266683567594985
4.7859366476509537 0.30904946900082886
6.1008737961789681 8.4769340982355779
22.483599704623153 19.840871046613668
13.338294875257278 5.7723789257020544
26.651495963671024 2.3318165893918632
9.0585512191180602 31.196882870520461
9.324423725809309 3.6439563536595996
3.3896543398470533 20.469926811047401
13.358877625669463 20.221214935509618
14.81457425958005 19.050621677390865
25.73450161596752 30.415881688641377
6.8886699561675515 18.055351089898082
26.860734206687532 3.5828846661286624
26.3688661918432 20.475512267213322
11.80803613939837 17.980079903715808
26.969911102227698 16.583824975797924
5.1722269771699745 13.242759362731057
10.817674457200331 17.771834061527294
31.514701723088066 8.7252204589837188
25.529996626874194 20.991519184673816
24.843940768069576 3.4830900264415741
8.5315446662279903 8.4534726296030414
28.2575140445629 30.24214977549325
16.421883065599008 11.241715846870187
26.065293074049375 0.39635912497810716
26.718435802984519 18.904154367384269
17.722693268052652 11.896695746292156
21.587127153664927 16.106229414696926
15.745917925871613 17.71451749870079
17.228222432111096 0.54514756320949709
23.247665554579651 20.690405674987144
12.248471369673068 0.2265541451629188
8.9098955012482914 27.663786211551784
13.233140115987629 8.2184183031941593
8.3950175174968589 22.423682419518446
18.225076716564608 26.570016930015189
9.2392695304413337 1.8001043159029078
17.009447107305419 12.322628630564738
3.8636960128211788 6.2653624068367186
11.999270870859439 1.0808393976372466
2.9093463206216867 5.8440563307999653
3.8426254578755143 21.258694883775458
11.724523684299255 12.763066102261995
13.531012064214861 0.85631399157168486
8.0447761604247141 14.947827932846844
16.928693469095954 21.650086170889359
23.445396410859288 18.563350127319136
13.167246243234633 31.591046423042112
27.429720653820493 12.753625023809155
19.330680869097613 3.8648066460228332
24.173678958815984 17.743372952627492
24.250374093577754 4.3080647190967776
21.206610135522041 9.850922165057769
14.762856922600591 25.310897478830384
29.970670724724496 22.689127331174102
28.486981442389901 8.6749800469089333
0.020203006628265407 30.971795929100026
26.416494576425112 23.024629310005356
12.252261386692087 16.246219542595181
17.417129219283382 16.246101935729687
17.992970374332973 5.6033437758797806
23.275410437059978 12.640451115771434
19.346345799803341 2.6211674936326004
27.113699621038503 17.612563893574841
4.6947842602240071 18.920506527443901
10.395411600328115 28.892963572038873
0.15859210733151288 24.395586443329545
0.57028411929897926 4.3479071486008918
31.355247415065399 28.227922059845227
25.249655589529517 29.568194698369751
18.070761448340324 14.172970570053003
21.91526471180245 29.534505259423746
15.270483803212409 16.995272326749102
4.748426195786104 1.1884774059133763
27.835762105721866 13.785108356690728
8.819833665552812 26.567409970414289
7.4759100298318977 19.34247024973752
15.797224406990212 23.234815377727315
16.920911570788995 3.6856017459556409
26.05101592668893 16.859646393326443
12.110714217527104 11.811600860261477
12.431234982632111 8.0124565739183584
30.087708855082127 3.04417782881284
21.724512590618872 10.825812744156643
3.4618952054575454 27.484326100319823
20.466504336326224 26.654200963450549
22.060806680934498 9.4451173869919547
8.5284346521102421 6.0113680024443523
13.016746548741482 15.689917539371697
2.8195790260733444 21.629951517171779
11.414051842116834 3.2887011496128458
18.274440462790203 10.785992120827121
18.697128695204849 9.0916622303072128
27.905239130505123 16.424486810680616
3.4466969077061815 30.701458636729239
18.568805164962281 3.3575480138730249
25.816204257574562 15.999266931625163
9.929198702758681 22.32716747436643
0.88184799541398118 12.2856999286305
20.178601052541293 15.138437324447233
26.9391296336191 10.756270377989562
23.044661600991084 17.482241742044863
19.231391601093147 16.893458480861337
7.9676087225662187 29.130675511278032
17.957325759815376 23.471606424881266
3.3037208060925831 1.7474989515454098
21.971310055691472 24.518883202843284
27.04301152987053 15.578726295429021
26.614387994632349 30.17424794167788
1.0994015137278521 9.5235883538507426
16.281264447464391 19.659026910108416
16.085020729372509 20.852579949079171
2.7639023770771933 26.787767018321162
15.553968618236798 21.478302544454412
2.8209497746245495 4.6029054155092455
25.692320493993044 21.897429355371383
8.797721056892815 16.876080251095523
5.3409230464231747 3.5631399007264197
15.879583897704508 15.175753092431821
3.1032698581523523 25.901720431360793
21.478937984943403 26.676991086534475
11.493149518412269 13.810866570893468
17.723567487983662 2.9986064895633735
2.2320328518891177 24.27175659904481
27.665056003525333 8.9014510047407711
28.955285179740024 3.4426636084083468
17.026153503084394 24.980839695349005
7.8485413049836223 17.234696009529475
14.118212309681383 10.015907992033172
9.0202499500212898 29.278457239993088
13.573219149853381 25.239613939120435
11.068983569246814 15.84179697412903
21.669464238736754 22.748720237386909
10.25547755356501 25.27289740288824
1.939693859958235 25.397181866416062
20.86084460011941 28.7001134525621
20.638899244368478 29.534198346648267
4.3322583175135385 4.3565448521119263
5.8196148326282975 30.247558221357206
24.01882594282042 23.344290173701367
12.246821517622848 21.569195574169449
31.568022461663777 12.233949521348555
4.5401525348673308 27.264780719981086
20.582001929971053 27.618185938476984
15.834812948391926 1.6038337229399284
24.018188424925174 22.406124035479316
21.80569944801303 19.245251205077924
11.003136236412439 31.558234825595502
31.093618690639865 14.326503596694364
15.777340025332348 31.273697532942879
8.3217084756084834 23.30042919387326
18.811117539162897 31.163988178404612
17.070411905631268 13.479546420112559
24.582795968905202 21.553431439844228
9.5532889358682667 0.89886887687281847
14.149062807035966 19.694621122670007
8.1728652132710859 1.2479935743880934
16.756420268679577 17.479330147585653
31.325447294341931 26.229982728458275
26.829035636544724 6.3121293007135053
1.5047474055372376 13.029152249761601
17.210830344164304 26.022315564066236
26.119865649964233 14.014584608224917
12.729257634566752 30.5261787859823
5.4217518478247255 25.347792868514645
4.3258041375530238 16.132049517565815
15.635065257800008 30.222661597991742
6.2610197489689394 2.6447368314506079
27.690571024246136 22.527640164628025
7.7311594274393185 6.7018916086291647
28.918851835001135 21.396149469136898
5.9562033516675124 1.367608450415575
2.4649067640068547 0.28960662736306814
15.245609222785097 28.289479283386807
8.780218504166351 19.896226744863174
30.071649230242574 6.6505576726754434
8.6243525551696596 0.45424034475299813
3.5213768095620446 28.83315429947713
25.989267582643429 3.0343989954087376
31.451287887390507 13.279600419004726
25.29441797862734 2.428197817946649
11.048532277321845 5.5146564529015132
7.8617087098312721 5.4023614779527982
6.3301552620539381 24.373304551361336
19.083317183210067 26.972173507882921
21.390507210839068 12.816145431619351
22.437947733584821 30.405994662177481
25.483039549543896 23.364399894671735
17.687990506611616 30.217492531294383
24.325495712725438 5.3813008762627756
4.6109868500806872 10.844063688317771
18.796295415014846 24.483555374993752
16.98847531127204 28.020477570332826
19.583451687593325 10.807088627215549
4.3647124416473781 17.439926651950763
25.721263117076763 28.838324555192788
16.147767767602474 13.092693549344919
20.982739702848392 5.9012445751708027
17.227961197036844 8.4030252213516636
13.143366788462636 7.030633382352578
6.957020790724191 30.616294080494725
10.13772326391965 5.0521757776095946
28.35467652253536 29.078761482755546
6.4548619996854546 9.3836451297819821
19.888002555808225 30.11084693148057
21.328278190530373 23.45019151793004
1.6149092165468397 19.912903497844141
23.039599492749574 3.601143030311027
17.191537751139702 5.9889611053339209
17.515635866799265 18.610875535684798
10.212860054480142 27.770347985896048
10.153269644998934 4.084858506513509
5.5047401065972785 2.1675921677461303
14.380312391249458 0.29241350922230613
3.8261925391151426 3.6837520550415568
20.967730361880541 14.51200466212228
27.940786325207522 21.694857377474253
2.3283817248418388 11.310685310333131
31.561189895624874 18.295373939656997
14.373599366023496 27.265816915162223
1.3300661079352838 11.524661577707144
22.198349061933445 25.485903888020914
6.9483447179599578 28.794768377809092
13.214784884826354 22.805885453578895
13.700785708391775 13.073245887678333
9.3655212018726282 8.1802032556213131
30.329658832542329 13.847617625502297
16.876067426597157 15.447303771171722
3.3011303414579838 9.331100229115231
4.9132189585346389 29.000320866273373
17.898320714445692 1.6169152145179115
7.9328833099733522 3.4160074341081135
2.265508299271588 9.9310874983578632
1.4720240688090542 10.475677808002331
25.875614942862963 5.513742150831547
4.7904820100112788 23.661505427389613
3.6786765269331245 14.201500973743224
2.8134435860724545 13.043852547464414
10.819133774840072 6.9325930482301139
12.975982346891577 11.67590520905685
7.2129107878387462 22.949593627249374
23.4237882941243 30.445451208897865
13.741396586612113 18.588380786362549
30.744104029504818 17.688969602181945
7.0813558867801927 23.751541731688317
16.640924260491751 18.56977263280444
1.8706516248139111 7.8820842021523578
11.858510142242007 30.956074362453968
25.051203248684832 22.630407997561981
19.832558283915585 28.581119135647644
10.305469636802403 13.532384147737048
4.7279757515529903 13.936056246269871
0.60576113265114395 20.017660227427097
4.7341147058004278 30.141575790967334
26.624761857739241 12.855392647595725
8.8750286053277794 17.89928225995838
30.265613887585509 4.865507608797369
3.9834983320867354 26.483135106866804
16.098838589954408 6.8294614886349168
26.686419644143097 11.716803015557227
11.631854512299549 23.847614996522978
13.755300003600214 15.162123649728088
8.4560675690008811 16.049049563653838
28.667114438559508 6.0581505612163582
5.4361270746063513 19.820522613309532
2.8428294404090959 8.2235889925707788
4.3551727478005908 6.9599340578443902
18.572700021176292 15.672957881266367
0.28048883382351014 14.713286239959762
13.779350796443595 9.1979492251598653
8.0402726216016784 30.984213378390628
23.097067272275488 31.572416199510318
27.566996873249234 28.177914835730341
12.883595487132773 17.175779242416532
6.2025356129029765 5.8317654083138919
2.9749239108340957 18.81535843225544
0.66284794826431814 16.614862404981789
22.355830148710236 21.075498716705006
0.54393128845396366 10.753049104571414
27.293964823006206 23.452071914718331
27.362537997414204 7.9256261705319675
20.567853990518145 19.121912218086901
6.286900186733047 26.079700608319019
13.872841874431661 11.086507718055765
26.267063512900965 18.021867672569655
12.220614281903167 19.831418662046989
20.552957636369175 22.254422593429396
27.961438435227766 24.072653683765246
7.5050470765564157 15.893599795505475
7.8939738274825579 9.2355221707133133
20.893960748388007 19.975181260516599
4.257762019762426 28.260588993820647
14.425417576260767 22.252181840158563
9.0211360162136494 30.211800953741712
11.974356558345828 2.1712234559338284
25.721176909683891 12.967931120918234
3.5877404765344227 15.438336303673667
25.870831194384991 26.666871687040249
1.072463480711104 24.988272794597702
10.422152322539782 10.481823530733656
8.845927652797597 25.586454542405761
0.82002980968344152 5.3300936045626868
12.38129987798372 6.7219996498613739
5.5224850208566405 10.930170901738387
0.53071845610739654 7.9726361563628387
28.588402394587103 14.669189495811834
29.162458309719391 29.904616245117126
0.59027816435736635 23.344003003529309
27.633701982423823 14.932580493992257
1.096341935472676 2.8157721080219047
3.92101585560563 23.292750026350042
14.223494415752167 28.241823557440068
25.844593961828799 19.5506117748454
2.9401315300367221 10.66508071799665
0.6425361596156981 13.53227023871692
19.788361632367632 9.8836436678849662
6.4778778015980754 10.761737580149905
23.875589468274036 0.71373620748532163
15.138846257006698 7.4280033784013213
22.584453152610287 22.270207706541829
26.493414742466904 8.5450694784999399
6.4251852320405352 15.514238946234654
16.211884592742827 27.501280340782856
21.117431895107551 7.0815651859435862
15.275755936683177 29.4540737406201
6.1012742944661289 14.137294006544673
31.143400675051524 5.9927032767487223
24.148881220109718 12.313882785836768
4.1735177993439772 25.489086256682931
7.9249474043692789 30.04744387382696
11.910984239490984 22.317025756420456
29.894850069513687 17.532835700914763
15.452990377011407 26.155344426353462
27.864029066771153 5.3603307918325109
11.2411174450469 11.446928680447664
7.8695185407309491 25.65266150098314
30.940010710726199 22.731693655010556
24.644695947271934 24.022039798213896
4.4369027768835023 14.920595715235759
20.240733939164688 6.7575128452127835
11.105674249097383 4.3277087926001299
1.9782657234600223 5.1541876690073449
17.926923422374056 13.091009802986145
21.519967732241515 8.5871409151508669
14.430789918807754 23.105417412739172
31.108557130313446 10.233736570181019
31.161985548223647 21.714164304768335
30.217266836544763 19.839991326890463
31.363571463005069 16.915313224625848
28.482963090015286 27.923961308298317
14.976920267414439 2.1992233629582123
1.2284841245861675 8.6289380960806152
15.213728995922022 3.1911444561159934
24.958429252850831 7.155189364915298
0.75280373676503409 19.058379387771364
26.427179595828701 31.30283662258082
29.63137004788403 0.82375501976758614
13.331516089052123 21.050613492485571
18.920299572344433 25.71371668693552
5.3578215994610909 7.9955397020041019
11.132305531381796 2.1236278034356593
30.582129341486343 12.775842884996386
11.876794621079197 4.7103807409649248
21.032079386813187 24.454048176192785
18.68042423935594 11.720883788942606
11.543039995601061 7.3354633899856383
12.508647313120665 13.65467459028617
30.610915764383915 8.8621190107787839
9.3925633961858832 28.46822948892412
6.0859191026667068 4.7769382540293917
21.719909479426061 11.913609717347327
9.453923938617816 18.77622408305486
27.388082366071718 27.099148717953156
6.6124600210857585 25.231641758613463
14.934740920846684 14.481345795512135
1.8721146127647239 15.054306652675837
18.279797193467594 21.830892671548309
22.194420034739856 2.0101121540207241
18.232867112226167 6.8991686030744237
11.154235633916967 28.270535007741167
19.543933554149543 22.096952473911209
30.049231325531814 20.829189680193078
23.329352710044368 21.7499553237685
6.0650343999228369 22.67518611501708
22.86082428601204 7.5337136859586851
14.197375079765962 3.0590096830840401
7.9691522094653955 13.95661558871406
21.307168686705239 4.0455161854504169
0.83051308166695703 30.37818619810955
2.7447412882710469 28.042393866227076
15.505362804080862 22.362061040885518
15.931054864746242 14.174332694227308
5.5580711877445879 31.087955746943955
16.243349908328906 5.9450311071199282
29.982443483874913 14.909506850031915
2.74693723417752 15.457276560627928
29.647138522967843 18.661179334543807
26.598323197951803 29.180083161467941
5.2958103726464065 5.9384576948564742
10.121026960251443 9.274233268219259
8.8673605947049445 12.992059411119252
12.575884113851167 5.4879463636935508
10.019979969811919 0.12698929263449096
20.501553933911371 9.2129532213324374
19.624866279204646 24.889292699067049
0.72918431571171938 6.1930470048591806
28.161626187865274 10.841818083034692
