12.445031973699679 26.06141472782279
11.611524949951189 10.026686455196575
17.290642794781721 26.182750500021658
2.8261224598223227 9.3407560676475025
9.9308865810869182 17.638448503571549
17.254976114125984 9.0599877880077333
2.7683574923356282 26.765741962617678
18.277756484517599 12.664631909517864
2.5632886352532136 11.418044652864037
29.320608421758543 17.028839880124043
0.14528693114887103 7.3741671789564842
13.308420299604249 26.329684118086295
19.300535518045997 15.289992091637671
7.7876146127440782 17.194690198916401
24.635044575953476 24.655131004512334
9.1612821174578691 15.869746397418513
7.030684580244638 5.9387714988834626
16.94156768618554 2.9673764265650773
26.390984320012773 14.872335576677196
23.571137168897813 18.762258032954396
25.828889363345951 9.5160455328756015
21.454055511683659 6.3301814474145903
13.656999630523716 10.013741241594266
23.331781558910446 26.53523709237891
12.700530284550215 31.517272611297582
13.170734568409491 6.960312874638352
23.814899032825824 25.224940192747887
18.158094780709202 6.3787625807399984
11.044015847272874 5.3370116904677811
28.795085082452026 25.458642497038554
8.8141667538712944 7.3104081322027321
6.6937845790962625 7.1548370454184607
17.283765024063353 12.377394135092883
7.5588045988061863 2.153638379002405
3.7371629540057327 27.769659237702331
2.6514938399647661 27.829790834097178
31.583362175010496 8.247120919964571
22.609855324194907 18.384805543104044
3.3040037010241092 3.1135202873658097
26.892881247264754 30.34259831833246
19.028996295704587 8.792842160534331
29.844485919555126 18.872051769711888
12.094767321306696 21.454147655839424
20.467395882184277 4.0605285786851839
25.142781176628905 8.696905715679808
25.489190947032188 20.840682194785934
21.809889737103923 23.282996512257235
21.107437961264953 17.222814570352696
9.6182863677064834 9.8317311296653926
1.7376970746094573 6.6033910144404615
9.6869987255075696 12.790546409197537
21.225306921217552 26.278072702294295
10.045683516846401 30.644516435671328
20.982213037984728 31.193153643092021
10.798280860809303 21.731796854776121
13.373807007750097 21.390724512458846
3.9813791934633818 28.677305513612524
5.863359457683651 2.8418850281118422
19.507836949630612 3.5134973612192906
20.001063983590104 1.746146480884577
4.9279169831711647 0.68731658207068491
30.14526898977692 1.8822272614582951
28.481057578018923 27.735079639313497
1.7959350149233744 27.353371905352571
13.893479533119711 0.29071243642814987
27.359515837798764 23.125971101677969
8.8562944770697278 6.3764912287405533
14.523967612047796 23.003250422382614
2.9703509369873107 5.9806207729422489
24.589428128391898 18.731747990836737
6.9427687412216104 20.036430791561706
4.7410856117237135 10.989388320030061
6.1535225864295455 16.410042609907308
3.0382489634096079 5.0411371690936342
13.033029960785518 2.9023793700137106
6.7155005568811275 26.720493858204506
18.324817257650885 15.782884172342872
4.0138296412150707 2.5191874827789769
2.1201616461856712 20.566879804325858
11.508674698253893 20.823644484236894
14.377781110708264 22.020799865534435
9.7108724637296113 13.735264402612087
11.812678643819385 13.920742964639945
18.044563683898236 21.538078567221849
1.2252457707616327 5.0292193553400404
10.726988334245252 23.205161103954914
25.466237300354518 4.7345452663625123
14.805604777411633 5.094426828602642
16.059985367494132 24.732742058232169
11.614730804336578 28.492924187970001
16.463190246055603 26.806124962907536
25.486179335372995 15.057939835778107
7.8694645744764271 20.950752889699682
18.100911353734613 9.5614391860355745
15.677712914803692 1.4188828819580304
25.087997504299707 22.846198368188169
7.1969057842304256 12.6177197246367
26.020921964594937 1.0575627749218248
0.81353811294820144 30.543862492338736
0.72234644182435326 2.8999789031773848
15.127528366233637 6.1806983003926863
30.101817058190942 22.450342116531601
24.614535529850823 7.958971350032547
13.969541016478829 2.903619560015775
13.251625017595391 15.80235050684565
1.2549791658862193 15.629306538830765
16.330377702031409 23.840140890557855
12.665708032744369 18.659909776884366
0.65638232261842022 6.597504764782995
7.7400372106842186 0.5379645939688904
31.539970919882045 0.30617403699693074
15.201613966474133 29.882950178160666
8.0206707398511181 5.5138230200075711
18.52873039786278 30.476808794024407
11.239657663668112 11.330287048278199
1.4277646536535695 12.569119099632612
31.004638775100993 5.5917003977719286
1.9205650674555461 5.8202468454519316
11.640330123713154 29.643744781736878
16.157916165257372 3.7279734143412786
17.423004090124191 10.315503125361959
23.993334296816776 9.1583539973890158
11.90006317527263 25.084476622841795
19.013781119274512 16.574507019739045
25.10710711098973 15.958955005978609
23.795131182902978 23.913228247770199
29.960607367475205 21.25820962163716
30.788442586688078 8.9324203143292529
22.337334340534536 20.885229757966151
3.9779074401716485 0.17092649106098123
2.9026325206129004 19.462929720478826
20.401901300073209 26.93428286608934
22.141265536388701 0.43977694362490349
14.490841861482773 26.228717271622784
22.211453968638153 10.109664668432368
7.523857687428892 27.305646279510544
8.5768755280282658 29.042745150147258
17.960935283894397 25.357934396645788
2.1545290897672014 3.4578954320944004
18.327738079048572 0.35546201887126638
30.895293711814663 21.403045069993631
1.1125087641694538 18.964907243433963
5.2370816863476684 6.1639399826676913
12.35572323581613 6.5217039967516461
3.7454526669743231 24.269270921099242
16.153062967462933 0.60869716243357075
9.0338822580525751 29.967668122024325
4.2870946705782442 29.702547070930962
17.154778726515367 24.774826659167513
0.13383663227899381 14.251900003286707
20.985508968169462 20.583734921787244
0.41868618835381238 22.926097616209056
22.228441904809912 17.127403639942358
17.87603699090814 7.5593440824566294
17.903538315177677 16.730436931081197
1.6452781596610826 10.467441490590231
17.627883177869354 1.0116200655061984
21.49190942654991 8.9559265932496821
17.58015777895924 15.375725429863285
17.623794865046179 22.344519576870436
9.777959901696649 6.0073051169356306
26.727768135687747 1.6183469852327454
30.289691135541474 26.848146653620358
19.560628425154547 28.870027632142421
8.4146003349431169 1.8242056943258833
13.134494815404496 17.527997107289092
12.385878812405783 13.132287091235032
23.71044388999853 6.3871263023051599
20.714540490451391 19.699919534860427
12.4910833165629 10.170508957354189
14.511528317448496 10.785952104729548
3.2909361638849335 21.508300840300119
24.46776447493534 12.581641980712485
31.210766099410002 11.789508466681141
17.531594147722529 18.649476068547525
27.201676348669679 14.218858712609407
9.1195448402636625 25.390943492046073
27.724056230533556 28.275152324785477
4.0745602114157808 15.705522066502832
23.998913320719151 30.513707032254946
26.128835692722596 29.588840030157005
29.226977753490416 22.858282705033751
22.143358521562213 26.528643007061902
30.979907259776144 3.9068752298698954
22.371467258405549 14.032068566002801
22.190624117647644 24.292152122035414
13.649408459137154 19.405343888753041
20.1950759013565 25.905719924636902
10.791003738076155 9.560289978649422
27.969142230245819 5.8669586320009834
20.333895257708196 0.88924928465579012
26.266898685860738 13.846451324814575
24.672503442227647 23.592804385424358
23.860328253559096 1.036341020865706
6.4781649999389543 14.446952597792343
2.9583925661778485 24.867290286273125
14.352498745892524 17.680119624509796
4.9443608833786534 16.115157634478212
28.128193612301679 3.0701952454326054
1.1287191838019046 16.673463459954682
18.1288192939708 20.103055855188668
25.914289055690588 23.666584974762827
4.3351118595607314 3.6175157087657919
21.975145024026812 25.33075019096384
20.59967939556994 12.069508748695718
23.18624008939269 17.544196197951397
28.353275049470945 18.586299723638877
2.1191960909933605 4.7152505268917073
12.457388602131834 0.65247699449210605
15.338500758667324 23.640386451893509
7.2714496111274842 16.071830859633025
6.4424757344257895 8.5559468494638811
26.297504529197067 19.337316607739861
2.5502119460028614 31.158889142791597
7.5955141685282168 24.668926762479092
8.0709018045830163 30.20159295165125
19.011265231159385 31.083615848242541
29.83677681633036 30.345873520293594
23.54748567379988 11.996100116469664
10.712950102270788 13.107519769063366
5.5704521170783314 11.554235499575618
27.763175814734563 0.31118899579445947
0.44875272736958566 12.355082609681237
7.8661596834747929 4.6364738616721333
29.840638249986153 5.6064951244966172
13.615843027442747 28.181800179555083
0.45263403558476595 27.657204859964978
28.132713440899753 14.41091912619852
9.4260740948251218 21.535054684999164
22.08192283010052 30.965420979848922
20.478864718101754 3.0258071298808318
8.7111331467289297 1.0239126430493384
24.535471866220465 4.7158882585240933
8.5533163422489977 8.1579891498205175
13.614181042907056 29.144130270686102
11.253752213075506 7.0628674984496786
15.235367402759627 20.463726948430473
17.509567776835304 5.032116730925309
9.0889647522473602 20.647175955487121
18.14903489784562 23.193322299045906
28.920577703844899 6.0423924800923157
25.588590366016941 0.080301192127311072
0.48499461031231983 1.8481366497367855
25.431634802484091 3.5717313932907384
26.786331028051993 28.351072556266256
16.617187306854071 13.76623807482007
1.5128956901212578 2.4827098297644583
31.44065618935965 24.773663517847677
15.709922997068023 9.9437728800763843
6.883270608841805 21.042910844690422
29.204153672670188 11.88865733907882
26.542459116334555 21.651834517403053
10.092931377698504 22.418343974396851
25.328915578316781 18.337684351669925
6.3617165524628199 10.829832441891531
15.307223153912869 7.1747354386881046
5.7295002125910521 29.489088478364348
8.5106781135203402 9.6936114998027012
13.937915240194974 29.963469563931223
12.05700507821499 7.6090422194018839
13.276963572991443 12.673016739165559
14.703773305914886 18.694358663068382
5.9420109122288816 20.148773053393871
2.4051186205496031 1.0796577103902347
5.1559896356985204 18.135527974857844
23.207674922631472 12.862133624090456
20.61347409297349 7.2552011834760508
24.070617383511347 17.767654719056672
24.682139475370882 10.662938291542487
28.117889069259313 4.1961451249171162
13.908457721953443 20.25181582184614
14.847808704457087 24.407237478698978
16.794262086038188 21.576392892525291
10.03084809253941 23.715772154656023
29.671533827846929 9.204963315525978
14.026685306283621 25.463173980366555
21.714818836052711 18.052165615132111
10.207342766692257 31.545399149695839
15.328430173522328 15.793057919508005
30.696515723391578 12.673471445372698
20.152601735317369 24.139772071669146
30.268501749889065 8.1632658151763682
31.090523542613159 6.4332381104613994
7.9624434811926568 31.258836803830768
3.6309668094707481 8.0682955853141394
28.590919736764015 26.42634923872388
11.04520476690676 19.114694242900555
0.095255103969906441 15.662704409015861
27.146060695411098 4.3373887417200887
26.839156707158615 0.43017308347783045
13.411332981258846 1.9793091362186068
28.776522355798829 9.4178024436336507
26.736294020483665 10.669780971052141
27.201600962543793 29.344991383113811
28.759785329375593 0.21262020034001627
9.207305641217296 27.615401101371262
20.239518301526466 9.9398149426027729
4.7875996992422722 27.769711998523309
31.569691252170294 17.531638368052146
9.287785812927563 18.446413110213321
4.9095979169036035 14.825131927964415
16.565629876206778 20.210589070628384
1.2677960040302332 22.346046654218384
24.791315849563567 2.8707808338599001
29.264325316492787 27.382380629293127
3.3344756058561145 30.68354908232903
7.3087446958199385 22.027900219698832
7.3443851781334013 19.306039717584301
20.067803334476821 14.675868328669877
19.32770210465878 21.794034810664716
16.032405890746691 8.4176373809716978
21.25773679303672 18.93370756959202
5.3235139657185142 16.97699009836105
10.205457512759748 5.0662282124223754
10.908694659700812 7.9838622835355801
19.26555189834103 12.598485067086974
15.656791291986247 13.916445859267149
29.326976427170241 20.431745017982131
11.778671790648668 23.350735955608531
9.0511260383059344 14.945355206293895
14.549600314304985 27.171665595488161
22.181568279700624 13.094099021074902
27.399811706769778 20.926545149125587
14.260727104676294 6.247689066037041
3.8045313791407036 9.9395300801213029
10.666328965732896 6.4178177444551778
0.20583454010228683 18.845659966819895
24.380271889453539 20.624130832731986
30.818825955151283 25.812293824729629
29.586896521972132 26.266946752488742
11.857999171671862 14.988012410432395
28.650371604851319 2.1501798497645028
6.7210929338995182 24.548732214262387
14.228399211308357 8.9663970138554081
17.036087602942455 23.338027685335415
24.213951222079391 28.187123368277124
22.703657089463231 6.7911679338558573
7.8342817607293895 6.5521211340281278
17.176997231962865 30.551804876364923
15.759846197647793 14.96069299067476
15.45348320954211 12.735320024892047
21.842245195845546 29.134355178895291
24.855626796169691 28.898116742719552
7.4292238614200858 29.607836041529751
24.336242597267443 3.8349841932065161
29.172774000819963 15.234792063471133
14.50732785279024 1.6336380045155241
8.1143389262674059 22.649089052634018
10.71294238295564 18.110945648527231
13.753457248322484 31.073402733244937
29.455532918221905 7.3178385314325212
1.2088671457907609 23.71127425265243
12.594306837624888 28.528469527426225
10.257852542695153 28.24182111572788
11.830246471317482 18.60420411359264
0.16961708218815086 19.84521627152056
4.0526088386818842 5.5152372318571956
22.358487615908622 4.4050544374338223
14.062460239083839 7.2257768515966987
31.045883563623665 15.010864629109406
12.557847601539587 29.507705805545882
18.749057485530027 13.625182870267862
6.0018638534210158 7.8101158085149507
13.038252330996286 25.15635694418167
22.423574681169413 11.062507604078755
28.271149405108858 16.685964969509744
19.355497949563972 23.471366859722433
3.1489966453481446 1.8362573768969801
14.743387855156692 9.8274556023515895
8.1187829095372752 26.558847985243705
0.56567808841255618 5.7443654434857505
23.378464618956013 11.000948962345937
4.9171683779049076 4.9976181930966694
11.760480522541195 5.9154092071774427
21.287028396199638 22.281557278073734
3.8982459214071601 14.731095284683526
30.043227298505386 10.829382958259869
22.130064426109094 1.5703783518966123
9.0102325837961619 26.588561927735331
21.109412094687521 2.4790853525871603
13.740950183227984 16.778417887871214
19.36744315580458 4.446118401167503
13.326620185729087 11.779762519980451
29.514219387156928 28.780265375787309
30.15262904156037 15.277254155556882
16.799529138852243 0.11748522472638794
13.427846796887607 22.402128321859678
20.14158434282162 8.1736153834292988
21.182039169905075 24.283718446644226
25.645724069847784 30.421518222014988
30.998932259128946 22.448241182948763
27.185008363259019 8.1164786879948938
16.72060618220668 11.615915563706585
21.897418449458293 19.943936810629296
7.0967271405155605 30.927171856402175
4.7685175562655608 12.207713948515208
23.136542625149435 20.411221138169584
7.1956349250869298 1.1305334336946526
6.0415112418296255 0.75633306399227285
15.980162227096388 31.030355236541823
12.686063684768605 24.296422883213349
17.377244124414162 20.746498214524234
22.492838055744905 8.7338025627036604
19.229799447357358 7.804016256499489
21.236171058025388 0.49672809854213901
9.0011595655377263 5.2778055264924379
11.046904192325696 16.477393697252101
6.0507327620821538 17.775763182049761
27.800841272933962 25.347829694890713
19.819439857801981 16.123561085745642
31.250453106166159 26.860682236914617
15.210734373520166 17.397012112674357
4.3896102513873521 17.399097183074264
18.134340821037327 8.4218682252925205
17.761161484442685 11.352307512791286
5.6272538363749174 22.232129060193575
22.97979632997815 1.0599550000029774
10.153467627951146 27.244375374085458
30.232339285132262 0.3053220527745254
25.523020675274196 19.640775374665449
10.760700413368562 29.112721604758061
16.515834002362606 25.619698370355273
28.138422246427918 19.59014746517056
10.068584386608702 14.597336455396153
23.644141285570402 3.1109187263688276
29.987296850463618 27.97791179073656
15.831345192126843 16.644198431882721
27.207611375621791 25.927382979911812
11.967250425634711 26.922143227806249
31.382394810470007 9.9441643670917568
29.070859130246362 29.873494571683619
15.554380389989303 10.950856025031184
4.9871048394120594 28.868972506448156
14.482364815618331 11.680029318874231
10.021598709608748 19.026637918244511
1.0733954005580584 20.210241337851933
25.674760808490362 17.241375302127842
14.592676448428115 16.434058813104134
7.3115801506332998 18.092349554376685
7.043873446193663 4.1668506907532015
2.1633495130133982 15.943530009250031
2.4464453765542755 7.4607079994516816
5.2530571066861054 3.9471408078160972
9.4170216636059543 28.702767717152589
3.6796691904190491 26.817722534308661
21.880194869635268 5.1380710071137861
3.5657549659689449 13.608417000354729
20.198993476529637 17.237677947362705
15.698538898006595 2.8976916375441508
14.739500737785379 29.070785866907016
6.7499162842127918 3.0924878294433049
31.145277930881683 1.9518972693729921
23.561147488200486 22.839116518853572
0.17101351477141463 29.630308822708688
11.293547459330229 31.325252298221585
19.384451684860679 0.52771836319271681
23.599956216971876 7.3913923866473361
29.217404090537229 10.363111088294206
22.906930507496263 9.55070385486402
20.936043751605609 4.9306761850677843
1.3601050722501613 7.5426343555293345
5.6236845694964366 26.284830426428737
9.7084753958781 11.688061865941632
25.348753340378732 26.496389955646219
2.4682539472297194 10.175000152145815
10.400129643046187 25.457377447868389
21.195981535985187 1.6067859857117863
7.278767819952165 25.864910435539777
27.356565083462655 22.05141004847718
12.809129471602624 23.403078670737628
17.753533785196531 14.336634610747215
10.771680420073137 2.1202321869174745
16.618149717538667 10.626783468793827
13.635531288285963 18.421989935352599
1.1647851518143533 9.6080842947452663
6.585119085780244 22.425497816452808
3.0317830751942498 15.689276148290991
27.227398280468247 5.2805717264967393
28.388168393825094 15.730730609253484
26.105535182599599 25.464750051867615
12.96691414107911 30.387831722077518
18.85856924357703 7.046061652371419
18.248303244399185 17.611301372117989
1.898887369385206 17.079675522327896
27.085971800768576 27.312108852818763
11.851184716974007 16.054265962931254
1.3708589235276634 28.154554490354148
2.4707603083858043 18.618024402950329
4.0493744400077336 7.322577198545237
17.712244264667554 29.780019844436836
9.5573787175350002 3.4550050063160254
4.9467671247894112 8.0570547252223665
3.7587041413723656 18.08173849721625
29.299107642833093 24.631665408266215
14.431721813752931 21.014351843250051
11.319175187598821 4.083859727028087
10.144879792033997 15.662946184308092
12.840785845298159 20.726763768947656
16.361381048931225 17.520868309755716
4.1500566841923012 21.054189178449917
24.417600700862018 5.7369453886535444
21.89819288346504 15.421570129451922
30.027657869795295 25.326821798513077
20.814027592476915 23.274805430615626
3.0064166688051892 20.524829298940645
24.201572798664746 26.10185711904635
0.12856540270809988 25.82599281045194
12.241216118590645 8.9993240928533922
21.559244897451556 21.359062876893045
9.5318454014417178 2.3580867755366683
2.4011318484685447 29.912721220590377
19.430730798805556 10.757145080942903
23.374007135321342 28.799078560499936
24.468275657033708 11.525934030380441
10.702251896167772 10.630001737385426
1.7087337169925201 30.496872853152968
22.978838999210478 30.390092454178479
3.9070415670847409 20.039516362596309
14.883111465135368 0.72489807836422426
1.8187161207389644 0.15665537591584971
27.165788644336324 3.3089397537117806
9.7443477905302327 1.5236162757075418
12.407963175383252 3.5933930917851202
5.1628292345921913 31.464097704895522
29.82536446732917 3.8274080238032133
0.45740087498569393 3.9439255764121408
19.35424398012146 27.03037282134957
4.2342624403483429 30.833178383263945
7.1232761299036627 13.591220523498007
1.6354266880400106 1.4414230537472692
5.0015144921736301 2.750251419934111
8.3788431325162414 27.832824677822707
12.515622500609858 22.36276153337241
27.321376429522353 16.602073561276764
18.826069866649217 22.499978267899948
15.886121872567116 5.4265534787871461
0.13807920848018437 4.8075236736990243
18.546087457115291 5.5510250136443391
11.471907925114685 12.616972430956134
11.428373723987013 8.7013249610794698
9.7364909637613533 10.690884421150296
30.15913776177425 17.817500656578172
19.662815078434157 13.796299656007452
23.522504625418048 19.6552167135169
12.771774627414098 15.034158684842113
30.587906447646905 24.488092333927128
29.576482465965761 23.788791021361245
18.857364588129318 25.112056225218282
8.1028112626128657 13.477956183679472
12.048147962617355 2.3359002288592086
13.718754100947468 8.1973297082464018
23.07576003299911 24.586961032549596
18.658251284425752 3.0409517121118581
13.949309554113839 5.0299890056623928
26.218074174193017 3.9109968163412963
24.19521775585461 22.279543469159265
27.819236277119924 8.9601965967021417
1.8455537306925818 8.970166102509932
28.089866938613309 13.296091638910893
12.783093736467993 8.0381681480348828
17.381614066962452 28.541553059929761
21.500205468422518 28.244366719435455
27.990065306163018 29.624032473884178
15.678590351595794 28.158044812446221
6.0669166029323396 4.0535217946066551
23.633609598401502 27.471355734437655
19.450878681221536 20.261073539562254
8.7325157689323891 14.062112809488404
20.013402029545677 22.774478210963036
15.595601531152004 26.131454061929816
10.563031113526003 11.991779556477914
29.437919529958538 2.5733441510407653
18.77077243490654 20.947497784405805
13.366588581195902 10.913281419204241
25.125713246807898 1.4786963660204666
26.372298761778744 26.442844846311033
27.152655166303933 20.042949411683999
10.729516208102448 20.092463971637883
18.866763811340913 1.3368843111182802
10.140840989009115 16.70237508307585
25.786477383435873 22.147123853240554
30.69136486671076 7.3666819028108481
2.1193563222373495 24.170436396414576
30.374649368257607 9.8995034516750025
22.947974376242822 21.794747444949387
3.1227658561699947 12.219903726779219
4.7255884479184518 21.91915621463016
28.317959707692328 21.516914611290922
1.66840210587034 18.071235438222271
9.0589328356428922 0.22509858594048318
2.9067615768016424 16.799101328616317
0.38053822384098984 28.624278090721614
20.559876781842036 28.790967263883417
14.828986944956631 19.549035099596601
12.546250448055643 27.549222284709632
25.641030118329901 24.449547395841996
6.8669628334189756 28.031251949648276
17.282656646610157 19.476263076299645
22.475124104482557 2.4719642980474794
26.25548596880359 5.1560917666222297
28.510551297372199 4.9717218652577024
22.981309978110289 15.687796601257499
19.552736261235886 2.4105753282867992
8.436163127048415 24.260964245957076
3.0942161927706837 6.8275464006044597
6.6793731755298413 5.1119345434124703
23.459368104172192 4.6101480588347377
22.438590040191841 12.041576469549874
25.691429605824418 2.3080706479940551
8.7858504249193086 11.557766025142211
14.787715140450807 13.619089803365634
15.187738822148722 25.286224041546753
7.6729065797857707 3.203585095230058
27.233948167971207 18.036332928029093
5.758060220100977 5.2318461833476082
5.7463280487858128 28.198519576239239
19.226486680653544 27.98092071630213
3.3179697077825043 29.624534424179405
5.8974353174010261 30.883443325900629
22.583885321400146 27.410020565481727
2.9237537443528674 23.627083182471633
2.4462649774480689 2.4276769168395647
11.49815103917358 3.0762962188775158
30.762080442240201 19.361423083528578
30.053691632279889 11.800096479847282
0.76128554248337632 0.99214836545764806
16.815949811866432 29.285122042951627
22.328959531161516 22.340434943781514
20.816621503323347 29.644262335331984
23.669121343431151 10.194284602067897
16.410785866150327 18.763170556186999
6.1469587639732328 6.4152276010460483
21.436994711026607 27.379086070967176
4.5056835955375192 13.794866513983997
30.379623224795189 2.9666606301094571
20.121116314380405 30.401989747868008
30.978931104958612 28.774011791419934
28.812893397272809 1.2267113314651861
5.6957734949080772 1.6692160937509086
4.8334586052120514 8.9029233735725981
30.19681332782535 20.103603127222645
4.8343294546325364 26.881165460480997
5.7778622837677824 24.473405283279334
30.568100778511571 4.7312600386545078
5.9291233073663046 23.415291897661877
6.5660906613472765 28.938267873273826
3.851500087074895 1.2484469718892823
8.632693303185496 17.703219782542167
29.512600964557702 16.250067445290217
2.386702266133176 25.880157909179136
4.3453101369142395 26.005966872609903
29.146604925858206 19.357747793559859
27.504163043862636 2.230316490546755
7.7267883947602156 28.621690212933519
2.4021681125422072 21.811822025659851
27.128558644749578 24.058188037587776
28.628113120371939 11.019080914308891
0.73506248174569366 11.411254661788481
11.345514683407107 25.815433124116762
26.765875575595697 15.78402657081347
6.5480640304721174 30.100606025581726
2.65640882480188 13.584303807982419
26.39147125484007 12.703197431724524
16.243501510801366 7.3485094152425523
25.905409454814691 28.711155982328219
12.57371506653006 16.518410220709118
12.049889295676344 30.74255089210768
6.7852077738707104 17.110511917281986
24.183086680312201 15.48903532625739
26.757775790027463 24.769395770392499
27.600410313564158 15.303736394109718
9.9735813681493486 29.627367142386614
18.794993635719827 24.176339653875758
25.013403770515385 14.320688968490815
9.1914336236237357 22.631699592087944
21.282826228400403 13.118836149450525
28.155329921463689 24.425834895292418
8.1694215757556421 20.084292576188844
30.511057436152313 23.482591045404153
0.76053726104182595 17.795057431328136
11.960537318996913 4.7107195832674655
6.6377434704298679 15.401664386711095
1.7142813623467341 11.54935732330186
29.022780560706366 13.125089589518792
28.336810300479513 12.199956346647964
29.334742720225407 31.26252196728478
23.624177210178527 8.3890277557505115
1.6663390166776328 13.926757330355194
17.68139243075678 31.306452384537035
7.325633464979008 10.178641158474742
8.0259576125367094 15.194667365699267
8.1963577700452319 16.256318295345302
29.850912603793745 13.022913493254057
20.752285971708041 15.286538304474139
8.5799742247690585 10.591254898771979
6.855466148485549 23.463821664283923
1.5654626753102476 21.379798649802424
13.13708151631562 9.2211959956696923
11.473041182376111 22.388853007371342
12.216734259970199 11.105601235183357
25.85750686264802 8.0765524335676382
21.87280765461982 16.301077716882016
8.4343314595421983 3.8654943768020864
12.219116038629892 12.027532660626051
1.9090665508695133 28.964995573365275
5.3570629118485051 25.390829566646293
24.146852301767836 16.473646443984137
25.462173115435451 13.430344641737165
22.591561296262753 7.8584189705098204
9.8596661706314634 26.210918659091845
24.78477303356296 17.199627735328107
4.0320880285192429 23.299338975923384
20.0981545104563 20.953437975323784
18.277461450188664 28.419703665232234
16.502188262886133 22.48510757614876
28.417966730039371 20.529361507191762
21.577664005161413 14.533740747520357
20.207554094384612 12.972810934186011
20.783295532411085 16.205669920481679
21.38006609095245 10.927025797085253
19.229288041945669 26.083738217899491
21.958290951338824 3.1681985208003129
15.972036696309518 21.110282001863268
1.7871755864270991 25.039237246693997
25.785223353447986 10.461959314766888
12.720595429804783 5.2251115303781059
5.0977767030850041 30.257817845130692
29.983697579781332 6.5346440265351395
18.271197024723218 26.378843015107048
2.0210562691943963 14.795823084724057
15.709293821420648 11.806527825930679
9.0948931756320324 16.881049066474024
22.525247864244648 29.646130961044697
25.947173630728077 16.269908816825222
3.7623709929043607 18.976862362774675
23.813004402748973 29.548482610358064
20.415300126977169 21.848583578658612
25.422345642292189 12.378580442670089
14.723747466635977 30.677173716261212
2.2914810767971208 12.745005612366748
10.398272757972872 4.0976328299002684
4.8291534478451368 19.898497152504568
13.809615535821797 23.515522329315189
17.579742638796471 2.4533237358850255
24.786073459852666 9.7108167480649925
23.871349979088411 31.561782819275194
16.216081012373433 30.213469503826147
22.99242168080583 31.483309881431779
13.95754373919686 3.984981839117506
4.7895107325410518 18.901840768600056
29.958986292391685 14.187659732091777
2.8843912151580646 22.688928038704038
29.201379022672196 21.748702564189561
26.435306638768324 22.94650185899874
17.585284473999536 13.409014394083151
22.81626875313567 23.371155059214257
15.622457034417893 22.700721804604182
31.045894017888159 1.0076558733598888
5.8357536415234792 19.246742084690574
18.461851961627119 4.5831842877576383
13.517704022682574 27.201593405781509
27.462944287880415 12.002199921697855
3.8939639402014725 22.381669339895794
26.205938509948211 18.303026246472122
24.050750875791227 14.665502992911076
6.4374254129575883 25.558033436761523
7.6006040694777761 7.458869992931068
24.889311616158071 29.769877202418702
18.59578908052519 18.517618823301973
2.5682814643144667 8.3060633828752586
10.116681437864528 8.9228978768518807
3.4209034751307881 25.65534263361651
21.74113613830928 7.2549776373923711
21.473081091808126 30.283694654670146
14.880143847363238 2.3917230690751703
30.748405338064419 13.893682835643689
0.17773761026626983 16.53146605308693
6.1365943537885315 13.229365544002993
25.516125592553998 7.042392211998461
23.737779795143584 21.308415314601085
24.607386241023622 27.063543029614486
14.636446249199562 28.162158946485828
21.007243430077398 25.233758859235607
6.548910722348773 0.1198501272613048
24.634698618014166 6.9709211850161594
19.662696341940357 18.479666503247216
18.072165295702558 3.6722546514442778
6.648807905164114 9.6257108254088131
26.674422399703623 17.233491753214139
30.631110358264888 16.182852693437948
17.213556091002967 6.8381638746562574
3.8760892576799231 12.663689921016218
30.544202059143576 31.0888605722261
27.765995320645953 1.2847819716327398
8.2159006201713805 25.486057675076026
0.27485165111750787 21.873519434109291
20.843661340335771 13.941229764568662
6.0890557992683618 12.307419467793963
19.497913040666642 29.829399605906488
27.222025542188934 13.107847244409225
8.1145343347361081 18.638604200790713
8.7583986327704686 19.378796009426466
14.749942210821217 14.704658930383347
11.173850744396987 1.4015480038616384
24.744000944564164 0.56261074746687312
1.8465089506711021 19.546886323809488
21.497137886135814 11.996588935781938
26.070758311456391 27.431135005812983
30.27425999916445 29.384064412595265
10.936644400786756 14.049871621584145
9.6888898461668091 19.927712270703982
29.738851718506361 1.0647633320566992
16.951354871554791 8.0603036467756937
15.340854898611282 4.3463667636818437
23.420786677269692 13.793025223904957
18.390535779497331 2.0104980899521134
0.84938729526842327 14.804783703515993
5.9822152555645616 27.281557638341241
5.7071441161122562 9.2214100241548937
10.937618486912779 26.674971593048927
8.6641765625379001 2.8319732906624391
22.438168991214333 5.8902708528997767
21.416778086156931 3.8696255600419365
0.67623209662979444 24.401324948180509
8.0068383253656226 12.167829495914024
28.117999790564852 17.601188322102765
16.257180311048614 2.1001924788908468
11.476577130578045 24.224381768817533
27.627896973564514 30.937539195415113
16.46768759337095 9.4534789811001687
27.68012311480161 10.99346697111724
4.4106092210725985 25.008022062728109
23.187339969233907 16.543554073807016
15.915144093278533 29.086417564362979
1.1443543465119166 29.446662433311875
18.274661809109972 27.365057005410041
4.7043813363292122 9.9885335075618293
28.625802204690693 28.824805367492605
19.250213473617816 9.6516640716870263
5.612566732733856 14.112855380859344
31.095172923918078 10.945055894672191
15.529491952068774 27.147053684904236
8.7950058913617486 12.747421916567017
17.770786791613656 24.136977269144612
9.0101060199474947 23.532057874477534
24.842925409469128 31.002754211648607
10.286704566773714 20.960277213020653
16.740051846167798 14.755400998645591
15.631912387304661 18.367086135480815
27.273418034196109 18.988767562362369
15.134745167896854 31.514534016943543
6.0137012559239862 21.297714312072372
31.374779461134228 2.9569979551048973
4.2228152083054038 6.3725862920571332
1.542561990032401 26.384440451521524
20.036593476901924 31.381455989664385
20.730793298615591 5.9368519736837158
1.8971873253571037 22.984743687457335
27.692610231047333 7.1976991770594507
17.156930377100135 5.8117495208302881
0.9273803883941989 13.487661739220629
29.434220829793272 4.7403476142160965
28.315924150562449 8.132764974781443
12.888217234963177 14.022282255427578
31.152998932580324 20.535004079272955
3.0170228697943555 4.0051002989751661
3.3314077907133712 10.763796447396857
11.222385794690467 27.727899597361155
18.653638631986777 19.403716978729967
13.832434445931735 13.436309757654403
1.1080431336789924 8.3002456836032241
3.8471327148940877 16.670473267167356
0.99870402069575281 31.616628509228079
10.629988626150785 24.587490014449479
9.0622477865558544 8.8266045033331277
19.912922948236115 5.2019825631916357
22.391413578797856 19.308390432255479
11.374219601905079 0.55908690172627384
26.27602181315185 20.593603650653371
12.3557168537343 1.5794130132376571
0.54969434593478494 10.533783371152678
9.8879282063222167 7.9612161065775657
26.553544431616125 11.687775410390083
20.505939898808929 10.924583097491555
4.8782797608190078 24.103769047352486
18.552577499556346 29.343018451376548
5.182256700711334 7.143872521082212
21.296345447029328 8.1029272686568774
16.239279145742202 6.3195957753022096
7.7390592210265421 9.1749036222555898
26.405527760552342 2.7228862071091888
13.521837901038106 1.0940110811063861
22.820512031862087 25.694630232666185
8.4390948900613942 21.697325759798392
13.092560508453186 4.2205614959674467
29.012964092518946 14.227272790209438
22.63800994125549 28.313139838182256
13.337028346217714 5.8650700941557794
26.510127675537667 7.3525543298496947
28.55813919923056 6.9584980332715816
19.659417068984066 11.692893064082162
31.478943833861273 23.591945365473606
7.7267548504924157 23.447332471409155
2.942664454078046 14.651198682559066
5.018480805320193 23.077407433459772
10.140841451925976 0.77715374226867118
14.161457794472971 15.482144091635956
28.425121043696151 30.627982398426347
27.811685170362377 26.818773506336719
21.26630518177431 9.8182813205238482
17.363339027760887 27.333891775584387
31.579544658122789 30.971633303083632
15.28421025244428 8.8387877526347634
19.942974387170931 6.7602516698299127
25.26976026672024 5.9033659544982244
31.533750708813034 13.188169241388762
5.090047789744828 13.061296359449166
14.852873477166908 7.9133580141439914
12.679269839112436 19.758048258838141
16.390809294343391 12.820683754004977
2.874001149094664 17.739850458323062
5.1432185215231776 20.87996662290713
18.568414837562106 11.648938739069969
26.197678248761477 6.1893118910766134
10.476089683406823 3.0056893349847034
0.32367182603743888 9.1381267836239815
19.865131959840951 24.950923440899885
10.975747473689212 30.326325139954879
7.5419068881124502 14.568317262954571
14.814971916950142 3.571092224802193
25.581492327181287 11.432507479945516
3.9527294871601737 11.446281961364901
13.777620190725314 14.476796137504094
19.808082629332191 19.411324077424517
25.280536883220563 27.845909080782068
15.877497016425766 19.59794419211546
24.31950169569372 2.0297380957138587
19.289305764906079 17.511555680651639
17.209025609193418 3.991387721165899
7.694257525341504 11.049395010465458
16.549330910306274 15.801791615973139
0.57226842008169365 21.03933426839734
28.26175744536685 22.597188262535621
7.412391714908293 8.3724001041807448
20.328752723295672 27.846409510292791
22.963662412793727 14.820923919253104
6.5863994616031487 1.9442937259741597
24.333916509810685 13.476440479534936
30.641842594314156 17.006616177382654
9.0024247253142917 30.974178774056238
11.828659121449657 19.871646664938737
30.967963588696129 18.367462217925198
20.291446746924546 8.9961735838131816
1.3937359083392384 3.8805306592773183
16.578936635876499 27.940615985448229
13.896080753434184 24.449862197826469
5.6410968467527596 15.406925502977506
26.562100625145121 8.8628708788312416
14.458276097585587 12.513495501565837
16.463726864976323 4.7499604243358364
28.415287170754315 23.63268630887066
3.0973577527912561 0.41101686870476983
17.029050721703378 1.4708311329077446
2.8660243582069196 28.699798950827265
17.184242077270021 17.743736904104193
23.366536615819967 2.1390293752350051
3.9946095927142409 4.4517523670586447
28.955787859185428 3.5706432183160444
9.8904301820483234 7.1205648822839791
3.7897118165004025 8.9294868250569781
20.564739257223941 18.288323458094087
25.107389624442348 25.517960318758746
18.691189623211351 14.620441562733676
22.977415305953208 3.6641643326305715
15.336427562809304 21.789268627325157
18.516525704919555 10.494527786242859
9.2621344727207671 4.4276301545168701
4.7201117595969873 1.6951606419590544
30.968281588005691 27.839462578365943
6.917636452131207 11.614176805637802
23.296810863651615 5.4182009839168792
5.6607199208153451 10.28914914407896
24.631283655354011 19.766957890261548
29.194620065869682 8.2782633683927749
26.991775952358935 9.7328202256210812
24.929948205926141 21.596545011235246
0.97856571415640137 25.431698979768289
12.185228126002649 17.513306385177305
10.972623145225741 15.230766976065638
27.098990012699524 6.428920720021841
19.417866207018641 5.9798003304177669
29.154974952005176 18.000459382529332
27.966009747882651 10.009120990585506
9.4948650335131841 24.613764606240888
0.6973320430104718 26.743666430076555
17.010061318192939 16.544988618650041
6.4781707467264393 18.653907514123002
26.414317851550731 31.189246783981051
11.323686487069432 17.413784922373715
30.995896875476717 30.096752015670063
