14.298620587304351 25.959304145328442
21.954184917097802 8.1036464552847622
1.3567638993296329 28.875360235988484
9.6514191056560108 4.578607399443376
30.769054814997901 28.302393975740245
26.190160420318431 31.396698663044113
7.1049740127854655 16.462036394105365
20.947231457897836 5.0509744270206047
16.158171676708985 18.185722387506505
31.228050717682692 26.569639406556409
28.163867260914358 3.9340024580784965
30.168642955811141 27.008079123943471
18.760573087290123 8.7482815020616496
16.770669447205037 9.0482223094352694
31.043940482358007 17.289838785415228
3.0513503548707193 26.302089085818867
23.635972025697324 3.8993495498022011
6.8411934417420222 7.8001841920516375
2.6204138949883036 4.1215191598363479
20.844522893478327 22.181589749716185
13.337773559401144 24.078718601306186
11.837233630459512 7.1557676401477481
3.8570778298996236 24.71322721723444
17.554927859307192 18.371920972636467
24.844411679862137 8.1331813157576285
26.240009666616874 2.5313484893717533
0.40457739850216867 2.9183438227294936
9.8983732761411911 29.980531953379149
9.4305754547264424 20.325582378870596
21.447362883124686 2.8867076452362448
24.460463255786564 7.1259738014193585
3.2360560080389074 11.769317261909736
26.288210680978008 23.36513125650675
14.188611159976835 13.676754397032138
4.8124069129753035 21.168982494416099
22.553660729403855 26.939864989990411
25.771284102737621 19.882088681603619
20.053421497112264 27.976310400262193
18.657885347015618 18.274823384770887
21.356727489945889 14.718037098252145
27.249191852641623 4.3619502404261299
15.173554052706441 0.78605299007999851
28.65989538681637 21.101546591910665
22.452422281322249 19.698533625466432
9.0295755657721273 18.966481101412441
21.843844530495137 11.297840221902447
16.422184966619142 14.035241884958907
0.22786107009992404 28.526086922505581
12.198344159501087 6.3337865241909972
25.327140064631877 0.18899387467777676
20.134128087991805 25.023582716087716
1.2968791488358755 13.606990100338006
4.7097830815421888 9.7060285801943138
25.599504338318248 13.765255781369019
21.337047757204161 9.3458511082047711
11.677731947200721 27.462268406963055
27.586563835355427 19.529661105786911
19.252603803312368 1.7701902146464323
31.019210090380412 20.199098675426434
9.1246993415213034 30.122530276084625
13.243394982043268 4.8449873567573736
24.568336423237024 11.169911626168812
7.7459143796793999 24.588280007575161
20.760820382463312 30.62490822924244
3.6990164979648639 25.711218491490598
29.973559383382728 14.085436042806137
25.515838144088388 1.6274571373266484
21.630692308177903 17.540466337408482
18.172148953335569 26.545978896867069
6.2255331726255996 11.813593336541715
0.97482644136770924 5.0979007904110851
3.873172853052925 29.066314894162321
2.9451006530158872 23.971029592956093
29.206112554119215 16.502922906520546
5.2082616603519742 5.4338707625740712
20.048618600743783 9.4705187207558499
29.276441808087963 3.7294174076408808
10.28326962230747 1.2408396578152776
3.7047805387803558 28.094547670705797
7.3208150783483807 27.568891812296165
9.9633926736952372 6.5623102188941935
16.429876816226642 22.384158718416938
0.71384129835783194 26.847269437196232
15.33686260196122 3.7174893254188222
9.9272706780178854 3.2470573876758579
17.705995354092916 10.693580080088736
8.5820478734843775 17.161380437164159
11.645494095271829 14.949141671482879
18.972797298266478 21.471883289389655
30.94968004773385 21.243218059668699
31.22250802260557 31.393584159562735
7.3346141855857621 13.214887979892325
23.360615943985337 23.222854432744516
29.718490063739534 5.5406620836263087
15.987713361215594 11.908251650249634
15.24512100221777 27.703140602647718
21.044257940950448 6.0443741997718545
13.324171057197121 10.744117628299959
9.0356891896638238 27.695750282545468
13.003754505545809 7.1325374572004643
17.250027627437703 31.477435221972041
21.899677083285784 26.249973500146698
25.945293932871063 27.632118633579736
16.131079589708545 0.54306621245858411
18.795107626206701 17.05332656269001
24.091913384125267 11.903413471236592
19.515905849844724 12.109373466498319
21.693415381709411 1.2623315207376051
27.842482728765301 1.1184153557037977
27.289849997316189 11.115448702055332
18.839794294247422 20.379201184778896
26.144894054768855 14.577939027381257
24.021805954129459 24.495665957948255
21.823753848916308 6.9382442477418467
22.624756793357857 13.896655948523897
3.2352415417341795 21.38966636487142
9.9668745193861952 15.984427502747945
15.212016008974818 13.318771642338858
3.4608658874833704 29.75223279828769
27.115960788900068 30.966796458171235
6.7658869981748504 10.885204620675376
1.8504047839904763 23.697841911452795
25.220764301393267 30.663777653206957
8.535975402917428 8.1663734989526144
8.4432442700550663 7.0009396304601639
20.996205503687879 16.556307156371957
1.2194507543002813 0.98796266168624747
31.257686138824877 2.6559640438367067
15.824215334974028 25.625460279088468
10.207458518218415 29.00781946453608
15.55382590336073 28.966613623302539
21.670954779144871 3.7941278999190318
26.151785675981092 25.053046506862824
12.200330642765135 18.793893890711278
12.008752240919661 17.574457704500958
20.165710854667715 10.526875597502382
6.1990257907972977 18.636163145261722
28.199740217615474 11.53556468987667
3.8523009382087308 20.707353753379575
8.0925640175434879 21.335243213963413
15.263429388552847 16.280414126747949
7.4816453823090079 3.3420907532504831
17.768111478568237 4.8184518162947976
8.8864298400634016 6.0865566476378019
31.34596660741289 15.205186949716538
13.423566034766749 28.449529878478806
17.467389673803609 7.846841801758794
19.463259828355071 14.118405446635034
24.869521949625657 1.010457750757374
10.046919369103875 15.003298639157457
8.8134320183061234 1.1572635162142721
22.175329230338953 24.822287031474097
4.7586245048595579 28.254673650900671
18.136238324971846 21.501861293082527
19.729614464115738 6.4281641146756829
17.823087400037714 2.4996183212063232
10.68474315010476 27.834547289762657
6.2363203398424032 16.9220124066211
24.63574468572245 12.708092258927342
6.5390123570181222 12.87223143293334
12.245856785943849 13.940501772779934
9.068847842088763 14.906673880740652
26.896665425336916 6.4264404796242598
18.443276367104364 3.1119438934402308
24.030858375076015 28.176739872309554
14.544426657619347 21.528795315719155
29.561336002941562 21.371776292529088
6.0619096301226252 29.734964276883744
1.500315505000172 9.4496508407511097
5.5328810966407236 17.798232779740719
23.48551375605096 6.5195864365584715
27.394490453443805 20.555377421338708
28.082220207928316 24.099311761234013
5.8081274449039109 28.832726052212347
4.3649572130179033 21.906785596713075
20.020791746141345 14.904696044151581
23.028633011855042 1.7946960097571689
22.627145201132219 3.4790871296113908
15.360043968997079 20.636857313601833
5.7699479988445148 10.266875183635348
1.8191005014059967 30.700934853440682
7.4355898074276707 20.551990608710383
1.4194032000074601 17.39109208369841
3.6354672740639371 10.502107052094123
13.657368246823417 8.0530591093918069
9.5410165099979398 25.347048117050736
17.227659581101616 22.250547199288395
2.2070798310579312 0.96246001145628701
12.405287257611187 0.49058009827906557
3.5623743364499743 16.62143330473868
5.6966683872603925 20.456157421572161
10.219296748779401 10.289840715179864
7.4932093956970895 2.270536593722297
9.1575482874924852 26.450650172326441
6.290661133867351 3.9125107219340123
0.74825125433108486 30.54699328723289
19.802822778386734 19.231624061809757
12.541857299761622 4.1157756497279649
31.535831856220021 6.0921485146803827
9.2077248969826595 11.070478309555259
18.104573970037599 27.472060379068036
27.772359951679128 12.416126653715295
23.758265724826643 10.549530523586899
10.958389786536245 15.644803590421082
26.558302181161281 8.5082787753231859
24.985171952047448 26.705522282739974
16.938968317456588 19.963886053019522
15.358749959761111 14.247488864729714
2.7074134759009172 31.595774177105412
29.353284552343972 11.256086767844824
29.020595339443339 24.782040148681595
8.6650116452696651 25.219311881663785
10.816995477131645 8.8151465030031773
3.6095360479868606 18.459151946649172
6.9458812114592545 24.00095288405404
30.689341865949494 24.40282698745732
22.452811164132815 23.739643345173729
16.817759916760252 18.972424968041423
11.05175961987319 11.529937958165675
8.2050830659360834 4.3025456497635384
26.718106274925784 1.673771807148676
10.46522390583983 16.919364887543335
3.329134831645328 0.66655846388843776
26.541392265298498 29.493258526199853
10.078387897538237 31.284761631440091
2.3226306230571865 8.3956193670048123
10.812532305656147 14.394120794791101
7.0251686062181093 21.805767265437513
28.528869416214139 27.566343318627478
20.377725063274728 3.190146201167293
7.1983242487312928 11.913730524514913
18.13218483953613 24.782534152074319
2.6788973027241449 14.159751737086234
6.2701939920384095 4.8819064712449762
14.816351646368766 8.3629294618474805
29.350676830865336 1.5614201757361641
13.034226783094198 25.136484815494704
14.240941563334836 12.673278063778115
10.733002823965792 22.807306488508658
15.456758248967651 11.013784563523309
1.9903110170279295 5.8288854962516119
30.427786791602578 9.8135960722359457
10.223426300922844 21.125780857453485
13.728378574009341 6.5850759016268485
12.426450949574042 23.501816442994222
21.883160939022204 27.725127790557803
12.987686126643752 26.820851806363287
14.552163808424448 4.4221273060588713
18.897919697077118 19.225504829559725
17.905298218704122 0.882986062857397
14.661536050584385 28.332690700291959
27.472283014275057 10.249754489943184
17.940957118564867 19.322253562547367
16.727182315300524 23.469916824380824
22.190639093770891 9.068927040261455
11.968858223568464 21.993490237838653
11.382608676070884 23.962960724596044
26.438942228853112 20.450958409679721
25.844408048959998 17.027888334368157
16.72605022579403 25.794572092571102
20.330295697667403 24.059787098973246
0.10742882662077205 18.50278264315661
8.2073603446176708 22.175670369648802
19.697031306058697 16.780049174283796
16.969588833102065 0.92802278436836128
28.898111171600895 12.308779043305872
13.755781588951233 17.314312050094053
25.247612705488695 6.6784767812897581
4.6495106863374804 10.629728223903808
16.09821430542539 26.899103590174484
1.8636796109132405 15.403671443167807
27.379320236240861 8.0272096209538795
6.8591319222683174 6.4622196080179908
4.7592753179753489 17.737192706072065
23.656306713576676 5.0737793053287845
17.458291407744401 28.667061482020355
16.491634922837974 28.941253149187403
14.171991846680456 29.1424748758619
3.4052865132688548 3.261488217278544
27.114866438450058 23.900336927613182
30.37268596622031 17.934387307596928
20.58876885984704 1.4771106183126539
26.234935967256636 5.1295395080838846
28.8691328980428 7.9714542472505254
17.161114520612653 24.632253521910904
11.753603834086766 22.867241662186274
3.3169197529771339 1.6416017043075661
24.368291055439585 25.851720721930352
17.02357671731151 10.032238496596001
29.66267470618293 23.768811667583691
26.464401560429415 15.72550972176119
1.8664014869628303 27.118082870000819
8.9579110656398289 2.3556467769500586
26.252821635425494 0.8510532220184307
6.2064580585488027 30.570869113292488
4.5451204160565908 16.638892782208657
21.652887853962753 28.793873037615771
0.42309905778486989 25.891894917364262
4.6821629772442561 25.542202399070209
1.0651491537241942 25.189826582836332
18.045427012340394 14.517761146397072
8.7450449529066461 9.2658195599498843
20.85902752008111 23.126532441847505
0.82406994869563854 11.735562488030153
23.197219884142232 24.386096110415835
0.63355800580677046 16.590238379014025
19.796639834770605 21.866569730442258
10.078608359271371 9.298923022938558
11.495823364499342 13.589176648656114
5.2021146423997964 27.629393976897916
28.963170152779508 18.012436626475552
6.2734604267715106 19.696238747779748
8.6076434788018226 29.033467421224611
20.356541027265447 26.961949188101649
4.0093194396053944 12.755889343233353
16.127480218184349 4.2220262136292019
13.449491420932528 20.640410398072671
14.588508446247511 10.563548916181846
6.5025047613370468 25.005079846284097
18.312013652896734 31.536547970560918
15.368754585500904 2.8072091739772955
21.665313870326148 19.298253243965902
1.2112205499860536 22.511438968124594
21.149143363796718 29.708848757607583
12.09509807240396 30.750121864782965
20.408961663911153 2.26636167451458
18.625175031069773 6.0300439642668948
30.013300378566523 20.636749653947479
20.616839332175932 8.7099369391414196
22.232546410228377 16.834565231843779
1.1296635470700283 29.682756745366266
23.674703317795423 13.027832542753602
17.600753680163184 15.390012691208135
3.0792071013899625 12.829497949967353
30.882644298355469 25.626287235261987
13.391180794143665 2.6904910659927621
8.5039999576373226 23.020309736418451
17.011298648828461 16.516640015728072
5.4082477303331817 3.4503609869319756
2.2781668603058849 1.8573982777245748
7.0824270415316901 29.55699616020544
6.0629920647367834 8.4686387252759072
30.580806179065149 1.5071169379889342
0.34827613630838505 9.7572228092454534
5.0861332950917948 1.6243791494110671
26.470944629578479 9.6551684531964614
24.988315458635473 23.594647046769506
27.169817775249136 5.372137859432085
18.948486016943548 22.709887586702127
10.784283973818178 12.875859463292461
29.897447336101095 8.5600527992396209
13.881986386763884 31.209678249477587
30.678978670906169 29.39537374207951
25.329864302587172 25.602439958154854
21.195202795959155 25.054768769671291
4.8908800948317994 12.019967459607159
12.983419425111601 31.251943163114337
0.62258047865726796 14.706240619583525
10.650029062622776 5.1307934739319565
20.317256101955 31.495719105172846
27.745284744103174 16.83530449803111
14.44352355742963 9.2067834124911769
16.38350281311795 21.126971937896041
31.427556317158338 16.158617581382561
3.9657745885296749 8.7099430895262664
30.483275037151877 16.396635882321551
1.5603504930449144 12.463660771377656
18.879963382155914 25.821244693802381
18.616574521968676 30.547947612726279
23.603313131786361 30.618328817575872
22.961955816290864 11.060261796190458
29.870914024705908 31.178518919233539
28.391401681242105 20.248744008899578
18.88284054229117 15.018883041832622
16.591506270384905 7.9173250311551335
6.2655142584458536 23.221988008783431
19.491747664602823 17.929403661584136
11.628568514899941 4.5252882011092037
17.131677279644109 27.704881873447626
3.5337397758531579 4.3845718870634451
2.7311370838884668 10.792113300758601
23.905998578020796 1.2942602840360775
31.363768126730125 22.704710606644269
18.804400747392247 29.603326918164086
21.047871388958956 10.261363156796754
11.5125194536888 31.364173751182552
24.665899482478942 3.6244551429478009
27.672652024530986 7.171804648841225
27.673187038612173 13.516200016873801
28.07083101338689 21.818903547143655
1.4965179900640708 2.5446953190766672
6.1265584014450578 0.129146253042589
13.94422990032824 30.032519452141173
20.969627588900256 0.47972674415959038
25.134919276293097 9.5163802263037969
10.031645117214328 12.337729062005597
11.015607478865636 26.735769197808615
20.887449549358877 15.584741905381142
29.740059768086358 17.1939476304373
15.309387770939278 1.7361666209130633
23.543412278349621 25.547642761422516
28.250387095616034 8.5659045631789699
16.646807823381838 11.182047210397496
25.965433017817375 28.757454821722167
7.5951714803709311 17.329738040980249
1.2147940939162987 8.6193172801660065
2.8219419234244376 24.895396970346027
23.261373727803594 14.789985105705304
5.8391107044464885 13.663832371793932
30.918889510769581 18.807015887758048
30.081830704580611 2.2864377029421719
8.0484975875815792 16.184571706245485
20.810823380773066 28.410373335088103
16.317130926734851 24.643088066931423
7.8246057043781061 9.3923473290872845
4.990398885774133 0.20912326319770008
30.647470867739273 5.1081880149722325
2.9760611302325795 30.726307387442727
22.953469706089322 15.852670357831862
25.989431503242471 6.1180823001225759
6.1884496966669911 5.8355679254761856
3.7397498806604874 6.755792403154774
14.388474569472226 26.966939655626689
15.882208440710828 9.0257194507247469
30.102475605323317 4.3339298046617705
6.9806757452015127 31.39364922203665
20.545354212199172 17.326870511932931
23.140354789988091 27.834271137621233
1.8372297075654356 19.939445789817153
16.185673703715793 27.96267221270217
25.384079040916891 18.638832714819262
0.93131153859876492 1.8752094734004539
21.191552518703652 27.232512089227324
16.735227778891272 4.7583128973332309
5.8595702316246161 24.250490531261629
20.684202531764097 4.0915753783318634
9.4369935237361364 23.963869938994037
22.80468848688912 4.5253697631517866
1.6469836173769767 11.098660494570419
7.9335165487893153 11.162080601363282
26.210664798948816 30.352940084039815
15.643531139140068 7.99621246547881
14.005444904961008 19.370975970124977
30.697414304250501 14.682557549695474
6.9844530910676568 22.577676810193587
24.85762421738783 24.738398441649295
16.555150614996847 5.7573677102749601
26.907443975826276 12.379781718476133
13.124016989399482 16.211289151926003
12.572457301091221 11.650478643736841
31.013081514485197 13.601856329021375
23.843079142279461 17.986657680170598
15.169470134897001 6.9187537935219998
17.585985519869539 5.7198409382536353
17.568119728684266 23.565304744719146
3.0090988795415399 19.237178958718861
15.847312131270918 17.197524234620669
18.668648419442338 4.2517324871706883
21.034090417437159 20.399653503922686
1.0371572675302725 3.6937343963409508
27.637706776313085 29.066039871913777
2.5205462081844843 18.115886146400445
6.0523833097951414 7.2626892947198138
26.2941172169539 18.583802442921133
27.157741932778176 0.46452201752106032
28.670008177155808 15.82419087712311
5.2131241356063276 4.4821297130198117
6.1311451566200281 15.719945704857391
26.742085549061514 19.282060692346903
10.153658955249188 24.764761172502425
4.2307865262471198 23.816923387587174
2.6751183140355872 16.252772534805697
19.994619230798261 5.6021374535987718
20.553071259138793 12.143257818033728
14.019781841390131 22.114187080435826
7.3456453533684858 18.657293071478303
27.979090988258818 31.432687387218422
2.2169478177608886 20.938096811563604
0.27765208308068817 21.022965409959117
21.393966955279215 12.843350426686399
25.164277484490551 2.5344896823717544
4.9722943346366799 24.494895700230959
25.390078469365928 15.126887473469253
0.3556336463772708 22.032751072375515
18.387191738937478 1.5870421347007104
14.028100411581651 24.848668128614971
14.992283893308556 17.540452856972259
0.35932758628231115 7.8341554803090627
14.852496052368323 15.412499739063357
17.745673624753117 13.075448902204419
9.2789580675684995 12.875873214101363
27.117269883832684 14.990918419319669
14.395719184042923 11.500709047811734
26.207107991535988 10.449525117510415
26.585359584268332 17.570111294230284
19.351833333392729 28.796314882287181
22.712806521776688 30.682401262103188
22.864516003555053 9.8804252411220226
28.943296207840405 31.379358437445681
15.304711410482803 22.593948937096552
28.583732653818984 2.1098703192858173
24.894733002852412 22.269472838922972
12.813095838259336 17.261592375529155
23.83502277556348 29.126977925832328
2.2716575084313106 29.881406610010831
13.062067498256717 30.166011607097239
19.308758954145897 2.6488834356692954
14.818997295273382 18.398936803382458
21.981121926363951 20.597197245938915
11.347553013770431 3.56200070800256
16.909035104974684 3.4196949714445894
8.9170484802595453 11.885709631967151
2.8800215990929563 20.221629561733344
30.84270332586501 9.0164290544446501
23.499516588969687 16.600846736670132
4.8053413352493539 30.155598264390253
11.783117928371491 2.7622906775279206
12.596958424494135 9.3153882699354309
22.26777842575915 14.967725176475524
4.4581482629603535 22.741703752419401
27.063679716481072 24.802275835878699
10.098653603713544 17.858664659137833
7.3363336666586738 25.490465942176172
13.499460723904628 11.769443032621721
24.066716054422045 22.040189364315442
25.230250587792245 17.727303102291188
26.31623226196584 13.059978597103637
3.6316709096714743 15.521403441139176
5.3733308788375815 2.5085529778638733
22.781305904879488 2.6194975865987042
4.8999738808106477 29.315002029810181
29.515254304383205 10.132108194608413
30.515255267499501 6.2249539199502184
3.2378925957176516 22.262044408944899
24.234689274831144 23.288727849265577
24.202273731291076 8.6955718939234838
26.607000618764896 26.011457054917717
28.205269510802808 5.0045873669429879
18.440964768619466 7.7923533980532733
31.46651512708987 12.39853895722438
25.516790332879946 16.124529399270241
10.657948388393354 21.969682318601102
3.5425790590013029 9.5918253810757719
9.4070196410694322 16.80700782287018
21.66701417418242 30.864793341979162
17.153000303397356 2.0217771972641181
4.451256566062292 7.4855353139520169
2.5844955297863828 5.1575890028476934
14.626214239989865 6.0928830303143178
4.5438545568111932 18.815359664363495
14.324128179904257 14.591127972385856
20.22210019904605 29.306436941857228
29.648303686253037 18.638705317412914
7.3686199361653442 30.53701157439
16.872799256174854 17.487867640620973
2.5398995690897324 29.049699076612175
25.266043910946287 29.690424140898351
15.801692260598756 23.429224999674538
19.441029751301009 13.077204905175728
21.878584530397568 0.10796572136914459
0.16862622751438761 11.139749383727299
12.040427035666799 28.561117920314196
1.7270468412370674 16.470850834889866
26.990346246557724 3.0659297092600766
0.64493339160153207 27.720283628267374
7.7134969846292352 8.1653461264501672
9.175944633024427 21.32710432229948
23.662211867853944 7.639251100498603
29.347687470011209 19.901806754727986
11.321697151474458 19.804062815642936
25.515804888835625 11.592571103267723
17.917433711209444 20.3120394197365
13.659278021956602 3.9219235606620297
9.2264497172315956 10.080208234606296
1.4858686517350124 7.6661259876457608
0.58386429973056531 12.87590382109366
18.78545880156047 10.611095384126987
1.2692786987497853 18.242848261749049
19.010274033535591 7.0736893989568612
11.059125644586139 1.8572671533510476
12.310563891632601 19.914131923580943
25.058989830958055 5.5487776122299319
28.605539700624721 7.0709895358066142
22.634701808400592 6.9904529326300446
26.868022894199832 28.33322754968702
2.2756173758576264 22.915567812960532
16.784100885594551 15.156156212622736
8.856926018936818 15.8207022010247
13.85963685716453 18.31971603238825
29.75188898473457 0.63651734662606363
25.699382718398745 7.6576126711126191
23.841040154256671 2.9359578946789693
18.35727618683703 11.571761087860075
10.168739522145122 13.68977061463298
28.671718362857391 0.76945871339168115
10.495348791330111 23.767323965241374
9.7645225851132356 5.62796958200805
22.746402322038591 12.908213890511323
26.46453773843599 7.3057266984024203
7.0091889588470382 15.409220900525831
8.2378384790055694 30.957972491149015
21.067389118236374 26.001822857681773
7.2730407010954563 4.3573233479197775
9.3016272333455436 13.961207555023401
14.492932371175769 23.958271752786164
12.567896725037807 8.0148455896603075
19.112895662024002 27.657565825370831
12.480264355351606 10.213744385826237
23.080046243498277 22.371592781029062
7.1909954832683622 19.599701443177693
20.32170007013616 18.345994762969138
28.713043855183184 19.160053405872276
31.245295724978973 10.352824416376578
11.998915304511566 29.744060754272294
8.6057688675657698 24.155096630637924
28.374405766952833 9.6391816881100674
29.653895843143378 22.385676753629273
29.133843289302455 2.887461110470027
19.457699291821839 3.6826436547369488
16.123302614204125 13.036203432138606
19.812495593645203 4.6423883155102228
22.634008178039565 21.251111797030138
16.91983075949825 12.62832484959198
4.6367853899395657 13.344050028747661
28.592868394104279 29.279652045469547
9.6959192720330645 2.0260900155807788
20.731248938976055 6.9169819604632305
28.783450906135531 22.478476280495538
11.380184154170562 21.201981182838669
12.859102858925922 29.168787867241711
17.706987704455283 25.664845067109663
15.326859306418305 31.357310008513018
16.106530976228051 10.251559541391813
19.579076793696661 8.3534798060102986
22.012494049210769 12.190362722555752
21.360602904618396 24.083864937538465
9.2207925573047564 18.03392508339407
13.76600337855441 9.9805665336436338
13.272731872056536 12.862458036955278
16.787546217311377 29.882600450663279
17.231084360827829 21.106964684407103
29.620310136118214 6.733711237466256
23.344747549389051 9.0643481974811664
6.5925961550125161 20.920813098444643
23.262522633563265 20.276635533709698
30.260754639378906 19.484528194390911
1.5820254428772118 26.209477793194733
26.929174682191917 13.887921190191495
21.359286358900547 21.488960526792138
8.3896107522929508 3.0873842649429428
30.464906425541997 30.561313040926784
10.846349698831563 6.6625286575092888
7.2836867603776865 28.76557684204429
3.9759821181604362 30.672749807628392
24.439360418365716 17.221951089158118
13.025011499351569 1.8208422688213817
24.257930640476314 30.002272681127724
12.950197652043165 18.419348028579968
27.916129559984434 6.0788365693441015
23.004954650270818 29.497552274913378
7.294276108143972 5.3584278753990517
28.193528286034251 25.165279373868501
29.411469471021899 15.078419850820046
19.858153488462111 22.915409755464445
29.523634707882938 13.342689143574367
5.1686035739849707 7.9018948031733602
0.18091246006207598 8.8424252198949045
29.278785283691587 9.1724107060835802
28.418960844520125 17.306777946686534
14.350316187898564 16.674876480659751
17.802067261971082 29.605961571154172
15.66262923732703 5.7847377880668072
3.9231873287414079 27.184152731250251
17.547155866981818 30.600210875044933
12.923546098454594 22.328986422877271
11.855383245933361 8.5018744262968973
2.2710829984341956 13.199256799751666
22.925133233469051 8.1092635702736775
24.388930678582096 20.444015002885127
6.6995413183487846 17.811234603113
21.892069662715855 4.7759911308536234
5.0205082765156588 14.254782514286443
20.669846200696089 19.557118323688563
2.7318648971574722 9.1297040176485922
6.8039101819695018 1.2860484009900794
1.7901626366834635 6.8480765578650766
8.1681368455963863 29.803931278142116
8.3708234273858064 13.282039121901693
12.644573784297927 3.2095985808599177
24.366283970148174 18.720736385781084
2.819660379604441 15.121669386165312
4.0772235805374111 14.565279273963521
15.129525855322196 29.734605264577162
13.232844071579921 0.80196713969762157
14.969473280360241 25.228373633466557
23.862289493759079 0.33202409498458374
4.3756111640918736 4.0247093949975659
8.1678241818830433 14.228949755815467
8.254152095903212 0.29452092649117007
5.2902001512792367 30.937159155253791
9.8604729810265237 19.524944598019239
30.305153302751027 23.178192796918221
7.2129051969686477 26.635513218731607
24.752756341997468 13.763327675196042
13.306360745018221 14.867459244246486
0.63402858248971583 31.523085053872595
27.39652285352534 9.2102097847641549
17.071105318152608 26.711365715126618
13.091167650018813 21.395044022505651
22.657882505954099 0.95497791736607407
3.4097315072614327 23.177833191159269
22.963825790279298 0.052091893581967461
27.831871986850562 15.74617017672394
26.899840475101705 16.494899366274094
14.903009051339229 19.598224277673751
27.042041983230291 22.620508622978363
5.5937580108050859 25.495374073290439
30.287853633564669 10.958790648928943
19.212738406279183 9.7185858871570669
12.240376714688347 24.526845767222866
15.33752253607576 4.9747162225410824
15.245437660256034 9.7307720139989797
28.806870231300092 14.377823467708822
21.884689791244575 23.041529379224336
6.9915923828294639 9.0099626227927985
14.078361987735246 1.3993909017477904
11.194559674342624 24.985797408510617
28.568909076526023 13.293262029011922
4.3713052922636306 1.0444623799427113
31.419553313748832 30.359132145458343
12.156344132071039 5.2865730959414554
30.678653794320638 0.48379718913343811
28.531502556938253 26.484291897554005
17.37073329311616 11.7796780886158
10.184715377251992 11.351702447755512
22.131248339587817 29.814643108319135
19.479817056505631 31.032352658026426
18.56393428455922 13.667497166574162
21.089101892885907 7.886182469740981
24.268609688338 2.1812524866333298
24.147547402498983 27.138231761168949
15.131604816859742 12.229716425841143
3.739243065261955 17.568169710563957
0.90677222989701578 15.611041298030223
2.7345637838551369 7.5130977749171537
31.274146170337723 23.642516803651908
21.762416784637779 2.1190606749970513
18.09697132388284 22.626767267313419
14.503872212941232 23.066117006570376
30.329943780005742 3.174480639899611
2.8403648295636357 6.5061715599622305
15.83588531436336 15.073889353322333
25.25981705418527 10.483776735890432
9.1776386043468445 31.209739653338861
8.1518968359825017 26.040734322900466
1.6307972973030269 4.5699409506701905
24.237299942902126 5.9588086452233666
6.309923572698958 2.0752647962331401
10.68752952682622 20.27332393060609
19.138568442518132 24.933412931735123
28.561551090839639 10.615220783280868
22.145065795604111 22.166367452219987
11.209754537283681 5.8056097141509015
24.444315056681766 31.259197161816772
1.6681546032051511 28.043253720814153
0.92624865004666757 19.178415212310753
22.015713828675832 5.8227053286848944
26.480337654533631 3.9100412119741539
11.918396436168578 11.007931722209721
2.2574280341548056 25.65826597459677
8.1850055058587916 10.405029331966844
0.20798952785302405 4.1412569243743693
14.283692742937209 0.40507872290757341
0.19041534301244303 13.890058635581591
11.179970590507086 17.696638575966944
7.868388678348853 15.086694482952014
18.477590536284975 23.82141096715187
26.327572569333363 21.885473215301808
29.8375306199605 29.533404518390228
30.864577761867743 11.638809896045807
30.976194695969546 7.062355706945235
17.227786462453381 13.967613137428449
28.854944454189354 5.9819666456389999
30.602658010119892 22.032964023002545
20.025178239161885 25.963700506374394
12.394713315866351 12.747628036804281
7.0820893150193447 14.153187729546358
15.663118243926565 18.980926936255212
12.072697456839078 25.603661099730466
9.4695164091334778 22.159698949118464
0.099170348891931229 19.718406374001926
16.359795790287567 31.129751887216266
18.128251797892645 9.715161917308162
6.0129300964281907 9.4520885643342432
0.62495779224961789 24.18265469262975
27.551848049303928 25.784901066057603
11.287662911482618 18.765797192653292
7.9722681578262202 5.7918339783009491
21.276309760417735 18.448925500269493
23.032805971829319 18.801803463759327
16.046112123977416 19.979899561254577
19.389685551142033 23.880380458850397
25.543328637533651 4.5527597367157604
6.2975961344586926 14.503650855088893
4.1073664857193011 11.538327532216298
29.840801556333457 12.178746330273865
2.0355968324758851 18.980582333204854
30.510302852519608 12.818853450384767
1.2826060025077179 21.349995224531369
25.076433936571551 27.821316847059833
14.778328301273222 30.688720588035881
0.2739158272608983 17.556617312752074
17.662476552318982 3.8210472102778468
27.460876529440455 30.02426093477925
17.910140000157377 6.7756376789497743
5.445116889370035 26.604472038475727
27.362528020180658 17.980587498913533
12.598190569530898 27.717793020651573
9.9251363318693855 27.510351834631422
11.381595573933803 16.490577747843421
16.066324195347697 6.9084709197290168
11.628353599645566 0.96937932471915089
12.198347215080695 16.249136094892691
27.206597565772459 21.45120555844732
4.0413908824584839 31.574011125280837
3.5345459075700454 7.9898383109582856
28.802960483187043 23.518316214051097
8.7345614362481143 4.9799787787455791
29.046654930248692 28.569398765952744
0.52471265674356693 6.9540166533132028
10.747696462849586 30.619700313224509
16.337200154373544 2.8343014629506635
8.2598358694693701 19.427262345015162
11.06402272619326 7.7476272367316987
20.63801899734116 14.074363238491003
9.5992619744445751 22.985321795786941
27.967584769063418 3.1069618430547679
29.120319501762054 25.950806760040855
16.216708636015035 1.7376898521507997
1.762310428144459 24.590569021265839
3.933767411529475 19.684179262898088
15.41742280219797 24.292858671038676
29.080919282429644 4.7364555494565321
9.4794077018474141 8.5367897120581695
25.588639730482576 3.46061879216367
20.415163499843199 13.191392707972815
9.3171998209666107 7.3314912836299237
11.098880088090503 29.786241754105333
7.5599241006944418 6.9585292453755327
2.5785251120835309 17.3136595812765
30.927861386318224 7.9769017624824965
23.610172078382405 21.24081859463147
5.4510868316338614 6.6258782738150153
2.2557286564068391 10.039214046586343
27.939535695858744 18.557683465733884
0.17507215396773301 0.7800929331717773
26.44405409980504 11.49790249508273
14.393892540693871 2.2356438887493408
27.582293907579452 26.822994255697221
1.0629942963072327 10.41139028676745
30.094164878936823 15.624280520404298
9.5103559153766462 0.62749247689660859
24.009997479562443 15.55051253444516
27.59743048391903 2.0882772670421792
19.967325391068357 7.5704997395717779
10.59924668014116 2.6795174265831472
5.5144692475809292 12.697760568009004
1.9927366817131147 3.3975442639171223
14.356287717677317 20.537527032847084
2.7456910376862744 28.210272454483601
24.569856178970522 14.811527870247049
29.903385817495032 28.325580107014421
13.875761033194573 15.73338984336988
31.577785853977616 5.1166013203561684
19.318793442913108 26.749371724009805
17.908565508033483 17.441967330033293
29.443963589248813 27.30256863045387
12.18788483367698 20.825650488418095
20.272776139491128 21.043872949122665
17.956565752372036 16.324809339348626
19.063192651208681 0.44261901178853308
3.4465078485505356 5.6220264478462649
24.915840260364522 21.127119025407687
27.808515410190402 22.963754653713625
0.98447170259167738 20.32071428198568
11.597188329642249 12.320007354308297
19.780798135649135 0.88515636934055197
5.6546674697716934 22.354104476747032
4.388200386978971 2.9788056783436985
5.788825488363865 21.61588956311212
22.399788788628875 18.268385287203305
24.622743036385415 16.2986238743235
8.4752884504158761 20.323372203524393
23.117277477558321 11.919086099487405
29.903601878687233 24.889516336348201
29.904494754535854 7.5802392572225328
8.0279854125026766 1.6780085599411083
8.093908129676576 28.200864670923583
14.300734071245998 3.2526320435822376
30.032778425241059 25.990135041508271
9.4620751962377962 28.668364054751503
17.705623460129164 8.8650497880522288
12.031504859882004 26.416469340394041
24.921209085462451 28.82791260929973
13.441192593932941 23.126612503638377
8.045486731791442 12.309526638323952
4.8377914498107746 20.079382936957657
5.5220779470796382 11.197918736005102
13.776395093580872 27.551457784261363
25.798792542546511 24.166071216691364
18.390923174605369 28.503793033187875
0.79308304570463306 23.324224689876331
22.630175448131546 28.55833357635878
1.6290250565540143 0.0031403833292968828
10.549810433521472 4.0977710828632592
0.044240133820540609 29.378171731309106
6.3947947921853485 26.156148978887298
2.79132472137043 2.6925367816516692
24.983201179552236 19.668975768917015
2.2881525920495158 11.872361586158625
16.984952568476945 6.7486848051684207
8.1415489002482282 18.210171570243091
13.154358674432569 13.904231151021387
6.5587073602825541 2.9721404075288875
24.516875160798875 4.6353161341502886
0.98613792020651303 6.0851532096085377
6.394648642702065 28.216140562918895
5.8103428671202817 0.98336479154198353
10.793474040971086 25.781860282532456
18.892919226128999 5.2249050422749574
4.9936158325033544 8.8811252234282971
27.859079283665096 28.080534457732437
28.336582914262792 30.399066534181721
12.164352455339833 1.8456173641063225
8.3099946097091699 27.050576757983201
19.900012626556208 15.884157402937076
4.5874018795963902 6.3250277891428244
12.446112454804142 15.191222316673388
25.740980461028599 21.17480525181254
25.514634137473251 12.496666782820704
15.286348764546329 26.508563002432041
23.037775856881034 17.432032921966943
5.4211403299773115 16.514784758442485
7.669918105542445 23.361484160167464
4.4729102887143704 26.598471835536721
23.394926438300189 26.603800539379311
19.801475959820554 30.106682655067868
3.559498408647602 13.880001164613683
13.417182284769922 8.9404825679973996
4.2202623047619339 5.2477623441363601
31.557335424194704 24.903525144650391
7.42594543969886 0.65534518418782506
23.767700703025785 13.997794496327188
31.515942994621781 1.6671079693616653
22.618769777867847 25.585362832450439
4.0386034086872664 2.1460612162673454
11.149956595360544 28.707436911206951
10.164746800940872 7.798366280434271
15.974575757090916 30.266137764168242
25.683386969392963 8.845843690155645
19.545775202810791 11.204433856990546
18.820337092592656 15.886149471016857
10.78137204084638 0.39771105063478174
21.74481554940057 13.713171170376427
13.364689417875823 26.037678342047212
9.1352810610256228 3.6874761623556616
25.661189110009495 22.632544621909226
28.017691141421153 14.636487229496106
14.138649988432645 5.3348393474232134
10.007319832174069 26.408942568815586
7.021813292206275 10.124169599344363
21.904237428494586 15.941617214468323
1.6781249882004166 14.42136358478932
6.2199205433236573 27.294115961265618
24.219077514563729 9.8028199827943521
19.695331135409759 20.327776704111134
10.374300896768931 18.80945649274398
20.86228448624896 11.393411322001061
26.889371213464205 27.283747907201828
31.004961083422511 3.8571785876508962
11.509061284945068 9.5396573823569693
13.166704549423429 19.609604498227153
5.3551240402959568 19.108305261441323
22.053230960281837 10.362002513668285
23.785832030436541 19.483659355376641
31.141983752857566 27.471639778661913
5.3923535394997 15.16584661180466
25.948380355413004 26.560195733594288
2.1344694032855043 21.952218255292049
13.09340053751319 5.8252773590902809
22.873833113120476 5.7093904210128965
16.215321991864212 16.115996880120807
2.8066632710133503 27.160593070340212
18.48265502935174 12.462767315828826
14.363325428181062 7.4326382783153244
15.594568902741493 21.685540328084404
11.125756234752574 10.33235018297667
4.5773162173373096 15.604445495887978
29.243053324203895 30.207599091233799
5.2365855669633268 23.32080551861328
