16.778427990688403 2.6838915986258649
10.447907394833733 20.057452376907531
2.9127236849495564 17.043726259502627
13.97953441507909 15.973045450467371
9.5692880899665393 20.167958415051181
10.156248699937745 24.275751264246512
17.438924766484476 24.336368795644095
6.4181682007802756 0.067535892307424364
17.374355762714657 10.783005910733948
22.632708413636895 28.896667753223387
16.371008708129207 27.304513217908909
12.719674877412762 3.1596033184308658
26.110161659695333 14.285205270690952
15.537402446070452 21.81252333570027
6.5080712281270836 25.624475556183626
0.76692937825048335 16.459117867102893
24.721096005108596 31.306516966389669
11.510744307865068 13.109107671537949
16.73597444901408 3.6992814574259638
11.429351096899687 30.745299869720824
4.6922559049946999 11.758523410026932
19.905705957626793 30.694596231809783
19.090642796943268 30.188984852119781
24.344298605597096 26.161359432529533
7.6701058780987479 15.019742852284063
6.6223521112972481 29.308365563279398
10.755293927731508 26.341613840241163
5.2281358586102424 10.590765529832741
5.1343808362972396 30.454800147873144
0.051693004496379147 11.514634518410148
28.897360650703053 11.169852705636659
23.555570721926102 22.077790130845987
6.300132743526258 27.568135126385503
26.906082736375176 21.808612524932663
16.818928341320966 20.89567948219964
16.879257646698129 7.3598373146413429
4.0506850234677696 15.493679719728151
12.235786625819067 24.770136532039714
13.316508456929343 6.9754705425849917
19.709452131645321 4.6716895428145735
31.362186547995726 24.23948700171427
16.449151572803618 12.595089965144448
20.959972950020454 31.287063066997934
29.43251975043237 19.925860851042557
0.010455301348555495 10.154013754552269
21.556007174335321 12.314562474204456
29.690104003659979 18.031916117802325
3.5055911575176864 26.958269738424487
0.053862304218282586 2.3742253483071623
9.1077297521008251 19.31011994101889
18.897190754314497 6.550153948459057
29.239046581313055 27.452786005652342
23.774184047663546 4.8233347815138261
9.0855713448420072 0.75046111639527979
7.4334962464891685 25.431009890637608
4.9380416473122768 20.936885900989058
17.09538650445332 6.1520883339903598
0.64140658432732001 15.080677634592771
4.9906492859835891 3.8741837610621217
10.285320614365638 3.2781210420427951
19.400034766816631 3.2255754875866707
14.029248750250785 3.1023156062808503
27.282980234830799 6.0986916610278961
12.014645965305135 17.736819231110207
6.2637914323011339 5.7306040024993292
3.0292870580698232 22.96791392343523
11.198242583279463 8.8914736125899019
3.9989372467356135 21.790981055615383
0.94410656598808385 12.135187430058657
25.310590949691811 9.0340390104175299
9.1799554657231255 15.583403327641822
7.810518643207728 8.32468174587056
21.929163224107462 24.350708178974401
18.271947857758704 30.636997685851487
29.327842054331828 29.273538669244779
22.916944430354693 11.207580288737475
10.735731689408212 30.029745050948936
8.4280340818492316 31.567606963743717
17.310255265334295 25.912905206484222
5.8953113268241193 10.990612472065504
1.0860329155493302 13.075760282824003
21.786686121351263 15.411121082077774
5.0519294702820412 25.801974083339449
7.4736191609856082 0.81712834088703812
11.932688934042593 10.85853330378437
29.021790667512889 0.66338450771928337
12.209133265423356 0.51838814246110732
3.9610990947450682 2.0755021009211165
22.165520901007042 7.2042839093503224
6.4338492435775558 2.0002834480160838
27.602223155782625 21.125279522272194
11.845807430248023 7.8744504694032749
13.624090227063709 19.534019684966385
29.161268871578226 10.184386074005191
17.630841974791618 18.003443880522177
10.333777955257888 28.114628204363065
28.249212847926511 29.319481942021834
10.853093055398762 18.010990743734602
12.120615504560529 6.0017300339016817
22.478543265383799 21.741247583878408
16.526850886485018 8.393396028766233
15.923000854307469 15.832884604383905
18.489322513080449 17.205817508948311
5.0355851155828768 13.061858415559412
16.424705477852118 29.517221480200064
29.09517817798854 2.4797382577213702
28.554463824699678 12.475990428827588
7.5095434831494092 12.046249473529969
27.320183581415968 17.697048701647219
24.952251519926083 27.330890701518044
6.8010714851471823 16.360330551495437
21.513593081436845 8.1148758151950027
23.102365037379951 28.070973594679053
6.385227273119515 11.902318960481017
24.11264330340375 27.337166654710664
19.588451625915631 28.287130789533233
30.783355517196469 3.5154873957311392
4.6837369043962207 24.838467968315097
18.309777391336851 2.6021824729418968
30.297182798966734 1.7738631333477428
12.780390408832721 23.892225572623737
18.716652046937487 13.990471287358304
10.324475074606129 31.137521959929707
24.449844428145337 7.0102179978149053
27.685409229391595 4.734117791858699
28.088996930032444 11.672022328028097
19.770463885938547 21.697832883590003
29.954330133341013 31.017999497786935
20.882877044156228 8.9276562243858297
9.5726122038989967 12.409349257412666
28.976318283300412 7.8536347745487189
16.91168098450872 14.820394830348627
11.087621695272055 6.0866679168682563
11.540774858508964 29.49487376171734
5.4342218588290114 1.2151109196641996
20.803643863458412 14.696967621459772
30.444631157611354 17.610688299932896
11.664169237387441 18.621144759167521
13.231674098400648 22.712433181085451
14.872543036488489 9.2565701891343704
13.88423593849096 7.8036936578608858
16.835560199722583 19.999216205848242
1.6715226230936338 16.783859182598547
24.21634825912189 15.944650823894056
13.573492827597134 24.336355680100393
14.609257224637139 21.054274489204058
13.221567927110586 8.8255260013545076
1.9692908735069332 22.927319900235499
14.705747566498609 17.148864086570534
6.4951773395138934 19.647164014527778
3.9257608328036921 19.159137826381443
24.408780580369115 5.8579662155703591
5.1145533360108324 17.079926271116598
11.077510214339247 17.015229579583579
29.033139390127658 24.552393997529286
1.0924725856733419 27.66833421736235
9.734695847644705 4.0524421909207913
18.010329716536443 25.075682792477078
27.23233990946461 1.5716522865300298
5.6878534582774387 26.43852457492887
17.203564741039827 12.074291654121364
17.155115453826959 22.703568683102699
29.70747033222689 23.706055202439913
18.041251836778368 20.257013733466778
24.010009241571645 20.285943981021145
2.0362737647770839 23.864028416689987
15.478673686866092 8.217225546033557
2.9132201624206751 2.1161982075299615
31.587497478864726 20.448351260745913
20.785313354428752 18.934120041634895
2.0009006207549485 12.943336833690614
30.852884861871711 16.658377572973468
24.430478131920022 8.745903107733529
8.2050260705783806 2.3618176244931477
23.381275417710405 25.447331403513644
4.9398135299834021 18.005247101262594
12.251923367663231 2.4111762688334943
17.621709149348732 26.845427322490718
15.277120138979193 6.4697996798102535
27.307585688478135 27.049939689600709
29.984563370892708 0.32383367024314658
2.2502516251456042 0.51100951813980378
23.866440454600895 7.8515749789649201
16.548237013771836 28.552167624594599
21.023067420748816 7.2307157605311367
12.359311995347195 22.1077253080582
26.899139990482329 13.713384747343298
7.4556259537357068 27.062631848239693
18.640794120519406 22.790572007872196
4.1392405946832049 8.9283151044290214
7.9858777458241059 21.124628757902503
15.707316201403406 20.038383568450911
5.958153659712945 18.450130723639823
30.508847377314236 12.89458085100369
17.83349820993924 1.3029564682867398
1.7385138006538894 2.830004770901648
6.4600796805895619 7.1771395197671728
2.3587894059279382 9.8562919783956868
16.289503389517577 10.092009838398887
30.961490282396625 30.773628574833019
10.145679504434485 8.8261098759429402
30.207924515455026 20.557498705024685
16.837385338608321 18.503749931917124
27.184180344989585 25.037127906150005
24.03322504333558 2.2963101772973733
8.0973526019453139 5.246407000651641
26.195145771800075 25.778030909279426
27.534291952170719 15.70629319265022
28.309875084378429 15.072814015259306
26.945813305671038 2.747736088666902
23.854852251638214 3.5041484646659011
4.5560114451150815 7.0271433897233138
8.9645784757762925 14.600981425831954
22.691242298536054 1.1391510057761391
9.8090287852372118 21.30502228150505
24.179239609535667 1.2101611268819361
26.280926006881803 12.994601866998403
8.4044148835607224 17.06567232173591
17.380918902764865 15.651024745581676
21.677765546838696 30.7860679745665
2.3427379835555744 10.937480839721157
27.050464229324149 19.418613397681298
13.220940624542708 1.3879801447481239
17.671956034427104 13.077196814933432
1.0270712530290493 20.804036339502893
25.039820409327444 28.514297412462991
29.879246612602728 16.480665140115658
2.1933351025143768 29.599764339751125
7.2364960994308571 24.458724349559599
0.91981563677713307 2.3545630355721716
13.456674429438037 21.7263330334054
1.9465364857442915 1.7197609246694663
1.763663274960044 25.315002176785509
3.603878094429704 0.35798005054362392
27.743984460677364 18.795321986707158
15.939774140178912 30.32548723447843
0.96987335228282034 3.5880047968379816
14.603750989439121 23.93860993639672
20.344894539484503 8.042942675753757
12.360930216808409 12.959616575294783
17.765352771094459 7.6592509463767948
31.543882095113279 25.102549011209184
10.456282337860211 9.8567914011547586
29.3686885679566 25.402519676478729
11.582102337370733 3.6441698530760829
10.058294067258933 0.37976591304595098
11.261483491212244 28.553839695985818
14.642854125463165 11.128787940736705
16.672047901634432 17.404841014221773
29.110203312983771 14.379153933265746
22.071141409390773 10.48956882999776
5.02219878066877 2.026266618958382
18.235864939717882 16.052296578950489
0.099303334551260267 3.4588187273078415
20.646762820973397 3.0666176998253487
25.267249635798159 6.6247436144731005
3.6608008145765276 7.1540665104814014
4.3313553098716673 4.6123315270810066
13.094864590332632 5.0342045232297101
10.04195012323124 17.497207948378069
19.875229746469408 0.081287527016010802
18.565175533758872 12.976245502006906
7.967864815470354 10.482831337133565
9.7876855593325871 23.011033067489453
2.104599961773066 20.991472677932354
18.056408511680949 0.14315788847664165
16.091398567770455 24.299718277922704
8.9251749065556005 5.7425486097633414
19.57431417882426 13.928538244327028
7.6628463551748762 21.958711164802004
6.9302511041745465 4.4119756117833191
23.393836814105384 21.088698880910727
6.1961357155278769 23.192755463935814
26.720663231518362 4.2544583083138976
21.678065657495839 26.719515291052048
2.0466086506328578 17.650313544433839
21.226689378496197 2.3797362048609227
31.141029715999959 26.088079398086727
12.786334932550652 7.9745957521398099
8.8110129904566037 30.035340745814079
3.838161232286132 30.449292596264446
9.2141242661997484 31.16761320429033
9.6927795692697938 10.343141979000327
31.533741404983402 12.533361038892679
22.463299612246715 26.111559523264283
2.6482614073183375 4.0665608964454716
9.7671575733879799 30.260665954546788
10.739880152621403 21.011474368652735
21.391166801817949 22.818164084971414
17.506961483824362 28.818070911859628
21.079759541239095 25.091250606944428
14.162604399271329 5.6918744365713714
0.74121006419753488 17.528391142305381
14.252434330289562 28.865029918288737
1.7440111517526027 19.140806647309244
28.310260911349605 30.334756441165812
7.5140915075179624 29.479689940084995
22.185288803533194 29.935311017489724
26.281627624605349 6.8069808599880508
16.457155452840787 26.391290365006338
14.844036890372308 22.769779456486699
7.6796695234063002 4.0555544381522015
22.192615123745217 2.1080752231606974
3.7674059746537316 24.581099806586078
29.741832927921806 4.0363805457899282
8.8642269968528229 26.503902872991166
12.257467678828316 16.895070140485476
14.646659468269364 25.599092825426542
22.359239735583298 13.304389993073805
31.21830963252966 15.172798397235447
21.505821289516977 1.3092797934987064
12.317090145530202 6.8998698518433548
29.495978222863929 12.475950589377664
28.117867553978524 6.5630069191213822
15.172824083984997 29.500311350680015
6.865786825846345 8.9342064193575617
23.666593914730406 9.6001191818429419
5.4486682291604112 7.4107949253252912
16.72757487216537 13.560273847278454
10.584058199141873 19.072835053415609
18.766291340261997 7.5429615175039277
24.985613125276664 30.140791224660042
15.580536104074321 23.454774420787469
13.819360661225101 15.064842279829776
30.424982609671869 25.352916078770217
24.921771649180819 24.681535752539364
20.681753190059617 30.17695934247746
21.692797461462746 21.905434015952711
14.265746143461842 29.978465626044763
29.659320729755532 3.0772757722660975
20.631842912399964 28.735286195630817
19.956822363227527 18.245445932275459
10.411689530170189 12.612444872097585
20.886544031420783 15.78682063691905
21.711673964659152 11.288130633948192
14.919210744877907 14.283748062367239
15.560764767919069 27.752452274992923
1.3736721796874445 18.318643463690535
20.076040292933381 16.124679338903505
20.203613396519405 3.9359148142727851
13.825915354113418 25.156441075162327
24.097448509880625 13.179727042492308
12.718945998740219 14.262159805192665
0.10957176154101773 27.796065381731225
19.693629507681155 1.0781491778352033
20.997219716876192 5.4656103236883755
11.339095887398027 9.9976167801205325
18.292714495448113 8.6256242397071787
22.959137280196721 24.326164428503795
11.834768981555607 15.417588099883531
13.840311233167014 31.190793860000042
7.1194034492608349 11.121843758572199
11.018926703015749 0.92513863753756209
2.4661189727133532 24.712936473535734
3.9792354275279984 12.438545642119612
27.98590353377061 31.426725411482302
3.8208103945928213 17.315527553988954
21.071009472868585 18.006050681616145
9.1408549607456937 1.9868656292964229
22.494130673411096 8.2545008418146413
18.281519804023446 18.791852336424817
6.4069468318412097 14.351633745024904
12.350126166632281 4.1752955981369029
4.3672004236123438 9.9158602868675274
18.959596598003859 19.682064408462576
20.490653149242579 13.716013770785629
13.171944935192471 26.244739290412397
8.7250957482305811 4.5278769941181682
28.183631782878873 7.5431590885642006
27.01985167673514 31.278845494771879
26.424201646752952 15.953347538894942
25.896802732639589 5.8456371116795349
18.047071665148824 29.576676872777416
1.0168020938459237 22.739459951326328
22.994838145037477 30.520063946115524
23.082563579375844 16.998953539962084
21.515052622859827 19.707771191747412
15.765913974294374 17.956572347012116
5.2442716013880712 9.4082499300932927
18.673827418606407 24.103911168443148
5.9737320542810108 13.295255247307276
9.1095533782966065 21.875748317965421
12.11427828444112 8.9704974000920892
17.606088875610403 14.105808222762528
20.567403392684227 22.183634046534291
9.7987844891741869 18.680181229115963
2.9321229140198577 1.1628122842265984
19.982558229341183 10.070164370713568
7.5359481007032256 2.9629719395609646
28.303643549669168 17.512249669440152
18.420045089469436 26.124821522648478
20.588995517860678 26.948808119389966
26.40579101508796 27.071353055008966
21.183526521156946 25.890377876114574
27.362965209779357 30.303960375231032
26.024857009149983 0.1616526183078571
5.1931299872285024 19.006233003549724
27.503260405244436 3.700492291417353
11.208301257988765 7.0307102079280579
16.268313145411039 19.141148397453758
17.9511885901201 23.442968835148928
19.531551426732506 19.091209590404961
30.26349618088107 27.337113180890558
3.2538751913320634 16.087990214999895
0.30768728565071463 5.8335306491685284
4.729567204257406 3.0516791417898377
21.931129678426512 18.259858783165161
6.6906444244177585 3.1790722318584952
13.411907005179692 3.888964339259513
8.9283900390498321 8.0770492096579467
10.287464340893507 29.105429777361152
17.18210927479517 30.073517154128883
0.41970343054482823 18.705917739982954
19.132781016809961 26.601729708180173
23.87027234831147 18.173061587847648
15.717245810619787 0.20839138908313265
16.616753898017564 11.231503188561875
28.126425132495594 26.189837092556573
7.1030982870155839 30.508569687482364
27.278007568711789 8.1153625708550869
3.863922066318934 29.11483767646186
18.726613496624662 5.6878837996765901
31.482094775205301 21.344716078056901
1.0093707969461789 28.791305747962365
3.7100026615984514 14.275998012039674
8.2654782902241646 19.851763788042948
5.0469975309590236 15.721207897729029
28.984279052347905 6.1906908100292846
24.706482818897157 17.92347921384043
10.769241359753192 7.9516673069187371
29.098734167241211 20.827571288812472
0.61160256039288463 31.387848412979611
2.4970021253266355 5.0999911411644288
0.32034299355414275 19.52789447456998
22.495798262715237 12.15817645448764
28.131238760474762 8.7541698703877344
26.387398477240886 30.339527447898931
9.6188461925095687 27.544029886780486
25.035051166897965 25.76877562227406
14.386282175000179 22.015560294931127
10.163897988399684 6.8600747577003212
24.800591551235033 12.526162463753129
18.647071641739572 4.7060428156537011
31.590057144388702 16.096531540709169
19.020763796536819 29.156563936047824
8.0770927449516829 30.501391035291149
3.3718237173576604 9.732214872487237
12.258241195830657 28.467076890506799
25.559937461610065 2.5477239405702115
1.7465139212327232 14.078708778709705
3.2791704253993657 10.751976262253921
24.55252207338226 4.2942364285339947
18.894796240514385 1.9817727583752915
20.324109984620296 24.46827939920442
24.078658952019975 22.903916123260011
9.0031108036933762 13.470996412096074
0.41552066357803241 30.379630586162072
29.316966652045181 30.187273950294887
25.513704678534488 29.393945298022217
3.6322995045953594 3.9324333043118447
0.8350901406168254 14.167912999078567
15.047519578336512 24.673425373287362
15.755990141855413 3.0521352906226062
13.525867118868863 9.6763472326898725
15.928336349538034 9.1622146465375227
12.05947930281239 11.81488938353365
28.390719546132402 19.583003828388858
28.21813102120441 5.3856386919493087
18.95936799465246 25.207808048987399
4.2471160753546107 13.471820767087312
27.907140698717413 24.277542372714056
12.777485388349184 16.19500062296478
13.547442143193566 0.54553906767830207
30.345377904440607 13.748761836553612
8.554223851439076 25.182090966269165
19.495596385816231 27.442598893549885
7.6893635214799012 16.51230068917576
28.67728628652295 16.241399987282694
6.0816803752551811 9.635710583764066
20.773547025391551 10.675141698455596
26.777652824359294 5.4012195751590237
16.210243155867772 6.1325038141933677
27.089913872841979 7.1781263290587578
31.528814384665576 17.466365325055357
1.7769580074815072 26.230300579969821
5.3988960529215504 24.158879288806752
18.047248033141095 9.8755113743497969
7.1082551756160717 22.969987109858256
1.5593467597606803 0.11455460795024294
19.572375660001757 12.811004483798191
21.491583823330362 20.672819194195288
6.9854366032859456 17.499826695941849
0.63261409112458422 25.882520076700136
2.4786882717976741 12.169527325158699
13.189580346318207 13.29345392898553
11.888563117226733 14.18215175186951
24.569809512017439 9.8982114635849552
16.061119971246054 22.604634882725591
30.003434934281742 5.5795833206634047
15.657474268070068 12.144404557040755
2.1620539725657761 14.941086614104838
30.68984260475392 28.167215249744554
15.473793274880835 26.310374486972545
30.626299724550854 2.58342966905643
5.7108912091713506 6.3993843688718499
3.0237331106637306 6.3953972409937334
28.018132458795698 0.79782832963153805
14.7560529469256 31.514602515903274
0.48010386714834213 0.79321480438546621
14.374478147296898 13.310986064648665
29.288965124846612 13.417457083785324
0.27862786734681516 23.418254096759206
12.043163640263344 26.509965104319139
22.570194052059694 31.397445920644618
4.3768255294163785 26.66920520598882
25.70576185650771 18.092462180332927
6.3237418564683781 0.95353017011372365
2.5462886023182332 7.4209291834129933
19.978710985737639 29.42931941792661
28.614936652686222 18.39483906876259
10.886581508056761 27.249351602086371
16.313190488575948 31.207163478717259
29.960387421680995 9.4024747126901769
31.265513814826658 31.600580294485997
12.026390681118226 5.0514330586279383
26.659595551105038 28.217793006748767
8.5666013732073996 3.5596511351451356
0.90554145613612758 21.712983014198272
22.132871004939883 17.182696820123375
7.748580330906063 17.914509059798061
22.121046568944458 3.1642842994097387
1.370108731035842 15.544285707649328
1.2717505251314993 19.930915736784961
21.444593583127315 3.7606932333511507
11.323932090633281 0.030108118241171804
19.6654646405287 17.268754931513076
22.2831697742815 25.239515299250296
22.409361311928397 16.004831957376489
28.591857446191533 21.549145270723049
2.8175257550840991 27.63726058203866
22.187946861150486 19.180367109643797
4.6635058019722768 14.638882509108734
25.009398290708095 1.7621001434590875
2.6084055667391266 3.0441180347926968
15.665632171626662 20.906838410240486
29.660349936598873 22.733775809831485
4.8825602194140476 22.044365033982967
14.335730261000629 1.9251944494864963
4.8397449818188223 0.46741009472444828
22.90578388829087 18.063191155022004
3.3282954562909564 8.112369901838278
18.318841956545977 10.990908390555783
24.055914079835102 30.380502611219349
3.1714930949199314 21.05348825150584
26.974802572583368 11.323418039771862
24.085762462631653 14.141729362135338
23.312335212660063 29.510689441477709
19.814108458733141 7.2417502322748044
26.734777055830836 24.218918648513146
19.900985754655377 14.974082640948229
10.235645736876316 2.3125768499108168
27.665940312810044 12.977708494034088
1.6469962637932507 11.566161700648502
18.971518482484711 31.444492588053475
7.7559762583660339 28.13942632027587
13.636135768056038 16.84046430323269
17.569889729512624 16.919012876572996
24.911766865264468 16.874786122663689
23.541220737105828 6.3905307532959554
11.36539114904944 16.152160495929309
28.267390368924449 9.9108430523186932
18.411108060249028 28.341851926291032
9.2333461041196419 2.9792425957960438
5.8523336903270158 15.234947536691422
28.639080151508892 22.610566286811384
5.1013247238377968 5.1476886050814405
31.467568565678789 4.5161796338563454
28.993810674973009 9.0158281249458092
22.195765250948813 4.4790927565186331
14.397496642480238 17.939535789973778
10.23049562376197 22.30443200269924
13.417231972059657 2.3181370738435203
25.399953779729742 3.853592679666491
23.704644461670068 31.374734841522503
25.891986526799645 7.7572452553067235
29.231531278051857 5.1076548564435589
1.2051662829440417 1.2849839694982079
9.9833102914129626 1.3874285446575754
6.0946351009953634 17.4305716604004
29.651013661522281 21.799083240976557
18.846659556609143 9.4735962104598848
9.1783315160410019 11.430767196788389
8.2627530238086155 15.703546567056845
4.4955484148192912 27.734468672294021
26.178619144958759 10.818230288999995
23.34991523124291 14.813637313376759
22.130685265442288 5.3932309447853779
20.444128148743548 12.61795610100928
18.213326280574272 14.896800578775261
20.45069810239147 1.6497418365549872
5.7658849801692931 2.6649558677218246
18.341965020052683 27.483578480462278
13.250402800129367 17.629952106336532
24.493554142054371 15.116409348774237
24.708915235511768 3.0367816091416993
12.940105987115416 18.421502740162474
11.340762688260666 22.72605871762282
20.79267089466634 21.16395974217199
24.99931587852835 5.2538531119289544
18.880328433875928 21.674641083627357
21.130929249024671 23.825196872871143
22.261764937681544 23.31813793928054
14.446532873266889 0.92036362440296748
24.978398923822109 18.974046965710649
6.6971826026236467 21.944836746646164
9.2557297568937464 6.6200327791584499
31.275887905099186 26.980077749003815
12.938593932218341 11.961353086518779
10.910464704054055 11.026611778985357
2.7696921881847052 26.325540109454245
9.8152587352473333 26.582802357300512
8.222070446857634 24.290802641189188
19.130053709893208 11.937699410517848
7.9855458239561523 26.137854361130611
14.014240288756959 4.5939593845122673
5.7335659733996724 19.951090687204356
8.4363125620530415 9.1163598771844701
6.252094713770334 30.597250725811008
8.5800107120282814 12.586156799058974
7.1692947693120708 13.928872967297762
1.2429866568822092 29.658433668624411
15.025891519741048 30.646274059371553
19.492937124797219 22.840217309706478
10.11949340073836 5.7706878552525653
16.675585177146935 16.312396617264316
15.877056610793389 13.828557829914336
1.0849709557962426 23.964658804190773
25.403653293575285 16.078748002272185
20.994993959628264 4.6529401430705377
26.039454996726882 19.137010908381129
15.255931318123663 18.648023252007512
15.882887003867078 4.0979759939786806
23.2937605890545 19.037552282486537
25.797144070966116 28.044043091024648
17.656674055568718 4.2628791847989049
5.484513292900183 31.408960860142766
2.1935559512945328 6.0559768170475152
2.7371661164630225 28.766061752791252
16.756433259672455 23.58383668658594
5.9581551215141779 3.7881234251471838
17.868030645868643 22.072671523793172
17.604488968982114 19.387352608427612
14.93448553334933 4.4380486651318405
29.213705924737123 17.138067545325033
11.528185612267842 24.031030691546786
9.9063198034783113 13.642648318142784
3.1849988523627748 23.880594027743747
17.867761049103613 6.6376305675656271
17.098661660570386 9.6843559038525981
11.179379986240876 21.811115349481856
20.690084829201474 27.803592638017463
24.888923196386312 0.52122151646286341
18.770151135286913 3.7881699441688843
27.089827838522012 26.02529015718029
27.545536242403262 23.329302063904095
3.1899215407586947 13.079956012099178
10.831850056381079 4.2481554803418042
19.163294691173039 16.348448042029954
21.435241668901412 16.690349716078362
8.3257958169426018 1.2575171753743044
22.30686403543595 6.2746830328611933
16.703661675089602 21.742565131169915
24.837491101566496 22.238681386688125
20.302342790236924 23.240395871436935
8.7975514020842311 20.77837551253949
7.6541102545731441 19.135280670020553
13.883768386730747 23.247691235060049
6.9037735066698618 28.292297246465008
31.290919448694382 6.6856435029129733
15.357086001855661 1.127355736577335
12.76442539980992 20.186555664281592
0.34662020710053199 8.6470349619061722
25.013075466450193 20.490836377739079
29.874015498723008 8.3893924228233292
11.209673368639146 1.7872260108523075
6.4909319752606347 24.139778576542657
25.878199118913866 24.928902781321501
6.7427391904638236 26.610423204283546
28.463120282238368 3.4141810135646784
3.0895658938320261 14.993031529854493
7.765357296435436 13.076650486143627
30.738842445789899 0.80775072220613309
14.624071091558946 12.078913384180259
17.096572529042195 0.47156242723129277
24.603149185258228 23.810148418186262
25.295888247024013 11.576677296122302
22.779988117912257 27.237097265049915
23.493048573073871 10.643207868438845
17.273639299860108 31.01046607498985
21.99339453665576 9.181307285482287
30.319544070656818 15.597147925602268
25.650506576481288 19.958084018724367
17.752557378505969 5.402121779320697
11.612258340216032 25.778077015848758
29.721961585102296 11.494246004239621
5.852237696171886 16.356524988196615
12.785825984038066 25.433180531441881
22.695446943069246 9.756409395909138
7.2023493988601119 5.40241730905365
26.402653671472571 8.5019514987898042
16.041836258749111 7.2294775544578931
30.302890537430496 7.5607924499485364
14.800134928635996 3.4534274316924285
25.038675821827795 7.88656441250843
1.9686901028108077 27.194850871124764
4.4623414097270198 8.1103882734903294
9.2172315630212172 16.575159373314662
8.4369061079296532 27.384401532414302
2.707494556033192 18.953710517476452
21.967533528875379 0.40479779400998794
2.3038035400757297 16.047879174638698
29.464010164921426 1.4889545085711282
9.3194460943191952 24.292651759669649
2.387228265106236 20.112425347246496
21.690476613774482 14.305670002241811
6.3467706921843057 8.2416547243170424
0.69869084387842662 4.7499889285491372
3.852273587850314 5.8865755654065861
23.451100883177151 26.548454455499005
10.803970479672907 13.770131392551294
19.824098761650188 25.345039679364373
15.706703937924495 16.985533813125691
14.02235741070745 18.755528325410328
8.1629762651734641 14.123201311532107
23.261227734811531 15.836231302291816
8.4871684597237351 22.474103396588283
26.706414267364284 23.069104545565221
0.76278394362957369 26.726996863370264
25.991456248361892 12.044078818682603
5.219036740801358 23.124100594819019
7.5779259167723483 9.5719626694705884
0.00072662001769857631 22.367291152223551
10.138152525204781 11.346062052426978
21.379220106929377 13.299701771227824
5.3721183315303724 14.185245853047521
4.3045910823022604 31.181041386058016
28.239945042853758 25.290387061821477
4.3763834741001721 23.668469826896846
19.99895506600507 20.52254858611624
30.088044828284215 26.388257868934918
3.3184179572966195 11.766190656005358
17.213665706864713 27.768717941508417
8.4417957277881612 7.2729591065707675
28.642867983864075 23.571988230382328
23.006456432110443 4.2026045660706846
20.420031299742529 19.804067535758627
0.61135565573582884 7.1340304893572339
14.954164613167311 15.136233775679832
9.7293260257975103 4.974678454769963
22.973135656897856 19.927799777694897
25.850177697444046 23.855668554882872
30.522348917250579 21.419500726821749
12.946363545810186 10.698281561279876
26.088930045281788 22.358202570647553
16.499483654682546 1.0749182147967553
23.467714302665367 0.62545848745944455
14.296902393649662 20.269970968865891
30.60787520695548 11.909466043115147
21.817262751722499 27.646410444608048
26.393632903949559 29.285245161270371
9.3863343005709137 25.506412480323704
10.27109617040189 25.388314566546512
7.3247414569757545 20.260710023584974
11.018986818368337 5.0591131241610769
30.115665147236378 10.441095250711488
24.000418408378508 24.909612621464781
30.355663702327046 6.4708148732753878
7.2771077496220755 1.806654471966946
17.353011919030294 1.9789487494974305
7.8160655951928604 23.385779322247625
10.160105752284119 16.416010477205752
11.499716518324462 19.646529019324539
14.225329005568705 10.158637878376226
12.747930985016312 31.446373405004223
15.071529027755584 5.4577018574387477
4.6627030757354708 29.647220025893905
4.7611092705108025 6.0201463824916184
14.958165471405502 16.153753434195977
8.310753299068617 11.481108078847148
23.211731637591573 2.0070962183180892
21.200964315292399 6.3674553766706623
9.3396018020018055 9.1727792286795626
25.895805134473584 17.184881561851348
15.703132957652084 11.153746060311647
25.089137550052165 14.145166737469802
18.888762066902498 18.060945658911937
12.514052279897948 19.260006851866876
19.312492934179708 8.3588516875418115
17.880995833675385 21.13560292409564
22.571520505989206 14.577437009381104
14.903522690776505 27.032657494780473
12.732826840190063 27.23067137476195
1.4481732250909236 10.285500169480487
6.8356343471026069 18.691239494333129
23.934017718624183 16.995253531205666
12.822539107373094 15.262049401965658
0.99819100144580775 7.9843955554671586
4.026689691767908 18.276105966851073
12.229896048466552 1.4398858182091168
8.2723578701308185 29.048181693266137
5.8075943994154633 21.009016718678964
3.9871555882065159 25.746709837223516
5.3397330820630282 27.321411279194656
4.952425050247192 28.664832431600583
29.135698710404835 26.370663112712133
31.11218567547688 18.45588587915362
5.7981928706970214 29.625140294290905
12.429247064317392 9.84513295437716
24.245968844729113 29.278721061373858
6.7553759627657453 20.933589896940653
4.3319693064451039 16.532053949232587
13.811855610564855 14.138543601840521
20.64745252719533 11.686745560339155
3.0887365886507241 25.465076352798235
23.016349579176392 3.0927107481098939
30.957236023511548 9.5533408809089586
1.7252362132934345 7.059952019324311
9.3892452082317188 29.13938526774988
21.171055868727237 9.8356311986788434
31.065315444958749 5.5144261028178638
11.738451955814192 27.550598851447681
16.018834989900462 5.1303666042989375
3.2922206842661135 19.870413421655215
5.7981276168083813 22.151041698540684
1.7285478651896162 4.0811140315548924
28.289084345203019 13.701832662304559
7.1406187062570012 6.4676261631235219
31.461227577938352 1.4848545028910463
11.682919538530379 20.520743312733618
18.118354068617478 11.927836318433842
25.355716016042145 23.090619658373555
23.135863922654348 13.515213583196719
1.4766131840106205 5.1653658051112874
25.43520644635413 10.335879183729354
27.767541815748118 16.604541826095883
14.932027238941153 7.5324915787759181
17.755122852688075 3.2767098494042224
15.820942188478602 25.382214272286546
27.316097449155567 29.217868383241168
24.422978278422079 21.359663221299492
30.962161508839518 8.6167749202360824
23.190211044088421 5.5167249411969816
20.075288073256861 6.3683625832959647
7.4470232223344528 31.516609951380076
1.4704856544288465 30.672740892179856
4.038984267384695 20.632729245053124
23.281680356238486 8.668228001032201
2.4043161167049574 30.702468370505791
27.299549528845393 9.254996813067244
30.760378550417826 23.431357219279089
0.033873781959014304 28.780491481186775
14.091159619209 26.421611613116777
5.4219829959796435 8.458480190336461
12.461487558141195 29.605409181524692
2.8582580559998068 8.870262744875804
13.723983543520367 27.399631301755601
2.9585516516043247 22.024028399961672
8.8287730425976534 10.235904072967475
26.938377194932922 0.63743491871150115
20.080600835346324 26.188074019862675
30.462437640574027 4.588449470596359
23.551178920175165 23.756032555219917
21.746215392901263 28.52330674153443
19.80969917496213 2.3705531247947658
30.448099231293362 19.036204605288717
6.8548988946346885 15.376295574931724
25.546026504466852 15.157993327366986
15.127710958838065 2.3043422561962039
31.254511063874066 14.253836801592898
3.71227861210699 3.0389993306471736
16.046987956045207 14.850654660018545
8.9824174678311124 28.261833498140504
25.369485666193018 13.25871222548006
14.446782002478868 28.033185481656353
0.71644213447681382 9.4762700966403557
16.888800270111844 4.8887208872270671
13.65173345740617 11.193378290268001
1.9577012097237505 8.2678466382366835
10.727029545499507 23.510116084456804
13.207836718124652 5.965996888175261
11.094729662364379 24.927582989218116
27.610237006097126 14.419234889277076
4.1140887185071033 1.1928398222543029
16.753504546292703 25.109667461741179
11.078394366318529 14.777085732771839
26.695499101792542 18.285537785897624
19.059408531539415 20.675537994230357
4.2316143491153957 10.95368847463615
30.821696682467245 19.836871432262289
6.7378842849911695 10.272018436511413
3.6819495951318078 28.195030064070824
29.433279843712004 19.00789193669447
13.34590093273688 20.857219414815013
18.758743157059204 0.9598470361842294
28.039260102827274 20.330242478785149
19.090347370223451 15.237850508509647
12.346312272782411 30.594111954185689
9.7484565179829659 7.7642803018092801
29.232436151129349 15.489006498941313
9.1713967057129295 17.777988635947533
28.483385883257188 28.363479124492923
11.150775378780789 12.090397678464454
5.955675181272249 4.776423713724089
24.068715155172349 11.779523866921146
25.550091916501536 21.48031504830961
30.40127275947696 29.963301378041681
17.363565107005805 8.7327161710758752
3.4205759360311241 5.0803469277358593
26.219374182603811 3.3108615052095467
27.737883183314491 22.29568781199708
4.040776978582846 22.823903853994626
26.736340121495541 16.849892657127672
27.086164167921382 12.248279783525952
10.386314764426306 15.531809356860014
13.137239236524595 28.253422868260916
13.403749313850254 30.356753972123958
13.774865050610908 12.428711316112487
19.840387348038668 5.5307714520770732
1.900153828581274 28.364321203244124
0.05082115388661284 13.431450010401525
28.924882698769903 31.247586865456213
30.884604635988467 10.88371383781236
24.005108922921185 28.354735788966753
6.7314624741132896 12.855502374131213
14.296963115343331 6.7036057914095712
27.880774723454355 2.5596145992698638
24.497265988462328 10.937030885695945
13.340599507534051 29.238895094463029
24.277133014944148 19.392469594635504
27.582342068164611 28.095458198266428
15.291017960838674 10.203334042027844
26.760067269829538 15.035039870693197
22.429291543301161 20.656062538931582
26.094626775964606 9.4710856079528369
30.262767154540786 24.481800764144403
4.6738877822413478 19.811801792642445
5.861419779190383 25.052135525082981
2.9966627605971365 31.28434003852129
16.092236033022854 1.9133397166657147
9.9448251719505336 14.691614653552348
23.375088116095554 12.359988560600931
12.213796423524389 21.264492309340252
0.94026060446996806 24.832480509152461
1.1336402144193327 6.203419526513307
8.9331477989436205 23.359669943838128
19.132837032946206 10.53035559382044
28.736270788733712 4.2391386435295564
8.4985097101246936 18.483267064702208
2.7212624975797888 13.832246457458435
0.75522387178182782 10.876251723584961
5.773055121830371 28.481311838940766
22.855086262365646 22.792835507546538
27.790504271698101 10.675129752540801
31.312611987336712 7.6835605173039871
1.642108319136661 9.1167800761521747
14.309045751541786 8.6344155849788571
25.6006894873858 26.670011160001007
1.9391092284649964 21.91988673109346
28.355093263206545 1.7382098191674431
26.347224672180971 1.8641354381498987
29.565953865342752 28.375406147225473
25.690754340718602 30.888213082525525
20.608179089980968 17.14423662565968
15.516911235602739 28.688840115011892
12.213279288416032 23.171295805923993
15.270550232095331 13.079034721255615
19.765166121982546 11.313660621410451
31.53127950017798 29.693760765221558
25.793716917640108 1.0874305561489996
26.863050407397324 20.258862524826323
11.267890758481061 2.7932824767714259
7.359335328954721 7.6029145761908019
30.495548910993271 29.081860285780476
20.812753583798244 0.59159566295324628
30.710653307957081 22.509508188760805
19.480738057799968 24.019524036165745
28.312620722691165 27.221629125686071
5.4822164465045944 12.136629630451306
23.130675876642737 7.2381925002645486
21.372672589795506 29.490248810449941
14.930412902299233 19.519315469649744
26.281334131598566 20.93190709793539
30.066986027687154 14.662998009032345
8.0366182558538224 6.4323118848891774
2.9270156287781597 18.157580522436682
29.444936704170527 6.9624392147870084
25.878625196613882 4.7263661270345434
3.1623552098859862 29.85744350061837
19.884394435765557 9.153287877941473
26.927870703588205 10.077136751049315
