19.742438145020831 13.067615198250463
16.332996972890776 9.065075280337723
20.585547395476418 0.047192903094814255
7.9142988745338121 14.961251439339673
15.499846960242079 21.242684413208838
2.2273055129757413 4.3097091524705693
4.7280254976850733 6.9108234228852927
5.5795276850821267 19.431042580484498
7.1580326930227338 20.291063361376313
29.338861323428521 17.930048105343001
1.1518289629364618 3.6797104540489216
14.989015067454163 10.984354002318723
1.5202022768325494 25.372016405394117
16.901530301392022 3.5022468312341055
20.233967371593749 26.221736157015044
19.347278097566242 17.779152102830121
17.454756438641095 12.642125977859532
18.225416372536809 7.0147897798708323
30.331899685147871 17.533649325198237
1.7593657851138962 14.059992396385702
6.6031643096974175 17.578782076575372
7.4703570640742072 17.834645417473457
22.731451694792295 15.33503765745118
17.588283893974602 0.013833621238461082
29.399384775659751 21.852354127996694
12.584839618557654 26.039984203938211
15.463620555591843 29.519306733265523
12.353017473007357 5.0165202087935157
9.1699351531079056 24.548125201066082
9.0200873705601108 15.031364082976001
26.581408846249804 26.251374222167637
3.8425710386726033 10.979169565583305
20.330056182031896 12.33023584819772
23.213369299948599 4.7126611919489649
13.196548522937857 28.666132288814342
5.238515561713359 23.242349025965762
5.3522413079857749 8.7183112161439524
0.75099433126676762 10.107367456850046
1.2990368786818325 1.5629667328470827
8.9221809189518204 19.403741823211522
16.443156186154042 21.551148390068974
30.843142019756336 16.361288096417407
0.58085848129470086 23.461727639582264
6.4819578533049107 14.672311975090684
15.560327508364914 28.185683456969844
0.11451102900605929 20.509251140908596
14.33873785036001 31.168590270345739
15.234313695507689 15.124391861169483
10.544723786861077 11.530504237441152
16.697407746034983 16.420899523704943
28.079108408156682 14.470960817746219
5.5119836749904136 26.194898665801517
7.2436889487737899 11.466496932014623
29.395145262218897 27.011725017504123
11.956670494202577 9.7162607612162937
0.82689560667840134 8.7747942516109685
29.080577148149132 23.401608932310541
18.987370278679297 21.522092632090843
13.32031061958163 18.297424711918996
25.207888697915564 12.607337886669894
9.7307978870297749 5.4896632187757142
25.447203821793206 2.3523795582819922
4.6011461087210712 26.695730331299018
14.149501207367718 22.903138945525512
0.20593518518934831 27.665713065050163
4.5199390878364563 1.4176439384553241
18.586745488099194 11.048466143701798
21.876206858326388 3.9127132441082559
25.210116759673685 24.301320794325243
25.810220339118487 6.9973480936637431
2.8226154928623073 18.162713704401106
2.9167703929324302 2.618509822285036
11.545606251428826 20.485973383852208
13.826801692067191 12.877795811719899
28.485241407323738 25.308701549090067
0.10835976965677784 3.9271019553577573
7.5646896939902248 3.5241731249735069
15.667973746899486 16.049282259588061
16.510083707070926 26.781420958008049
21.990645529478336 13.302416599399244
13.792394868246786 29.30568027100561
1.3918209129612007 27.429327563462024
5.4757731233969746 0.96325428533876378
8.5835670674478308 20.454905707504984
10.057982216677599 27.630814417886924
19.342689938131286 15.328735600855788
5.224602222784025 7.7511769502667685
23.498255075849141 18.213843313295094
29.397537569469105 29.486070068396977
17.024693694649518 24.455302859760554
2.1320502774918162 2.1276862764045879
12.284098839377259 23.870415413892744
21.900793679272077 2.9481702675202457
2.2750372420104661 28.291336470769203
13.312923183016359 21.048421175165309
1.1178588546194963 5.9631439006573146
21.274299792144134 12.638507959621379
26.83224835880473 28.189644676219441
26.945101830801153 10.043339250217713
26.61880295538279 13.969727874067573
30.609060307656573 7.5606240398166085
30.615196107143934 3.22105296216496
26.56713639028203 27.209287794120222
9.8201358543785684 4.4697802386711807
7.1911690786118161 28.313582785339069
6.3251694555008422 19.961266364576979
27.959616208834483 3.7100262052757507
10.812899187634676 14.427210498904955
6.8913940361380641 4.1955790853879691
15.500583578616668 8.9898331170342125
19.594438137457175 18.594290932807219
17.339804923535244 27.068657319342616
16.635312403166186 23.066361962194613
7.5528749864005498 14.131687159684315
26.560849425141065 12.741183411386833
13.18658508438063 11.306601316208294
13.170699447194698 0.99446025736722132
17.385510279704718 17.288155883897709
4.2457483981398285 8.027390305520818
18.717034566553153 13.342414381433185
13.062904921900042 0.052337416329293715
20.502274492475376 10.284131677139884
5.0088486759514099 20.348847388464737
20.846039797334427 4.3454900639413117
19.21263497062245 8.7365702712489188
31.538473556925915 30.418702005910582
5.2273878225922612 11.23745799426473
9.9571148730416663 14.605239970076591
22.185179439055812 4.7948376535633583
7.2589759517339072 9.5854596995084638
0.82749949087521157 12.752069398701762
30.904712346787491 10.045997193278277
22.534151932859565 9.2513712460431385
26.434933932059124 10.902765722428773
1.104598955339489 21.97338301646278
12.964744110298515 12.15731171904708
16.507149975169948 0.099068740025851074
14.589889902693347 18.421100349104151
1.497300346650682 18.943473275094327
28.030747451237545 15.68278406339156
7.0379368295451075 29.398585692695736
28.05218562365377 20.05937507006789
1.1933127735029068 15.724538826428079
17.166038433433219 19.068102027274751
29.507212863737251 20.808676815034616
22.167159004583006 5.8446937641979657
2.5587291231584928 23.342682811813454
26.92970933756628 16.272054954671329
21.913387584051236 27.103905586515594
8.8969676949899377 28.810835715419554
2.7895908265072102 1.2972541919432874
4.7915532003026016 25.464045851099495
1.6836862195687923 24.255610655707731
3.0191881765561663 15.403777570644989
27.469062019531851 20.754526109330147
2.1960056969184758 13.188640346117525
23.33612406564496 1.8138201282985156
18.269800216037762 18.200993835680531
2.4081780010987641 29.279863819622165
0.49842503789944659 17.590862994138849
13.334997877138603 19.903517099435135
17.089562261736404 18.133426583140892
23.230197954737335 14.438552165015247
19.88316746561005 2.104880839057258
23.565291443445616 21.952757765555518
2.4636608565742284 19.028166674633326
18.141234203964654 21.163418073258011
12.62523112601945 18.955043581138533
23.116045866821331 5.7024745784616497
13.596389727957384 5.7363386226144426
21.786403215993115 24.807461258575643
29.10770625224097 0.59096573395742413
16.244970860445893 14.23493522304533
9.7843311030753082 25.396572197974677
6.2822985400688367 1.4048764309139439
14.114771614805305 13.949939428147403
14.377003310631951 15.965120963157522
19.840946428900324 30.437242288903192
12.819428855665022 10.160741430805263
9.4488043910261474 3.4398670179891195
0.38242761280812021 22.411377438669415
18.338937729015161 8.5132866403176948
25.070117005827811 20.743540530891828
31.199661604533905 17.332007127901367
11.792325221501429 3.9517892774042194
2.145642088715856 31.494520516431226
0.55523419659100148 29.634090077824567
10.933309254294119 29.85880056313912
0.45234257375067166 18.543243898548081
2.568704247637223 24.385354906302013
9.0374416775265836 31.301814488186562
6.2345404389376391 23.644132750267236
25.78536776537311 13.375759244956596
23.598584408576215 13.565007816184929
24.595496917221737 7.2853931891735213
0.87875553533979767 11.14668932042292
15.332441593522262 31.552355022403585
23.199826443147796 19.120284593612276
21.109045678650592 26.70926970164934
5.4480456488778701 18.238840000945746
23.194065285271979 16.175016110629823
15.829461180719814 11.447227484587152
12.436343136900655 12.871010042527168
6.2788286337566559 6.9414252426783252
21.193097699571336 20.720520024947511
2.9394734592042226 8.183407521972569
1.6996492535788821 30.345379623439587
29.974755298005878 24.264904344522783
7.1445968513128761 22.0427459250783
3.1896908003842528 4.6076420239229003
23.986590591754847 4.2370858094851611
19.990645397143883 16.097218519260508
11.396477573945045 12.536815014968973
26.340389154102759 21.020180630584623
23.393705756058555 3.0328746686910044
3.5705643621984393 24.10433933064018
28.92887539983824 31.304959467229331
16.248134981186222 19.441028573349875
7.0693544270323212 19.051163392623465
25.960083316343319 17.275843247607341
15.306131047510931 17.615841069371704
18.308961745258774 23.438564057258596
22.476946792416527 10.203726949628134
28.836119625106328 28.249588075447129
13.363240397525967 26.777039207752477
22.542898714298321 2.3393593284644845
9.9226030529722831 17.688654326236254
7.3626947942979468 6.8914167893108891
30.169429673560277 12.818163911152624
1.1369134043167473 20.960818875497313
14.095903712561956 11.043906978358638
8.945063156678648 25.972510076794673
25.729748370430404 28.474619419708809
28.404200077010643 5.441959698567663
25.574743008812391 5.9514164686039646
14.935444196026324 3.9828515929095549
20.292503786008922 24.728178428211574
23.869418777889713 20.968205954517568
21.053565730175801 16.583155431020202
8.4372345259692896 29.886318258872684
27.861633977210225 4.6547567557277647
29.766469668282401 27.861554569057347
12.988746847282821 2.3947962048196625
28.013949703678296 0.54219182277877964
31.148870733985401 5.6127179967731671
30.423677178770369 25.535551149373507
24.555297245318613 1.7923181518541684
13.387645497063279 25.526133652665575
13.101123718571369 13.604998924226182
3.0415101893318788 9.56862757767529
26.989182039071725 5.7152138814832432
25.49368210079388 10.558131422867431
11.045087775916848 21.244791354794152
29.356871527574533 10.715885735547074
23.515767728536485 9.8633465204383235
9.4502942933758849 8.6340468746608234
17.49328709113826 2.6760391091466271
12.899600395164175 30.024196728364444
11.116279502311176 25.76550376424526
26.949888111635406 17.296001222883632
15.121768106909261 6.8841550492415191
25.734113740536294 21.662327789692657
12.223891562863209 10.947231263477843
31.119909936084959 22.979742061505576
24.291589984865972 19.154341156908096
30.757859307021448 27.44077636167393
28.389151227130757 27.345275552930413
21.50196901582159 19.706185878805208
21.842729613006341 6.7000220403888582
11.350634935959857 4.9287809123221535
11.993851156578721 23.002812259873902
1.8904195021484143 6.537880554225648
5.6599583725558027 13.884707219772945
18.822689953604524 12.372417096955633
29.287247167138677 5.8257986672500248
30.318480245330505 11.059413045805627
4.4329044139959768 29.880824883438041
4.973458691364204 10.367343884386512
4.1646310170807377 19.944815197926065
15.340495211749147 0.78703215810357074
15.14971000460981 30.409541970438823
31.370864818281959 8.2009883930392107
6.2610182254164091 0.22645296955713543
28.912896416302718 11.664886985839471
10.181120269795155 20.899853777916405
11.094105331159012 9.8868211556152961
3.8736598057627112 14.999697022570766
19.381083831114299 20.537986994705289
10.197376714211789 3.011275326073962
27.019266082631631 3.3245731550400821
15.0341127654034 25.609412294083736
0.60429376071550622 2.3463093450683794
15.750654784821952 7.6701270554209424
23.556186899599151 23.094359663602635
16.280654391145408 28.931761547207813
23.6593868055947 8.9186020900504932
9.7991314556578359 28.678547513128212
24.873347881270128 23.535134648732036
3.3422619918367307 19.554990331700076
8.2188234154702009 11.525185173950923
25.694479962336548 20.050741701193857
7.9770234365635462 5.9857643632491584
16.627016831465685 13.266990294547083
20.985829629239397 2.4146236895507465
21.965297379589657 21.322424759450715
17.566330454700815 19.902116171930501
26.462740650420876 8.0369588781604104
22.249594238700922 18.92333926526835
30.012782578215035 8.4601631359148044
22.149871487977602 18.089987045758864
31.108559871217292 19.538842363969341
29.344555814101305 9.228683227865691
15.618644602611427 3.3841422003420671
10.668279413021082 5.5739841305019739
24.329752239847206 31.207194468448758
24.656764241818408 15.896563667905649
4.2623760383693874 31.10586858560043
3.4008708457833325 25.116134600708392
22.280884758258996 20.149533267344196
25.453329679740079 26.546441331862905
31.492977809057088 1.6901317542932861
5.7335455201056886 12.946231799755179
0.69263912792307869 0.92472989750222523
23.648763627516605 6.5469120365208324
27.957823934359372 1.5728865629592277
31.107172512730248 0.84125475804601701
30.223006513870217 18.653885396189619
2.1160785301565777 17.338114588869733
11.087693268485683 3.2798023914227104
27.929077829092073 2.7211011102384561
31.056256875877974 11.621418838479094
8.824816083277307 14.114608741406535
1.6084234013135681 9.6528118019497064
28.598689237374355 22.676604817069393
28.816361036746784 2.5580988836624909
18.91559380590196 27.219076727856287
9.2677477981267629 30.048333465003623
8.3951487372820655 25.193929090619584
9.6594597060887111 13.538599790665554
24.810459963230674 30.478859590274876
19.460567853918647 10.661884449834218
26.121841019435013 11.904126487597043
16.48995294285886 0.96165533121041002
14.98925854008551 5.912441235263354
14.862677058873066 22.274675451946941
30.594685646655641 14.020612805520908
26.774892967743522 23.949922093231141
11.923483623044557 21.9078456173111
14.982329474623244 16.688023144562091
0.39461064152377684 5.2465294350071341
20.787454716315221 30.671830373574991
20.216371897536419 17.144652407358798
7.4909039199115579 23.974550520488172
23.494702313024288 0.048774176271911072
18.720442407490857 24.428169743522428
18.766154912823229 30.707078251244067
7.4589417621884051 16.315149480307163
22.550977951819714 0.38452384610235529
17.194775606044956 22.219047885498664
18.048363331992281 14.84619559436862
0.8765105703981797 13.61747762194504
28.132587951145361 21.892986979570292
30.741096617860162 9.0142070585424516
4.7364241164461029 19.039639537272333
24.394282855708369 14.548007430412166
6.5290177994718306 12.183203212837668
12.289464455575063 28.326289788295565
27.134293527213654 1.9759409165275854
9.3314467707236037 11.907186918283703
22.710364255129548 22.357378540881808
22.561513200922608 23.438301965143008
4.6483390056461591 9.2437106970247118
16.52083294871435 27.871097597362205
26.375984685738224 29.183716770869136
2.6753821454329505 5.6726523104098519
23.16125447034727 17.487744267006676
14.577843477412598 23.773898644222019
2.3962305400621084 3.4663283403240355
6.3289788007587093 30.651342144181395
27.297357142950954 15.145704952582093
3.8373039899666406 20.983975399214117
2.0530934086938837 16.272607259834174
29.893661499808832 19.568166754578101
30.568187825126103 26.642879023673252
20.391290339264518 1.3380687988432531
22.633526004640977 29.753320925308987
11.02334085106355 22.385809410604367
19.63741371182099 0.80758121273209127
18.387720809120591 17.203744232789109
21.682389326054675 8.8562153024504564
27.597538070735173 8.3392316004647267
26.388839884057763 2.6048864903946556
25.837917465932289 30.798397488723506
17.478672355948671 23.482803972826567
18.927175269514692 22.666705075989611
26.33740617632813 3.9383282490300862
20.887305986539214 25.538528519309377
12.220743243993502 14.121663734939547
4.7328554005232588 5.6008589331102394
3.6911571189777188 5.310107358904915
22.649444685848316 11.31369103820578
26.217088385728108 18.834402610577627
3.1226208395547244 12.240368545371824
8.9338218436125274 27.766523370848994
22.809241063308807 30.878150129434029
27.120595523578512 0.67312083916131094
25.646884333598688 27.557556167779552
24.146243679061943 5.5162874553509216
26.977482837935806 4.6696710007654723
1.8786642348630229 26.67066961701272
20.740980571290333 13.523298626571266
24.08756251567748 29.583433173170913
28.128504711009686 19.054465400796236
10.531262501254979 2.0545337399002674
5.519276476197331 17.353319998525528
31.110121049026578 18.492373418793438
11.202863831542503 10.828020915775088
7.955072146181509 4.6563088022235481
17.688212303717712 1.8378356585315805
19.841512312169783 4.2807617836291554
29.057086997799278 18.774864424336883
28.850987138560164 30.262748502975597
14.775631976855129 19.688636699385949
14.579884517992028 27.011785073253574
22.88594770539035 3.7037972237006023
17.341646525359565 8.7415370247194808
20.043727743229841 8.1367530883608925
10.14985409348583 22.028538516000577
14.312553182066427 3.0334604397832865
8.055635776764392 18.591705660828321
1.1630644999050748 0.021511088207157129
15.489183765341199 27.216501476203241
10.451161314963391 1.0099968791735134
21.674236209022972 10.701619749643912
23.725589703097384 28.193815542986243
12.442454779168809 20.037812898014618
25.914609047021312 9.7172219291423509
14.498212662728879 21.36464489187814
16.054909842025513 25.010073939831596
13.27876907687282 4.8822674814932405
5.4804961815394826 6.3871524290234403
5.1417453075676214 29.180903588172686
29.596953709615889 16.878593284886314
9.2410193139055146 21.040522271582198
9.648415689675307 18.714597607496401
21.852110617937083 30.523226487765076
8.3965272102559023 23.952977788847431
0.26902036345631553 16.374907020429436
13.24710382678659 23.392493054119491
18.017649405202242 22.240720644031558
18.017159760055847 9.6019097906145241
5.2254047733105118 16.481046043934278
25.216649404399181 11.560470246681453
17.61215126703145 0.98081513907343387
2.5656327843207851 30.48246719831139
4.7408584418278226 21.35278778502472
17.996569036977665 11.922002939085804
25.371417000153741 0.070841655988406221
0.024736508246159555 21.332127323251743
13.464512995991706 3.4030792516827275
26.126582681431952 15.999296698611696
6.3679111857859212 18.619649606169265
21.246523107709354 0.7299264867354569
2.7335528398853066 14.273222874307573
22.840549749872682 21.123985404920631
18.084872476819463 27.821867049573825
24.596617322119805 18.219002961915169
27.53411827764074 25.987821411655876
9.0466374157331639 0.92998444744362285
14.057826451401306 4.2930272581217652
1.9100783144887448 10.529273191124316
22.794045562084275 6.9636641128292123
4.3845565384721281 17.94421148417894
2.405194825718814 25.489015839765244
3.2654361651922592 29.499212962397408
28.494515205059436 26.248113190189265
16.521384120021949 7.9850278354619144
20.000116293810169 21.428112852996062
28.11507280224783 11.795694423044555
9.9042959058743119 30.815065026821202
25.315553166259093 16.628352668733381
7.0102590105014597 15.420127689326106
16.19491017677904 17.141608693724656
30.223017280865388 4.0661388005619648
7.7403807599421821 21.044853415026562
4.8590331248237781 4.7167424316795525
14.292001595698608 1.3403252531901884
5.8217185205531354 20.892174512726598
4.278767713640792 23.374243962477895
13.433525476636001 15.685613831884432
17.95915449152411 30.231056671568496
7.1427813160985805 27.200252303503841
1.4525558680406223 2.8655681104710351
8.0024102083597164 17.064557868192168
4.6987979531728241 14.36873498075855
13.326892291333122 30.786146377441927
23.233373440009643 20.056129132938647
13.891130052660232 19.12167439840875
29.950082592953777 9.9282275612075495
2.9406483375352259 6.6036279112970862
25.526471650182636 22.653127893202793
10.784830398373691 28.325539839212585
18.567407059208946 25.541565975172478
9.2447204692698364 22.105004007082812
4.4604536277171967 24.534880807580073
22.398626529283231 16.919834928568221
22.646755149555265 24.291010162573762
14.272840946101153 8.9428531499489292
9.955865038593787 24.055376264620435
9.903252890945808 23.115570208968169
6.0259873929837413 29.787045007958223
14.337498257991063 14.900326665005338
25.463009886634826 14.324613685740037
20.767157028402455 22.729110117528325
31.329675735672083 23.970195338886057
5.43776828443041 3.7779119642907588
12.721933649265312 16.404338352859146
0.12462863920995645 9.3309788271836673
25.297153468852425 19.228117480866327
26.311232205245918 0.20524207614846307
30.159957590492187 1.0582786495255103
20.800383792240925 28.743290452995758
23.936108771780624 16.704205204258205
10.604566498733783 24.847310295229779
18.823177570917366 6.2676520672388456
26.102003910307612 23.492103667673874
6.2149306652398009 7.809304868773582
19.112753685182028 5.0980454748855593
0.41956146435952996 11.980946072159611
1.8811521173000305 5.2438102720120421
27.558052141573988 27.083682517895777
31.369487944598617 26.027592666811792
31.144649531709316 6.7446567880943222
30.939918159914466 24.741747066499297
24.611428721002635 27.135144195068417
28.514098618435376 9.3349396419920634
15.346191990147398 14.105013214846828
5.3466287244059609 12.190381067720207
18.872611015297103 1.8916016112898713
28.318154629735279 13.109879105931073
11.539347737880417 19.400176016067903
11.292368439342653 24.187188515420193
2.6674421421325647 27.385209453435934
27.45148040580716 12.636780514229526
3.6366709645352802 13.993947741075933
19.737545969060537 14.053336605456737
20.810850589608933 7.0139118364861037
11.52015556496017 2.2772549266807633
25.621121763651161 18.092618334518331
17.393696758030444 4.4571231601974635
27.142142956250918 21.694656811287288
4.6138152124774692 13.391055955427525
15.585468798102507 10.09375135787444
27.391680922373382 29.345405125369329
11.005342948846888 0.16670238583256561
5.1833272732101703 30.465179156103002
28.89123540779941 14.123929638275099
8.2475927120931054 26.6687001971939
24.636581606769425 9.490624632573379
11.990885078717142 0.44981299973391892
21.171321006726536 14.261258403185394
8.4648533832213868 3.4634586583332188
24.552272621930797 17.351092686281028
18.937614803761761 7.6172559757891749
11.120959893594707 16.893448380470705
10.626391761293378 4.2352155939067835
0.1244377461806966 14.41639055548946
11.790168696555748 7.0261902954662734
9.7206296204206772 19.910160026861302
11.481994116677736 1.3028176321293328
11.803667593446276 11.791274590856991
29.82107429076305 14.932089406833946
26.99548085352512 25.163570726435871
20.455014839610165 11.238063359458481
29.884321867534975 6.9838747797856451
26.684794299409969 30.186982563941378
20.201861092824025 23.551351760434052
14.745787912493164 28.936230444948968
12.727590936255705 3.9056896231338833
11.041591329649531 6.375227234702848
14.871165969751655 13.298135971335984
6.0309782969201686 15.879111574462357
9.2403817766275811 16.228474031278033
6.7787874016503018 6.0206459832679311
7.217682123043855 1.6316835321846366
5.3704107392767364 27.315673037611646
25.465760991316039 4.3635806656040321
21.113921259725306 7.908585276751829
3.9088859846252859 16.153873022848881
17.082146721043124 11.291956513520901
16.163360315050962 5.6100764493861552
27.912971312181543 30.100986623288982
10.046865236045125 10.643848422607292
4.3238857240817303 17.031376206425804
14.449908769609424 28.05324535494637
7.1945818780011628 5.211216672149547
3.1137544343018786 31.52354566102963
29.903679598295856 22.49474294700185
0.39893215474085314 7.637948402795935
10.918856354067088 23.34861947708179
18.850884800502246 9.8333289346257278
27.005570197675411 18.171185843736719
0.33272094684345238 26.833106572985692
7.9303821018158382 19.640869046099215
19.968396181205513 29.430645743980801
19.16728161707249 3.6594801135261839
25.442603510395639 3.2739788470651883
2.8625598365878857 26.302955509178567
8.0680676322503704 2.3918365465178382
23.855107686756611 23.937728927008642
19.555839902870819 25.102016068398559
4.2397625651982187 11.717481759481567
30.591248247464033 20.316402786290997
27.144939149682486 19.266386155970775
22.921820983227338 25.204622981352109
17.303002390783323 29.38013159799965
21.580287606640649 28.126077200576077
21.248196250427082 5.2206783519527864
8.1077617928124504 0.33804123151844773
4.8625940001655028 3.0924127936299932
8.8348699463263074 4.4797176632200486
21.765774262733736 15.042957617118811
6.289436011207024 9.0668260601860826
13.615732171819911 21.994335408890073
5.1462713350137133 2.1338741572806446
10.844830820018942 26.987977502290516
29.834338277026049 1.9925381965269853
14.213460627001634 12.096979674780782
17.446872215295031 6.2218113583953789
24.759836115343788 25.153563639601284
28.119171757094055 7.0908768907602369
30.919585845569703 31.143056495125926
24.433045835348736 8.3386297662396931
15.13638274195212 12.181498152535578
6.219933946488033 27.831704016286238
1.2677798886808986 7.2997473057819118
3.3188658990141686 17.406142561400888
21.581319791272385 23.388461178982887
8.1901762474619204 13.391918868720733
31.115890320081753 4.5637998358022571
8.7483114638965063 5.5579389934146999
24.226985855621209 2.6181614224955281
11.523281472915651 13.587162307207395
5.0430024242512541 28.244527629748113
9.3884945428057698 26.896998049544127
1.5617745850928419 8.2971961576571953
0.2665821723814541 28.685329136629807
1.5495024187116881 18.026475759522228
28.748525393564321 24.234062995527061
27.174708441532932 11.542881575750535
27.574145271947092 9.3540786210454616
3.7655027692062326 18.651068589593169
18.812380992349787 14.408320108602167
10.780583645183489 30.943922725373053
15.447357540972449 18.934346985779719
13.497523628487171 8.1910556832166055
8.9527628765850178 23.184374212784153
6.1450665411006957 28.764065623723248
29.037079175135244 19.916431911024212
11.576095920339213 27.609387176735275
28.484604026952709 17.338827874283666
27.678112371605764 28.277072695829577
11.046940427411116 7.6697553933606839
16.492338621209676 20.358553687916004
7.4271826327935901 30.1889837926357
3.9339350156522803 6.2815465487476949
24.817347287934851 4.9893541388201657
1.8270965736452247 12.434277999115817
30.807163300412288 15.02827049997355
30.366202308372344 30.039577333889756
30.89628732725425 22.030067482785636
17.80859753402725 24.74958135388426
10.535630179591671 9.0012847915514289
19.738520020465771 6.2171029528182888
10.211828913338442 26.254597494444027
13.856694693845283 2.070614926828708
7.2068314963437015 0.62603205002106499
11.859654204789422 18.441294198052113
19.193863635038387 16.688320792954389
3.4914966492447257 3.5749043875764772
2.358232147820686 7.5378853170706241
18.403593724405262 4.4732478784649397
18.698397979468684 0.98063244657772941
7.1403734522025406 12.837200611241457
1.4507667764572336 23.224122556199298
3.0124468793609362 20.67347315666882
20.869370666651381 6.0838244758962672
19.403025741436281 23.783119593702594
17.848475272653886 13.537293376010583
12.028145810604798 5.9100846072684767
8.9344203827344657 17.153784741774395
8.0561538732722902 12.417167171406142
16.299509127432806 4.2499895496314455
6.6832183471602225 13.648920977445295
14.58400102557437 5.1729416932821133
4.1834389851737175 27.786692531558174
16.899351286326006 6.9376088821700632
0.076269592738511111 0.047182555903287578
18.939046153133528 28.385823424405867
20.87000986827557 21.719386042174868
21.308308207338801 9.7649032014457209
31.609595469814902 3.0319959101295533
24.53580795097827 10.398072267332525
8.3106762733371493 21.787725516555867
6.9762910944290315 8.4191266544171892
16.135404958549703 18.222526252938664
14.150902184208661 0.41945665443164437
19.326953480035947 26.17382046429428
26.062755575659754 5.2510367706511936
12.569052120059055 27.325888559671707
6.0178131529099339 2.3929812228819412
23.487996757576386 10.841999909509189
6.6141837170582001 21.336525784508648
26.429167368931324 14.944826628192981
2.759153650779866 21.841196698831958
3.7282488402322693 8.8404638611004813
7.535798426591052 26.144548625922951
3.9119237861973 25.858302833042821
0.74781152507110715 24.5213547604124
18.694612844039341 2.7181174749082788
8.8350413383611848 18.121048300616273
5.7471700344821723 9.8811128614152945
12.435218816010316 15.193337065753845
0.28566915997979592 25.275287427951422
21.113495566314505 24.163932806548733
7.1652148037829955 23.065168973666111
0.024951423149970158 15.4717630122143
23.283091534050694 28.996747427435945
15.605659443512259 4.8292255848623151
6.2786349231856011 3.3324739555037786
31.11259102354612 12.61327297296088
13.104037134306747 7.2578820290519035
19.915252221310876 3.0277987398622201
20.669605253678373 27.627876098098383
12.274164153059683 29.399563955901076
1.3531704695759021 20.007177749075893
3.6496267774998103 1.7911093639087965
16.085139318067469 30.824054475628159
29.721729383628247 13.734286797425478
10.042015034789083 7.9561803575261205
24.610962848764323 28.148669682242726
11.767345398005665 30.375488525364403
9.0201366476998519 7.5193057476706411
14.234249615320312 7.48444814189632
23.88995760397718 15.326771123215998
18.186220723607263 26.557212237399405
2.9703282705754761 16.495775949609051
6.3599882361211799 26.699984242910485
9.6071237659772084 1.7946868200473727
30.208015076693776 23.41805873989912
19.791562120242137 7.1846321765267858
1.0735502041380998 4.6023995160454891
30.119435437735042 15.949595098280106
18.053290605944046 3.5257864594627941
23.463436527432819 12.07109596697056
1.0359338513691778 14.806960991591961
15.052886238499296 2.4827305587158701
20.887948551015146 15.555565488117614
29.861805604741107 11.951183803236697
17.765903752572338 16.268595741166177
23.583039046450416 30.356893489861381
27.734537593797725 24.609394606785692
20.250597488814655 14.844592461247586
10.30156083957516 12.349385230155653
7.9887325338488129 28.914836777532603
17.25005161221916 20.955972019886236
26.544861760385068 22.4786310290018
17.0427240367545 5.2865790642068822
22.325906114504111 14.123589321044763
3.6297316230143646 7.327069362746367
28.938023926345341 1.5060987708233979
8.0909998958766902 22.729177565020247
8.2610410719519738 1.4004258308292825
7.126484737654609 31.189718667762889
12.854428806129345 17.514340196571172
7.0609274249071818 2.6360323401390184
24.622189288728304 13.605726389412441
30.713509989121349 2.2203045891585269
17.578563589016017 7.7352095154201539
23.67984742111636 26.995175636906378
23.860209756332129 24.771416380544327
19.827507221566442 27.279388488077529
9.172068617966195 10.997342194834237
12.436573327422444 21.166454753557467
0.37091232347207764 6.5290001964509274
18.551718613334465 15.836472907217074
3.6780274806231441 22.026038758215243
26.339251811242473 1.3837528682860265
12.122801590783796 31.139262103047745
20.096715860475452 5.295684676466105
11.81253587745816 26.486321115106943
13.213991702572891 9.1027137610664592
18.151020354506421 5.5414999106552649
11.964523262103247 17.415346519301494
30.902572921789051 28.432428329913019
19.637528040094043 31.436908106537345
29.564364124638431 26.116183676082343
17.006821979372745 9.8211719320092001
2.0266430083606313 0.80796325863948559
25.496195121598848 1.2577016677196962
5.5228313034364982 14.996563728944823
16.140111971055529 23.959933576659694
15.164390049099064 24.530382094957616
5.8920631141458149 5.4822436603984857
28.98809213888617 15.254348465649418
6.1666605644997956 22.61140092153591
16.503924198782823 29.963399753193578
12.660398271376351 24.786627657161855
21.88780466156199 29.256461011234585
28.490995700265913 8.182707498351899
28.933009760323742 6.7404496884429896
12.790932231231807 6.3577844825125958
7.6588867195274339 10.526918338418348
4.0265973781422284 28.904102853765757
14.201271485053818 26.198641425943336
8.1973959363486149 30.941743151481763
2.0101428414223461 22.439666352023732
21.033215747591949 29.739734059018616
8.363606761790809 15.869287817126329
19.036420835529881 29.650869635753207
21.790431115101704 22.34716051341589
8.0308993577290213 27.708585845084965
16.311002585493444 15.264520769212888
2.8470928003399343 10.483494424368434
16.068816353879519 6.5064161468667283
4.2572064142347559 12.640921336127384
15.657061574001917 26.208754792873293
22.482420665365179 28.334146763655173
15.866159418735647 22.361677349713112
21.720594905908374 31.459199315680671
8.9580190070591961 9.4815711367561839
16.388451295269284 10.511132332738171
5.3422638600559278 24.25883997436005
23.542100159913197 25.954977013226834
24.54501093704296 3.5912599246709553
10.636256166228018 19.862314919250444
24.258921896473701 12.609861843898821
27.981578693842263 18.087821744800376
31.392561819543232 13.460787760468158
1.2302794385309719 28.309720273010647
10.595102165946729 18.821513925443895
5.4328793716471679 31.394597480385897
6.6583561578741053 25.709032030517388
30.292014478071138 6.0267369999252063
29.053693457541684 12.79995290730694
1.0282517803178426 26.158368973400577
26.088830528074951 24.774938201579527
10.87292401375942 15.823953966188725
14.031014624882332 6.5369251062307088
0.86105554031233156 30.748277970719926
9.9213543065796692 9.7746164586633917
29.264871355699725 7.8782830421651129
15.469310767263359 20.336575293204223
21.940080220036073 16.107768398909162
25.757616467046574 25.653108763124301
27.451639266551368 13.755573763282353
12.322003735510954 7.8210953075544865
19.769401097042397 22.469354329405803
19.841187679316267 9.5417504979606793
14.670673413209473 9.8334188545259149
6.5769785666484957 10.365145880515266
20.340009021548557 19.401068092278152
10.149618912323055 16.817804459687228
11.878747697571571 16.172729723346251
31.540995707967308 10.714564705997569
19.500693193883158 11.729808435038558
25.467713782244601 7.8884652162046365
1.7378365724755012 11.554265410525767
31.032221694150294 29.45800472701287
30.059140205186655 5.0135768345994274
20.608504136730527 8.915667558524266
26.557690900915784 8.923018907356953
17.212783093881143 15.406422065135761
19.799106874883151 28.404231643128419
24.49469988802446 26.026162209828172
4.7382655214911971 15.598327804476556
13.569026434640627 24.233835606559339
24.683165417860231 21.674132123062098
27.417615793885844 22.842388369954641
20.818141887920952 3.4154883913407312
4.5601006064146361 0.3815280492125272
14.906863289546214 8.1991449726655787
7.9709442454004948 9.083685246667109
17.221680839969235 14.257889973188114
2.0449703579353389 21.205251297841329
24.32833202939592 20.072051194953634
29.602630283421039 3.098964688385994
27.85572697577577 16.693904536256746
3.2285682664878981 13.137603807554218
5.8243822567428065 25.166132100014366
20.584249941577337 18.048236356381942
27.803536249916885 23.602427474918887
21.086072897970485 18.775637364654351
16.272778457882577 2.6739809623339501
6.5976826397635282 24.524986646363462
4.6094972226453486 22.386937091625825
2.3003520910490969 20.063654108812798
12.846692392868285 22.441689689723784
17.763405724945052 10.644573872706768
17.351295284106492 28.372381050867428
27.919804117407597 31.149015192038558
13.268443849662809 14.662846261692506
28.559363756355452 21.0687958228485
22.253905308658734 12.138753947636259
3.2753413846987285 28.242037336805286
23.619870280644566 7.6474085111368808
28.960722718358255 16.242239431561771
11.491799347246973 15.031920586589584
4.229189043651389 4.0980944592378465
15.81052603260598 12.901062834108442
6.5346902957189901 16.675664023910326
20.349618523535408 20.326056488917413
22.590197250440671 26.323501920635621
29.464107577427757 25.064703666327024
11.328522430759804 8.573793949774025
24.851291888622637 29.105106705994423
17.234527504169225 30.763416096595911
25.371389922526358 15.263715974910486
4.0262161568608725 2.6930457135211214
21.34957572665196 11.586710160223356
11.37028918207313 28.963675582445799
19.260185006450513 19.470126929721999
6.1963622513449863 11.2062734280971
4.012176458465273 10.047362185856041
27.748856786878459 10.661705686133553
18.459347896373625 20.139181214332663
23.701723159756739 1.0120416497518288
13.698901813435997 16.815624673469337
28.948943700008616 3.8037623246874408
21.468390338399672 17.490106057719093
11.825340725103501 25.136728973512678
2.2881406724014579 9.0063687721709069
10.545780943247486 13.323717947033218
5.5861855544663568 21.974101559969679
15.383220492591072 1.6832269653916521
12.489891778850819 1.5205049178931831
21.845973375854001 25.780935353437155
7.5950000589686164 7.7024258388563895
9.8026875232573314 0.3422513014829679
1.1366516173979315 16.852590048506574
3.5602491550028206 30.502003505262199
18.545757923530555 31.61160892038604
21.526975619293321 1.69169708659064
22.390291766119859 1.2249721167164445
22.892907373761883 27.432632586678785
2.1311661367467565 15.157052625245893
3.6355687708117332 26.962769204612439
14.207416317626091 20.472752991824049
30.126322137083239 0.11839362800111947
12.301280801034443 8.7815147849283246
10.018967598367386 15.631169704875079
10.945145165475768 17.953864281201188
12.218639441288117 2.8875773407372054
14.181587316928535 17.553471472557394
15.431650413149956 23.272062340287576
9.1153437278997007 12.771178767119336
24.295834350514355 11.456405970791
27.793326432561638 6.1368379077981174
29.978547185709303 28.821879085928369
8.5105294051636449 6.8245322732185949
13.586163616417672 27.767846574996963
7.5328507004729044 25.047976089594638
8.5429472355767189 10.266722470355278
22.052952145778992 7.7690181743213174
9.0209374809057135 2.429749379051807
14.193551910323796 24.965251437745916
10.212251908679441 6.9665214847894461
2.8046325831284551 11.497320892529567
16.554695812219556 12.080669875205377
26.678332281532143 20.029686259039313
22.944886596422236 12.938627900461064
17.509520943208045 25.81711931533998
8.4048371599855596 8.2765407396030852
25.384792483863286 8.8911118188197644
6.0320524334300964 4.6370379490916527
0.49586671903991791 19.544843239989738
28.448820667425952 29.061014056366133
14.220296102183898 30.104371379467093
9.528255506870174 6.4451748235715067
18.316699817420218 18.975160976222277
16.672452656436167 25.684532076410711
24.744103734274958 6.378453866721431
24.463150355131805 22.607813575568215
22.85251584328573 8.2589544260702734
27.021356283046163 31.047993605964344
27.218561996194968 7.3670856010342138
29.825129051780998 30.766128299181144
26.625554252982919 6.6216886701940378
3.5612644007895002 0.62786811576978108
16.509778558026884 1.8465286967197609
25.552177114201417 29.795899105459654
1.4466707230059463 29.324133022762577
24.63611711815545 0.66599071053056946
29.119689217674249 4.6451264393112348
28.52496390593414 10.385062034836608
18.271690051865257 29.11524361431734
3.334499901466403 22.953994822254661
10.10470593049695 29.564992639640277
13.737276097263635 10.07484101230305
30.440541598282799 21.221689327850928
