23.747967010894701 12.290287467038763
5.5189984610150455 13.743797456145872
15.255054034136048 29.196823257254401
6.6493518114262109 3.0858274712830127
17.680627721969405 16.451821464183556
29.118000381387819 7.8448208391756333
3.586276639165527 28.563526465596361
23.859855506737624 13.236121020729865
29.381129718196988 5.6506620594724044
23.571582107116622 6.2985432240734998
16.765240299797238 6.3519222440015932
14.133398216061726 5.9382028373196336
6.7445383107235566 8.2725771428906647
25.762557218651324 10.416266295206739
29.833866437895711 22.638961781488586
7.9249776554517828 7.0155380116573367
29.261608850557653 28.712415649380265
19.188852328016239 13.798285687112733
4.9820125345737498 29.804507813701235
29.126120052194544 8.8082964541787039
2.5772350431931086 0.43968999282905846
3.7701964850434773 9.2340594935668943
26.017275995651254 20.494370878001316
22.226220985625226 9.7465675502398916
25.212515570803983 3.411112889048781
16.212667385546283 1.2572424336421317
18.200792558878096 22.799584803676044
28.202823836668973 7.8024267632034858
28.337793429625673 21.143235087724708
7.0809751006700568 12.162011867100276
6.1531444262150776 1.8797206670319411
23.251031323901977 8.3889931340624528
26.948618545707859 2.0591703282034195
16.467521841158867 24.346044383997167
3.0092479024133216 8.5986575038685746
4.8008481593371295 6.2424528240346318
24.126007909368404 18.509439171875975
17.539188968011665 0.26800403801536593
18.891246496501228 10.840384616868839
16.564469457165163 10.642301759407712
2.0667716359532635 15.107441995890435
7.4442447823051054 30.604614468447675
13.877603667983722 1.8193942245775205
25.690391620683339 23.976637127152259
5.6625018533298972 2.714427949788123
7.6885938092716195 20.425300017697651
19.101342744809628 22.807695412290531
19.608072090894183 23.519433592247012
9.1604402364547184 14.419967904913921
29.596257834763879 25.765896020695795
24.98587381714831 0.22512241027981875
3.3649818812183896 21.718394606596188
18.702691469331246 18.087655540306962
27.86302307934789 1.9152130932557672
15.847386116541921 21.228434099767011
15.699102847627749 31.159536708142273
12.389407723398808 1.4108214996455817
12.067535012374579 13.02551356997699
30.749403277822452 27.403511318952805
15.376204560310695 23.781639662972346
7.5899727803949997 10.494678338785571
10.192640668207924 26.645308321588761
29.347094466909571 18.655788960141528
3.1469433716916124 31.334638654950268
1.8389759157326437 6.5784675524252805
1.7830182931099059 7.8565833246286667
21.10402592781405 12.064223069379855
0.87913809163682399 6.1132060062927041
27.563770436535556 10.216774391634166
5.9254383497031498 3.8060164472412468
12.316963450379175 7.6308069806044099
24.296744870442488 19.611871823243284
19.815927763040634 10.698136602394879
24.803330221113349 16.910428997746379
16.469614901821945 18.809189615377733
14.155540874756294 12.474289899842612
5.0075112598047564 4.0213810618173094
22.958571568878057 0.053140233525371922
16.921538432354158 4.6832902076651726
14.308427950383749 27.991245532590412
15.863068292909215 18.042803319522132
11.401513135914518 4.4647343963793746
5.2224046799752921 0.97897192833791047
26.115346607935805 9.3872494078788815
30.592571112473049 6.4716415499766384
13.699688888739876 24.659597155292879
22.953966633018815 23.752735984895953
26.007374719778156 28.019687399151266
26.428414741526272 15.039031816799126
23.281648911397028 18.909790018592052
14.118730314246561 9.6039029311457238
3.9302324684271421 30.825068703008935
21.23871005432736 15.136690287970493
9.6146613669446079 8.6943939227105087
9.7022115835304046 25.566636178973429
26.558203574244221 10.637087963505813
29.248219877227132 15.86922854512844
2.5689285433962259 3.4710761371273429
21.414696581939019 21.898144964607788
8.5467724868226913 30.452380627308891
14.800310800109738 21.755217363772861
25.089498535620447 25.783957024072947
18.726215995110248 0.081111995224426151
22.108488203985484 30.078511586964296
17.071662949631438 21.246736665989058
9.7276062066238573 13.683368655924399
5.8385817197525709 31.218719249466147
5.9481925459559841 21.564823063000606
28.143848762128581 23.666765890834281
26.597524295904702 22.280709922412729
16.747096280478551 2.3076428718144917
27.377315447291426 21.32935878734742
23.494458362714095 5.3738622654104313
28.961908879407357 20.444860832659945
10.134507903984325 2.0621344797580132
25.938173384312098 18.164140565741242
7.9117073971541734 1.868154917944822
1.199117952293836 9.6160401289965911
2.1535953568887787 27.205737063623008
19.700777773954645 31.120310994819608
3.972942694014904 13.573560850935122
28.019062699334746 4.7255076412154162
6.3366597645043434 24.240353297908708
0.95367578506285655 27.417790959501541
15.584104209513455 13.065526277424199
1.6302806196527142 21.154831173882116
2.5488758130067182 21.464133322375293
25.938222163504644 17.064174345828039
26.524333910164579 8.4666861204707704
27.02800876359926 3.0984960517597244
24.280009811430897 1.8243779201704586
0.20388087111446249 8.7321039189998668
7.3102069549505 15.856263548474761
18.620717116992594 21.584245372215641
20.718890235543931 9.0294702628469015
5.8925578372683818 11.090725705376022
15.679253423570376 10.83739601267472
16.841477637546614 20.410056735910199
29.540226843293524 16.831642989645676
0.019867693858568226 0.1489725318632926
9.4469166190988165 22.828186317616364
25.209135931514197 1.1839387369095378
28.292916226618502 11.000146252206788
6.1032631609307195 0.59393805735417515
9.0027215955688025 20.827332389947738
18.011036156802604 27.239166331884711
26.589086338514743 23.682137558973817
16.267289765085515 7.3484714322554145
21.934510804298149 0.38404940813898125
28.148263793284411 26.490537164289581
10.537907397544465 28.952957313844269
23.137211083934826 1.0803676331064049
6.1511242977054668 18.363365673781111
30.790019679175934 8.4904103872737284
30.278694601499954 5.5322639923232444
29.599984317476643 11.866751326465888
10.657082520187265 17.728410422478397
10.171960808378984 27.927821568085228
3.8362037838813094 17.188943903642489
13.578406443679969 10.307121280478965
28.315495282140542 2.6442748991130096
19.401014469748304 11.972673175491375
13.711810883783391 11.220591463435461
14.706856644974417 11.676532599297666
8.3831339866896961 28.504445104501844
7.9717525051682658 26.763084043624815
19.367296438365219 28.982238762969409
11.552730157055986 26.304125308004089
7.0386446113396159 17.823771883871309
23.362726288366705 2.187846583086555
19.287580532870344 7.8472501892124829
30.901480674650269 12.111240132868335
14.635591429624037 3.8547357824384814
3.4271515497266805 10.060132703861631
27.810814673176534 17.236525862269406
1.3255164387985257 19.243894010466455
27.610396446758678 29.982194324804215
5.1336075382309891 21.052292842355651
3.7335203786645987 11.132758455875527
4.5129828755902333 24.050993787902513
22.467615152159812 25.744728443751317
16.10437747373572 3.8346961035400144
25.199106552064695 2.3060423209112555
5.9984041563712696 7.5911969632488798
0.97265981273079027 16.885523290805242
31.47373270097011 19.054597584339259
9.5903668424337081 29.367046301419741
12.93381738970373 5.4755912630266472
0.53055983236415349 4.97423449460093
11.437608781940369 11.327722571678152
27.211757869759797 18.532962290748923
23.381242570719913 27.343628339723914
18.244136823156435 14.145091875809978
24.9198733033042 29.906718588418954
16.648878572832736 28.168285000942646
11.063044940857575 30.67683580707579
8.2434940908442247 24.776187726693067
2.1961399946808013 25.101183588640335
27.165664323238097 4.4788875311600345
15.334515912561093 7.5945657785554621
17.666615974592922 22.010745910556707
11.336247153935414 22.797572903856462
28.877592923336007 14.875968371273498
5.443289844367146 24.458780687925191
30.42050387970114 25.10646577658904
23.772897563955887 14.429552833989863
15.162788763031896 24.738582476682637
10.723787514399854 7.1107771016034418
0.40535151514390194 26.026809770089525
17.528984863495758 5.4843979109127652
29.714163069825485 24.534553286929523
21.708274764532177 2.3095636493115781
21.263481862638606 13.065797991377956
22.100029467015037 13.406487064017492
9.9397644024733633 12.736290125573206
17.151076215941497 25.688982525710571
24.729809327726304 5.3313067002203871
13.045085023208438 28.449481319811007
4.9210209410226868 7.550599010080977
22.054167885808848 15.766994172643503
21.020469876325343 3.4467164220380808
28.176104925409096 31.321498570936082
1.1352214172985364 25.424384757787632
0.93846970000769558 0.40624878382218316
18.089514203983768 20.802180814738598
19.987788161119013 4.6219520640850362
12.454953768786496 22.786533593200691
3.2629617106156674 18.943262256837325
19.770671219647422 17.059528684108479
0.29077388155365291 7.758249895111847
27.4107619460138 27.111211010827361
4.8962686337947234 16.395953927822234
3.3613663703675623 27.597087901505265
28.805469921641208 6.642545626022768
18.640138474730257 6.9196649670940413
8.48105349832821 27.520692949456489
25.327103562587361 8.4046525768963001
0.38586014823560644 9.9928704797692536
11.40421197935545 1.1232275017175311
5.6474109650973094 6.7012825900282715
28.608990592835827 29.263860563173072
17.547912668769627 4.0305188201659998
11.448266216579166 10.268301091832885
28.761104279996847 24.394380960067664
6.9170256010743296 26.712118168300297
31.299717154288043 13.515427917118988
14.48491085936411 8.7150403714345774
23.04058569158979 13.846565905919638
30.378169876410613 23.710555161670605
22.847584265526795 11.496760095541285
30.861037684290782 1.8294189782819605
22.406752119827463 18.36757202073381
8.5933395605645941 19.929531667390684
14.02234297094741 26.873092486379662
2.2213061777570209 26.071311897040786
22.629530149540777 6.4631890061392641
31.27535484857842 25.066949515538308
22.407033111731035 27.647634965155653
14.807852715552571 4.7760916616568352
9.1200631648316062 16.691856728870331
21.061668842594461 23.913489415262621
10.166108562527407 20.969144192733999
6.5526997149161366 10.32857912019597
2.3079129146413688 4.7778721955764842
17.809592079738621 6.4427946482281042
4.4622801044884737 10.387303678458343
23.471766705605695 28.568799695511444
2.7163669341882146 15.731547837949886
23.623026416858831 3.4636154368012
16.553383398090748 17.304441902854041
14.250778708754819 7.7608718873115334
16.077485990643343 14.647922421593837
4.8759175744721004 28.145066574121639
17.21901604252708 7.3679364387401725
5.3974258991894866 19.360114766312478
6.1693688422084332 23.234917463819794
20.631443273154673 16.989954770255736
25.133197931114129 27.58201443585185
2.1994371711349476 12.611714588955822
21.410153216307702 17.770450289177514
27.017768397891441 20.444124999966885
24.210343199343285 29.202193548683855
27.567435521059636 8.495804277408773
10.062882938143229 7.8730386134345345
6.785892651373068 15.256117359579129
9.04587705954299 23.822985805473515
18.423275413845246 15.171074396018502
2.3786734149898794 30.683586230883812
4.0282505300267344 3.5481986707593087
23.846553866589872 26.19581606182976
23.722514504707711 21.41880027307996
7.4664262017222232 18.569436225620503
17.382452071044575 15.53462868199351
20.892768002716984 20.220784403178552
15.484012646296508 16.411728991356103
20.782267405659159 7.7869929429042966
3.0404625762747131 20.434645747470764
16.373239882189736 8.4394611283447318
13.254058370846129 19.138775162335889
19.065658268807152 26.786479058687902
15.986168688826959 27.126788763847163
9.9707866234594213 18.424909281779502
18.506869278797947 3.6604764890410904
0.37846288983479209 13.006127554031096
15.725559090125568 28.461758710520883
13.385546473708425 8.6627434428001724
29.556347871401321 12.81379775112922
4.73212378711042 15.11698383866252
11.031443840466046 21.602968453925108
12.808896956108304 3.0432406556170735
1.5333188964462734 24.404794596064079
23.836579574411822 4.5426727665392201
3.0526094437429667 6.7043249568087955
4.9472216541255412 30.743896762583553
23.885942316860405 17.562032659959083
21.290861077114993 1.4060927103433074
9.5100477708576605 4.0381807569732704
23.570623023392649 25.344713813498235
9.4690088879750416 17.470279213815324
30.949875887805536 15.218227859006957
6.6122379835337739 22.351297028887359
21.917810958670508 3.3937070565057224
29.911444702780262 17.79182093250262
15.191266902973169 27.67129927249464
18.561159384963275 29.523656376445885
7.2613484256471352 25.762686881532645
26.952299282818842 28.26170574734601
0.19551637782992165 12.00364175626042
22.802644248773209 3.7591430084916375
19.626502101120529 0.50304324297053871
22.544077741617638 24.825422558473573
22.266770854042647 14.543151759465337
6.025489067533595 12.00066214050196
25.570664848369162 4.6701089348713394
0.943219236949982 15.019002119081875
9.9271469389389573 16.002701725778607
18.26381307761886 25.167343564363023
16.893460506578158 9.6588518035489255
14.367180566941068 23.949480107088469
11.673125533465786 18.029129114709054
8.5725035188686984 29.485048820995683
24.18671041575729 22.140892219670871
9.411921336970428 11.817717072190662
11.80095737110412 24.456290679338277
12.469464877508887 11.136257140934998
26.946722795456093 12.982663443018742
1.7546620001787876 2.9600860105394133
20.374828904761976 18.122284588221778
14.670558864010493 22.897064585427465
7.789112502195203 3.9218631818893424
23.725070977549869 15.61775944861901
17.323523433095787 14.626437479753223
2.0353978846186331 16.541571326002597
11.231195595795107 7.938659368462667
20.064802842194997 28.480126212952069
18.453749743502662 11.696750438613956
13.478990361273633 6.7123429529775995
30.519942931020445 14.173613718563201
17.841447614085293 2.9136935129909656
27.756521184867349 28.933053616463788
26.260165963632765 21.456251100403382
1.2784428000364354 15.917813626009519
9.207546625806545 1.4100407924076275
12.649036378257454 6.4050748795137267
25.533055030727855 14.310714204258426
27.871444201586193 14.74482965216108
10.797623223596359 29.853380590524797
10.975349572240219 27.158799290511066
0.12504275706146997 2.4283723306791352
0.74481443149469084 1.5913259150403549
15.849244609409249 2.4320501620847015
24.606576129746959 25.055654992209046
10.167557705829811 2.8955500852733516
21.504111208847075 22.823240715797041
30.371342071490655 15.965701167819095
13.651766938400048 4.007255730471023
8.3222639838997203 19.061066652599102
24.44871520846787 10.038952508119287
18.529216778365527 8.5962216099983504
17.801299855164856 1.9672216553821487
7.0642192095047118 9.4048569163375344
20.338660391234821 13.660514751106444
5.3568907484220345 27.166715452121881
17.135877794078809 19.413620230419145
15.188522762632712 20.671472885961101
10.917106644908721 13.460426970719414
28.146820057365929 19.22472499494825
18.069310565250699 7.7765024794638684
13.074988101435205 20.042553690143333
0.09230409176330677 27.095410436649409
10.504835387121032 11.689776624322686
15.631278421841198 6.4938026351512201
26.075943529199364 0.8609670598755168
24.849651131572152 10.870110811855803
3.2222164314832571 25.544464544842594
16.353355789999622 22.025108098645024
14.579721938391476 6.8496470059696097
11.881377179060262 25.470000182947821
4.1592630470722405 4.6579679442939073
2.4337189661572958 22.649978121102038
5.1961913114846023 23.333815645586281
10.979504805334567 12.518133976759277
7.6765520135035912 13.012943019955022
13.772885166191331 22.546756492481641
21.32237826185407 5.7527368530305596
5.8721166929512965 14.509564344179706
1.7165764432974133 0.98089200941267407
11.65914680002955 29.204120375119285
10.432086624716041 4.1526136997404226
1.6080526817443728 29.971829040798109
22.944904468141431 29.466834746742887
4.7311783766276907 5.3309774929732825
15.771002870900173 4.6986384136143586
12.825507151905933 2.1004848366735058
24.565275286100928 14.92347934331173
24.401289405200192 8.0947435381284514
28.745634279121393 25.412379250697988
26.15819529769032 13.681575316648617
15.326979817294271 3.2728867726155353
13.090330572331322 13.760411040072013
5.0000218527915576 1.770933935852975
18.722401564446894 25.909524069226517
7.5724059509463588 24.258099899098806
16.598491589164617 12.98766756075373
27.460174114959955 24.348120552920793
30.363856192002675 11.259114173440413
12.776576393930103 26.699363198423736
30.468921880162309 18.766612965742436
20.619006822942211 29.474975215042218
27.006403480847261 14.304274387516204
21.574032942063777 8.3443980456721309
31.36382249609176 5.5953059297763952
4.7681956338765517 13.010400978384503
11.763979390738241 2.6986681305777589
12.856887829750864 9.333045770496339
21.623693551277626 24.761274724597893
25.078189686922936 18.936109033777317
19.906364179828792 2.179525853931727
13.612723444046278 14.98730271242882
2.7184881068474254 10.924471804645473
26.978942150725921 0.97174862653005678
8.7876451235098827 18.217824011765167
4.8325510279267903 9.4379921717283572
22.661881164346656 2.5627704056038865
12.529459959855144 10.250583915089239
19.65595648865855 19.443515678496393
8.1452799877250932 17.563034133570092
16.582365595764749 16.464400821790182
3.7684859139460145 29.94422638726256
20.47703133432891 23.03571245100899
18.28275780564103 4.853493149685475
22.996689070276229 7.5213012284283405
18.207915767647044 30.949411112226496
26.825837718675356 17.718575406358241
25.978825970464417 16.245822722420034
9.5069439015625878 6.5770974711062582
29.283906743351491 3.0486147748186254
25.851398022472292 5.6411474479965023
8.8521197252534343 31.250375451642512
4.1172781373326375 7.0199028138498498
21.232399946530698 16.312254255920152
7.7441168204051314 31.499457877687387
6.4315697465026727 19.28834503242939
1.1753225903436533 12.253888776639005
18.6430665595718 16.088460782641782
8.3354524863927413 23.376596657799862
2.1666771966132377 20.235320115098482
11.645511260045344 17.037297009722867
8.1683320138698843 15.143926084332605
9.7628013266715534 5.151024374436779
23.657676266801268 30.124509526569774
18.583542356471494 9.9944318108669989
7.4041239521038049 28.544268830070241
3.6510899218588735 23.774571053556734
30.105340671898752 2.2579606644048056
8.2581800556193219 25.719582468616846
26.658521086761109 24.863264301777264
19.83665976862979 20.71737613519009
11.60219158611061 14.869733828872008
10.840627703391611 24.814621700983842
9.6832856348200735 30.264190237320047
21.50095718773516 11.080439741251475
20.908444590554211 4.6536870293131107
20.431333668100525 5.7658696108143159
1.0405033579100749 7.2172767015303396
20.373598202629818 15.692422442954387
24.284303811456159 2.9118349365164637
3.9890873596255028 20.900919346774785
21.712004371725616 26.742408233754137
19.356814131115307 3.1819787905091439
4.895381620121281 11.240512766021617
13.119748228042846 21.92612278220027
23.650496506582002 24.40054886420609
16.945460358496995 27.227953134027544
20.53323553748201 19.421032592559751
19.894969609094169 26.079590463264367
30.503601330431334 30.484014296838993
19.107209589209425 20.423904282719725
14.172219562570692 15.753615631395697
30.137372544790843 28.27935279139184
10.692880305216432 5.2700636205958782
23.947840542639835 7.2168401173731578
23.448506435739823 10.387529183612084
14.031016625650023 18.867748999062528
17.102382523151931 12.219906037367364
17.736750207154646 13.382731896762811
1.4157939720588644 5.2661296600085645
9.2035938855695338 7.4365967398468396
7.9655200654473308 9.397306719943991
14.911165717325805 26.63907874871779
16.108425872298817 25.138651137216364
11.038515387408706 20.480826585428446
14.199983150319502 30.91463857523722
17.427474821635986 24.739864819243838
19.958292852989668 9.7301538160847674
10.023216724822561 31.059954893319521
26.318528974916816 4.1879097020894642
19.036308161031101 30.349942304436066
1.6093903812134045 1.9812541130612704
12.115234175472505 8.5607017619583043
22.24950407762886 5.6417790839814996
19.975397972440899 8.335730053237441
12.065647168911459 27.227862613698974
12.893742984312196 15.696138505882274
26.68360346348268 29.236201451218843
7.8524076828490452 14.340950112467681
12.003895119525259 15.799469920632227
27.750838346289285 3.5229060669988455
24.967987557888389 28.62227273620416
10.439223935881046 16.841747094812657
13.608879480823093 0.10399676629500954
28.799060884554397 27.789328947341684
7.1799424787089663 23.408015153446911
0.61137596675614525 29.712580860357875
17.664308809699044 10.483078045101026
9.1827835488993781 3.1405946030602041
28.707108711627679 3.8385346085061669
8.1653770170653353 21.326137614005937
4.8875907812044739 12.173162003007125
12.038440920791283 12.131531471498644
3.3418392000327053 2.7784295089308331
17.503335823243145 11.336566081459736
9.7814304865412627 0.37114911441528026
22.814600742334342 26.565449749021944
22.07011635446165 23.67795521133873
16.00797812279707 20.011518884058173
19.142571657263098 4.4703269630232008
25.776056566599902 29.115878393988947
12.079487181153604 3.7603592829420709
12.633060937982078 18.203108617240865
12.840847853073367 24.689858027014022
28.717121621609376 13.887182854597375
7.2044600196754454 21.578185939877553
4.7967629593038241 20.14758136605839
17.221561103182925 8.511976484657616
28.85270790357276 17.619741136046695
11.262433968698538 2.0371010680171824
11.995981093248146 30.551150009394465
16.772245564088688 29.160625392580851
3.8735627247614275 1.2493554569069099
16.845265653697613 31.472914850944527
30.693428003127806 21.387264972114874
3.6217384689428402 7.8609608650824017
17.13256815053192 1.2252068042154685
6.3097213849155507 28.432082065868279
2.3472064489369662 5.8743858053450362
29.69100843193662 6.7970736151703122
6.8916858272509804 14.271813349969827
12.499479524756772 16.950953422484194
20.710791482754246 2.4134712847591953
13.238454475898241 7.6967247105505985
0.57816549863177524 18.623696083897894
13.813319954427785 5.0664919008206404
15.27837595900251 17.267339448857676
28.405222465502309 5.5978510047873025
12.351429427769316 29.627127145999481
6.7077758307555806 6.3484415760758885
16.828367213914337 3.2764448533084884
15.412011098630751 13.95843471353775
24.954139834047989 22.83038482304983
22.821996587145556 12.691852198395654
2.4269735677174888 17.335583748856035
30.244338742263384 26.427335774601676
5.6653793470661418 15.482809296901829
20.224571184289168 24.34427034811943
24.159074446032903 20.470076387652778
22.491535647029494 22.546356833757859
3.7729731816236733 19.817839046140957
22.906322111637255 15.204900557207267
0.39374065172682443 28.80793488042109
17.210802587144144 18.048072510385776
24.445335705219172 30.743718496972964
19.927663865544421 29.996812655689691
2.8624478022279649 1.3220367319120994
5.392881285325692 22.340322927901386
27.849128231851143 25.25625600323448
31.560834758754716 16.601900032083044
28.950526747045945 26.655567918203847
5.9632941955870749 17.326719457813454
10.514821288406539 14.324516897899509
9.5182414605864913 21.719058022208991
12.178469384333614 28.231579483547758
8.6302425560477136 22.222205421182178
17.001348534515699 22.802552022242249
30.617025846244349 31.427978419740178
11.828209212025808 13.935718440957539
10.249608060234362 23.367170733026278
28.528151109491873 12.898932523443731
29.746915264525661 1.0477824754519212
7.8268418269351265 0.98321497932602853
21.119469555017048 28.478540925777651
25.871377876891319 7.6655089933694338
30.610625542209156 10.245037580252713
0.15946378119080307 20.00290517108424
9.0291651941283035 5.5704366660251301
8.1866933141430813 12.065908044674929
24.730051188227971 13.788203371230628
27.810945014889342 0.69625699240097993
11.790873070683565 0.071498225599076912
27.587130086412358 12.311852829020021
14.893917779195696 18.428021368113466
7.1017378586482049 11.301105434966237
9.7572185093741179 20.04492294245982
28.458885452279237 16.506456301691674
21.720255800833453 4.5109741931458514
10.670844897659507 25.735802651736716
1.6035737853325258 22.196297001606823
0.6837681081257867 21.148736920976969
26.735677805664537 5.432054050938798
29.696997195666796 27.338979755826003
3.2074211277045253 4.1508831662424868
3.2398645883649229 5.2365844231287655
14.726121372759867 10.70118555906387
0.74810573164134497 3.9960370308668947
25.880077834548853 12.740742681645351
14.457830578601902 25.368802013919641
6.8211953476341085 13.360063583498306
24.948110553045137 7.1095050938906486
27.078134460433823 9.4922750577271167
15.515932459441494 22.502530799709106
0.051348755819456582 6.5593191848717174
16.326401087215558 15.511188818300804
21.103291207448461 30.35488150690799
16.078831440329637 29.795361053433538
20.821950808602239 10.535964427337866
2.343090786960293 28.027142830443179
0.1671086572448269 15.776114133831834
10.143622141255854 24.267611281228824
0.50683617797055502 23.654082471067802
20.608588286553744 31.154806701580931
25.835472173386172 30.210364928542688
14.565257730179125 2.5395583533032342
4.0915105402052063 18.082038415342279
8.8713956674608525 2.191745792068633
19.094971739205604 1.43802164701525
31.446784384653419 28.131812384109367
9.4533135914924067 9.8925021721195741
17.828354046597099 9.3201317989344297
19.319333670662125 14.832922082978572
5.9198840875616243 29.902107085783605
29.69211626410566 9.9460486766218104
30.108628130810985 4.4435364442668934
16.286071985309963 11.692303042109184
10.704736621618819 19.581362347204138
12.984546539536867 20.971615824302802
4.2841693964220937 29.090296614264126
29.328324294128862 30.204025853977647
11.65428490569569 9.3882186248133266
1.3043992535052888 17.73995575643746
7.485736155017559 5.7874689539115076
0.014216128727199406 30.799679598723358
8.4653722358837999 13.61631310059172
22.32723690755471 8.7250657040787889
15.992500447472244 9.5527857774585474
20.141479479374215 3.5524264112031489
7.0154828853848903 7.2110061545250392
7.2633299856232849 19.609916702953043
0.78641179542424899 2.9599496465236288
28.441788566253891 30.431822269697022
29.687691889738538 13.839353016061439
31.017647945670639 7.4128878396466407
6.6782404988833211 29.43529727528686
22.001158841642894 17.124299010950367
2.4039633350067353 23.646055426167113
12.636805297227452 14.611994270354817
18.704462991601257 5.7898195533297958
26.093263569650858 19.161552625103685
14.836587344651269 0.94211927072907897
19.587805245764159 6.838447022858289
11.753788889548826 6.8203390249961027
2.0344912014058325 14.260100576293672
4.2708146691478523 27.470694473688923
30.074688482803122 3.529213276510347
9.3667577172224927 28.37844740771061
25.79229337631422 25.032317748089341
11.960234847672579 19.924523516625694
21.311939861676645 9.6731115920394064
22.068315573085638 12.101165073709122
25.486825882215467 15.398518358613547
27.989419147031818 27.905811770857078
19.598809073133491 18.333944791004715
24.089339799836562 0.88372329600788713
10.618346060480217 15.188636359566363
13.330646831663074 27.546999246726205
4.5524393302924064 14.295766494661073
31.172055319714818 9.509194054410429
15.135251885953457 9.7818135962606583
1.6994405311171772 29.079126101747679
27.907591151050546 6.8565793587153081
1.4731573768258694 13.310372366436301
19.19654465523309 27.623974949625943
19.456637935435708 21.804898268397096
18.763221610323424 19.289377221805186
27.036676221201574 15.736622364028729
10.996533535310343 3.338506881681607
14.24311154024794 17.658278074485946
18.801480390793525 2.3637315084040957
1.5806808874552019 11.403573294456127
16.196349730904188 23.355185826202018
5.9866595198031831 12.893659864548043
17.577952725815088 30.362047244359378
11.136144522893158 16.117696061424134
31.110768205796113 26.167652650088932
5.9592701569727211 20.281750172529769
15.220858684945773 15.530395250479389
29.192586151047422 1.9573862689760453
6.0118635683974873 16.273897011437001
10.535934885219715 10.600741751705288
13.762576553049707 2.9974962603548634
2.6226898414689517 2.1715733505596928
30.066775619845711 7.7687196081260028
9.5777976868858392 10.937135422065877
16.715165011659291 13.873663418551599
3.2731195898261758 16.535270380127542
23.105616491443939 19.784355191381259
13.318481080851294 29.345015712487168
2.9895750318369925 18.009238970269564
22.440777660017268 28.509914271407663
1.2442550287181491 28.249637870999855
29.076862332646286 0.18546174660395218
19.266208008984286 9.233304955086103
30.031460486431218 9.0351345699221337
30.501211054605943 0.733588186264992
16.313604565061294 5.5440683108280462
10.352354903341121 1.1430122266099891
13.496809629418014 23.46954678420429
17.661221058221123 29.358408209257025
2.7229324520280875 28.962780177112872
23.833381055055458 11.26110964073014
14.052774956647381 20.357360587002269
11.446471220966904 5.9498818148991299
21.362652240289172 25.905735681912031
7.3256693496637588 2.6369563457654905
20.682472931988102 21.175159954814649
14.491258887092412 13.232266217354905
31.2410426425296 29.825050244022414
28.659931557588525 9.9987024594247416
21.894461418501791 20.140422105571236
20.287763350842042 22.153424217999369
22.959125545651062 17.66964021813811
8.4554547192569967 7.9386430994024888
22.663426533372224 4.7481586835144558
10.346585340651837 6.2579482749222395
15.487134519954108 12.169726945539063
20.907480525641475 0.41234745741626999
26.401315510820702 31.511764429926952
31.133081285257308 20.551157391500137
5.5370990122642452 10.093695729676915
30.511105369050714 12.90146003014757
12.547165581402025 23.66839724036069
29.229546781730662 19.439905729260051
4.4428719973871251 21.836706294835178
26.508026489477004 27.152041599741519
12.787215658059297 31.020001612969871
18.270654243436514 1.0077026164026155
22.044363846001094 7.4127382402704232
6.859873708402711 16.810462024921218
25.168040751813297 9.4017999981072489
3.5180717763255123 15.10342552032518
20.200411962631229 14.600735516276666
25.655267656531915 11.581445496648428
22.711381784609294 16.47898350767985
8.92578416725474 12.780566770238927
2.8395481755473608 29.894016911843
20.262698770335465 1.1899033076773167
26.736946956871581 6.6901516879935183
30.947772215739086 17.875186451486719
12.646600825056275 0.49985860966011275
25.356182072193459 19.987268201189231
24.128125338482434 9.0066358308519749
23.245274367345353 9.5013106739717479
21.296734941578794 14.208651585471406
6.0561353999135488 26.264473520518916
24.966008277644232 12.878967036660804
24.811207097107051 24.090973923632948
31.618567086573297 14.523683696315198
8.5792011698308031 15.925339266608482
27.006011478737022 7.5330313858681608
30.903031077951766 3.0412474108624679
14.637636699502833 19.733244721960819
14.253317780652958 28.831362767935317
2.6941178310518739 13.525756205615618
11.98996798917503 20.933240592482271
15.426556498557703 8.5979892935934963
29.927565471011754 20.370321233529843
3.3847600226210268 12.776422002395401
20.732199075627065 25.270029196959975
1.4359138885043239 23.403907801282298
12.808416203331692 4.3435297828538282
16.400901678732996 26.227758610822281
31.5429832814153 1.1267979942926083
23.627831126360409 16.592538163227935
10.886136823952548 0.13131584577695832
21.711653876077733 29.207678711382378
8.403213286413509 11.252220621846776
14.046023888126793 14.040598522526839
14.775569092012876 14.713820398044167
9.0174088269472943 26.252099977334353
4.0063770729660657 26.350586211880824
4.9533590511198069 17.274214021051453
8.4361446095198538 6.350048150117706
9.2458665473233168 24.807217613711291
15.212348078730633 30.430334279539583
24.62918798805061 6.130535070383023
4.1156304963186932 15.930455923973852
17.937315981823648 18.685664507848745
3.7158110694221507 5.9855505909966675
20.518576922202453 26.680614524021749
2.9413252355395327 24.413580032434176
7.2975418787055171 27.653626530727987
11.316356750770574 23.649996034837965
1.664879471930466 4.0745660130933743
19.542667106052452 5.6928575298510573
5.5137639063261377 8.5240471134448104
30.785928508569651 28.973773801763905
31.059110081489077 4.6407957009228058
27.967894902560055 20.06910281098725
4.0419033855242521 2.1538707901480234
4.4096970863806479 19.015962217063269
31.122160958994439 23.91520205981389
25.769892679691388 6.5749047842197834
12.826709482347665 25.735550013707762
4.8613188315859182 26.327901776978944
29.16636908602166 4.6216099170372287
9.4562813173506779 15.198857250218067
16.656172799634373 30.508058531168182
0.78570124271496156 22.484100283253337
8.0308285310295737 5.0854007753988597
29.767968000845112 21.404691649546514
4.4629610589901132 8.4605241364321238
15.504949641267631 19.236937681115776
0.058252419511280837 21.679426521975156
5.6849116239075634 4.8296752110046981
24.707221673289872 16.057574692792894
30.6139514875407 16.857909689161687
0.89758736405604966 14.034887692758604
10.367410847980885 9.5962665021096019
15.162914294220522 5.7322913173390981
3.3491206087012371 22.7904193125331
29.959523692917116 29.561051654318412
23.390703582076323 22.75708372279
28.553257800184415 11.911541777366432
3.0933337157458851 26.634192552895097
22.925354069337427 30.742383757229995
30.476447007690641 19.661766486796481
14.080408321878135 21.344812660604681
4.7767021058536807 25.290614405166746
6.9247654493977997 4.1725135028388234
13.152474512492251 11.93635782450926
3.931403562258402 0.40901417076099933
2.6259903189602105 11.818191752463292
13.677096819151956 1.0412046648179145
1.7128242980124821 10.439477702769366
25.826041669887072 22.870191229748663
25.017541700278436 17.830632508566762
2.1699193061779303 8.924525374917069
2.4308815531161301 19.290155495445987
29.841754226928998 15.001396691082551
29.344616126827663 23.450378237411016
22.981724373427394 20.632322543832625
3.9308798472502988 25.013165056182778
28.633951157167381 1.141023797710117
12.004771317360158 21.919994835571508
10.787262975207808 8.7975981307430544
24.127847398961581 23.421318534132947
17.747106705430721 26.408138532324926
15.192633062872014 1.7186995029538985
24.718961267480758 11.946403001221793
1.0954744686181748 20.130089011582786
6.5493563639341712 30.736632824172165
28.013107066629519 15.68985463388422
24.925125933303235 21.048685442411653
21.445276638778974 6.7542039041716393
17.671305824229858 28.239615857210001
1.9120819356582925 18.393083789304399
6.1148942599303968 9.2017230183322507
8.7197180223917687 0.57941994916101469
26.103104063166843 3.1906195168355591
13.363307550147374 17.776200073902064
17.839501668070302 17.32337666893309
25.530194248375484 31.134841027481144
17.984509146240722 19.916420577946152
27.781682227795049 22.202245298606336
27.219033259019998 25.963577628281726
27.317670620895651 11.322984604297485
0.17510272943091973 17.66568116378037
3.8204217410365655 12.042464709711938
13.321539535573024 16.612788190557701
20.26462928751149 11.606100097696833
29.598812186494587 31.19934384819409
10.411363000688329 22.282886595249323
7.6330366432026766 8.2977619297916902
9.4985042359092304 19.159813288292288
28.189925636205569 18.269680283026418
13.14455194787892 12.89645731934683
19.096896152175646 12.962862682468407
7.9034056635345769 16.747510114327611
27.718143251352547 13.594881006419147
18.542719451117666 28.335626218335161
6.1623857930753942 27.512141217756309
22.357212317689886 10.677454814815432
28.247423850968865 9.167203913956115
0.94494198110123362 30.78988343188924
19.610092303617265 25.173142494993211
25.295767883418058 21.793900784670466
7.7115063068685972 22.539768332129363
9.3932448306572134 27.186926093499089
12.041295901204844 5.1956778899102494
8.6765899734658749 4.4146952803168942
21.885366006866846 21.080826575188194
8.2185100425403625 3.130553454785717
2.6009322888877922 7.5050333237462477
5.4760739577329867 28.803380956580575
21.22336973212408 18.750261773078574
30.678332244753982 22.448892671597203
3.2293003004217762 14.358256229516904
4.8258406433616958 0.10788921257385151
18.882128848558711 17.113577134600398
2.4807370209496731 9.8118428855039852
11.211991375057623 28.154583517355643
14.416311925050968 29.847660089305815
13.393581388344234 30.301529398800149
22.721237880809259 21.655473091050364
1.3463561422868948 26.509142600046534
17.390663568382479 23.704897258006071
31.424433003415714 3.7782169267279775
4.7822763472645118 2.9387843079815883
29.019516549573957 21.870876541026135
18.123116796506636 12.607614711771985
8.7871033554187132 8.9681742639919353
6.8282438262194578 1.5157012673279588
23.923057947130889 31.495228798429338
27.086428562525956 16.66188232833678
26.778673032619661 30.335400528977239
5.1881496439610899 18.273112454362209
11.032872065502005 18.825874047231487
13.758630010353489 25.928212443392127
12.110733803787989 19.110636410735232
22.318647969463115 1.355181091004882
31.369132014802322 10.951230334648994
14.758165233351281 0.094453521148511688
19.593806364472723 15.965003143467845
0.46313488599727382 24.659354689624788
22.028233170458634 19.280192389970971
15.397093955953626 25.917530704797151
24.136884843213355 27.83843583782884
29.343540642840143 10.879136724362629
26.058368510622891 2.0311669138801407
6.828124804887679 25.049856497563937
24.499834021650148 26.734767014656164
20.174769423016873 12.760329494426765
6.9348831169202931 0.32886168770730057
26.344671626477258 26.005314052702914
4.299296403295334 22.779302175506679
24.67629419740646 4.1687492214499198
19.003917389311599 24.407835727186537
5.9340758308932067 5.6993343209120431
6.6792347878003397 20.729207753301861
26.910561871748918 19.472484511846901
1.7039432558879604 31.379931176996962
8.6000186730355512 10.273632071528922
15.960599559794764 0.4462986373311037
27.251699400712742 31.265852654753065
6.80310074990311 5.0249828348754564
20.221344377405277 27.511405223961429
25.60938825523024 26.654268197579537
18.31871199414304 23.855599069172488
26.493126731097401 11.875282581447124
7.5938835906937854 29.622925217134171
31.466919816796462 22.826717142084398
1.1531889012370193 8.6213990737406245
5.8034249580793995 25.475787181986412
27.485410312690824 5.9117719672462172
28.576745599240404 22.752095083893757
0.67439214323693808 10.994060503784226
20.447892792126183 6.9000859647335071
21.843832475726746 31.115280241966708
14.32423953968326 16.649510295456867
27.273494007305604 23.060445382252983
21.344222875311576 27.613397041191458
