1.3176721568665659 23.431389233953805
29.754965931883991 0.087142744522280005
13.658806553873578 7.547958645901141
2.154492624624667 5.0944459131834403
29.752466436120979 16.670282855487411
1.23352828595173 5.573987907278549
7.7623108201940125 6.0790712253505834
13.446108741005418 23.575375895996402
15.557274289334595 19.046256535604837
5.3242244869797384 10.83816088565554
29.411706596445011 19.292246516844081
23.825299105293798 11.779733496281969
1.943205580496447 24.531757531143906
28.062801720436813 13.097963607503733
15.705186540633882 21.863825082113625
15.515613550750418 12.522489132263855
14.6848148927217 12.863397676122554
25.31341690145825 1.2143268898448683
24.433818131675011 12.694832269215071
4.831456805960987 20.174654935113814
30.568095044114443 15.893177067696717
20.754081265013205 24.392925809013704
18.883637335446274 3.2574985328463861
15.145622678898981 4.1196151918791317
26.092592924069535 27.772717695357649
15.480284172823442 10.115452988958543
29.499190174383603 8.0189648582768349
28.440448384613298 18.867046723899836
10.471205680484545 8.5393309292584583
20.527508647075102 16.363243917631618
22.183503624154589 26.343440496621604
21.858399116450816 30.498229549093274
7.3516538391420729 3.9257580550071882
0.95485975215593721 16.69124296709683
30.042473031809052 17.642587568902375
4.8667806500577662 10.084514711644928
30.132460321999414 23.09434007489439
21.39100147259607 5.0313934011496242
22.981958286228846 25.77222751692824
24.154655834726412 6.7884906733681234
13.551374425386177 28.51852628196896
31.416774085627875 11.369775693047828
19.082125884918479 8.5625708289137208
26.231392564071538 7.9980659024073431
7.3405540238192204 18.579716727297892
25.831152338716734 26.84361034876552
11.521908344475577 22.708706054442345
23.857777102499909 14.488397160838552
25.573734530287282 5.0949282613724103
11.078765801152901 9.3469816260035952
28.078026708359893 23.94246578907358
10.33219103948414 24.184688058740562
2.7961493746868773 12.601874479821472
27.146028707944925 23.692483410221129
5.6418622872419464 21.217185364214657
4.383961690620624 30.449690732655608
25.863800744361857 9.9796800023321595
17.932288768829903 10.721690217630025
14.129362226007022 24.308406596418539
6.361253773103086 8.4078860150517283
10.338369518466518 22.506547193762856
31.352494239098316 15.242410181137149
13.112633721053101 4.4402674477366633
14.858351275417725 0.67323349442714997
7.861100439413689 24.229794543072899
9.4294741465267755 13.094920547833288
28.446020112495287 21.05126875444228
5.1091140779951392 3.7650600208753988
24.878287982676447 29.341677450348957
29.26552852264405 15.931761189557889
1.7128554640183875 26.910063760467455
16.562236256275892 2.7046661786887727
28.30181896526306 16.43284317849503
19.394572640543014 7.4875297486586199
16.624267430659486 30.246495837194772
24.4934023879972 20.945934066792127
17.940445246711292 14.455645989275432
31.513794394504345 29.991786109048221
20.931719340365817 20.906260976222189
1.298029794281176 13.739345932535873
6.0058183941488412 13.826533222176733
28.178761790886824 9.410744126063598
15.074609775401338 24.03991090240363
5.0892719188946129 19.054186780868253
12.808005201587225 11.224222819180287
17.280206115788026 26.770906134538155
30.309263408911008 30.249381119501056
4.121080079984953 3.9357669343947008
18.987840536681393 17.556011897546313
24.425041058168066 22.758181472078714
23.143027802821127 13.584255295770667
25.120977834439184 0.13167710174792471
4.6093468276780127 5.3823808085207689
2.7110130658835576 0.36030178284774877
24.863817550273744 11.659081801911869
22.212013930504487 5.3008325989805938
17.732591715157351 9.0517367898131535
18.34475739642712 28.982819962346518
25.62619155964823 28.618201907912095
7.4456227919295799 22.007605412037741
11.691109195167048 31.3585875603309
22.911478614804754 16.782405087381242
30.233182773360639 18.68867430316876
11.495742546676265 16.293428891033162
1.143820450159432 24.914765840588565
16.642562333945939 24.403613458019993
21.773055821977881 18.197343139736237
27.921008990457949 28.363189472133762
3.8627176745308831 14.103978228491362
18.58984664453903 28.111338050145385
25.659822932452837 12.146875943224545
28.153574922258272 5.7702877204637959
3.4711536611056277 13.450819856978322
10.610655214777038 18.230194519895448
20.343276339992425 1.7262747870893129
23.639876377297242 21.601310677527053
19.154559380954694 16.523046102280638
23.119945007993014 20.848118733615635
1.3322059101214074 0.79891194922832542
27.963791750287381 0.76859417255861817
23.345754366666196 22.410222871080968
28.692319200629953 28.83139334625907
29.920850317693539 26.414762919281412
22.455525887742507 25.069080816841826
13.528235857745459 26.094230654977274
21.856057143176525 6.355824139214806
29.453140324912233 5.0477323837962329
11.539798335692765 24.945729562297981
13.467786422209407 22.598685295027853
14.233046043191566 6.6170334467158058
24.345262399145554 0.92031141431951591
10.458672769967233 1.3500939233444531
0.16005859185611387 7.4439202980633219
23.351680246867904 7.4944913774282265
17.488818765549656 1.2005846701135146
4.6582456221856123 16.944468866260024
8.9500938353445161 21.602085271559876
18.241613864912807 11.641582535776818
19.647230164347686 5.9549430700686754
30.85700651437087 13.174548465533286
0.31683088173188007 13.455326176563155
21.136305456438009 17.290455466023609
29.9060788169249 24.309851626802047
7.5974229154215287 8.7144095772980723
30.28129878077635 27.324075696669048
9.81790689150675 19.665958348324892
8.451288508321495 4.1005787502159476
6.2479825355050815 29.752013969132193
6.0029937584158075 19.203291191966535
22.318901729719087 7.012497125993991
11.556117496485395 8.3277259434652109
12.72167963461372 3.6678349850501486
18.710941178094863 20.661640259443381
10.919054279510402 11.203850168033098
29.355022265548797 25.462628970662234
23.464780699507436 1.3945504346967377
7.3000822735063222 17.660382301540295
24.449152909873909 7.8365034536693363
14.910926733041409 30.309064569035748
11.32365034581359 13.261508152707304
9.384827577963323 30.923856982613177
22.152135795722895 17.216243573716113
4.7065019331666171 28.344391886102343
17.231243139507061 6.0714751401563802
3.6990262232282647 1.6687517244880652
6.4319632883424429 23.711661909790781
17.943766935997445 7.2070460873989513
13.367758335556475 17.389782758176928
9.5096056376415365 1.6136636983555799
18.144991050674459 4.936501406416232
7.296639384590855 2.0776336639045181
14.527778891623639 18.927579583975199
14.625275921786653 10.472521186846274
4.8583540787220345 27.528044712170935
20.137674623963694 31.222062177480449
17.269062527047598 29.389304489458386
17.506577310253167 2.2744046756796905
6.7559432381487419 7.6616340797060722
9.8552961468197147 27.424345737993516
11.167576866550991 3.6300377598986464
26.589002974656012 24.752696827693338
2.5610223825238845 14.296947861351354
10.967646641003673 5.2379605693222633
11.384758584556284 6.113361555179277
15.253653442946664 19.997863804421979
27.674822447307402 29.467622051466119
18.664169964803854 25.415246206840798
21.309615320139091 22.746716566878153
1.3999505651900486 25.959276127673238
17.508704582597449 22.876422599237507
2.8556823878028443 4.5234982042335101
14.468200389015784 2.6295918662162032
13.380720644737886 20.13735625546337
26.954749068891164 28.616906433399805
9.0495379662001039 0.75884819180053453
8.8040713353275581 30.084913763402188
29.737783986632291 28.753384778767899
20.373334653715656 29.43581069660528
1.8429194213542506 14.937385169948955
14.64932869044147 17.135304534239566
26.246295644971703 0.92188659852929788
14.81690122222513 29.408399634842279
14.200538123054381 4.3286557251766737
20.101982449338632 10.064411029374186
5.5269359847844681 8.9779910224689754
4.8143329059367161 31.20592738662096
17.752488250190343 30.289908407134938
15.966917891914187 28.771701538499066
4.6715247300200069 1.9349466696590909
15.703798022924207 30.731706219725169
7.1120841435273574 30.459103182477286
25.00976478962917 30.885659032118408
15.97643507805523 29.547291507608982
11.687825787029244 1.0600079965517732
22.412376916812672 12.31670176603463
23.538011461530626 19.18500921624976
16.793349034380249 25.723220721036085
24.831127036875067 2.9756286494477564
21.56942632672234 7.8585198367897853
6.3437732966335521 18.272670928480764
0.16926523851852782 23.311952689870388
12.833141967643193 8.0284870296107655
13.25563676473295 2.7544658443738101
14.522800113483875 7.8424769898461104
8.9971309805009891 7.8208876629753838
5.6900857653344472 20.253869849929455
2.220936986296199 11.104956254242918
16.301280613063412 26.82563579724911
25.193714817796849 26.072205686106862
11.501343575618318 20.705419110860337
29.200013995438994 18.187481608086106
10.299591998120919 13.357379848683557
5.8000151904680726 12.858830568780069
15.816387002649822 13.526503977398971
10.899595922190304 15.266055117048115
6.0732263847550838 14.711103227001161
31.51276160235253 28.952623362834942
11.418538331558272 28.141491850503886
25.956533711647726 13.852128199039127
12.373551624947963 28.475044042790604
9.6204229368703995 7.0072945070236807
22.666185949916844 2.084598822465356
24.556701819834533 10.016673914892618
17.195854860699082 28.604857713235827
10.134390342709041 26.348061656776302
9.2756764090741299 20.690188766363537
13.976484114466874 30.960043620102471
6.7940835026513744 12.859419101148342
24.753196974470924 21.919679469227169
15.813736832975701 24.797631934020522
31.615360027517664 16.419671476669848
1.6411254800832082 4.1144972774506341
5.3557732444550119 22.777251085095866
19.559503318322069 18.353438342338084
6.5083109978926625 11.559445757219102
16.577897565532016 1.6136672543593913
21.694299877259173 8.824825742238076
9.912917429274863 3.7797495624932385
27.707424248475185 14.32251785937355
2.6762850415809725 7.7055777448581821
12.445611565344702 22.573629020523054
11.334029929724718 18.865725787403662
8.6472357580542258 5.4554146911155295
2.9573315681306744 24.886442901696299
7.5718535176353692 10.785182997216218
12.531460374596918 0.07993767480063281
1.9785601790337917 30.073802294375007
28.213309314055486 26.156656805119077
13.745152748072613 1.0378595604867946
20.136173714170063 8.1149365518959335
13.652504939224126 19.094970368789259
0.6254380531679633 18.913181806932823
27.087063255430138 6.8557653961355554
1.5063514667674227 8.6716464766277443
13.224875811705299 8.9201056390320197
5.6820657617800174 26.125077238981554
5.6514359231133868 11.969087199966911
3.6500336727549891 27.69785136395528
18.178500413253957 18.173494130231113
8.4144621795476837 25.093042488867017
13.069849251317672 1.9499502084010187
21.094933658031074 9.66077634932231
10.962675608059733 26.110421491023132
29.927903776233936 6.4915822876445484
12.584415952427662 7.0885838104069734
10.497676332151411 4.5185754549457497
19.915186530289564 14.639745278232455
11.950569089878929 25.977812229981758
9.8023143280272933 18.721521355835534
20.758758715823234 19.792806710309957
16.188893715709611 5.5956011334471629
9.521311406140974 16.930037259980246
8.0450546419178099 30.699166045604009
20.21761067353604 22.12240490842456
0.39368737464993914 10.582125009366965
19.027584409817926 14.307205278449921
5.9143023631165219 2.7421201625989391
29.651247130527203 22.12032121507292
21.440999291472131 28.447918927039993
26.470453788561063 12.853747389690476
23.33163975465294 28.491486100718983
17.33318233264562 0.29006986863350637
23.056464397495066 27.058800237591715
27.275951761545397 7.7732477355758283
7.0298595459010595 16.740315674497513
10.372730683760462 31.104683258074157
18.545914660424021 26.861092322730755
4.4208611273446463 22.680246352122793
22.164757474958027 27.42523188419635
2.1298122062990905 3.3553760824218624
8.5031819401950344 27.771271197755464
15.254724848498096 3.206238842705706
26.713258249115004 16.14887692035548
23.215769383754242 6.4185634339670949
18.868171802590055 10.397776029694596
10.971636541512767 12.307730048827352
29.240948440275311 23.212931163146258
13.088737132798869 21.644306118677335
15.010809667401473 21.149694219650755
15.72069232741485 27.914129177332338
27.130618011860161 13.448340508449579
30.155631182174588 15.109481285548711
9.6267468092535093 25.082621513065721
24.771913290856141 24.244347012904232
13.220672787299392 15.432857140076706
3.751777270088378 6.1356362697363656
7.7986386571378548 26.969357851529839
13.941335722931203 3.4703012508411
0.79762658518368468 11.932036736488906
6.6020642206325775 25.792794786258909
26.083701166217796 19.607093996399527
27.26591697209091 25.794699525005996
23.088571697269497 0.49848803591829466
20.528055132425813 15.428389255133489
27.340005083824213 15.395530390023676
12.572862364751531 1.1101364513197465
30.795555476487628 10.560531897398214
24.447092469604591 9.0940709747030315
14.178675064776428 11.823631873756934
28.060755489647381 17.820819765956291
13.080938558652978 18.284117144715285
10.897849286930906 6.9926116258093769
4.157742071252537 29.290971660824308
24.204280227189511 3.7536171096424709
5.2788395141896318 25.174114819374779
7.9420205780121531 13.156897463871427
3.3864007262567259 31.048295630153969
26.411816861137215 4.6948407600806235
2.5529652757987691 9.5714634067360009
0.99482098774941929 2.1632981606804247
20.180812803863791 25.162619058143871
9.0110536895122415 24.309039097748961
13.698932636946612 13.854159187738265
30.644685674159259 31.384968994605323
10.835274896708194 28.830887839379223
30.929787280741692 25.937094126125505
3.842947000535871 12.420162436576609
21.790727625785848 19.739290301969621
26.255348088702355 30.682572839084909
11.736455984806637 14.060064228805699
21.564164242489142 16.284036170779231
10.619115513150721 2.9090172256160072
16.308662463075031 17.895195580863003
4.8893176811217733 13.59116319215358
10.53060706848304 16.390039199055895
19.349150993797721 0.51643984897882245
30.287032342840281 25.247912247033192
14.75574997584105 27.752356040683878
29.741276868257557 1.0568623114554245
31.538448368540607 14.31979306262445
0.96814133671427693 14.636928307213205
19.327680663259343 26.024606416277539
11.66115289613932 7.459428840851495
17.913257221494305 3.9736478286146371
23.043840642355573 5.5752119815205861
13.792759628838496 30.002400792307181
20.036653719968829 20.564450303201571
3.9327887808446191 4.7967071471854572
25.596135021413819 29.9985749190501
28.273273092070941 22.98407439213171
23.509135442057779 16.170287111231556
29.667218609683157 14.001711492979572
6.1696791598766421 17.162999106652798
18.175733149602795 24.487014486691368
15.333331616258706 7.4427647636232068
19.703591772641118 28.056511544479708
26.079769976436886 7.0051683547666475
30.774286817650786 0.8624690247348602
24.1219498472231 15.356355584658925
7.4122159286454448 29.561320760516093
10.025353332715781 11.045579238431831
2.0000520521563026 6.1903041956529954
14.264631704965813 1.7877195783594904
0.68161854909824726 8.2084516806428773
23.960487218304046 5.0923975685019691
8.6629196454244646 23.323449169285077
12.8013746766135 26.57613082349835
25.546130763660102 9.2069905524058466
24.421323324623561 5.8643556766942257
26.713656837126809 20.975662234790352
17.532262773183341 12.548708756746045
2.5807935884592594 17.299984561988264
6.0274031189485751 27.940326852764436
12.394660972058325 23.582684551635229
20.945366673841129 7.3331046641253756
3.4215150185302554 25.858581776436424
30.052874710621417 12.839227753265217
2.944526447474785 21.435743041623258
16.541837034993563 8.8713562032174682
22.525954871647624 4.2402642961898875
5.1095730920114759 6.1680923286604363
10.70283794344529 17.300123222401599
31.437126381571726 18.945444713903541
19.205098951419625 30.967542439436173
9.2732639578974219 25.953434433218796
19.593108754872031 23.868039095709928
20.714547970026455 30.504493390971572
14.933920901864974 5.4777038533522928
12.103131221272159 5.1204909348889354
20.278364691489578 26.109286164765741
10.084737560360601 21.370777081596049
22.602880303509536 14.351415911415812
24.04792640450875 10.82938675152197
14.380357885472668 20.082190961911273
29.113383913568576 13.153019255003391
21.690915885332934 2.7582529378020144
17.012430750035488 31.139846567322085
16.361009348678056 22.866126911695172
12.769787240580621 13.678071700254483
0.60628945801847034 20.126890210364138
0.41484007429470976 22.158205808810461
31.52292957457794 27.808895872046048
22.836426751066735 11.470953464556757
17.4971771496065 3.3038800552514145
23.997127956853056 31.617519278215106
1.6568754985922181 10.116989826650563
15.034656917726888 9.2182840583328289
6.9573158867093809 15.828923489871942
28.569263794678374 14.112255128348663
14.235153773190364 17.933951595816019
21.924094301473474 24.288736753863738
17.832294363959168 27.659083180650843
29.222352847011983 2.8396012086737148
21.900272408840284 10.774858742734793
5.4126465344420316 1.2293014856323772
9.0196985576927311 26.994650776164576
1.0550273926843667 30.65429794756065
23.027011585833066 10.548810895462269
27.631487027624516 11.216361669836509
9.6694918765795919 23.49022165926165
26.849400451559625 11.962372100918245
24.411796845342028 28.490574092087261
24.234792053063359 17.009730985856343
8.9084802619393333 15.080677806255531
16.255064987839194 3.6103261597313052
1.2265635060201054 22.488706347014972
28.685277547010333 22.069797582222083
2.2156411147865613 23.595476136809953
28.205577898970613 15.396944112408166
14.852136468831068 25.19624653975001
20.61376834096383 8.7655168789697449
17.936835412249483 22.118562518347165
5.7550159561698297 7.0318430800674365
18.358739573334713 23.6452757063436
0.56518023986674093 24.129059385587382
8.8234953688895406 19.912181711966664
14.738276021893139 13.867646400599103
18.033935060854823 21.144644449866707
22.230142984471758 29.354077217022461
25.485226684010403 17.190562111209388
21.368555741088485 25.224315976747238
21.189907959903692 0.66240080503515242
1.1964870350460168 6.9503775849086047
20.828567405199308 2.8298473427959601
31.13597382678703 6.8152577888581121
25.582225990334191 21.271642848631018
29.816426899988816 11.734663924469725
0.67209924262968901 27.240736827030663
5.8924132474658419 5.3599391624409058
18.903528576185529 6.733984309858994
1.0421279239939132 17.918469115448563
19.124564901805858 13.425340330082367
12.316708227817664 30.175864111195875
14.00373948095422 21.079200199210728
8.2633935180128386 26.137305455246956
16.727549203116265 13.056792163501038
13.537171533021052 0.20815889041363134
28.487807679204938 25.17488215299613
22.971539197664033 19.986091209685085
14.581900412079463 15.415707895557098
19.59934004205218 30.071773943582393
23.778899988400749 26.284383663551115
15.330135521161802 18.089608879052058
3.9065468464667639 10.15747533489567
28.99391441042556 7.0125758308219792
14.603581252585847 28.653458996018976
12.724802643460276 20.765222475897524
8.6294397343870859 31.514358542881041
30.544373561937601 29.382997773135397
0.47883205004625456 1.2918543064439851
15.71371442364357 4.826675163723074
18.708145576982727 18.973966732518587
18.660020033810426 15.258256346407004
8.9520295079623367 13.886085059956285
11.880247321496563 12.012381333402088
4.790091140798304 26.591296989480632
19.706869539554734 2.6019470206100888
18.944522800250979 5.3908085195614994
11.083272649936438 10.162636198648631
15.551334181936543 8.5595097542513603
4.2870444023615146 16.056777177856766
17.185414340488485 23.739289344703838
3.0295026065752659 15.117955970049577
5.328121182982259 4.6181653397795399
11.891605218247289 10.979860802760564
30.343842296640599 8.8220901926569599
29.820083361261442 2.1080656389529135
10.237454532258376 7.7748336563463827
4.1725273456043661 21.1031394578538
6.8621856204433289 19.581823046725511
0.20215715830228095 25.328569908978089
12.290646973383836 15.988389019779655
26.690866589626207 26.470310861315156
28.578783310098512 27.568952872479816
21.241157930155435 27.268296838034104
3.6282019201223479 9.2422253329038337
25.445478632380411 3.7896121452214029
5.4587389152794259 17.929421812115717
6.7579299231441219 21.394473531540587
26.372574690544504 3.7011380979320943
29.915435637243043 10.821774334712101
12.177901039684089 9.9644251290828141
31.580009982492395 2.2086027831670041
30.227823690756924 7.4145604142431374
30.709059762116198 20.958984254838924
12.340044738432393 12.863167756701092
11.643383303159657 24.091678376480292
29.163352153520883 5.9382021191127707
21.304314806335142 31.364931704110138
26.13752659804603 31.590507680595174
30.332530257290241 5.1260677952716378
11.783735949245846 15.033768957989857
6.028386271079615 1.8890377335742563
10.972656001468408 0.44143257982827561
29.049556475017102 26.608982758407723
23.179664431762809 24.221395708688966
8.0799039049766126 14.221885883319699
16.684115203058031 14.968056145883041
4.566940661826222 17.946016753244471
1.7064926741443773 7.5917966862407154
11.67581352273981 27.002682406998122
2.7961041587226902 29.42708976462551
15.890798908395512 25.784421523577105
2.4806595447767847 8.684823336629119
2.9027062044416172 10.423995110819444
9.1967071068333048 11.825057102022694
4.7367223815715276 11.607909374952577
22.963690778520355 15.199596434405731
19.958936261849626 19.241504806043817
20.129374205024316 13.280876958892904
3.5894547265185675 8.3393266857191541
0.014928687134020503 9.7301823160015388
14.748241838044313 26.097292660131899
0.055333080891628542 5.4588375864710086
13.784920407976156 25.222988219238268
30.483047369679944 9.6741618200541666
9.1043855352601302 3.2692210790900891
11.105703276380108 29.658967007635688
12.140406899005129 18.404307873909865
15.369916200322125 26.836732999760834
11.991661432776983 21.576739757564084
0.22743420494153452 17.553252080516675
26.823942994193988 10.559991490370013
29.773270987120931 3.8421092604628932
8.5223876638498073 12.551152952396688
18.428611259954536 0.4125347863080559
11.021257802816628 21.749961714802463
29.473223391757816 21.14072709938327
22.596340524081526 30.97743940196241
31.257858027608293 3.1464290922300062
3.8463181375845856 0.20750069404991886
23.068229926965703 23.287200265306836
6.177954952906064 3.6662638157428438
19.220656661853152 19.880528110234618
7.0969545206128117 13.805735566262003
16.948411690301104 16.771118166824859
24.177047613884383 18.664379571227801
3.0569787985071182 3.6213970039952015
10.600483521031158 25.132653927857632
28.813674953384517 20.024502404254644
8.7915963677460844 18.816668085113221
27.177520898582081 5.6809175359677972
18.951204162069558 22.008940748330502
17.17395090444036 5.0780139536965132
24.986724237277155 27.703912569930161
18.34627275632776 8.0433379651935741
28.222387842295163 2.0340588147278247
19.012059725765081 12.029545480826535
14.281376951522246 21.997158006499742
25.292545723897682 18.807380774312598
28.385925216732357 30.062892709881499
4.6380369894352587 12.733980477702891
26.948835513676652 9.5798830579160228
8.408979458498937 9.2564551702842177
6.9956789449744976 24.57955997790171
3.1901439786699042 23.942866515492327
7.0857392384033711 14.80498961588119
15.776311088668995 17.075798498718012
3.3441364945231258 16.34644281715256
30.659370983181812 28.265243197507676
4.7640098652387968 24.219486239853843
7.3038972121074073 12.115667674022024
17.274088597442649 8.1928074601537588
28.877388853603289 1.5091887277795739
9.9924787344657133 28.350531413697848
31.191322763703255 24.646669557710151
2.3849520324493829 19.621748482062785
24.273239834556549 13.675732340828795
27.855857525858024 8.5823402771745645
30.36728107338844 2.9579070122928255
15.824062093892595 11.136106695943381
2.6887350721792216 26.574754257312957
29.017869346724421 24.25070946144848
28.988536104157099 10.443950619302345
2.3021619020604263 22.441406427042235
0.63405352447841679 15.584582954960092
21.320780150007558 26.110044234827285
15.436507201198621 16.254609673055615
17.178568451701967 11.580697141078735
27.328541963114308 4.6202178436501313
25.258810927947813 10.754905937233989
22.274984141437333 15.759678204260251
27.057282739413289 3.0906117894911564
2.3761021614245852 30.849338211479562
24.849696791683385 2.0135450633860041
13.104014285914895 5.4090010414930259
7.4949950776034742 9.9690135305886631
30.750972152159026 11.952701264392079
31.352153657836549 30.869735442331557
15.693821273820397 15.335138412407259
26.966705996845416 20.098018069560531
31.108178081689267 22.653587952436876
25.470857639490767 23.357664029963953
25.324672587930834 24.900675881136145
2.5659036100822967 18.397689133798778
17.000271277274308 21.135360337104483
26.707815780676256 8.8150460461125153
30.801314556177346 1.7887749088242137
25.323089295097219 8.3070250251291551
17.515613053132494 15.430213775740391
6.458503699127097 10.703064924597456
6.8929029422689112 1.2680633966492256
24.325580032439667 30.251452112580544
27.910915844926546 10.236613312677083
26.215517110522338 1.9765411707999945
26.073157815199814 25.557609067687864
19.64537606582963 9.370132064158982
9.5063571225060297 17.730683919131927
22.471640188940444 28.356285442587058
31.061423086008119 18.021669620320285
8.4091348313721372 18.0135528432515
8.9302773266606685 6.3639752132928917
18.266310719533791 31.078839224720276
3.5213424749113953 18.244834185382622
25.156538062322774 15.167353808938058
11.984270931478765 2.1799782225794266
20.83400303914517 4.1258098822535532
25.31707062919763 13.092256465719029
11.65096803391495 17.528663235857572
6.7839669438418646 9.3348825874700623
15.003850347986518 11.521346052810898
22.112273632643976 13.223384209253323
0.74724305557805115 28.557666321590951
0.041120740404470543 21.29573374733295
0.98654837857004629 21.08928670582528
9.9562640177760695 15.588568222200514
24.868344210519268 19.647020377803155
18.032724958651244 19.700587339033532
4.5031168430182982 7.9640475205549768
6.6691780638660783 28.846475030535956
22.271749356357567 22.327978686378739
4.2267267138879374 19.055518167725246
16.728259958630638 4.3044337288443995
22.126586115208497 9.8669684805930729
26.488185330793527 17.219926484686617
16.684682282687511 10.730527060672328
12.539606121531353 27.53263877672795
27.734879640040596 27.024964438262518
1.6436667837328816 15.945518866585664
21.906504435094448 20.635162926129549
19.478277851240588 28.966943252167791
5.0455752237643114 15.409162788249011
17.228584928499572 17.734763421999066
15.849772926376081 23.5348937007372
18.131916142394459 6.1163699384098233
25.101737798922056 14.283069924824222
10.811844374981801 19.59918607704374
22.277090157221377 21.498677754288085
15.989057744028358 31.61701476675589
19.583104214508669 21.361237349069032
30.604298965669351 21.873309914598696
21.104844276032654 21.781081639821544
12.290506837553778 6.2046475507802876
1.0885634823800128 9.5168304251552396
16.197986476234398 0.77959035506995278
26.43828013239337 21.929534617418309
20.418721661722326 5.3044740133057307
16.545153586078357 18.964548517404221
9.757610740293531 2.4927016459698215
20.191832244784372 6.7872704389503742
21.427365229964117 15.118894871002373
12.010459682840942 3.0410828021131779
7.9798288634774801 15.307325300274295
30.563538976955609 19.60713943073744
3.6149856578773427 17.287873957668531
11.04272720810444 2.0461690286476673
14.152827994435365 8.7438437349927227
27.583207586774591 30.972972145093316
0.5049890197907867 6.3002517485200151
30.808598802788278 23.825711480620136
7.8208244885158038 4.8741087275270081
15.651408559192204 2.287705518094906
6.0125047495987447 15.730828422592612
8.342912629956535 29.313538629981966
20.487591871663813 18.060211833698261
28.850618891818474 17.240525525549291
26.173148134503634 11.222069100452476
15.979568468341263 20.828412728546166
27.55850866784213 24.833062769101304
0.40360701642875385 3.6348423277844022
26.676552677806392 14.486084435538475
21.2552491198309 1.7382862422204095
5.9933867884957097 9.8964476136044386
3.535786083919922 28.607734502188805
26.358121617708537 5.9503973676212807
20.811348125179713 23.54809607307714
0.49392435735292911 26.265748105880149
9.7637046886322363 5.4540924275026752
9.4370062295700041 22.435225887295427
7.8748862969896356 7.9402760916200243
22.770447903060411 9.0845417696394613
25.664033997690527 22.495488967594579
19.843193081074034 12.397596626648578
19.979570351298154 17.137018359485356
8.026419344306909 3.0981946384394088
6.3131472871014882 31.151546711424334
19.393838604462079 27.142267536499961
6.565176832584072 4.5195506050053913
18.062109260090377 17.035810845941327
18.457243588135807 2.4987082885262581
3.7731634600991746 26.82298699237041
13.428434662735588 6.3578332915012803
20.633453582253047 28.34214252084686
28.737743489365265 0.34770459981025065
25.700566909132654 16.225373062559502
3.942270547977718 11.128355334689525
4.3626357467713754 0.85384884859619559
29.093247662622407 8.8014194058550199
4.6677382237994038 9.0442423420190483
6.7390385763677338 20.506409026583313
3.9872330705412184 24.781687417204861
2.5143536697407387 16.039087132413268
4.9387017835455946 14.50212078642517
22.154141992221476 1.4034362832279317
18.063555317688902 16.163159074253798
12.607515963151547 19.381789021679374
30.655387745146598 4.1465270776506449
13.319628805808371 16.409910690900578
27.051050200651478 27.576699805947062
20.904920963569989 10.703096184622725
7.8215723107134698 20.377007352562966
24.165133848800188 23.578293882739185
1.0725425157730031 3.037016735303836
3.1551047774441319 11.594379210794196
2.4212096773725831 28.47646634492866
9.7927045233939989 9.3259593775440042
5.5069076306882412 16.54010061340043
19.43568569098932 11.018674288011988
22.609248911822686 3.1059045617694272
17.439857195971673 25.074462353614724
24.79000398314529 17.857944535099492
2.5989267647030112 27.568773593067238
8.0588490185520598 11.547167885580869
22.421371248062822 19.037959659637604
5.494270899111136 23.714957729495055
27.027733046396165 30.126110889336786
6.9226806080678944 26.732834122001314
23.707844867595732 8.5167458886288223
12.395824752233041 17.107983142733588
16.96826653590438 7.0943316978879833
6.3082946348946907 6.2685007746889019
21.08309785398788 18.837980949103091
17.67481599635866 13.721446794597552
2.9220921579501868 1.1697122551999077
19.809434920831492 4.5812769350577502
0.91858768557864712 4.6219566870984856
11.252493251830845 30.577474423114325
19.376625988706472 1.6421070496991277
7.1340459087628707 6.8500534583166584
7.0051834965307505 2.9055108713088664
14.798560636936735 31.494542888133857
15.311782940349131 1.460686679196169
7.5907748852406209 23.330582484108515
25.862914370078311 2.6854421427599471
27.169795173761937 0.063747500284933825
28.936061322927337 12.185560995749301
17.402471151320512 9.9515830005208894
3.8727533245210108 20.17344422802212
23.574365034699511 17.7111140117917
5.5812099593040765 28.831258819386175
1.7438222071267864 18.557060069343134
25.332863619636925 6.0650565137249774
8.9006719105430818 10.869194307417565
23.510880986913399 3.0990238677171864
24.723514796069818 16.212315603818027
17.397479018353845 18.853617803001342
19.34003769322414 24.640721344762984
22.956384410421357 29.873657347298071
6.390895198901835 0.52525679359895661
21.61241471939455 11.71012399883635
4.8664986811453357 2.7923492351946315
7.8314399316798422 0.65088701881554634
29.416123403287394 9.6535343675738083
5.397283356286624 7.8294702742615669
7.0067609843304597 5.4596210730994805
7.4666939363597171 25.538646353903371
18.633645216339776 29.848503959372461
3.251311406724565 19.340294321877955
27.886041628657814 20.123845533817537
9.7364060654393612 14.516744109887709
20.286124652514101 11.39868593568066
1.406911660575386 19.60435291614618
27.588269850415124 21.384775328917993
9.1470204229314103 8.6147893807577471
3.8698167308269151 2.9326508719227697
0.079172901832413337 12.535044085167007
21.641459730925774 14.284424392283139
25.169106067625069 7.1287458985850192
16.749022346560803 27.785207408754111
28.36037788764175 3.0587122752572378
24.123439507020869 20.157297005154003
28.61672275001153 11.322278443341904
31.166066869897744 26.83166617817259
9.2773025608608766 4.6058811524259093
1.6340927308372242 29.088538438941999
3.1223506276291952 5.5906028060493931
23.347305843935587 4.3284408667051171
30.922792681965472 8.1057261920692252
23.754568306475083 24.83986447625772
12.757706359225619 14.690548145911896
5.6786212772153304 30.508346782198661
30.57571485992904 14.171544353038158
17.326958490114787 20.165640986710027
1.8478015784331141 21.599497401490137
23.387682614088401 12.700528305865522
26.336848610238423 29.28968640959047
4.8635503337010713 21.659699857102876
16.128499640002772 6.5205410460704876
3.0959184689488999 22.869725330462284
20.240191146406577 0.64418024879127944
12.139273824921306 29.30359846334397
31.355460432963572 20.134609011174273
16.37940778081445 19.954979921960714
6.0483025657802107 22.19429124203295
10.23257986034498 6.1807835205693085
13.710773948638927 12.83718600919962
26.069180995072465 23.96847540283775
16.2541249271484 7.7493615195158858
27.602531138778463 19.072868629975105
29.524530956342144 30.715108440268924
7.0864556463763533 27.80457006048681
2.1324952158625372 2.3549918696737282
26.129695549515866 15.219842676793506
0.0032483409010875953 0.48970669350232482
14.45490733872213 23.17456391273095
18.467093452367454 1.4707423765959775
28.558066693657079 31.049348171488901
0.83286094685649459 29.729430892964352
8.577302548178583 2.2975191645420781
27.75860954913998 3.7785431559329572
5.3843045981427311 0.25312934479329058
10.627462333233284 14.291249038399581
7.7272075998305771 28.436487088877719
14.040145317752799 14.769478522173237
27.291917267714012 2.2254456157253153
8.2214638610003892 7.062464050734258
22.603560591313936 8.0922298775161803
8.2687283132775882 22.432192213284651
19.021737531264009 4.1777381699168155
26.698918376340135 18.845492886961303
12.595928657847645 25.27905854330729
3.0698312481860395 2.4316736064193005
20.416687204035213 27.101940069326702
4.5099454262072856 6.8736393675769243
1.458225180319356 27.898655598671404
18.403801363088157 12.947240369608446
29.436328262076128 27.795989972338685
9.9326750042924399 10.11792124267698
13.539334110321601 27.612149770258551
12.900165263182277 30.747008490271568
8.0556254101916878 21.145829174366437
6.7636094720854807 22.835143861184413
12.208581138252512 8.9648930557763347
1.1995515269840231 11.072066728298509
2.9373889807770119 20.577532052687143
21.301795650136953 29.581897568222733
24.824622362603172 4.5791112376731196
6.0559344437814167 24.796845585634596
1.8186530572305071 17.17675020236592
21.681821652487638 3.8554325377064353
27.488350842666108 16.732673023188635
9.6657879186652114 29.371085207388187
22.232566141798312 0.35454195249148224
2.2907908824536394 13.452175536450032
30.77277645009023 5.9138042756226916
29.875732455636552 20.343741819419151
14.106499975294067 5.3188606771359987
23.536382683802792 30.847726025284452
23.76204598758661 27.581031147931125
11.786515760895586 4.3262714981575678
24.365469705796972 25.486716202767813
29.273487619933555 29.676368853094399
11.924837712950763 19.910262437537362
3.5974229703388381 7.2328391726622003
16.633785639999569 14.116430875203246
10.885247052444329 23.409059295506559
13.033129573747644 10.061691670378893
3.655200488821392 22.033114583379067
10.066680940121435 12.190810985363212
13.705660833642069 10.964912096445737
1.8721436506457598 20.581302201913505
20.917935789356026 12.245110377842337
22.862427814509193 18.153675162012696
10.495599030781609 20.550627702147573
2.6692447377285147 6.6758911994134245
1.7708242196522987 31.607621160748977
21.250084046574685 13.147353603873579
10.096058712472328 30.075878939791437
5.9381809910087204 27.08279010715999
19.487062584807337 15.704839716635144
7.9115358674312786 19.338229500017356
5.051411404719496 29.6552548835114
27.183261459715332 1.2360781819156836
8.7148503740543912 10.068493864265779
15.149876175541682 6.4411913878065263
16.346968928319463 9.7216674516140476
13.077882001521335 12.169674923431071
9.9211686825983172 0.36204483753723971
18.879771492841758 22.936001094514932
8.2235982354125383 1.5047318826702571
31.4719611802524 4.5498327538397518
16.324423964847483 12.07949003045136
8.0687473245801353 16.284636534198246
28.344224734240726 4.835341904315241
20.626468960249053 14.078056814792646
31.60812740238487 8.8819201396848602
25.618681087195952 20.409634301220699
20.086687804542475 3.4967061159407944
1.9891787537441457 12.062236586570613
15.149353768184945 22.599795003724804
0.66139675640389328 31.423176791054775
19.951008094434037 22.968788849431704
12.912379663988652 24.491718447185551
4.0606684599742167 23.503196504049708
28.028672032955615 6.7278181706500488
30.826972532558329 16.919745595823475
26.003106966538873 18.171649979292816
29.127168001377232 14.958563307655533
22.071868360873172 23.440756761909466
4.407781264882078 25.676771794903956
13.313769721551141 29.352553574608965
14.252155766054617 16.293639608840937
28.403498160614845 7.7858085260676066
16.583290137189383 16.074967306708071
26.760141210618329 22.927341153241759
23.726301621287437 29.420568865667725
15.405896089665859 14.490989376110557
9.1051015718407466 16.106107587610687
13.972761699471993 9.7915785874003785
20.99443389376821 6.1407009260635146
27.781996266380037 12.26597312322324
18.554393651851516 9.4914987046294677
24.596751160938485 26.873357728783326
3.3956285394395622 30.085207764305075
2.2771324724576996 25.61648552183793
17.923068167202786 26.079510422333705
1.3560841901308605 12.778102276454518
14.146440114186412 26.920835077708038
27.549837724605723 22.341807260042867
3.9066636537344808 15.115807007932691
7.339514049048252 31.544737713510298
9.0151664970043974 28.540041608394098
16.751717100455416 21.971348075525949
28.912089677684804 4.0717653532703437
27.213788385628934 17.881179219278348
23.474878459667078 9.715728341396904
23.886423894106048 2.2202833774320383
1.9381442140781471 1.4692377797540632
10.806226105870115 27.358735874394014
8.3070418764973297 17.124998002961249
