21.476551661728148 20.460451135204217
19.50343330961147 2.4268368083081651
9.415961068692285 29.337516890080483
23.514838414036056 12.64821952804709
17.269967486402784 10.449329459203589
18.14724105130928 7.3607237994263617
19.036630380026544 13.971369875554048
11.349256056240936 15.142421972463804
0.492239809900336 3.2892409737924089
9.0405182996648499 10.974521476749421
22.276006518537891 29.048360328095576
0.85336125778721261 18.589195273997959
22.150397550349886 16.949664197162051
17.428891904511364 0.79516769337261073
15.511112352599689 25.985169774942381
3.5385622318246548 23.778553227786745
3.2720769435759651 27.258520944884967
3.0309821247151141 17.207419412972811
30.928691394060312 24.708711063081182
13.742301089628741 6.964983612724299
30.636122243674659 31.065267850847899
15.620293415212 1.8132059980369859
12.864715060621768 11.521776224488375
9.9381640889077847 25.235096987813247
17.336462904123792 18.496238312465216
29.280022952348155 17.194888678866718
10.542483277971375 23.408249029979849
0.053424296048958674 11.697055694820945
4.3845452009706927 2.0621208210995272
27.615143718102075 22.554569668408167
18.437669255273075 11.230350662401792
21.027345874007189 11.936543430740379
4.5590158696554406 23.635165585265565
7.5308272443410988 29.088390609844112
5.7618004295909762 21.807900373455329
31.186742942781063 30.042632262225244
10.919534462626483 1.9728339877325889
10.19457156931395 11.118571771205312
24.108628745252716 15.730482465073081
20.643717425957302 4.4659164815599786
1.0775201425297869 10.247147738529792
15.458939193219212 30.87577691711353
25.596200377038006 19.520490725944835
4.7919566904015891 19.382812773714424
13.799842432487978 15.258582593788905
7.0634790036546162 31.409934913673276
24.768788621475007 2.8035815000046873
9.2555344328368321 28.228801321767122
30.120562721053581 15.704632075871199
21.407945270716947 21.832760458586137
27.619993708714372 6.2412293064418503
26.515415484106452 27.016852159157949
23.325260871098994 15.245907925937029
14.261433932551139 28.725174152053299
8.4521236754979707 10.258678697266216
25.80127549924665 11.576883137955903
22.636964534121688 25.858182558896115
26.143950393864554 9.6484992675756249
9.9244577635075224 26.499087217915012
20.249210868996048 30.148518021544724
27.041447668063096 2.8518220957693394
19.556452937149611 16.18788700247768
29.878256693259441 9.2281322527031833
0.50332105986779685 16.856238719707015
26.828633264828539 31.569008833938565
28.730987599614124 7.9085164636998133
20.667433324760633 15.305334507983607
3.4681570652803204 19.584898185534268
20.588335922332835 19.752478441948202
24.252760381598154 4.2790251473569292
18.397020572297169 24.129186490079352
1.8203232676940795 11.177190325432463
27.660983320516294 31.042999410182958
25.060087061241347 14.862983412074803
6.5484979577233622 22.588029943453925
15.11004092368152 29.342030323745117
13.929167851787613 5.9987846221398193
19.008729885830416 20.97089145360248
14.983304568453146 3.8992325498034757
28.935136747047615 3.9649561036548269
2.2543949059605222 30.481042939698206
30.996930131497493 28.076197194186808
5.6240361299386894 10.047659574837137
3.9908680199951214 17.200947771590382
29.259686771054181 23.34109902832466
8.5855029673495107 8.597456173971926
4.926222413942499 13.549951885345628
3.2807227895505742 8.5678692248147534
10.58950641185718 15.99160683582876
22.229696565869752 29.990734012805664
16.689217822003901 29.466420469804479
22.048301949230144 10.767880565877341
12.91866472774999 21.502307576682377
9.5320556306472923 18.943492772594894
23.948305949360805 5.8633467312125376
12.553274457232323 19.624400869633089
21.643152504278415 19.417303585410714
12.301548566980181 31.312430190865232
13.651155733556791 10.730262194717595
18.621620822378251 16.411718611046417
0.47637811062757063 26.263003545084754
27.280671497770342 9.3850043344741643
0.14598618781597675 25.213671943228103
6.954461702440268 28.298359468515564
8.2818265234655666 25.393176374975511
26.051941434101888 2.024583596975202
11.258457808338411 24.777345585368874
5.5470605342461843 22.761120795679449
11.859794821462428 30.485066031560706
25.946790211497671 18.569699389596906
30.594957906995315 23.31943075037001
24.52106010341814 10.883209457297575
13.489745272169086 16.378105561466626
5.266616186387699 17.045742916397312
9.819047063053306 8.4193696123608444
1.6983373048026265 6.9006864738099605
17.851816587307098 22.794872930040821
14.836255533400275 28.044279469574096
31.367638029408951 7.1199584226663495
25.146078949461501 3.7008541758263425
29.133758848063241 5.1395743070707516
28.039681556419389 4.1846713276845229
15.781212498016309 28.718358273915602
22.00939555613774 7.5937087223914865
13.854107004188686 11.833657734510181
17.204936502053869 6.9102457543742482
15.407041515895271 7.3741062375173172
25.644014684810934 4.4293476579387585
8.298921276539506 28.426250600654516
1.003857375997258 19.91696405228879
30.432240184508064 0.34931389636258919
0.15399332128886958 28.885754137791618
28.392298310449483 0.83904383310250041
22.43819533691445 8.7653427789799743
3.9798777863990122 1.0575705472847785
6.8387556408354016 17.664558142706493
10.941424580142531 13.908026514622517
16.84359826253651 23.206854317222895
5.3695381627148677 20.170424051215065
16.721446294392805 1.650161198321211
18.705441204026503 9.2701582832181977
18.785237898162972 5.1948542255464005
21.318221875029096 2.8499194280646285
27.633021931310786 26.600186295664784
11.039925008343133 8.3457872405136673
6.5949988201994865 29.579363177994253
4.2343054285524868 14.301002916405766
15.546013913020982 27.4247389881318
22.698481215470061 31.121307915017862
25.462088792977479 21.066382001868678
15.815415432303427 22.680072424661184
3.321300499628737 21.970084608788632
8.052933895581468 7.668662129751719
16.990250020849476 15.864897678265418
27.239187940542671 20.415511082418632
21.319728401695858 29.822526414382747
28.65575383647926 6.2761664794894614
19.982153870825382 18.360260140357529
27.815366466907644 15.269468408883249
19.761977594166225 23.390208759164928
0.19712471743804141 19.162432258797047
3.8495261546446939 28.005902700912117
8.0831804243428103 23.532584352189659
13.149548652383324 2.7281257455928491
30.498866719257418 6.620046312950369
22.401613243605556 20.478976432836561
13.221616158590745 28.910207174114554
26.630613354671404 10.393313603950087
28.669966643268204 9.299024617852643
17.108899802217682 7.9942733098892731
25.387569138569081 30.035306429667145
19.907726895042803 8.0724559948716248
9.9994477056189996 12.975400233864095
16.660883585733544 12.25730001995694
25.813436344410491 12.586290404054827
2.3333143925665127 27.129607154480656
30.925700626555304 4.5298671881199528
7.4157032907935996 8.5463633734028512
27.697296176097606 19.503002324657139
10.17553781585924 28.645944091566601
19.452884142409708 24.24515850104849
28.566261084771671 12.089130396884796
28.908652812500492 30.321857110168519
2.3308078895304805 26.173127381421022
14.273843032139025 25.750524443156003
19.419314134259871 12.554218237190501
20.382015675793518 0.8074083669519837
29.198419610588743 20.792457217865891
30.902245646197073 13.287258559753266
1.2248513921815054 13.948402558741924
4.3521272873739054 15.171003498119255
18.838428767512358 18.303903041619634
23.307233530673692 9.3480734233088203
18.08832401155442 13.702543610669265
28.810581407675855 14.19742362889593
24.232829756311311 7.6244818808490447
9.4926505115507958 23.723944335752815
1.4795991763966991 31.450583041438119
6.5640991230693704 8.9342994617713423
2.5653783421332883 23.788586341029642
1.2267112258861976 16.07949629183577
21.561179589984999 15.527490790435975
15.510335607300625 19.851778595478251
17.337842038913987 11.388188574391165
23.198865844536936 2.8783105875936252
17.581318649564487 9.3184036976411324
25.893255435560572 15.632611035095607
4.9109738751157392 4.1815147389088363
16.763493602779018 5.1009172730573296
1.398837326986391 3.9883741829788573
17.116562023484345 26.626711299330669
6.4980090012196818 5.1171776198500503
26.434652173665189 6.0994639088603728
8.2121536818961491 27.523932506911102
6.8015929435822073 1.4160498573875047
5.7279730306761678 8.7702089685908611
28.879629962363072 13.116082076023774
23.138960971725044 20.006356073183095
20.779795806367385 21.022142183798504
19.026714411951978 7.3037406887126766
2.8990987379647253 12.791719442003489
24.526804117979019 21.622324741422336
19.018585801645866 8.3932343997948315
25.665813570719575 24.436874990281943
19.815896980133896 3.8116715215475856
22.287689308229577 3.0813080697589776
2.7961324494155164 20.259403696058275
27.418794095591881 27.522704949980834
28.073328326058089 1.8997816079595888
6.9559328955673854 11.457507940292196
21.206443464837918 0.27724870609252594
23.361962705900716 30.407150527722127
3.6661138781361533 24.766183481023166
29.569176799367511 25.610656910012196
6.0025521717513657 12.239592930480429
2.8748884688660161 21.138265614174099
11.290696434130684 20.787652935325287
15.77851780238638 4.9021864146130474
21.841626000123608 31.020541488762404
9.9377967937456226 22.645185760897583
7.6424946818020816 4.0655430973586206
25.443306102499236 1.2502466428602901
20.126124466396188 10.512741765859049
9.5953768977869309 27.384374488187298
11.850816099582127 21.457552122122557
19.188753499192558 10.376052906968873
6.1540609083771622 7.7340299025020736
16.011494439143604 13.054155021330176
18.590182783567958 23.214951462921562
0.72179519448772045 22.180787684026786
28.507537996095877 31.341754210190548
23.291553588196031 21.220654077362788
9.812415374856938 13.870658248832253
7.3661392087176285 10.313916040774131
22.050409255484176 22.690763155892871
6.29567790465532 6.1100361036305548
19.054079735416213 29.803363443072335
9.3365468102739246 21.870023388422041
22.046807626383778 0.67426930134273888
20.913560403270818 9.8430633030146968
12.752141349899993 1.5392526838856639
16.254588715871972 11.343186723600537
4.7928861931404816 5.3835993810729192
11.748103878868543 15.957850900839405
0.92311645183653013 7.3533595907056357
26.682397978161436 24.177455597757227
30.979481243868833 16.550605221515315
19.536044484239611 19.165349235572851
26.339166476964486 26.175155639537135
15.28167991284241 15.055711234667765
14.91614557203069 17.321936529327402
17.272400602327881 12.970351420342171
12.828194787755239 27.221436039495543
9.2038545343174434 31.473300014748659
0.3361060986816406 6.3624282460885873
21.362818836991512 1.4711542842052661
17.868832033839059 6.2038176992343885
27.665248486388098 23.515585086230292
12.374537887870892 5.0463174730551552
20.35382497174097 12.704549778051055
2.2206373364744709 0.80730490894692086
1.6534711813893459 13.044017055428707
3.1524921875955236 0.82452171624587134
11.539685376869405 19.802400333420728
23.708254160171471 31.575944772300662
11.65800410238405 6.5901790162861067
0.17116736146023717 20.320996157462286
8.9737057249476813 12.813851601448841
13.520407900745374 26.438817705322059
15.245024688433771 16.292013717005279
29.520570366571054 8.450598275009213
8.7682768888766418 26.743685925901588
13.399347077678362 12.705161854558835
23.289390949425684 24.243015058167806
15.888187647714958 29.998812928362423
29.82544934798851 28.481553143471153
20.398790726959124 22.235212199703035
22.419253576186453 19.125910472329185
0.7368161608627638 23.769671930678989
10.383369264734824 3.2202694410088593
11.131751137401469 3.8560260292826962
23.757969445276629 16.707267875287862
24.493066968900379 26.987149563507526
13.691564220970545 14.299224141342927
11.419565656511221 7.3988351545069575
26.084120144923261 13.523200360278388
11.458753298072772 18.838285949688967
7.751642567188358 5.9117064588850772
2.5933585198311251 2.967827980235533
12.725769315330661 5.8394364087400223
27.210122846553197 18.290651983040458
3.6845043941277171 16.118787888735795
6.2001120432523456 13.240530888990856
17.636320043889835 30.263740827506027
19.438847351888601 22.50720207035787
7.7470256557961408 9.4149389404553236
28.263441295330605 5.2259931473971113
17.910906532535581 17.717773470431823
14.413671825343583 24.330720449957457
26.098236977101188 27.992436090170731
16.297674381470056 0.79720824747497909
0.34058397683794328 12.69169420594147
28.053796433814501 8.6327186527115423
24.35383341912593 9.418696048763195
6.6618077646039211 15.842056097260183
24.953802844480226 18.090949865381617
24.766879231847724 12.940603708990565
6.4977335452878879 21.126966820720636
5.1476403030798856 12.619376305246638
8.8199562641899263 18.173052049448252
9.2375348181347849 20.994726168052015
5.4829993005469486 2.8448531231178822
16.706228918568261 17.017999363118896
6.726345605994374 2.9940139558436458
16.585441931227034 18.120252705559501
5.2189378788331942 21.041434641731456
21.46776898801431 18.044410730477395
6.3689056099673875 20.179588612377085
10.431428197106506 14.754613328746165
18.123498167757937 29.436238535844204
0.90420175647426915 2.464467522139278
12.212456767345966 22.429631550555769
0.37019864648799655 13.596124773749805
16.256211074913374 7.2601821089583307
0.15391618468060783 4.0752076355554472
26.648633693095739 23.154740637525055
5.8118438959708625 3.7934070154861974
9.5752594564321925 17.720666821857368
23.23308409647591 14.194456003998585
4.9783169156429228 8.1463428506890025
3.6476945207264042 3.0676888790957126
19.018624603776949 25.16108152651886
27.962374336282625 13.106234917561235
0.84589016938808215 11.19959074797938
25.274762752976827 26.204647258294507
12.29998680585518 28.486567625533944
16.199524512485301 14.956875026543717
25.432146562752443 27.227046816724872
12.112500038810913 13.358440202530895
10.287287320293739 29.814568199371379
30.038027631547163 27.518754240518497
7.1686202282716991 21.707306985729662
12.959927736313132 10.12025458701202
24.733496407026283 0.54509162082065299
0.19227716916452528 5.2039772516480785
26.015950696958512 17.670733628082349
24.024561756087174 13.506039388608839
22.755833124424342 13.188683724174432
7.8331909923269158 26.399366031751338
26.796950892470011 11.230777594887003
22.412100397639374 15.468576880867282
29.799151567817024 4.2557081710962512
24.643026752579527 24.090963347705532
27.863922451863367 3.1401206465700491
22.371808571030243 5.5214289035700626
27.402551069520854 16.438227004131964
7.3680881961761866 0.61602006151014521
18.710900593248915 21.921207078763608
30.674424519462477 8.2394052683922556
18.945229875018597 17.332088930911596
26.262095096501952 22.278917938860804
1.781721198835472 3.1489316753148504
19.72496068483354 6.0532907247428724
14.899305513161615 23.575879081165635
24.282922869193104 25.803788962808415
1.259279219060734 22.830082548758259
25.175255269544728 31.24639836538751
17.365070709885799 23.946579813224453
7.2994709572303718 25.332498600491935
3.8873404852518529 26.549071853378678
14.852218324547561 0.094883493889474965
28.995028918816658 27.956185591689863
2.2625951920431424 12.041187249439334
11.76348408406855 10.030583087499478
18.392522202779777 26.028156271898823
31.253183075700889 0.76798762196678394
14.700615168681054 19.638871430301261
23.278183537997265 4.3371015807968876
1.0547198389341483 4.8617696044911316
2.7437646471094532 28.283617987137333
15.01308274329616 5.4474118827955413
3.3393282237376214 29.017914516917269
5.3357832124888906 18.621431197624062
16.370726960043978 20.517977070393055
31.489202948467806 23.91054917304195
27.546231483784904 24.614873550199359
6.9327473639569748 6.5843366820287343
31.180763499041579 26.212509752133567
11.432405135785185 2.8780391598744846
9.1046965125927333 25.776660884329921
24.81871462564963 11.988204984144048
17.829370413273217 21.679256924415306
26.973684763387055 14.317964306198654
5.188330298757589 31.20196658872657
12.669715312984678 23.238872805771823
25.925617704348863 0.31507588901706529
12.762821924337732 6.717093678602847
6.6952942290394608 3.9977142236318715
6.4018447854907796 16.777267126643427
8.0837046566032065 21.248789245123078
21.82086479585513 6.6643954236640104
8.636995370442845 19.378137761299786
26.787031634191894 19.132027217105456
13.703972946685475 23.358385318813266
15.230503900950653 0.90061217872531485
5.5816812713799013 27.892840017053629
14.493344314546327 4.6118906150745183
25.473966047546856 10.738827051438211
19.717751094671438 1.4383209493177358
3.4020393305556911 22.815641659016325
22.852326904882091 23.211585194356108
9.3238016779758901 6.8112505297502297
6.7543814692970026 23.636086400915069
21.048004672116736 24.677575322390069
30.875918337666658 20.171639513742075
16.642498329955945 6.0479151541384448
26.768931416961905 12.318713197203433
0.48815633234549444 29.862605411699548
9.626697909010943 3.9075164164351457
9.6356136177641787 20.012091139106406
21.715490999683201 9.4425538292928142
1.761404006025681 16.851450852682728
11.545453601623658 12.060324111029535
24.701695000035969 18.983997756894137
20.876677822011157 30.843724331035506
14.477246874250271 15.849049373719481
14.332245721379667 2.9479037991571135
10.678265331675416 25.886296824211311
17.966015999724174 1.5698965124702047
26.734980242783241 8.6050823580872784
17.206724238504059 20.90193913974786
11.180327087843066 28.536829139490397
14.497828169453985 22.702770733261403
14.575324469599304 11.036353147338515
23.319280844869958 28.537718317840863
12.698986330631012 14.828795034960226
24.306125184526252 28.97527021964698
29.946619950679249 14.630624103255734
7.2134057748755795 27.492243208137999
23.804606040796529 10.331296342737209
13.012985037447317 13.66415845570258
9.7641055353344957 15.496409679697372
30.229686548149285 29.884080512041514
5.6088604526289805 30.234553082253562
24.952078224277106 15.985306225969317
0.5574061485673526 27.648910685051806
1.8333683885231695 20.120546904372741
31.055389582014776 5.7904479520105827
17.300270778508288 25.643985116201772
19.169541559496636 0.2590089931877036
15.924090125354066 18.888714671757029
7.8763338059203587 15.875968449242423
0.11410143057678579 10.049963213219671
30.45949703680213 21.165072562802191
24.969734406712909 28.212695179099018
1.7425665717922849 27.91118916655217
21.923623209849495 13.029734521806642
12.779116778296197 25.90029302809004
26.176005430880007 7.6746345541906251
15.784937225751595 6.1734894321428859
20.642463470388446 2.004758771672182
21.790378505584094 25.268573645629221
27.276633070477985 5.3115315808781007
2.4243152154657372 13.665283384087866
4.4841677643630851 7.350799253691922
16.999880860130101 13.859717050262356
5.6457313742360045 4.9486830193272633
25.72274293497987 8.7127703802082426
3.6593359740569147 13.534905303402082
3.9320319582834053 9.822312631600937
15.496380148887278 12.159501284789577
7.6866154757874208 13.850620849451058
10.616409968302046 27.668978856477263
3.3993190782229084 2.0542766852032632
1.700044614842152 21.145393565069519
3.7835007931071063 10.854459920848619
8.0405320717940505 3.2649913298669513
14.486938943566578 8.6820269301070425
16.152343383804578 4.0861762408183244
14.082102177827238 31.149679752401649
8.8929069513626651 30.397025744779718
21.803989976540777 23.706700029913865
18.398740545797047 30.783247120566891
29.906245282492218 19.096283807031906
18.570544916613734 12.820897313875097
2.161266065459766 15.515884590221599
18.779601689963727 28.667745623547791
13.755714314411291 3.6626368358403258
13.647848293427399 1.9255716758829613
3.0302672504213564 14.415265450717413
28.447660919623893 20.201070249059633
8.3541025574070726 11.985444397233429
28.036627698126303 30.020111071892703
26.327786726320266 29.435838769770797
21.356697703279323 5.5931241262025404
18.79884664834923 1.1306662798776792
8.5005884257327633 20.278270704210815
26.375171487237395 21.158057331250998
23.583255311619908 26.397265017046756
4.7625796451804447 10.581269440670342
18.191304779288135 0.086627446547426781
22.308995582074463 24.420085805308297
30.137375496795659 7.5082219747770402
22.877112774380361 16.362015330422143
15.412381476206695 20.954268916847251
6.0272608496313129 0.86736681943414129
17.944964307700531 24.987685337308662
24.485161912052604 29.85994194885637
17.191801242355517 14.798875759936561
15.67132265237044 9.6080755100010364
27.091447421596964 13.280852143001241
20.90606317449021 7.6517966146100989
9.3037017144321155 16.649382156372273
7.750540933975798 12.814682009628292
8.6447577587165192 13.652970523294311
26.627259409904738 1.0869177011266866
0.18398004549391445 14.643307119114247
29.912689373398081 22.610416722406498
20.194723199049584 11.480695265727357
27.958169899635152 28.348669322977383
14.850099667488989 9.8992600317974677
18.9408204671631 3.4737919106777637
11.873013493449593 27.692082018027897
12.085112379233346 24.108327690101117
22.894557713567558 1.6486423936604762
14.524255889805204 20.807257302961649
4.2550908891971382 25.569795812912414
20.587386626361429 14.213417163425355
17.437033253249233 4.2551431780141984
16.212499181382231 26.855189718909237
27.380672580663553 7.859914966804479
12.160010691620275 29.481720443331373
6.189386658513131 11.030801291505659
4.6128490884455804 16.270464893898936
4.9927759667442473 26.528413552824585
28.536198061083777 29.043768335080134
11.027013414303086 26.898984036120758
1.672038132079497 23.905749760232581
8.7319311251214629 4.2247152639950949
24.28664600398465 24.868633296860871
16.756420430736021 30.604002449354766
12.970116508797467 30.02359309863083
3.2179028544081159 18.255003545385549
31.614503395788017 31.007743376187005
13.374419493902305 22.3383550604741
16.327342098251147 25.641847790942588
25.271757553508326 7.4704561308202448
4.4943009824319624 22.689513325577817
7.4534188042447953 2.4722620226270431
7.8699663875464578 11.249260582030114
6.360095038857235 25.354047248439656
26.054814879912414 30.735338060805571
5.3011062188342715 15.114329651108177
13.61066021819471 25.096854367881821
23.347052410335664 18.880611743060122
6.7862066527780502 13.874473669831897
28.732612497384046 2.8484129007821646
11.472533368268367 23.428381270637882
4.6857245151095279 28.485932232166956
4.1881259590954976 20.234687436598374
28.12744982697404 17.739625265914366
25.695314729342879 23.431239627008697
19.388905273080567 30.740750610309188
14.716394469620973 12.282726540430506
10.454789172807907 18.767949636459019
5.2150318645180569 25.4539909399303
22.589129049212119 10.000307292365946
19.246767294064817 11.578862324769561
7.4853153819795262 16.672431872506461
18.853723774710485 27.448036347154797
1.4016518448476789 25.923489101414823
12.34413894520007 18.478656435708164
4.5290107569818616 17.875508595885549
14.804462818310382 26.630771371183229
8.9562908356463673 9.3737430053424848
2.5646256614672138 19.085005929674235
11.443637892358268 0.21692937673052096
0.11198250633925685 15.897376672262599
16.896682834189274 3.4898710575109999
17.933750006981242 15.777181698553361
27.004890370022576 17.401046178284989
19.880879618448176 17.366468991236246
2.8328897469068388 29.836667922839769
10.573586632872376 17.828997060452803
4.0151184469613996 4.1702333394752058
20.127933075973104 24.998780794854639
10.110053185311523 9.2412199537318607
9.215633588915475 24.540613866511979
14.802068240826072 2.2018309498368605
0.1860248805051494 17.646724738469928
3.8750538188249424 5.1786328428426902
23.115649871965914 17.568960921321118
16.718607299752435 9.2417140453582913
3.4517431828075513 31.333445819176855
24.844613292472555 23.039334123366636
24.064653960696457 20.745372537525064
20.411409913385725 5.4336621341948428
29.557370768996989 1.0707519568702057
25.394845010074814 25.296393259469315
12.851935283822415 17.613099316344687
21.524267905268736 14.350568558944232
29.931035239237438 10.636173858990654
10.297274797499474 16.831189203644399
29.391023121827718 24.629204002178117
19.625724122106178 26.941254907923621
30.09135093922891 24.118252697315352
18.982728627778688 15.238042039088253
6.7412710890044227 18.599293595735674
16.257282311557994 21.6153384481518
17.28339885195831 28.878890008645573
30.862772887655488 19.1531988866986
10.333216529474059 7.5577034491982298
29.085503933490028 15.158940312032893
21.098469460435503 13.261847017178304
26.372452030569836 16.521093694739001
12.466479184767143 24.987668484250538
29.804484260666975 13.681697279756769
5.2930909178064125 29.328063572196605
19.82670029982911 29.199863762563979
30.851729100136463 12.353758080271344
23.123652157041718 10.986878193803159
29.152141913690063 18.171729711911134
14.696962200945659 14.446365533100106
7.2999120240685267 14.965785081592973
18.167853120415135 14.719209604093189
7.8320196902388721 17.759947859774311
4.3325206231557933 31.618191529793048
28.566804471731391 15.883470586647549
0.49022469350973297 1.3651081714902908
20.420817783647077 8.9085244166356095
23.892764825448008 3.3206826456795389
6.9516885635380499 26.437277988437287
23.921770402385025 11.769386208672605
5.6093129409487572 16.027616782212093
27.879055697054294 10.942056507664633
18.089887651257683 20.527474384560847
26.436177252574815 3.6816741067634173
22.256737038466653 26.767932049647062
1.8648828344656061 24.998530071746874
22.484285545204177 4.0257267613526766
19.795446242305353 13.647647635612431
19.656544327328284 28.17478770504475
8.8423669730471097 15.774199052713628
18.84974377195843 19.875654824905716
10.50588631921652 31.542514673295482
4.0857594765191081 12.691546502249167
25.871143880397039 2.8487963401643031
13.252727782136972 18.926086107325723
23.948761331804008 0.99172131526484397
21.356729216949553 8.4584092948759135
29.350810884300277 0.15692091818806234
29.849171192967162 12.702252906444185
25.347755892914662 5.5913832041842095
20.485546409504483 25.856505711825751
13.185120712602599 4.296040401703662
5.9375904731801308 26.307424805497309
30.21602522540557 5.2450999447790547
23.818492822778886 23.415390645608408
0.8059406230871875 21.209837479972347
27.183199085477167 21.74967770566041
20.889849013200166 6.5494022071646372
1.224655535550623 26.965464043230412
15.332489408636292 8.5704588477298262
11.212434281062754 4.8705004719654532
12.415544116768569 12.397075255915954
5.7866935677857514 17.802302742599952
2.2731237908129844 17.900355759030138
31.104095916886397 9.0810474752019985
11.426042887552024 16.872611142413355
18.830580421203852 6.266159557771986
6.153823616809948 27.276933289158539
22.120519660351405 2.0382218692854974
10.734997014322412 10.221725745470811
9.4438213793208217 11.869722731340651
15.891417787231878 23.621537434361343
9.823155954179402 30.66811588294453
8.6769824297866958 2.2604838033130559
29.218208227962862 7.0998760402058556
2.8237222254512679 10.923365114219356
24.222652808769485 14.535920933355978
19.768587695791204 14.934350924722851
6.5337265268158866 9.9632650971976613
7.8577075839134674 18.754446698908197
17.197429348319012 27.64090340835671
22.908251383962615 0.58997944299157346
30.448119805174628 25.510167030319415
1.4986657372831849 9.3729616170516419
26.11266532380516 14.650992037451939
27.355657975952486 29.353545194760844
12.020675294759473 2.1189616743555364
2.2025838103392541 10.129221688426979
4.9891446667865882 0.77619294029694574
3.4097530049681311 6.3270155656112887
29.657091559724613 6.0941869656334369
9.8081436618347126 0.61065693609312399
9.0659780907270573 3.0619637492494172
24.328181832341439 30.858562756745968
11.242715926362834 11.168049991420157
16.22316669401534 8.4004858679429475
18.258087359922573 19.028212330548389
21.806165654025655 4.6779773206974191
18.397311080809214 4.2303302422359099
14.122884960610927 21.688674781125052
2.5021385245200292 1.8722878766313076
29.69934051338354 21.740399720147671
28.438059418890852 24.995659576631819
12.484900683377248 20.527352198732903
27.127910085442256 4.2409853389496108
15.035277231980743 13.478364955467839
11.59121793539815 17.742305344535964
7.4210763857418556 5.0736975709862531
29.412195646341061 29.367439018468481
11.135328633193632 13.027697860290388
10.258232190689423 4.5995147771910254
11.449794777689629 5.7425256814429151
7.0178552721210217 12.476048531338796
2.0582569753900648 7.9842869015621147
8.3156088108073192 22.144728242823085
6.9985388866726037 7.5685110229868524
15.859673919245294 17.359672747704106
0.95358325997882942 28.598744487764648
24.01179751598637 27.814107957282651
23.999218841763138 22.381645791885212
21.408593386025277 16.554609189774471
2.0741856116891961 21.952314723789975
24.450007364756207 6.5807145967107434
23.263880534181204 5.3003696223811199
12.719927196145191 15.726849718666056
9.6879674190727521 10.146094379057601
6.3232899022101874 14.882833603313527
23.15402189911169 27.242908988536445
7.4450510823567093 20.43681012434358
20.839467614453909 18.770768990370875
23.867730415809458 18.136547400563543
5.8613172178448734 24.566005780455544
17.955737358410698 12.147490519070301
6.1806441770952043 2.1516629719573621
28.862300025199666 11.010240917778876
9.9732421465271468 2.4085510532346537
1.1213835613896617 8.3517547391746429
30.897730546552626 14.203928988932221
3.5784781765337224 7.5905949423259411
12.116957888333721 8.4370661992487719
24.995337666626941 20.282205651930379
30.542190247011238 1.5235385621662276
24.863642012105245 8.5043859731922389
21.385040026145585 26.133725209769707
30.530878984981072 9.9095215787471922
15.189948370860931 21.995016780216769
3.233712008391652 15.254293455154636
22.885261493651704 7.8868726227144679
4.2110672725269227 29.381088337667254
16.25630027164069 2.6446368149516388
17.337160866908278 2.426481648038695
0.8910113471946719 24.858195386058433
1.5028606897953176 29.667195892495187
6.0625743133256655 28.755459714527046
26.315371823023789 5.0580939768817643
17.947992529751101 3.1376337377116363
12.457265628247779 3.223988140659924
23.072886456978221 22.170933549034345
4.6903975196048444 27.35435062392235
19.709480094858272 9.4561405063166539
8.2596556380552801 14.801439906917098
20.788791152565754 29.028796420847566
4.1614843778714699 8.7105451279803336
15.959152185517004 13.982957046888815
13.764079774917409 19.757077530088278
29.710780702368272 30.793331133552602
10.475144259102224 12.132490964384667
2.7451858194188978 7.3243046328822841
7.3634027271540941 19.547700136251628
8.8864114727146166 22.974145957507801
26.532143234819511 25.22579857295564
5.2438402007596041 1.7117002980873979
3.0196932352615398 5.1977912303846612
15.523975624741986 3.1638263515576979
3.0659904102329425 9.7109036300707636
24.757211870404731 1.9158536660502157
9.5560214907307177 1.5830615384277156
13.218915953935351 30.910603874215894
18.005961258890551 28.090668060987884
17.513759427107551 19.671832706934396
20.65922439317125 23.831614767013384
22.230534427583034 21.512619956798932
15.226274137986973 18.329017364778483
4.2508512206730664 6.3899938937508196
8.5245193095277774 5.0705728011727471
29.576685259608553 16.391764299778977
24.507700785727444 17.194729873374826
25.419083047009 16.87301822297654
30.063106951738771 2.2625315711650229
16.331248864239107 10.280194409621698
29.514151230060921 11.80870517396133
17.741865095422309 5.2844229429941381
12.209035733412232 10.922820620242035
5.5773948485710685 14.140586855336128
31.591820561591408 22.839672368404564
7.5348706653011064 30.144914999812862
25.375196084729069 22.172721678960766
26.332865491832454 20.115804012184853
22.335234594371638 18.082384763577963
26.863706885447211 28.446776632247055
30.948556104511784 15.302033055095592
6.5135150415272847 30.58007613045346
27.945550352567651 14.265594041548237
2.3719231735948583 8.865797217233796
13.414935476997979 8.8792150914743857
27.653960658729421 11.961403879783063
17.947285049975296 8.3787878438600725
30.119301667238105 18.054703977650128
25.150126956989066 9.8074767142363282
8.2201320919323049 24.396394106221987
13.396750226725253 27.950498995518625
2.0241799159401213 28.984548544952389
4.5638736727923757 30.355525091504568
10.68175834382642 1.1358111476551556
3.6450142159086849 30.40471217107094
2.3009466771337199 22.799551034296375
10.357568621159208 5.8163293551563555
19.878582451349658 21.365252484636624
14.817056682282642 6.477226862502099
29.051842564036594 19.411658900531712
24.081456457258334 19.660557214371305
8.0129225322286306 30.872603438785617
28.645780563275224 21.73445640833425
11.621697739240183 25.696719977091238
5.6907114792024869 23.678797118813861
12.124616214505242 4.0931034394873587
11.198313746415268 9.2316367603586524
3.3281567418242215 11.855378758344436
30.28694612599708 26.689996092843483
4.3985779698244398 11.752224063094244
28.494236880875739 25.942174492541831
12.493180021910337 9.2696606417659346
1.0928820686906744 30.651782046286222
16.761149009022088 24.618167556835193
2.7374364502720643 24.897384509953532
3.0565873951594127 3.9455996204065733
22.765722727407756 11.875634512580682
20.393185728991661 16.287181298121901
3.9654448580371797 21.045392429437005
8.6982810858409625 1.08750163032338
5.553062974765977 7.101555335596812
31.248295097651603 10.77669967937244
1.7262913488199594 18.961038854299783
14.500957233091452 7.6171726563354643
21.49062163335168 28.406052252014764
30.755987482819048 28.998212856775112
31.103170886894045 2.8541274211442569
28.290192488111916 18.738951650833002
21.908582618275105 11.951290998389581
24.61637635192255 5.0831770602524697
29.673198017777324 3.0754194664647287
18.628512144147535 2.3460733318648201
15.39843482297667 10.944496584536976
20.993009084209355 22.934723612725762
13.751138497927009 17.985742348943514
29.264039121778509 26.603701178171178
16.660157546873677 19.533915339939593
8.9442341759957458 6.0481379720053798
1.1658557251598261 6.0036228344122877
16.93036162505561 22.193200112755587
8.4982679778113432 29.485032706579148
27.179535843245244 1.8637994681102861
11.218533448206633 22.407265139544009
12.000134575816327 26.625738414533512
4.6052733201464653 3.1046843389650607
27.590005302787425 0.65948144281048238
2.526913346453814 31.392284159434833
1.9553406367018125 5.4057162880337932
10.298128568078544 20.924462945750083
27.822796811613568 10.082094728953193
29.907714819879182 20.196633498109421
4.5436143192876592 21.828868582711117
14.630683762555993 30.289389425251187
20.059053863584612 31.491306605757597
0.45859675246299114 9.0650485488825119
30.606134140947084 3.5650881343621719
26.898616602583001 30.351213585922068
14.397601844742585 18.648437482805431
11.770955610750505 1.0541999161770732
10.547759743737851 19.823273698549997
15.825286461007861 24.571186723722246
23.409606686114408 6.9982642471261416
25.469752553669395 6.5197644651374045
21.237541304614268 3.7975439332360557
13.473539427449854 7.9852694387565064
20.296933546893708 3.0138988160525306
21.547242498836294 27.368510529281583
23.772771684782114 1.9943646483512529
6.1298156632357079 19.241533064106143
0.049876798599674248 7.9919889081283495
11.17197941033386 29.500803826487726
23.223008803828733 25.197316007546029
6.0502568780819441 31.592685356201258
20.026537502134872 7.0203794444061378
20.500441098598962 27.912669710093965
31.35641218176848 27.247644523190353
31.131232895360395 18.159220073298897
3.1698948553895487 25.890156427536084
15.030351828296116 25.046609011882335
11.923734065013704 14.356241576900828
13.664852209523987 5.1658256528179356
4.7315155299683829 24.515293524358441
2.6417000703967743 16.342323942230173
1.342407561096965 17.716425484508537
1.6007211897898894 1.9122767143391435
7.4889832090186461 22.780018917546247
8.4818277233899266 17.017370732811266
22.771984414559892 6.466992444786845
12.797307915053826 0.53411076097810917
29.074577409572413 10.06732297684607
16.086397865593963 16.069326861212918
22.484637766034332 27.996850228395708
16.401284006375011 28.126282676403591
28.519673843328814 23.905742556249447
22.326855964897838 14.293962191322372
1.8946751646496491 14.65127628778556
26.730715458498551 6.9397477881863932
8.3227385765496784 0.2161042101878336
7.1178802397950172 24.355130302720511
14.181450004094355 13.267717340019502
14.250161170675181 1.2218356837258568
28.530810442002291 27.206510608161057
27.411408171750747 25.698350658720688
30.467524296678253 11.441100799206502
21.210858781069817 10.818064767423454
30.511845382283912 17.152825150221879
12.530691500444311 16.836552924803687
28.613167721799236 22.618609068688606
16.109454365318911 31.539706161079614
14.07205190683573 17.049238141107629
5.3109403240039574 6.2139749331509684
17.195600070462 31.455977850932218
13.924189427268777 29.749059311624542
0.94100450587320783 15.137426002535646
4.9013885404420021 9.4161324892529041
31.438909900037718 21.358126284954537
17.612447166535411 16.893182416600052
9.5690081071702799 5.2648758199770427
30.944409064061045 22.18599777328722
19.440400490348068 26.068929781999262
7.8590609888757461 1.6020800066490313
31.46470515056043 2.0486932448787236
10.500431886679012 24.397918758796575
13.6680849612477 0.50986770427048167
1.2651937500034116 0.83704959889741415
2.3092797072688156 4.407868179933593
10.97627444022088 30.701292793826429
27.958971527036564 7.1469124812623921
8.0917721177459132 6.7850106267187469
28.264522868364022 16.821311628778364
25.207880392654392 13.849910234988242
23.729460949778307 8.4438284473989462
18.122571055538085 26.848105785995013
1.2069616688666174 12.248081680423283
5.3174405637964428 11.399160257240164
20.80776059643566 17.388359203664269
26.941094967638815 15.493857791825079
10.392159815418655 6.6366657352581058
14.130245793207989 27.293247946124627
0.39212412965336729 0.13703183270120198
19.877133620897162 20.240815652898632
18.202499972522201 10.197369734417837
29.026982065966351 1.8355350140187701
23.305747116733322 29.536203104162578
9.1856940598689487 14.595040609410114
20.628834598004872 26.930616913320485
19.5309733214036 4.7776738928510873
13.266431777256667 24.211413785582433
25.535619363831724 28.970401874208179
27.921767341684081 21.118340242833696
10.549419239791217 21.81441048178668
12.528413882843005 7.6501479144243252
13.521375019145424 20.66300846830303
9.1236190908675887 7.7037224223291005
13.999264887261045 9.69838143384003
4.0126158429319201 18.718507572398735
2.4820999931556367 6.2455707706153083
