16.264332373711088 21.97070175094634
23.25237313587396 21.358924236383551
16.050538375615012 12.575613757128519
15.638622157639961 17.40151986177813
13.516840180133389 17.723337786191237
11.347496027286452 18.349672118204303
0.21531608115872497 30.466087998327126
18.463391821819695 0.12962073706624833
3.3013532819871751 21.753073664613797
27.048310905814873 6.73687888660724
5.4190021809821323 26.614877558073726
25.327245202115751 25.627580771126809
25.10942461270276 26.884925371577872
24.592117914825945 21.759256617378426
7.0738998668732966 19.159184925588523
26.558278406449627 1.7235034075822504
22.657036653240088 27.467034062287414
9.818831109839266 4.7332295052392839
25.262509370236813 7.1955690692820067
4.573977443855048 22.992329180747408
27.581177186877667 7.4989119550845604
7.157047793483116 28.573846629894078
5.2832718503673375 8.3735550552472695
20.857352629322257 30.362735099200759
0.91148558473325214 11.029072673432093
24.868901396481135 10.92078307549221
10.029727307023014 21.423069242424422
6.0785964427231924 11.417945013775888
3.4482228194224089 27.392904643972386
25.580203914635902 2.4008242248164806
11.988107823202984 8.8454300908321084
9.9419949994476333 25.005318023707105
14.942659751383603 16.82060118454169
6.1190453270727163 31.283951706087219
4.7646786989366836 16.31977115588894
23.1120987665496 19.961842408011773
4.8565754287147485 21.802919956580595
23.90316797351521 8.0322344909182846
28.246273395607453 1.8146051794908344
2.0290918194969048 12.078529561030273
19.888746737110029 22.132893296236194
28.600824334238464 15.103735438247806
19.116423489673462 10.986141907511657
11.19434231333749 28.464957977666721
21.705433353437581 0.32431277327816754
26.495570576746236 15.302685843650496
30.102243913503198 8.5748225879197992
6.8054144100583267 12.280706641891561
31.470292277524891 6.0982761166592763
20.290871596835771 27.808927737790871
5.984861992428856 6.7365088765662327
9.2823845225027757 31.561591408598272
19.232453060645216 12.531390472286946
19.555177481524144 2.4682159006183926
10.937553599168176 10.099696474284089
15.335116251759707 27.465530993623663
11.559909626626284 16.393106834066508
10.61821481036675 14.065329033994557
1.8387650822691988 0.24394690541997971
5.340364221913922 27.765326260655161
31.618421910414447 28.009155802652462
31.053957464884206 17.814405287207091
8.8355917298420898 5.2545710795795149
13.845740457404059 26.322070033836813
26.322090009551964 14.319941685224823
2.6930393077426693 13.877654206666781
7.414455489479491 23.651078531262375
21.53052893153265 1.8940063801473022
18.634042218555546 24.91523102231475
21.986682186906613 19.615758087395324
0.074271745749364987 8.6023669328184482
16.900620369113138 17.506124823989005
6.2560521422027895 9.1487005583878922
21.299919499703353 12.73894165478057
0.90131015549536642 29.894806304086501
19.036065380455238 6.9796339761129973
30.926967595404506 16.354890126519827
18.439007747725498 10.45426786285214
6.3569502317826796 8.1254568338645896
6.2731919352519432 28.373286728349392
10.133510829341859 29.711552222095634
3.0362865284681848 4.6225156362488624
27.791875764193392 24.179127343500596
23.415126127069684 10.353144417443049
15.363715532870927 22.426805935905076
9.2886888913355978 24.267978303855198
12.630908503495995 21.584395456405069
28.256616687345218 27.697423647572421
25.330688409760977 12.550577858573041
27.184581975487383 3.4242907128521263
29.662641277206482 16.269400923724938
22.29043356606773 12.301020770310513
15.586041033313895 14.98997684602424
19.584505342146443 5.6657888057925536
13.514529516904974 11.20959372923576
11.389554347809121 1.7736275658017127
22.309669149917884 23.020266201885402
18.835023905191782 26.494535341133794
9.2684780594671388 14.916759043019429
29.167993736378651 30.128543238896945
14.635730087722285 8.9144333345815596
29.815969952661607 2.7260257335793705
21.48813818596992 31.090241924953443
20.901280132293643 11.034119076650901
26.877316340329106 24.656649185410426
28.785388996644006 17.957561632022607
12.180628913714678 27.240548342411554
22.749221017080959 9.6651087728722107
14.353575568215804 7.1473065044464974
3.5366615031588111 14.606310937866336
28.203183193142308 8.1228117790752954
20.548609562311825 12.183115601478471
29.447984156222134 12.639014931757108
0.080954956295765337 21.38762618731241
27.714946245053795 21.767770714824877
16.559283099669774 9.8154982830480524
7.1621477410853203 6.2112404283376401
19.508533552553452 30.192813265011164
23.740708304381936 6.270464590278193
19.03467583064203 21.271965091347834
19.934922275975964 21.015069106461773
18.532589223973339 18.185408493911112
12.212909002305643 13.114066818394981
8.6011930904152329 17.063614037842601
21.507478093823288 24.766639248348255
20.133509756582029 26.359383918890373
14.086819063267626 9.6706336530443586
29.704637015478347 13.500658900660168
16.483876715595084 29.474704678585645
9.6464260513286249 27.042392142334389
27.982892710030661 23.208400423312174
25.0518853688856 4.5862447046107357
24.127355048054351 14.203180616097995
2.4760839323312149 11.236210011171163
9.9360631171571434 18.091081705313528
4.0984756246299598 28.103817112686659
29.057441210011458 5.7450075378404009
22.625810677418066 8.0424147422059864
29.438101843041402 11.065777953560847
4.2294020104818353 7.4379741259548604
7.5161341511503172 20.196896318347449
15.017241194465811 3.1571456641214142
2.6832635536038976 25.530921141259984
11.100662096894109 27.626054789776699
2.7551383623238648 8.5881379528521702
6.803498502618095 7.268011766606354
13.688442348384884 20.875865566534191
28.776487307557908 29.14409993279866
7.9642156876126506 1.0250233267281521
17.842133927933858 5.9504456548487941
18.599761801875992 27.53251983960854
26.428165321281092 29.393904308407073
6.3102756922804488 22.215712098369849
16.953664065792896 9.012758666872033
2.922496932910422 23.234842769009436
5.0478583868809004 1.2788403223217983
3.8915958345462838 29.027986856623439
7.9462491513078843 25.338171663035585
11.923833281244782 9.9952151998578351
10.162693640317988 28.8092868347672
23.307814349757145 22.950839516252135
15.825311610699559 5.8761694462786762
24.376741200863851 25.23813093004933
18.49991191607398 30.016319197661463
5.2571870519178781 30.516141341289245
30.758304081094757 13.374045319414988
9.7953408700638747 19.576741230529716
22.999581943785838 5.5921590642497776
2.2190395281461033 14.688498002530594
29.987100045502917 17.995853678255628
27.147741701473493 30.769017445061884
31.241000837321767 31.271645410459335
19.29550753367052 13.73558041963811
29.975650699285932 7.3803955810727766
12.822562568563727 4.8469705521662174
30.706697531046405 23.125866366443475
13.005451279048147 26.598286530776765
18.760536158278533 9.3951758874370039
1.5384788659653239 26.886197160931339
17.619238960507907 3.2612695377602043
2.1706169653846286 7.5906142766470435
14.846089275382957 20.955731320316179
16.222141798927392 26.154772200270084
27.621891954669358 12.735306473685879
30.419614481640643 24.155545011436104
21.198376978591082 23.059727865482731
12.795143606535104 9.4575880307869831
1.8296943749111123 23.655426877197453
0.36945506320653454 26.748226039152453
24.569964836510938 2.3030308212282691
20.97218041401495 26.896899592896609
8.9811271424206787 9.528283675973606
13.645750487020651 14.184601076126222
6.1685611208127806 0.78136547980248261
1.1654718083608235 10.074657525009416
19.819130630191321 11.685678617745019
12.023982720359985 3.2603828117834883
20.258651227963899 31.118010230674628
13.077819128482504 16.48109649558128
22.062870881718702 10.474300104498449
6.6363996968609351 20.347942984309398
9.1395773757125678 4.0953954050396657
9.0024743059185539 28.320690918192653
15.695460993472237 30.111014873073852
8.1786074040698189 3.5056114446152895
22.508422490879468 20.624480467301048
22.627462365032102 21.972632400738938
8.2414300061307486 12.799273589631458
11.520659302398352 14.001801020127573
14.265779125878284 0.83990894675909444
24.657193427073111 31.008672767120213
8.4507216484941523 23.269687431335459
6.1979999186587289 15.865157428769315
17.311364519270104 14.013712272387112
28.310710362242652 5.1407119671694295
25.763041564656309 11.706135302503718
19.266264105632352 17.347079244769088
16.20417723767633 18.222083730145254
27.532137128239182 1.132852480467083
13.615829934174664 21.795434034066748
17.767365066937973 11.451006948007297
26.034831496468943 26.425878649955461
13.933851010463403 16.769525815757962
0.9747293475172788 21.70178265339748
23.156882141778159 3.9248115834661452
30.649830687933889 10.931046461211514
20.936354931544042 17.822971224121165
19.680029757774015 24.692179358996519
25.108461276384773 9.1624670275356177
16.996456299266693 7.8423093947281632
30.447873395863478 21.750844173407533
19.260966999719418 3.4649215511439042
3.8295333658182069 22.40461333692425
10.315372813812187 11.37842396595958
28.51172938220332 12.941910668248303
14.726895612205199 28.336050610164914
4.4141318713785234 9.6248146105648615
12.146623502181075 1.1306718678948542
20.203313098269355 17.296929238393957
8.0075112876495123 8.0382947083374674
7.2152811800347889 24.671654940637243
27.522969431768932 26.466521898921229
7.946369592838785 29.959903689719503
17.207183137184707 6.865521081829109
8.2196660523881953 14.804475400684465
28.053782750446043 18.682761135309878
20.619415434655846 25.288167327992014
10.801676660983405 4.2075783658289732
15.909584575336726 21.177828672865576
2.0544530120418476 18.04730689904606
22.714004188141285 1.8848914757104127
14.304908519155154 12.890191680821015
16.377997032428045 4.9758083416920869
16.205476699971598 27.045407735436644
6.5552552032042088 13.537371882089399
9.9369131753122133 10.273618072658955
5.2798104648278894 11.809451913923715
31.080662737907556 29.876807902079733
6.2549609933138681 30.287066870765567
30.087950258499486 3.833405078827131
25.835071704223328 8.3244957638721431
12.308421359930922 28.13611781987376
3.0207312328503573 15.381983116884488
18.853180071686268 8.1135765175408796
6.2969138204165143 5.7569150927651203
27.217069265569219 19.18925185733405
9.8069480867927226 8.4214649649312872
18.635423063442691 16.49570004393831
16.433779107800667 24.33768878064113
29.693924809309877 6.4004198151254119
13.650304905942912 30.007558537242002
15.876863050704758 19.248940364269966
11.074522997779903 9.0727575655128447
25.7808661628161 31.209363120733741
24.305624469280019 29.931551030925235
9.1619752854982188 12.149615430369961
4.3238513073340261 24.696641546903802
6.851638437057666 16.525699502001302
0.29078592617472609 2.6483723660674978
16.543391861060528 13.444239632883729
15.809871600914816 31.098061176323291
0.013435843437564553 10.528783967527399
1.4877898183016551 6.9058943351898927
3.6398139610883771 25.343361622375372
17.522602167960361 20.016626111199709
19.607632480478042 4.5271924378859847
26.87707566552147 8.2541883205396491
26.515665347562191 4.2303967406772323
30.897647852750602 4.5053543704711432
7.4862350881866933 2.0935933650935121
0.90914641910898641 1.8108858051581695
6.0195032924861573 14.680949217682821
19.131394255348706 28.3491132374496
4.2084535204229772 21.141690083218084
11.581998543777784 26.492546490255179
28.975275620009604 14.165274720259225
27.881416700681903 11.718614428384457
15.157348102173737 18.467552216913855
13.17411511258031 3.1435125907223815
5.1450810498855573 4.9144457899905669
17.400648274001348 16.608410530893966
4.5406524181908408 14.946278931544413
8.1849919290295947 14.006295036412959
22.163293499915255 13.347670638423383
4.036026315152065 29.945399005915633
22.071060402130446 17.6108819715752
21.161742623405488 10.028163160506795
2.9656534915012807 28.587350421565407
31.02518661902128 14.412376869629254
4.1436662620951559 12.747021742229265
16.85150356654167 14.836055750465231
26.239395852708025 30.371918072356483
28.576435804152595 20.359674176605338
23.440718451010344 28.136748883265078
18.49802503375642 11.884819746305755
7.436785016351422 13.319862037704796
0.49130457153707213 22.743115342507195
12.662713899439622 18.040081735906099
9.0939367542371201 13.232295877212714
15.420383865956575 20.197511941665912
13.708626290919979 6.3602915573290186
31.425868030517552 11.564697098455408
9.9412308974390751 30.793513210446601
19.641459276487907 18.32242485695814
30.953039530865183 2.2253332833680903
4.6112526356977384 14.000637247534041
14.699556746338645 21.826102098690793
27.527205269079257 5.7809605133897444
12.361173211790168 17.155303710940675
22.257064185914118 18.613777882731554
31.085752074014426 26.965237975743541
7.8702975687443573 15.890036903076156
24.26151461954705 0.29197506016772107
24.957445714555092 16.217401563405684
26.143311391649725 6.3003334164130163
3.4835411036761847 11.071651169855667
27.883450032002106 9.9546197756392765
1.0011175082601989 20.625939223933173
30.264586504517187 0.89654390442728971
15.721568992453275 9.0490472247387057
12.273719169487276 24.83250802812297
7.7231477886363713 10.746342733975348
0.0054402924710930589 17.010539527038016
5.6712406710764984 23.586136853905671
3.0661421645223599 18.462077508555655
1.1722060167465367 11.822427578566188
26.492357853268526 12.727665726873797
0.20748963207715879 7.0766989247522387
23.287934945728406 7.2972618819424051
16.983373418988045 20.997897416614897
6.3835501039387115 4.839154175917205
10.488511065861017 5.3303696991617162
18.079803933610684 30.821544961938965
26.09009154733042 18.446868890484737
11.896090860074235 30.424517369965226
4.7380589730346552 6.5989903632621809
12.128492362415024 18.858908028860196
24.202111622803251 20.018152233321128
26.323020172477957 21.157207878861165
20.858182659091607 1.1620769092061771
19.610046347159695 27.224032425188245
31.12408386775747 25.942924383523593
26.829781661768695 25.853144881283228
14.568497691119644 29.736160572215816
26.891263271958433 0.0014986404460275444
21.201067206245718 15.150439086646486
16.168467517862535 8.207144964487906
31.544362399310888 23.646471797710394
16.288076151193188 6.7557821837619496
17.94050933716192 21.260500354037926
29.563229804710179 28.720367477612633
20.196030073843453 29.575912638658298
12.322925812244158 15.839861069815145
27.729551085320722 25.319242835842928
9.0058065338873732 18.126633903329882
12.848240146546726 12.377524730271292
1.8950719063921484 15.720353310595751
13.815261494448462 7.9435486159698891
16.308980555589851 16.627836871262478
3.6791283664807821 13.574200649621341
23.686097621520283 1.836733155136669
5.0549823599793111 12.938857319818423
11.579382708564038 5.0476259095984553
25.769953529662203 5.0834290963762401
10.152024272908466 20.476707425362438
25.737783619178273 13.439397202089394
4.4739688826622794 17.360728093386268
25.42378247615893 10.190140043234434
30.428784340307828 28.89889340813474
21.771064289982466 14.173472622761297
29.96125970660178 0.0080019348222536667
24.013577864153195 20.849964747040968
8.498326013074788 20.015076914463737
0.86239194830565491 27.681764312516584
25.971842529445976 23.059685391059976
2.108521750902955 19.069505219018687
1.9273224367859219 30.204507438742237
30.544025372208228 5.9979522556433738
17.388670497035402 29.85465812132766
26.432762910988092 0.74463332796438075
28.693333768016259 24.241794565903987
27.403656268455673 14.553805933099081
4.9331921976880677 24.07288335026562
10.08748866493058 12.310989339383319
22.59362281774257 11.155573282470584
3.3863442150310696 6.7569173749799658
20.405116855453837 2.0736919344636102
10.278833937795666 13.188631458330081
7.5628206181777449 26.369085560865916
25.683361452179945 24.055079116502178
0.53925598112928042 14.336370128458928
1.9388712923285598 4.7534115773025798
6.1851196178171115 26.170213205493884
11.411931652929105 21.508375346876761
28.982187060172315 0.52901105084100197
0.79989980802862004 28.89953554866657
14.520378697620243 10.535964495811946
17.160812376550496 23.755217013231206
22.591260904039377 6.5356158014808408
17.842426025896884 28.208079826774746
17.177223057046604 4.2925426897413654
16.929226025234009 10.875309310693295
26.753678438953063 10.042723910307037
11.904484338399309 19.791313623700116
14.622596970110044 5.5617541930120167
0.075509140705089864 20.279302993336579
25.523430348369775 1.4075263158964146
4.5406655808941929 10.698842340202834
31.465967083738597 1.4786111632513175
4.1870078306575795 1.8399752075661253
26.727831379831795 23.708633474007133
7.2377673209689597 21.442193184290932
23.762379669349237 11.235824791459434
27.194242366160776 9.0531956384491785
7.2355711417892863 3.3018222232579393
19.557288769216218 8.5878676936804847
28.2570747078823 4.0673990833975822
30.025312453309859 29.903285969110836
11.376670105077812 6.8593612013653518
17.911422054997772 9.1021772937938792
3.3261999501197761 20.554567192407003
18.60033463222501 2.5247253648975945
14.101395433382743 4.6704326123442801
2.3218395580826612 26.657088396017979
24.892450457195391 3.3123655217048302
0.70483376169913858 4.30072264598311
23.156314272548919 13.194070426366148
1.0566557751975305 3.09379845749877
12.020516455756932 29.163049196988798
11.075036286418912 6.0411421922108328
9.0822132711873405 19.098336757693978
30.802924726402434 20.81565901328306
30.685187534744252 12.492330689670052
18.993090271916792 15.3294891365083
31.179438009290468 0.5962892566441097
5.6060861049591786 2.7530959292756672
29.477372095493898 18.800081036448237
5.6580479715229872 25.055191248692505
10.288200638368556 14.980512641574235
28.453791995912162 10.690645902701657
17.710661747719957 24.69304112977639
9.2409287791269357 7.5862925078378325
30.985434884222595 8.1236109428160521
6.8732211088227553 10.990239932631178
1.219351144738738 24.728067720952144
23.1148332433084 17.88742262151986
24.993582673919999 22.934943765960082
4.4644816015238078 30.952037784354022
7.1821239305776778 9.7904039416997453
15.066686139642631 1.9785094356482624
29.529099068884587 21.779064180354759
20.081435879256858 10.571241074586984
16.478439621628233 20.153527312541563
16.373792655437338 3.807126205626997
3.2184347378323435 30.356863831003711
17.037606321762247 25.309077748406811
16.99736694068973 12.051076766694042
25.311531251005423 20.155624333252963
21.790113190958589 9.2702274660705761
25.390778520771232 0.35405496827541244
5.3139616177977924 18.726259718725178
10.585083288552147 16.313935534215563
23.131890422730311 19.037589967019755
14.755356270427866 30.735228926602009
27.306760155017095 27.43311246905002
8.4491624829230645 11.527321507228336
13.100352124559715 28.762183048686598
3.6327081731989712 31.373511242213524
29.205420116164721 7.9975167879892242
24.188768417172614 4.0618611328390726
17.910630166842974 8.1048112210649439
28.148185109343402 31.084205258587971
7.1495304106374711 0.019905768576059565
14.219553020941161 24.049837088255686
8.0328445612244934 21.158060409069851
23.212193814171169 12.052986779983517
27.175652018995645 22.785697379776359
2.8237649341704301 12.825239712878577
12.579601072072018 22.569234906895783
24.355102923965109 27.738962239806948
1.3024779987949 19.516837186511335
11.298604566936543 12.02131972264679
28.119061802672732 13.884220418710679
7.2002648876746989 8.5434956487932165
8.6293502410502843 27.429631683028596
28.805028230006339 7.0676173883753144
6.0234749016507871 29.29282452224863
1.9348320267185501 9.1840444502619683
16.933103222957861 5.7176976658916621
11.206979117518085 11.022501723552899
30.255437758465263 25.335753769464123
15.018750737955727 12.198192137948318
15.335408892338698 9.8886548344097989
17.287911596378255 26.204733927906286
14.613011053388268 23.162935375589196
3.0987463260156534 5.5353615051869722
21.293571213218549 25.958669875927121
26.202287423137552 19.426019578573328
20.288999817701651 18.904010690826382
14.729759527220876 19.404491174974218
16.045056475211364 1.5699837012214435
29.439110957367891 25.199722768616656
18.726953698948417 4.7150107964792793
21.840366313895874 5.8546574288196176
0.65889142562779324 24.094018779968039
15.446710524235415 4.011430928173966
10.341781797983312 0.12652319625578651
25.878168691347948 16.392432423099926
20.260482054593052 28.677068888265552
29.13997300622686 31.08939421038189
3.21210563040301 2.4259875151799744
10.387757920080654 25.80661056200158
25.237401052678017 20.990126446576852
28.670204289054535 19.381531536789623
22.242255963095051 25.755810292843993
24.445387226765522 26.271376361454717
9.2854081020579819 0.87103649136305783
28.125026442217166 30.070169176321404
4.2617460064845885 8.3451933774160505
2.4985007642793864 21.203727876781368
25.370319022852478 27.830129656642814
15.859891148684653 2.6686002744451596
3.5944803559143468 1.0710453187619373
22.100285532185708 3.7343882623915037
13.702482603153753 15.583525754913145
21.955363467060586 7.2221606087491184
11.500142069662928 23.405010007743471
29.088793914362014 1.3745289103430076
17.268609487666922 31.352897158384213
19.605500433728309 1.3578247914365265
23.798918554747711 4.9526834348156275
15.335487340711603 0.8855850392842719
30.567900971308386 18.936255790347793
11.780060916526184 7.6522523663183772
8.2846616670502602 24.235680400363595
22.387055239551465 28.460405580643215
14.088667716229406 2.8363478539386393
15.384075838476228 23.963799061304325
23.397232700830408 0.87363684453637258
30.095914029593157 11.803192547892381
4.8745839721936681 3.6016612097488987
3.9582097518275456 15.800149483530122
26.660417562357889 5.4063043369866266
23.916056459856328 15.911501070061282
13.074635607763923 23.334219052232168
25.254724364175839 14.320122992611013
14.193033369611133 25.400386979811355
30.167702029222191 10.158429071945182
21.639945120622677 5.0064133751784192
11.400842641062967 17.456999397866976
7.0386000826150221 29.661532454462861
8.4577245370840402 26.485572885034401
20.267871229103257 23.378639855926952
3.0606311855718822 17.491081878127467
2.2687616814004854 2.9936194237916469
14.496232702976858 14.857504704958044
29.89019557593522 22.792900183614126
0.25127877506257462 25.301808091780423
25.232270572575619 6.1078202290901675
27.316449377635823 10.891413619965098
2.6731791741994515 9.7902567945128638
16.739968350356911 30.622377303238455
1.3117051577304266 22.990937035633983
20.658421445101975 8.4793177585034254
8.265083467575348 6.1130148723594502
22.514778026451353 30.886151761306106
24.289371741165318 10.015885213712137
30.087218482940454 14.44697722603809
14.785629360627345 26.682216194508324
22.532376330181005 24.807136077324493
13.002371456496901 4.0091774600318262
14.868696817531911 11.313991905859687
21.481882031639014 27.614660416271064
10.980028613426247 0.8768659533967692
3.1686884756804861 7.7166397178815016
10.997580507881052 19.65890948075846
19.03870256908051 19.164923605733907
9.3797638573840754 26.09936298949637
6.2932552275346936 27.33833834799244
27.976693133873678 0.39778410071193582
26.177671987277218 10.878439525308609
11.10260373948843 15.360136060094973
8.7402428401241075 15.878893650326971
13.124579397379099 2.0953547522777134
3.307830167268861 12.066588647941272
24.025228135557896 12.687416406783051
16.823622425160693 15.642670331842284
21.848530474562526 2.7778466544120435
15.896484340910623 14.224108602854095
16.935091660514598 1.6880262685860186
3.4898053813841039 10.148764123737646
3.610071576483493 16.738150768318263
2.0190956210094626 5.67936283479807
13.381617629286152 24.280157183558909
27.801741550693979 17.585391587771159
19.541177861959007 14.659711801820755
10.515793735865563 22.139217798239972
27.992310495655403 28.721946941204415
21.202869745366698 19.873207975248452
6.566321775317097 23.344245650002808
20.270868478909051 15.608897931135486
27.313898701749221 2.285120359514635
0.40048232962281261 19.329338125258619
8.7445530387552122 8.5703526621027901
29.879702452990468 27.40610117858834
22.892157332213003 2.8593560105031437
22.954692094668914 23.934277259098554
27.717277823459654 15.435884084737571
7.7367602387496266 7.1547298270195636
31.59380676965274 18.51095906788132
18.293015934308698 12.963264499097944
29.563732509042499 24.019096247326683
1.6448913642471559 3.8833722570340585
9.0396989781639654 29.264200237683323
8.6788049579509199 1.6521447318254425
26.736427767761779 17.136560229887262
5.9688403905723533 12.710608349866325
24.141078207643151 19.028712228859174
1.7911317667151485 2.2279355200328301
1.4951892385767078 8.2846783994330515
0.46276662278100533 16.046657025797447
29.183165190698038 9.9729123590167781
14.739245373885494 0.015610947815663915
18.333700175248456 3.7199110493384104
31.27920285954297 22.279146182486894
11.102768129159571 2.9646959723144861
9.9703396599556555 27.916474392782767
25.526995400990817 15.314241096507574
13.148511140209605 19.134721909124309
5.2749284489909378 5.8135451547475565
11.292697526015321 12.8693727850318
3.7038595744608274 3.1543487516041715
31.494477992148337 29.038779975700972
10.459725027682405 24.099431291481892
31.496564650275989 9.6830718661954656
24.818602116050066 8.1295648917062699
11.1853434314877 24.586210622159115
28.443205780320366 26.599196810819986
13.465856942490296 5.5591006802656286
18.428224551917644 20.366923098586899
7.091331063639994 15.319095534884861
1.1019476774038695 18.363083606098389
19.534527197772213 25.673170313365176
15.928503801845093 23.249350387027402
27.409206451262943 4.5682802845426256
9.4970474216399694 2.2701878686997046
23.821373877681967 24.254554585638669
25.141245449559026 19.196375364679422
19.955764510321856 7.5898799645926305
1.1378266181230421 15.232294872160248
31.560935808105853 5.1448377202128075
29.849176337713246 20.630914549844068
23.17546547095434 14.084872737929027
15.877987740003377 10.669571547701132
9.3858325242950293 22.442611334206273
12.6636750682712 30.953232920996346
24.947197617037645 24.404239471661349
13.306726723883715 27.647850056383469
9.4736006765865657 5.9425525653449807
13.457382527412507 8.7817930943460745
15.934523837605798 25.104016157599947
6.3532638166126478 3.3925758956116141
13.068069861976687 7.1764577007953232
17.685727054680424 2.1610149492197746
14.484472992465419 17.840180378327382
12.402284024717407 25.848457292429099
13.161249057267453 1.1532569745384196
26.037782025680933 25.099733097042506
8.3167619714300027 2.5901916640023326
5.0401397047633081 28.636926844508107
28.927982182641234 2.5765731056850654
25.223520219716264 30.149139113786781
29.019284170851229 23.076725937970984
10.918254296722115 30.589520546132675
18.068906340255847 22.812956413797245
7.0536168482379873 14.453784195063212
27.621613903993822 20.022234419656503
13.910676368118025 18.780514785511397
15.725374808919149 15.910477020713818
24.07638428227575 9.1111555997062332
11.14589324993405 20.705732905774685
2.751347151735847 1.6369158638666996
21.608608136828042 16.857637058714978
6.2945069765346213 24.503823414570871
30.033455768624126 1.7757055959051669
22.707120664974152 29.28619072313187
5.4008877638500783 7.4526235971638988
22.18419439690717 1.0885010175247187
4.4267972116826151 0.48765817615358553
29.252242713242943 9.0950468954097836
28.800211945756818 11.819653791142562
7.2534755238198168 30.811601662493139
19.366461456939387 22.974344743781177
21.250300065774795 18.660295268411002
4.1883930024344043 4.9895677222027759
14.957847924137738 8.0708270318190038
8.0782500909168995 28.96229672435425
16.785373284466491 28.573083998233219
5.3258891723805766 0.13596773426610545
14.98490715621219 6.4431850773122052
19.136979438536208 23.89475474038084
15.349454109666794 13.30433967906411
17.593974926058614 10.162404080443791
8.580297314537356 10.326864681615147
3.6169079626629639 8.9917075889890619
5.6778378752408925 4.114470684164802
16.729899049138282 2.8480103510704691
12.261720728592152 5.725371571404346
19.048835940335433 29.13792448550992
4.2391907421072128 20.120481438847474
30.226365807716121 17.084810545500229
3.4985563877708472 19.296225002933998
0.79615722816263834 0.8815285187327403
18.074452341371831 19.204865705364107
7.8093304212287622 27.84875311471977
1.2973335495467668 30.980432824153652
10.876480559811396 8.1553213658102504
30.412510246469321 30.802224554588047
20.584098387828583 24.199003905817559
13.835196013105614 11.943296343970143
4.5345843434937221 27.140284981984802
8.2397884918500406 0.15794610521989638
5.5668588376233279 16.715448765741534
13.390687173109111 0.22647216533142769
13.008061938304619 15.024718173349962
14.180048712474429 1.8162959463851962
15.367655278580456 29.156219886839388
12.220621623700843 0.22387879274074662
9.1283276696081046 30.20289650534303
13.846220774903273 22.709139938368001
28.616085843541637 16.194026927589245
24.363442950220534 6.9384582175469012
23.816753424919749 3.0170992505439198
14.214200622991759 3.9114282034920258
25.79748459070165 17.422224001043428
4.9909952110004703 25.5717501914983
29.328687132499837 4.7283641445025788
24.584617413091596 11.832374791423655
21.347624542639753 29.435154694918971
12.216731358893576 23.905424720895951
4.0783517806787133 18.107635827157477
6.1998376131314847 21.238555288529607
2.002245972184943 17.093606965681154
4.0068127072555244 5.9521716940846323
1.4311547947725496 14.093387066451376
10.021719501431729 9.3095506769489429
27.487338003493289 20.978784174291935
7.9892759334771277 19.087577951890189
18.280786917458364 25.803728664023986
13.953728156165603 28.847233002333383
26.829160535071193 11.842754593775119
7.1213566877637904 4.3472237811649954
7.5851669922756031 11.987374212096805
30.608820479426374 9.3634468485425604
24.754842594297124 17.208612566366437
2.0090866282439821 10.546052838570914
13.453242439446564 13.202055260981187
1.6932232424354938 28.145391618234417
12.20822085302169 2.3184210553983684
21.012731688791909 7.5399670982517604
11.157695834227134 29.56045321468352
27.015747240567457 13.573919045307822
1.7962611527358012 21.909359484626886
16.110045061319006 0.30553841534962112
22.352925418893587 14.837968908201111
13.253090765811931 25.245296958140536
6.0065797540127592 19.652647535152127
16.84495231686029 22.867576845675519
22.611698764508642 4.7112356720643378
29.132556651186345 3.7066907000699945
3.8263729318685322 23.619358932031837
28.073043334106089 3.0458163852291609
21.371388157034737 28.538485007523207
6.6607794174869763 2.2454570298884313
2.7261921407258805 29.482458116292229
24.588715683225157 13.381000047731442
13.717629188671214 31.000045672702715
26.234838608048687 7.3934810292461917
10.613318334345704 26.791573685815802
20.855252659726169 2.9699067810836697
18.601188057047086 1.4989395007209596
5.7860067947709259 1.7710341106305163
17.9209443619364 15.765765072259711
29.225457410410421 26.41578946151802
19.54898214282596 16.23152208922086
7.8975397896888495 9.3447868901116724
27.335738484878096 29.650317321878973
26.520793208669687 20.303217853388379
12.636264703175559 14.003870675887651
10.265588794309906 3.5175413072854083
26.398031535782057 27.231116962744643
26.94036379313707 16.138233069418337
7.6873850903581964 16.952323964805355
30.152786527006924 26.409951065789915
14.906284349829567 24.851718106175735
12.441131838313101 6.5498660883563966
16.885759576676868 19.116323528350645
26.360310827253439 2.8881955673988391
1.2398925530681222 16.610961642370174
21.756396272646299 15.868069388464091
5.4766778065889961 22.5193956253278
22.871279845478867 0.16693639723964732
21.086883440768748 6.5382176164141459
6.9784166792931961 1.0830000683866801
23.30360173235205 15.128079086272555
23.898323033065321 22.308072846896273
30.171534686042378 5.115561200718389
26.605315002844563 22.057296927872546
12.611620031402888 8.0740141109742414
20.012895745880883 13.156489424743313
4.6538232957835115 2.5717986056914071
12.285201578548488 11.709295961499528
12.766585123633035 29.818320565972773
24.529793396960756 5.5643836803910514
3.292707092504831 26.455016139860678
24.492694571835834 15.123589121064107
23.262430425688869 26.217186012606369
25.051816830770512 18.200312713883157
4.3772793467619113 11.726605510078269
22.705819943214802 15.981904617636911
17.431144588815339 12.861501734975295
29.060552465373533 17.14987977910188
14.099807211727109 20.061482193668493
2.2903891075746654 24.437647410515886
18.180709180040548 7.0478193863482534
7.2789543841692179 22.506818072119525
11.647744706469348 22.430290571501057
11.818447816278727 4.1483851982325897
10.554723370805489 23.082269769029701
28.50910056350202 22.245780849305824
26.98378785995606 18.152276032467757
3.1829809409885601 24.365158779232246
7.5551119389655312 5.3432571623883183
20.716817088277622 16.455623608408438
15.255356411126771 25.937150799063435
2.5040780028550342 31.026548135502431
0.9440632983497923 6.2186001330795442
2.6770174058872103 16.334012874647208
0.79247398001837566 17.565814274463026
9.4449688091148047 14.014147191758934
12.982857429186437 20.061259393659295
24.685159147267278 28.755077993548223
11.917163004907254 14.880370947162525
2.6590331161655723 19.847402614441201
0.16311384164836767 12.342725610451527
16.027320630186619 11.583687837563295
17.942851261752729 0.89053799429086122
31.167449970262115 24.712350381934389
20.740153433401499 22.13975394194696
11.318038584191536 25.503297454761334
1.794163486674162 29.128770056836927
4.2691765607525838 26.195147705373699
25.462052929029266 29.165683328576662
21.239091882556725 4.0510054598090326
22.865125660387914 16.854043296103089
18.199298939480329 23.714170529460798
8.9153325981976739 21.629841928360719
21.700133454695784 20.996259760186508
20.001504369990709 6.6571022700354563
22.216669753689459 26.728234930352617
6.3207727819286337 17.424244347302228
30.819686234890074 3.2136304969149108
5.2316489240577981 9.3280032750944333
31.583260485370772 15.246185976665414
18.368703404377072 13.9640340783296
9.1202849084075872 20.635132198358352
9.3735062431011578 11.009781455141695
30.655226957647503 27.930393772454362
10.053006284371785 6.5554958035922892
4.0606326821141012 4.071845956685995
10.483209958875344 2.2773107116497
21.773299243883798 23.86088901313293
8.1532328164182157 4.5198279747082317
29.54833103633074 15.291372422199283
10.433359186586719 17.307953443924912
15.897086435200348 28.294068260190254
25.719769606555268 3.7293816837274605
0.85585684190934508 9.2021971736370816
2.8208314205835778 3.7740085228343374
23.122848750789807 8.8710729192656412
1.8371697060816465 13.161006935769631
5.3679062512091082 20.95177227620999
0.10983256481210643 13.466241674112759
23.644199196641804 31.039217140604663
29.694886296928562 19.825456566913154
26.099893225030332 9.3457679504155688
28.814049273194708 21.17812248791699
1.8044551065613754 25.55200575032276
10.516181135856664 18.822681373065063
25.573572119523849 22.05336998824724
19.343869286742844 20.053242929084046
14.673193496944208 13.954306289508384
20.214325044921363 3.5669568461122299
2.8957140228580074 0.40473367835121793
28.201504798680102 6.4785429740884188
8.0316260915235826 18.103104735312776
14.678042706839213 15.858096138663397
18.710426053410767 22.163114626730259
9.5461463886798583 23.336231394756187
19.251754337764091 31.121645004467187
30.855684400598818 7.1264333155877981
16.998118865182803 0.66158062890823555
15.308945879898863 4.8782298748289303
23.846869006604486 16.872813385390835
10.345967652562992 7.3816037459933073
17.443268047658876 18.338345945385871
23.423154222035624 25.300579982375034
0.71577889807506179 7.7870996538113726
0.013949959055823014 3.7307405377701222
12.331929265360641 20.766531920649285
23.317984635307123 30.123295313251958
10.085009907768621 1.3162216803267135
6.8179399936437886 25.663774363000261
2.4776746762038533 6.5011085799458872
17.383578378669849 22.04578673619892
1.9142754923276863 1.1421456624848485
19.569270875680353 9.775250038921671
2.520198055574109 27.750261741753825
8.8355373704016902 25.275522219344062
6.3348055262220875 18.610208016120719
16.952958538578038 27.552919530301327
22.06365899059525 30.030575861577553
2.4803096866739427 22.558916863186635
21.742802982539747 8.4199801595548749
9.4472958009019976 16.949337914175253
28.242984063906032 9.0623808925868783
5.3910992804153048 17.801906838781758
17.832368948756084 4.8928957945360345
9.7160445369736532 15.941847316977857
21.575179217428577 11.603142348203038
27.842694251725849 16.660125545795019
6.1932918212043804 10.117378719986982
19.452936155766306 0.5377671790545282
23.69134994294221 27.003337516087438
0.93784825883205547 25.97842469807107
30.573707550266185 15.515208685992455
20.482649781203289 9.3512796157569351
20.544262673665276 0.36692309905695242
8.1773139841048703 22.393952479077679
7.1291542972478954 17.909851653307317
17.904603919387188 29.056660108648327
5.3831035968369765 10.531407559037337
21.709059210592912 22.033806461557965
18.074994044206022 17.371129238658721
23.989866772903099 18.03698192623478
28.559209366903172 25.403143874285032
5.3499667150258521 15.376416880626193
11.360427200240776 31.494731607225972
26.163220912849095 28.29168301597494
5.5491287035211352 13.909392552143478
24.579168184511733 1.2098777796017663
8.4106055445402905 30.844372411259997
18.769708510221093 5.8835394442349846
17.740407094087182 26.983372273863282
4.4704174996156931 19.041774311839113
24.337273152805921 23.446752130246018
12.357666030573121 10.834577636946403
13.293856098557006 10.322653850293564
7.120130093405094 27.178048172372691
20.845739818321899 13.637038168576506
0.61199122903100212 31.622071222162763
20.607192265880848 5.6952056332789631
27.105358608096932 28.464947044218455
5.0194820243832226 29.569055963017782
20.275458668706701 19.876330868129607
30.856612553109706 19.703588323066654
0.95304009015525226 12.954630817048477
20.522106501472081 4.7457983039080798
14.107344947510482 27.516394416823587
0.96062076034230381 5.2798713340092585
20.48483947992062 14.475481818741011
8.7847522466524612 6.9101343385803258
23.760391542843841 29.059393539002347
20.819807021458882 20.980823830777414
9.3484789881555059 3.1636814899966623
29.082658107127582 27.796314412838942
15.597419785199051 7.3560400215124044
5.1841353842907605 19.996861987352663
1.8534873522507211 20.514613770840352
18.082871803191011 14.84728486594217
