17.213209416061439 31.033935668015886
27.690990666450709 13.851731778930176
29.620022213266285 7.749107151094675
30.743463338897758 25.206333435845465
29.080957641319607 6.2526817453360239
12.679227417005452 22.590536352810449
6.6671999421756336 5.7792582968207133
7.1906859387713284 18.876690676517633
6.3651406202440972 0.77874444932867715
27.966245013673483 9.0474407369510086
25.846763785816087 22.190691923889972
6.1541811100709607 25.194113181389696
0.30494838190952472 29.387768362703515
18.658193192786587 22.241469827589821
0.63983183928285192 6.7492869520094292
9.4022101388360912 5.2580272189905459
12.121560937320385 24.537619639876887
23.647228855992406 2.8658255299783
11.958598958764243 4.2269355093420131
22.143958816083909 4.3205793870266813
1.03267299031642 25.842630241208905
16.332956560267608 8.5617154932145034
3.8140294690554 17.955834649377529
0.65939733536505918 11.301132216600617
16.182847792734648 19.662450060925597
6.930600116525734 10.766644723852012
10.806745230042651 28.300701413900672
13.284527984648644 5.0056904069849608
0.61404637438992371 27.566966417440156
24.283675054116717 3.5770006868204089
22.567430444176772 17.830247220220844
3.6185030706976402 16.258069962068642
28.955778355471654 2.1342085498161567
8.6897956122182975 26.042003959551831
7.2401851116211118 6.7104445089419213
20.279088489012832 29.830656713092512
14.078801855932253 5.431395762770296
26.729762161372978 13.591532601700122
0.50527257415307658 3.7350751854206656
25.01208269434272 10.474399955270796
4.1606186128795972 27.636593049882084
16.536197776994975 6.5521235726578659
0.18562692152412927 9.1328027128953195
3.2318560279818205 29.095809803134813
4.8903512442241812 27.06007286164316
22.830235573262023 12.269741828903349
4.0870803514162901 22.576623379850794
20.546977953048305 26.041514378385909
21.462866207868398 18.138656442801381
11.736619659638185 27.883239204682091
22.45645039787723 14.867141016619316
14.649157396861373 7.4807964833513312
30.843442505583219 6.6245006011390224
17.287729868550443 21.646628794864455
21.693536573168963 17.17432554272796
12.12748235655666 0.53867722999322798
11.211832406773834 1.2659708421086455
5.5343389989854863 11.952024752246713
30.345993716487431 26.312747634768311
4.5692567960196699 3.3243694071237417
7.3486646574064993 20.476416909549187
5.2356863146516384 19.633042052265388
23.680163659161352 0.56571675044937908
27.191321155454858 12.670419941178192
16.626930262703912 4.753550095704199
1.2727470126438456 22.650491416240175
1.7588870669489991 29.351117071359042
19.383373443973532 21.701653017373793
24.354727147169129 1.0785414210435766
25.413899872493072 9.1960129584111172
15.720078542061628 27.267439047338616
9.9284632772331491 28.764972864295149
26.442946706641866 6.3695831523697848
23.555704271202728 20.930145298158259
27.722924637078556 28.670547258767719
4.1532688555432502 29.749171598782699
22.576384278339319 9.5102832225890861
23.151181953612621 5.9787674193614873
2.7804946943691653 19.753554880441587
9.9740211343266747 10.970181770635969
26.308524477475071 5.1555297148921539
29.669011937367735 3.399369778594449
14.217408448919659 12.934969478983261
1.7107889964730179 17.618191528294439
15.721325464621062 24.376059551745506
8.9191804075788372 23.628477983559648
15.093437671629838 5.2165326949517388
16.866838164825516 30.058636902879329
13.810188832215452 21.896854230553277
27.459227514117547 20.022579151215226
11.935200598533854 7.529564936467315
8.3910743402521497 3.5731259917865152
25.774075443075514 13.658456557782339
27.801759894006992 27.586276245055593
22.807510053776848 20.447592437884449
4.9381604090776969 18.075229373025952
7.5585702084506687 13.983040302033233
10.853031033071909 19.999307718912959
2.6002638333958243 22.646440103964988
26.534990256642711 17.683115849828013
14.957215031328881 28.109613605947118
23.123254338694704 21.86730874549923
22.846409000061286 30.711940094688025
30.966889194138883 2.7554899753075679
14.635541113648781 1.2060452238402246
13.016077912299489 10.623534448874469
29.771553606292898 25.514467510846803
9.1702183783061617 1.8925876258311882
6.4545972568765455 17.109308042998521
21.577991299295448 6.5883589837059064
27.670985895885416 1.2969837526709012
11.801017092067221 22.138727382757757
18.126950502104545 30.779512249206434
12.441749220654282 18.50376877402778
2.12233376020091 9.4365245746040483
0.042462819374881479 19.803587974028147
1.5177464423561182 12.787121663597238
8.4325153910486179 27.991789678113783
20.82084988249969 20.65619336361511
5.1203375528495805 7.9419920711487482
18.009376685849979 2.8740666292206805
2.3440315465656747 21.243851295049335
0.31806069095406786 18.948307945628265
0.93279020070922936 18.040172438496793
7.0059440682640028 9.5609223075238052
1.6853144618056124 21.883762524522862
22.231929256117734 26.685576089196399
20.931452533073642 30.527625703808052
11.48321370282946 29.805456324889857
18.126457855728123 1.1744975997609963
24.3991206949472 23.252150771540741
2.500645113140632 17.969677343434896
6.2548393983201942 7.6214523471492166
9.0201047026545691 15.858046088063871
27.078037135812384 24.698320213837068
22.514199413257479 25.62328109871428
17.422935323870846 28.713794541256803
19.590639411739097 5.0527551011868752
0.1995556697139107 0.2108875582288649
2.4071694968889989 10.435514357239498
17.321117294372169 24.151456935356272
2.4581997810824778 11.623370076831957
7.2552218818820489 12.053486145716692
26.292508763938045 15.46462954349429
26.063873916944523 1.8045436461364233
8.7326422977486224 0.24493019266078586
11.639486491978776 28.950201218563727
26.600698173163234 21.589304716985186
1.249282308497885 1.5071209295126635
16.613378849318874 7.4646390307822141
0.73915315821337035 13.317989902684664
16.030641026275269 2.3939432282918824
12.292050456097812 16.997480689268418
19.06495516652463 25.50128287789304
6.0356323525762852 22.541444946155384
19.786522289742333 2.1620187585121857
13.845697239356305 19.614497779710121
1.3419300455251033 6.170188836931259
24.302429613337289 26.480347075270728
1.5644551805311633 10.686649515740935
12.410203955456275 5.1757993523612651
12.067623860891752 14.471423295140818
16.132398344038386 14.908519997716281
9.2416094975429406 1.0499692644829071
6.1525576695632038 18.144142046844443
8.0113836229591389 13.003853088214466
17.534394927556452 18.609663582590514
20.345018671408283 19.687635338492971
24.196130340108194 30.231137021783628
8.0956599239589782 11.832814464867818
25.890714922503893 10.064330461849281
4.3037213343526535 2.4694433639078124
1.3769558607354093 18.988964082344346
30.56301699819937 9.4657946024787183
23.471138670053811 25.724022060892604
18.620957654933637 11.6503555148225
8.6852225242685108 4.5195361574536994
24.886885723684621 15.201855576829438
10.532137902288849 9.0382136510089008
1.3184997035693153 7.5482467105293063
0.42234398027982933 5.3407928656699992
4.1522866184463769 10.831212262451601
27.024377234939234 7.4117048071984097
14.474064688499428 10.41940531059493
24.825357529917973 13.946136938576327
26.812856698051508 14.603368893382171
13.296555459130058 23.413428237863247
19.217732348981784 0.42890772283972362
26.375797272517978 19.320688637260467
25.738825683744395 4.4242361692644048
23.18067465929402 4.0902592632490382
25.014082813158204 19.826476257227938
23.345950604829412 13.308632264451694
20.681505653355192 11.860052823594154
1.7678883608246807 24.241207862166984
16.271153689375314 1.2983823130343239
19.409175064050995 20.020087108904438
13.886173437305276 20.781190725164194
19.807947650280159 7.1625100554229686
12.865092641640006 27.103931710730869
24.992546798460957 24.090330110837598
24.729776581528416 28.471658548709669
28.955010568785795 9.2135452986044157
29.38269939553609 29.887684246771439
7.0134446360960876 16.337466144695966
31.382830564015233 26.169644414122612
25.352177134939605 11.506739255856049
9.0496289994443995 20.099671139808436
1.5192279670918678 5.2940094359331678
27.059044050904074 23.732513495951427
23.994456626255918 17.65123574579659
7.362566709291599 3.0268426831414739
20.446010296739487 13.109104667948589
29.634731162989514 9.9592033062328085
13.961428328827655 1.7228405394102029
28.991603331552156 0.36485094540784929
17.152110211816879 20.481053192229947
1.0172603267188567 30.003271704951779
28.644920716342696 27.392406972042188
24.818663361758553 21.181013552288874
22.786581983186768 3.1991397729638655
6.1316045141859101 9.6818232862590943
8.7489554954940107 10.853173736502155
14.498524366203329 2.6790514086986437
24.943130064362446 2.8266010857857755
21.886761194707617 7.5391404403238615
17.587008210535899 25.565915833167686
17.19010126008024 1.5661037985746271
7.1151143572738045 22.866785736743832
9.1403351868886737 18.884875368449347
15.365930610521319 18.976928986619168
13.155877026832771 12.973942136469676
18.817571139111585 12.630886467555966
4.554801505569241 11.988790368989591
5.221037715726295 30.4434523453344
21.154533540083776 13.977748923774511
10.386953974810542 7.78378402738287
12.450292547542402 19.807971541644129
29.013740708822308 23.86412691130116
22.232004983074173 14.030596669741255
4.3259564285739351 0.23432352423214775
14.541095902174282 26.318898848238035
31.368362848169546 12.882575793103047
19.771397657461666 3.5778597019834169
26.74634362330729 3.7716150936685295
31.129964040990348 18.412942539847219
16.344422230070361 11.167455622786342
22.036719843859874 23.371667461986384
25.647766370171052 27.045406592565215
22.051407904040904 18.901589948239913
1.2956811949129781 14.130447927250749
26.795236517598305 28.95757655637474
21.986818191784742 28.502736286747428
22.075788686757427 30.014006746183089
3.8838131465572787 26.486095090714464
14.192437820243256 14.896125189975363
7.1362760691701377 28.350985413585292
13.903140097459829 11.046189255336609
15.286505536707704 2.0698024816457261
15.908162830715343 29.768067537848879
18.532081407442696 26.299701108442196
30.245702783732057 16.568898364575499
19.252938864771075 30.853390756587221
18.103090819761025 23.600801690053228
2.2780362526148963 26.027880460326173
19.223180318979317 13.704281073935043
10.51069083802226 5.4572547578123025
18.374760762661065 18.41304891283864
7.4610870875056081 7.537985436012149
18.152307062588338 24.916299772433241
19.123635796306861 7.6932993088146038
11.871098221149929 30.732276822730686
14.274802432140236 9.376894289472208
6.6009821950127998 30.297465874307399
22.604714661927733 16.689961657123433
11.50150415566487 15.54093800469254
25.14328781050979 25.096244275968445
5.4493523341727803 15.080812196097348
14.007308010254251 22.832281012666119
29.307250925600805 4.4563961740988143
23.004413736250271 10.43701152917231
9.6704392163338913 8.9234740357267075
9.6753605560257281 16.612092032144005
26.109743376273947 25.177571322960741
17.863112332897739 22.575890927860559
24.954286987118206 2.0057445597912893
25.10805179739128 12.485565888763297
6.2390124577241277 23.569866413741604
18.963469938514965 17.112013486474453
10.367706764131249 11.865307750700579
20.704153464078701 6.8214083210766834
20.976336567231396 16.707676880811885
22.959756963844118 7.6928458205381274
31.107791470820395 3.6025184466350382
24.196501263360801 10.362579891251366
13.438342750918881 9.7122076215002906
21.144694226833803 10.67554151456679
6.4993771165323135 21.089219990116661
30.667922559178706 20.9330161398142
2.1377091865169566 3.1613082708496245
9.4933217242855594 7.833711069881419
29.184417041353832 13.951480845194569
9.8789166964771855 19.425851587187079
11.217600302696093 8.357563185595108
12.074206073513174 12.368214351457086
17.781589524372478 11.067109102512273
24.423310059426246 13.194511415972837
2.84707696541268 12.553140399117968
4.7318480080057137 6.1851393382255084
16.129679458558115 30.881013613536417
27.719815926752403 9.9669693479407968
29.022168177089494 11.065739651910869
28.758999333443594 15.619298469959178
19.134742842837085 28.351055591445014
12.61091248928977 31.386980237177777
23.846629741137868 12.346223751974419
7.162852885591338 17.852302445573731
0.74676844256559782 10.213814517238889
6.6164638710540968 29.231042498945197
6.408824609722525 11.803945792873378
13.7473882680895 18.059867900470273
28.603098579771387 18.345682091367006
28.548791606125352 26.149877471206022
10.96483365408104 7.0643938306120511
2.2137891318450706 14.297158232197258
7.8984923742204165 25.501252134176767
30.29102912916602 4.1298414817054585
0.11533743094779947 17.572398878048155
21.513056310973393 11.869934307752439
11.582379473602971 18.302957590114939
5.0607461306340902 10.967089593579628
7.7412619531612785 5.8566320254269995
22.582667366129161 5.192211912890258
3.8440182503826024 19.531096017865082
5.0295591580836501 7.0816517890518806
0.088650938190373854 20.710222120459555
17.079043239746412 2.4570821170392412
27.638297077669847 21.324327701730198
2.2875573588846638 13.302921536265856
29.894625707893265 0.67330688807329953
5.8091071628008581 27.28200236192157
16.696176062751082 12.768913377876327
28.626853650418219 1.2985327369797495
25.899584693390253 20.12351496622485
30.534837990926196 19.103971083646648
3.1590598931919001 20.61355331496652
8.0914823798713584 14.872965167870596
29.520755543036117 27.924062755174511
27.146007515401639 16.887577730952071
7.9159412209082722 28.879971779094522
22.202079404826936 21.410010319651548
25.716833863053036 14.670053564385592
23.241703505487706 26.710243427610688
8.7630575240609438 21.054615265486088
26.206117106126811 2.7250037280819965
0.71228254038972194 16.730059303762651
10.749364869721255 10.125864200667415
28.293440383652449 19.144333170495223
19.25281609821274 2.892376537595283
12.526783168839268 2.9482569050273186
20.185006858489601 15.051114833566963
13.873632748492724 28.701296846474758
12.708103570442665 7.3827460270244281
11.453968445249192 13.581723322713788
2.088336665985735 6.9403751570510046
21.262993383064277 14.848850431032115
27.677053642846616 26.510646273424687
4.8223293533544691 29.174179540633112
24.072515072100749 5.6618873489569541
31.020183492516601 11.884720058170869
16.787091401612198 10.382545312706622
29.065908739099971 12.046541073657931
12.362837939657663 16.055454853526303
24.771842692661107 27.521387201977852
13.576763297522996 29.748873332316307
15.925857493594728 13.572123988550263
4.6969623968212426 21.831438970561376
17.253572029901346 8.4086163862003627
28.949484953388843 25.082042053672165
29.996651309322619 11.474593268993978
12.004789551743176 25.887594059924158
19.922248432631601 9.7634419319806671
28.0176861264396 23.140762189943192
25.998181672637042 18.419723516250563
11.57214274556371 3.2316889876215131
0.52365389361482428 14.608558271267228
18.291682659241609 16.127210607984267
1.0178632768994123 0.47938626522821287
19.493243813128938 18.930118164243527
15.088162389817414 30.24681948162204
5.1100228557939475 25.02960520964184
20.407236309303428 22.031233221933856
30.906368982026571 22.968314811105234
0.81452169954183107 15.612160038004101
17.005172477284564 23.14218622132967
27.459375258695552 3.4852051730778189
29.32801613370912 19.791498768278625
8.4530596254090682 6.7530825591328671
7.8702854621300951 23.350125456069588
23.117718545596812 24.615538969678443
14.335910959647638 8.447688570763777
11.933192018521231 26.944335975680318
14.492438125317182 0.087807638651113226
3.228959854144271 3.5348414979289302
30.150196749132494 27.300627875472497
14.010209977328701 17.055257126379534
22.534307300064434 27.605221868533274
26.059582716427435 24.159494634720765
20.730926047090907 3.2644655050291038
21.261896615716363 4.2975054847727794
31.298643807979904 10.99735159576306
15.684207409965708 17.282993769241415
0.18772069920353765 28.446929872408106
7.1990107023333945 0.47344789482202865
3.0536364268411589 24.014265579167432
19.856223762408611 24.92782556383105
16.589357573182937 22.238463406821023
7.7562975391239961 10.797968775456759
24.246325735139887 20.275446471779443
19.061814787700847 23.283249579820293
5.7542822820070532 16.322881390010838
9.2048926937805646 17.922266892474124
26.14760647329085 8.4863678649719319
8.1815458070320819 19.037999972037511
3.0379643883338003 17.154482745256175
17.610578815871904 7.2820311709874286
30.368468319826842 13.429878645493831
29.737911070297152 8.7002051219238048
8.3549483554186814 2.6101180638078025
20.83517914620527 28.680780259441448
17.713727093574114 6.3010437420028991
7.8223241698575947 8.5898619505581202
19.285009443835786 8.7829506679092031
23.573412714858911 31.263158334781394
4.7655580516653853 23.653121918139608
29.6560045713791 20.629282800155604
27.929742388222468 2.4480404680501922
11.441788542684076 5.3465955134910113
30.833972750962023 8.5801082020166675
23.218530797882188 15.466043958389735
23.509544614404991 22.794841513247551
28.394342582872387 20.182274048774183
11.101217194945875 14.724229199004814
17.842106717168388 19.935759260071563
8.0398988142198409 0.98673513667589574
28.508854963221484 29.542185214320668
26.227249548423995 29.855740364146925
22.452251804079257 0.12882208584375898
14.540259175452407 29.364370375406011
2.2285615632170788 0.21681258966484707
25.734273446747817 28.956067272872016
3.8880498302491726 6.8332160847561481
8.1478454723593483 16.015477694124616
8.8361999321267763 5.8839678205824102
20.303003036531624 4.4064725047857829
18.516421398354421 5.5187745048816961
18.378316149949452 0.090315989441960898
12.930618458062227 21.659687370960889
25.847535155320344 28.009244490527486
13.873700631545773 13.889080721105396
16.639097026379975 26.674084300013213
18.224203486984493 8.0280270684366215
7.9970936738273508 31.262530434450667
21.331100439051241 29.456042518571589
8.7981147987144173 17.073329803442757
3.0786980646678499 7.3788393226908262
0.10683131323609989 25.235729073023446
2.5122495707421511 15.439788462818894
25.614949224651724 17.167170823547785
19.320060956523157 6.1419732466805375
19.81868137701839 22.790498963656503
30.578477808273178 28.827905488765399
31.362394450619277 10.05802363237677
29.581117064913848 15.185354776381295
26.148584277172176 26.132661671203842
8.7395507950540061 8.7674541923735152
25.244168473765743 16.035574446173261
1.729611142749323 25.185450114982391
29.866449520605144 1.5424317546794035
27.429635911467948 22.319488208942506
27.191783915439299 5.9564909739426728
10.300339438236943 17.28898041996127
12.659286396365847 11.624772374669346
7.9451545372029209 24.322842654254796
30.279876713505413 10.603205808542228
8.1992272987371013 30.295785202806119
25.183033722891668 8.0362335112512362
7.9070142621877872 1.8242750889297807
6.7126448013657347 14.403798332535821
7.4412632498363367 26.384259854645727
30.107170603237485 22.152035898965245
3.1145580387889198 26.95660185459381
31.213269442828455 30.727538203505599
25.550945901695506 5.960715195353413
18.415585297226418 2.097303913378294
13.755974891317926 25.460169260467616
15.272780946152723 11.41023388835924
13.407802716786218 16.43976779390988
17.496665880494294 13.37591023281413
24.679676279129051 4.3326596333339014
13.09976495108811 14.322863891508222
19.993403946104834 31.032162747120314
30.238919331890571 30.175905632038255
28.19693435702083 5.7726170326994488
16.159691063955005 23.623074836412062
18.128142546040326 17.40415881771936
24.22951628282614 18.720312347817373
21.773932518336888 31.030027045157869
11.226822681385027 0.21344293409923532
1.5604561511289694 8.3885276418368377
10.228426154616646 30.3709041933948
4.0337181715546073 7.8608622566198791
9.9948639194249527 4.4747974305213543
27.107544956877309 4.768443804354491
7.8946134208801642 4.9677192343968199
9.8856928530191759 22.506886070536801
16.077396557052268 15.897466375191273
18.433518103316285 28.884707870129024
1.0479738055015893 21.060419346972139
23.690057060765913 7.0821852975627824
18.741733724363144 29.94192868081582
19.204049300002431 1.4102093746215361
9.6767116442735297 27.143337735078578
17.637089829065108 26.58373761485236
8.8813085193612658 12.646300954583154
27.336436634871987 15.872776479217515
4.7823971275451607 16.29481420326157
10.599974316062129 25.770356736265317
13.043962839703426 20.495856528321248
5.1847809464691919 22.874727515030038
30.913418266993514 27.978401433224025
28.604533352454961 7.2030897463454018
21.57538129918381 0.69820497785292668
19.17628002631163 14.877360489915798
5.8975680593729498 18.929467568937081
18.38516705621058 15.015657793943511
15.327661212183205 9.5166475329362523
2.3582060911020295 28.451048489588814
26.855697601910631 8.8793329436900361
24.217703091579324 25.188972092106273
21.423099450991447 27.709147148622758
4.2597585870339829 13.104355468624872
23.921905088641239 15.890559496521137
5.1487470855430466 9.924718897242002
0.39846539669853498 21.77577317663383
16.365466493660783 16.678217201300683
17.012449543289218 5.6500288761399355
19.777225003845846 11.547268134619749
0.41814509403065797 8.3008040552289799
10.337358121181184 24.646310801475721
12.288825667159863 23.572093980091807
6.9752265543422167 13.112756400246829
5.3732198737203376 17.303861077047415
24.362164710460807 11.548834787427511
23.440442899588852 16.870147191468554
23.87103904781867 1.9509004388072675
30.997199633650283 21.780462776870429
28.88011249534598 30.932641056596644
0.17808546743122725 22.707848930475741
29.827842604763955 6.8014714097634892
10.201110679921783 18.186093911675027
6.93220909628121 24.12923307497082
13.274618508836294 6.2294962429044052
23.945922322352683 24.168291695963187
28.268039253622224 13.192360868283787
20.137466841078552 15.961425775683491
5.6397542903553548 21.607009773519948
23.64850828866707 9.5250229221356353
19.711152331062703 27.274137555049844
15.014168016580607 15.765187154456688
25.066964812111181 26.14002948248589
26.864158886192705 1.0987255999054091
10.511022278855576 29.496371062218572
7.5282304294956308 29.824567648727097
21.317215600074476 26.57036166647201
31.070108964044554 0.83134172351563818
29.540337448842592 18.897048162012293
18.959959338541729 9.9145773773609402
11.282070387428785 12.219799424939183
8.5177451249351126 7.6722957464674089
18.354550467047087 9.0468211834122929
16.525318757577608 25.737653358354965
28.533280487503337 22.224710095256228
6.1519846962523328 13.00708205614584
14.266567959070212 30.628656533785954
11.189185563211227 16.51040606409558
29.456415327603732 21.544840318234368
21.781885978250532 3.2841172314123575
13.684723851085181 27.840908133582843
22.757532943893143 1.0022118597037029
30.589949535860356 19.967832624911786
21.853387998446333 20.392558337314508
17.605260723444065 14.51012426976358
10.51316915732656 2.4902817320472068
4.2772063207873581 20.346661825670967
9.5253601084264119 25.185252238063953
9.4380954309709537 3.6891210424720535
2.7828664141904733 24.826003887810767
17.954600421029049 10.22090473925698
17.865577627465015 4.9653390018881129
18.597293231786221 6.7611255789503382
2.787421084674782 1.9446255167662378
2.2273420050862129 18.986616597371331
26.675506768339236 11.949015904821595
8.824097754556373 29.149302755738482
17.414496623591656 9.3941784885359905
8.8833828590511903 22.638071174543985
3.686443467259338 12.070451132554426
14.617567151477894 25.201866959613938
25.961234855660706 31.16223322006568
28.603808896146756 10.291298558134121
19.387929457478144 18.07622794674181
12.419578782819508 6.2639956247036324
6.5835142778415987 26.326542518195755
23.003181414155453 23.503254007700022
4.8995411698480478 1.057905812867344
4.1447484008649456 9.7518018901325618
25.399036621174325 30.42283033556641
13.653344460379268 0.35637363088750423
25.517315989328338 1.0518426386450224
0.92591148003499202 23.549936133651617
9.556657589670257 13.700316106176986
9.8181639850764224 31.445230403838515
10.923924080233123 30.955929410215241
28.040240114755971 12.176783571208031
20.535727084820131 1.4559353512652222
19.9522428542471 23.992469215581593
14.493937478495694 18.597133461085789
6.7857255061184549 19.621375162453475
2.6078867578017024 6.2285641861061736
11.0328123592399 26.59110163831873
10.578310850395685 27.404732306133187
17.466372132547182 4.0995573134948344
10.99657161964339 4.3471489640254131
20.024915458711604 28.440240535348408
5.3779604306329398 2.3680987532204214
19.550591394737857 29.505008966181183
24.940563486883089 22.459616011819335
3.3231961266458172 1.1556788070902799
14.853455139740952 16.5008270081542
6.7802512512914648 4.8306577202009224
4.1281912283377693 24.288512404230737
2.4496748231621379 16.452660197556725
24.605942233073677 9.198522516836702
9.2032298856687422 11.671748009644061
30.060348228274201 23.306394318541578
20.622132298709399 18.762141936479221
16.539518529567648 28.923437774890953
5.9623999321440397 28.506691887143372
24.089554873670643 14.685860703511523
20.15523368448655 0.62445613990200477
30.671351008334515 7.6720578633681358
21.781333922289381 5.6321733105110017
27.158179623348747 25.722846663673657
0.84959036671059529 26.635525023404206
29.961902813762915 2.5657659930282897
11.372717091224359 25.165511161494823
1.6105140710839592 11.830982223583709
29.193047184931007 22.82591487580234
12.260160778062488 1.6071276727354917
5.9811808435215088 31.172187983981857
15.98272594919913 12.204315544472928
1.662566133239276 27.638942369966617
18.778166353083762 27.247535226949712
25.166262958322044 18.873584932083794
6.8804026693105138 1.6749837950015636
7.6721328339399086 27.342541228490749
8.1120842023883917 22.216504380209855
28.673245267862026 28.551680988159486
22.277752038926931 13.054109558200315
6.0183416553849263 10.737528887422053
7.4150091050074662 4.0158641102574943
15.743734875665201 21.614783198754438
0.71631571651426984 24.608385461625421
26.822418775437907 27.900820501684283
22.59945287733262 8.5961668204240542
16.912944091140968 19.273094194823809
1.1692809916866365 4.3875985621806315
9.7372240445848917 10.038661653875346
20.580410733407245 27.369431970146305
3.4927476215545958 15.370909501458604
14.757107766843102 21.020931700733833
10.770825205137944 18.895542191052201
9.0694440551124593 14.815162530526667
27.152087061726835 10.908626377453858
14.921926726992432 17.678336912211492
29.235529756644777 5.260619422638463
14.536989799642841 27.300877489046677
25.639949168468227 21.102628116126148
14.879836033921558 23.252552646821631
13.108286319847 2.2031294381246447
26.376638993187505 0.3282907521782486
23.261578477151247 28.294948965365361
22.347927352506087 11.492310938677253
20.889290298162884 0.028781671727074545
23.367924753912991 29.831642952466698
27.465633118266137 29.777973099237624
11.485808917763189 6.3629121358584637
21.390414087061959 19.589037817196839
3.532705871239135 5.9541042233315915
17.854601601567158 12.4442085679337
3.4548553480371544 13.421643137535934
9.6933469988321779 23.891772788117976
15.488393313085089 10.455428085289689
2.5354239133646064 8.0798601944261605
10.29822813634901 1.6063832984476027
19.096040315104673 10.826550605836601
16.244086283843949 27.999564337661607
6.9334359856362724 21.927233253982596
4.9575082018932202 14.035916855780666
10.232603735787459 0.57473834668798318
27.705925943795631 15.038006129714102
11.511854541851504 9.6056258913270618
17.280023365904491 17.173227356041743
2.9345637141953027 31.015135763872621
0.48888032731592795 12.203314326040431
8.7482509300305278 24.794082023867112
12.887125722677862 17.586087511337141
15.415311902006787 28.85432851405066
23.682385950854485 8.5368470296638357
1.9179131620937961 20.333574036411537
23.201108912525026 18.315150735106052
25.679248633148344 23.283044724349615
31.580958227269477 23.872990602365892
1.5616019077392513 16.56771203390155
1.9917551331166581 4.0048438229252596
3.8601409536397648 21.321479199602731
27.232665246891127 18.988368496136545
9.3723199136953692 28.05340176300475
31.477600966219107 15.697134846664275
14.707495508998761 19.807699536923359
30.210896207306323 5.7383827806115546
31.287818926739337 16.61670262890356
14.931793224449263 13.8531710728435
15.88629133980811 5.70641460082346
2.1359444646422516 23.379732780362282
6.8707904875483035 8.4485507686202777
6.0257246220090304 20.245510790410748
5.771609098143597 3.2058803045481215
28.537332008958725 14.561479340253797
21.650087060811973 25.490985100137166
24.424240580914478 6.5861624827935499
2.1632178842837568 1.0436071400460527
20.710374105891137 23.443058213853714
25.962605400411025 12.663530356322331
4.7215104925143088 25.97707364709553
0.3301339201615176 2.4621534742737969
5.6112706822928313 24.248589831099832
29.111672380936337 17.388430534577548
7.2675255202549094 15.333953259180829
11.704943109072689 19.49889423706005
8.8090896781420689 9.8556089709548349
7.7881145642109049 16.965170811593129
12.101689857342667 8.6434331813126111
20.738584095499448 7.8688888396028824
22.196221570873604 15.878816939866491
26.660352429805585 22.885843982099516
27.812724573600121 6.7960785483557746
31.514336748383055 4.6158782929779374
23.679725463507715 19.460667066626598
28.120613621355133 30.555411161011417
16.725809979074917 24.786704173966143
12.116011981506265 21.048135026373679
12.95829404090153 8.8581170944673531
14.490525037985126 6.2877823020910544
16.653645476807743 14.043881372434166
17.094187670579984 15.309643290144564
3.9443704516301836 28.487555033790816
20.947403343340525 5.3288356461392139
24.357315430914277 7.9103842433197968
15.23054341764364 14.723210206914297
2.7084201522365992 29.780773330599594
14.546545427257563 11.917133841246104
3.2013875084073895 25.702396852254299
25.070929371804088 0.23877970504359453
15.363327283311806 8.5319433987313253
20.459182856281217 17.816421883186379
26.123302105339778 7.4188833507549869
13.795479777713457 24.227888732099267
2.9449706802102873 8.8939512957114388
22.921625106723386 1.8628595424484657
19.715587984028872 26.250412276974657
15.491470701658427 0.80757765885136112
29.305227024796029 26.580025141258727
3.2564456871385059 9.9143346907214287
24.907752603219553 29.554094145523429
9.3895262470531051 21.634582448211518
23.818536900819417 27.523264988948707
22.212724174013985 24.472176535272503
31.066505718893787 14.768789234596127
12.835943133233727 3.9087359679339424
5.7935214662125443 4.7890353628319184
27.322479592453089 31.433216005306249
30.392706778837841 15.589603408593993
30.889291010072753 1.7529825034608237
4.1492893622991911 14.412513283839399
0.33114983554883032 1.5000545670917689
12.314226770565197 9.8935717941804135
9.7411579201687086 26.199640373912366
5.6815694816413167 26.15278077541306
18.092068645787865 21.215274606240772
29.819647258368551 31.109596835174735
1.8230785157550242 2.2593955212472236
18.942415067252696 4.4057322274088868
28.009931463093583 0.22572417102765949
7.0158390300457629 25.122158306505053
5.510018643836494 0.23753218415092606
29.357835353077778 16.489294952067397
5.1440975587529616 4.1315289377641378
22.604988224445798 6.6651086496225709
9.9637791076415567 15.164873022350772
3.1196609307570706 21.940078644226563
30.668844272490599 31.532273007919073
13.794275694972292 15.622283940298706
24.554363510059851 16.675753689132225
23.677255973514075 4.7772884943947194
27.08859781908625 2.3382822626328585
6.1174921989257127 6.7937347395639538
15.502957812777504 26.355466591444181
26.81005499902037 20.593988351639979
26.891595029979481 30.584221453601383
11.921363218751196 10.933189218058407
30.624376303447423 5.0599848508643221
13.817101728707533 4.0772775369114163
7.8304630239197213 21.328141806037969
11.575208138349756 2.2612150852873731
20.307056585526077 10.641616758490686
3.3124275436465678 18.685794385443753
28.101932247230803 17.373409266674223
19.968389745244384 17.02288176586827
26.756691594183483 26.939609845917101
16.897363055695003 3.4326754491741873
21.302885479627207 24.19512502441561
7.0355792756098383 31.118297648925754
13.68647538087936 3.0904756477850763
6.658789890801458 27.509266632112965
11.078340251211541 24.082516699084437
12.684793022180839 28.192553145815811
9.9687649749643619 20.526053540163971
1.4332116029785447 31.192379405580102
0.45670746650573335 30.761725633448176
5.692062572508692 5.8855274660895365
12.774489547833166 15.237136552847439
16.351270278229112 9.5857403340180358
28.110427362211134 24.103003968169922
1.2362065371177551 9.3529862320903749
11.34033418625804 17.449664926210545
6.399106715386468 3.7874836038482349
21.233395303828175 22.642699285484717
30.600663873101709 17.517598006747523
3.283619400480549 11.080929993167521
18.772449563663169 20.747578824121021
22.083182330197861 2.3530291981842524
11.144461722511888 11.076568470912834
15.63202067388845 7.533144028520355
18.386366286242389 13.727822096722605
19.739394876809211 12.583328406712461
13.434784923038162 8.0861953850102815
16.370579320482427 20.918771089439169
6.2661879964980818 15.488644888519444
9.2886863961457937 29.831011004643393
26.169216527766309 11.11885694346693
15.022655394392132 3.4412458900375138
2.0397010144251491 30.50258052325778
8.128572032867778 18.015385934264895
15.675165247502267 22.752333093563983
18.038640734004019 27.789331914305389
31.308838653258121 27.065294026744187
22.259592156671072 22.434592963264862
21.961807391452822 10.509756923412224
19.19399620772024 16.048459122067204
5.7191562575542081 1.6043864722833951
12.400832398523434 13.390967235469518
30.215474626601143 12.502002348787
5.928198102822563 14.084894967699572
13.771718657600948 7.0697165021502588
29.802707106586851 24.38247417006901
31.068772082870236 29.677913531160964
3.2842141849155064 2.6899051805238172
17.138322621097466 11.760820352432496
30.785476458677952 24.239294402645562
24.980241850688099 5.2893215360124346
4.2149101771455113 17.100465741421502
28.017050442765129 4.8556142656545394
5.2154904790988361 12.995431515437771
10.729563655425107 13.159123608295495
13.118426248577274 1.0260991253603537
3.6582246195874513 30.474826949616755
28.042526627675638 25.1507328160741
9.553952816455805 6.8046789324482493
7.8754967947839383 9.7048445767315989
13.226620713288883 19.011152242213019
16.000675511366563 18.358718806175229
12.608785192467151 30.052094991886587
2.4880039841359247 5.251714192069957
0.020267120161092216 7.4650313981767624
21.392077354414546 12.908491401292697
24.573119570842643 31.163437060086185
23.392669484817969 14.165434132035495
14.672457495618554 4.3491239868536322
5.1480200642908773 28.230763343040426
8.6483116505035884 13.850619240435163
15.850021075813316 4.4314471123354746
4.5718143538524529 15.370287190182706
1.1275269240166195 19.965123852513198
26.255266599839576 16.406629635666818
12.818976223387041 25.812177689967015
10.416571774352123 21.330735997971324
1.2255352785278169 28.594659080378555
15.223233946076489 12.801009742952516
21.275633785510102 15.764360496839247
4.0257892397285175 4.1358922828226037
27.435717683890587 18.104316614084848
4.9421021160039986 8.9544670011583722
2.0144933205921558 26.852634739826236
29.703836902035402 28.930260538841978
19.966675290442236 20.937372946545903
24.970935844181092 17.777303114344043
13.57866886543594 26.601233645520868
31.490319692720036 6.023387423233884
1.6431245851221834 15.305921878198202
11.429399246024476 23.152803575192213
25.261434470130219 6.9367577379695549
17.710442820848204 29.727819434477979
15.35192196401746 31.355247362730406
10.564877592745619 3.4428368507071094
16.46172754810004 0.25538715039408699
5.9107710557891968 8.6734376405464477
22.641635973352759 29.172200091042761
3.8526842907893712 5.106115404979632
20.072794749523375 14.081888497235564
4.5406580661440783 31.005509019916662
22.779853760176966 19.439507630205636
4.6010134765176263 18.906609785096478
12.975246280909865 24.701512533003896
3.1435656998204311 14.36183636843635
17.153898035246531 27.57987563670563
10.315278843865912 14.206383214306292
14.720472951725096 24.147081495791483
4.1551593231309756 1.5965653409770477
18.530546960666303 19.460916299439177
4.0144655918345267 25.161635736454212
21.557354679710226 9.4627037829635476
15.561577318466508 25.348322673686699
31.389199498859401 13.862158570489777
17.387500574589541 0.46382383961370965
28.361860585799516 3.9988018881896013
14.844047926548118 22.033424405582913
18.442747455134981 3.7065755240511704
20.260223781098816 5.9147213530191012
24.173234911498152 21.879001038991209
16.757268715150001 17.952328538262684
28.62013777503908 8.1402160844169895
8.1037960260687516 19.978572019239643
17.435805078837024 16.131201892075147
29.855314869169192 17.991048822296733
9.1249875291930174 30.818071358546295
5.6867862857871776 29.694085667975216
20.843677215429313 2.4445202336912355
23.937422715622372 28.954386973950946
9.4997498721343678 2.7778740497473198
9.8514582797096715 12.699061900973737
15.51148210281322 20.35370850749981
21.59132787035589 1.5731489901439817
3.3854380483952147 0.23057847037905957
11.388663013397089 20.793099024429623
5.0924411545280233 20.753845226811798
3.896543977556993 8.6957925031172181
2.9050231597976723 4.5112336971917779
20.793243159930718 25.015183294104634
28.685839786890526 3.1463812598408558
10.182678468682877 6.2867317090161947
25.66653695609569 3.5126232460812008
27.583086800679933 8.0975856595714397
21.266578455691835 21.544051116550033
12.718325792302897 29.084623371813738
10.947582929696136 22.045726532848139
1.0454255369597163 2.9673544125755065
8.6113042346821427 26.925242209789907
28.209825275690434 16.383961200208972
15.947685538272731 3.4307279723686719
28.51076088824232 21.135259204722182
23.437097079819107 11.229739203950428
26.730783974695107 9.865231277721092
27.912571120914652 11.287573210470045
4.79496427323686 5.1788558459063818
21.549184578607644 8.4061865076520057
2.970964525945555 27.824664096606572
29.261516971452728 12.971523460698355
6.6505888700157678 2.5051024413729106
13.493332168575588 12.040166948645654
13.379880126221609 30.874556608599441
20.748102103529771 9.344908102580618
10.41955817118658 23.169436889268699
30.119518859199978 14.31703286098783
10.420766706914879 15.922329898701946
18.881885959677874 24.324947646332603
3.569461416567894 23.243727641507274
20.112910534788622 8.472544180289443
15.388730856050865 6.5470532900154099
