13.696098933174969 0.20113123898361651
8.7900185858891753 19.992368842552487
15.315383109433442 11.31385058630087
8.9716194107248413 1.5531486745142136
19.342698916791083 16.682686392641205
22.509655531346443 9.1940411581520856
12.812295405983821 2.0864848047423017
3.1793092236520959 28.706851763821
9.9907313854394637 9.7962511903818434
21.13280083148279 14.147896323405201
15.910564742523864 30.499025684501408
7.0675666648350619 28.340374512056769
9.8631864745123057 30.707071322510952
27.635737175632201 22.295563331010136
23.88257435338971 11.688984908386038
26.186707344083274 17.127615681325647
16.688129555426496 25.893357535031146
19.358365151764048 23.530934387787795
23.518805283875505 6.134322132826262
16.942937601123393 1.8439621110395972
29.748558550150989 30.122064081837163
8.0591762736805759 19.424254362603566
10.075453306804363 29.43493507112807
30.079169198312094 20.794256114636141
14.654715925025755 3.8966169167101885
21.099319375196384 16.255806991906407
5.9155103166719876 14.509101594727028
0.69896810136691512 1.7447439088569767
27.110603545678593 6.0780105195684531
21.310851309727088 20.15602629554083
30.48018907759624 12.84060124926151
2.1362191873090244 13.285724315129626
4.7558829944997925 29.555350411801971
1.2139499573308135 8.5368668087164483
14.616549981185367 8.3483915021036825
11.185691547265655 22.380303990197262
23.995483185651139 14.602031073298368
2.8767867737670132 25.950949308347955
24.20893884737572 23.97129182074497
2.5143926228505955 8.9603003222285764
2.0375727140311382 20.303862433919601
0.45305926916437816 29.792131513409778
21.077608812418035 29.67107455505494
23.347620960897228 19.164473903959184
18.197080707892397 11.6273923569837
21.860212222194345 6.1453076957329591
1.3892512897195679 7.2512015014750171
25.482984804607224 17.751256660491954
21.971899119538808 15.626482235407584
10.785141186131005 28.255611739561946
15.889089038856438 23.178840863497353
19.102223243907584 18.365867805968318
31.221508194764059 27.921978974548963
16.740031281556671 16.281908722170954
7.0555222364312735 17.241343078107771
18.355470081125517 14.110856556527796
9.2295785170959466 30.040438353242468
15.153369137696284 5.7093165163832396
23.150887522554378 2.2920397037643609
24.749288910534823 3.8365589675419325
28.100519701517527 14.85536537239804
27.474540591998974 23.227437204407529
6.1592482872464105 29.259927159068205
10.899040634508653 5.6197892320685909
23.838578113077268 18.391186260427112
10.335504457990485 1.3171544207115118
26.833486074471629 1.8682223358864991
11.739615047985083 10.815532577672336
5.2518233984753708 16.691500993341915
11.473253691616044 18.460692133805992
29.616723319371449 26.337579579650875
9.1121213616990211 10.131710617697935
7.1193043694230393 12.080359376415066
18.375635277306287 24.288056043838488
24.609272436956566 16.503165311792234
2.0616498026205963 6.5296129969222036
12.648490854558542 4.4989378815647063
13.452462218716077 1.2695200090240453
26.735843532945108 14.398958261837503
28.795262357514222 8.8237866567874974
18.44437992667422 0.10453460880562639
14.279741119526475 7.4476212771130328
17.480444840237752 29.756038002010659
7.9910245123593659 24.78227997613482
13.154529771941553 19.848644300244079
21.681828927722641 1.4168219692135133
3.9477634397728765 9.6172467671635005
25.812504835926909 9.6832938194537199
16.804885259453012 20.337667243370909
10.746428579723936 26.036140158124631
0.62656803791701388 3.6994317207077749
21.919611113762365 14.757619367689864
21.715719353386572 27.822928163194451
11.85331357138627 19.333939681636402
2.9408828334732529 0.72366238595322241
17.591388059837008 0.91933528651746887
10.995323133404955 13.532158845969899
8.5384855334457708 6.9029768510004113
1.6248186398160269 27.857864616758903
30.203544825727455 27.225174452124776
3.7899928406176526 0.14990003583877168
23.158824494413871 26.206011827130339
19.097488350493624 24.807182851350156
24.803583577977744 27.044988936888238
20.08039002324394 19.523391510486135
22.500429295173156 29.672887500473365
7.4057133917824611 20.259345858398547
14.091495058302781 19.013801678829481
9.9853204844863157 5.4797875180535494
19.085457007394869 19.338526568899649
9.818347399950758 6.6983130022882396
15.216367555964306 15.598565723383892
21.841576855387139 8.4723651597420915
25.278852502062946 7.0992940965725539
31.400344717250892 2.8335509237061123
26.955780088828373 10.31531771455602
27.825194339650363 1.1640764204034624
22.331940737503643 2.1857083289065193
4.6516372031819762 27.143549155947618
18.964442541184411 4.236857981358928
14.294332062125923 6.2918215481944495
6.4489527990799456 22.113298172399759
19.604565422766257 0.10426302224591476
29.335533840056627 7.0600278403402692
3.480041611973431 5.2448662872198568
19.918208240073227 6.5931576610372797
16.401914043159813 29.735091287895493
28.692124422757367 10.131945299830733
1.4600249129888381 0.84785174622474102
16.269785589759355 25.052836605833122
26.500797401323158 19.73171958213798
1.0422012255155211 13.118123107206976
20.522231319590063 20.453802839450496
28.102489738288153 15.772079416714536
2.6940939220907203 15.017585038143162
3.4387072280122144 22.86346385783699
7.9482000922514864 22.124604654212149
19.827885130118851 4.4254011254212156
26.245644333249079 8.7533085703687679
26.951696958015308 17.575975871399251
13.992300169062547 23.627193822469565
24.417476658026999 8.3000959784602433
17.723939136085921 7.5664698451797499
1.8712056070607233 5.122130149050478
4.9420040643236431 0.98252740228803126
2.0261343411781767 0.20501230236963053
6.6555604584180594 19.85090156372797
23.538436687152995 12.746356307335251
13.513724794660849 3.6024460260743738
15.669109598479967 28.569629634051285
26.710125571454945 20.656143861079308
24.228829675953264 15.549623004575656
28.770193595903514 4.9966528661113374
10.79265532371539 29.956384923813406
12.179816769637865 23.445343121150959
20.757924186254474 24.952372355024135
24.82604849020051 14.103598064631928
26.640476395430522 18.517660399747932
18.643100619522418 27.982379259105873
22.496167513471683 23.778677747076756
5.0985552273848249 24.027264466107258
5.5785910660035425 8.4310435692570316
25.815714183942763 18.7212152869681
14.586686473610403 17.113465445101845
25.79023756255955 28.257063098861217
7.1089451288218743 29.355337362794359
13.90840573764639 29.773187604946489
4.0254127625455061 14.483216464107977
18.163027843478901 18.95202618162266
0.45026705096007841 21.217455594455931
10.010398952133881 13.385605237254302
17.183921483797352 9.6713042258621122
16.958778274510561 26.900609715435056
1.2401809563971935 24.791152111913348
2.3954233078324467 24.127888099672425
2.228377580082527 30.526581419437719
3.3725226807314477 17.088233177698267
17.306133125337237 15.135850351720483
12.951427503238296 23.813994902470423
20.301378897593139 16.823689081989318
22.79133542716966 20.146015873724451
25.143051503769573 1.8468817732300455
7.8805740637043824 1.859581375645919
21.680084522867855 17.037536964427435
8.1624901864296184 12.605813101962022
10.479223775587061 17.49753257226385
10.789478672865169 23.22587713745364
16.470892318959198 10.298205982413124
25.123452457377169 15.282771706884398
4.4794065801650333 8.585775295963872
11.97286983732331 8.9965966820932568
4.8907998412034033 21.17089138352021
6.873897240799284 6.6688232132707235
15.413722946960744 0.76097235792259299
22.327087508676513 25.483391051667887
15.921824684544591 9.362838063313518
21.497292040312036 21.462401897705252
18.395071883031793 20.197042486482975
26.462670943697031 12.70881388582618
29.333809349343674 19.951193834578259
8.1150277382857645 17.300119695927968
23.312706533317851 1.1740147419767268
19.594076349788168 11.740743100315497
22.363873863212813 30.442316327754632
9.3880670859536437 2.2528872028755846
3.2744547972374858 30.127207902685164
16.830651025029663 7.7889797779850545
31.143425766818453 6.9037358342672777
1.2890013518210941 26.918573088436855
0.99144821507359415 20.127218161269184
13.627850713536549 15.003688586467918
16.011632159374791 4.9261918786812799
14.569536024256479 12.949901927495601
9.3319363127807264 12.214996474120785
5.6785362204696463 22.946816051051407
1.3558911240274356 30.096439649461047
15.961375448099302 6.1524511426588937
0.86560841606285943 5.1230532895001515
17.860132054629116 2.5068201293210302
2.8864472078103049 16.183235167904396
0.21892091636970978 26.926311827337905
4.4383198578529131 17.215790477480056
2.5430525189648727 4.3586415748048637
0.51777221884824509 9.1029311868995109
18.404160477493349 9.104980068089418
18.488721208231023 10.162005735122522
23.825449742059025 23.098448828023667
28.819505697337604 18.412174237239231
20.339914240529012 18.674113461322481
21.350706330193074 0.48674662841901695
23.630285805626869 27.079395595092844
30.584437342011704 17.46264052274141
3.0039783948254626 17.876618103179943
6.989692874251789 12.987311390763054
3.403733290129237 3.2798847159232754
24.737919709197264 29.794307720835324
15.000758401676128 22.708035978557529
23.968810605924823 13.524055983828303
7.7872985864001469 3.6295592382748714
8.2742716406037555 23.253380702685828
31.057232173103227 16.651013877059459
2.1540253477549878 3.5231505131109362
16.617977904319783 2.6534827811018813
29.565956863503299 21.953623804137099
15.290216198447338 2.2222906900095838
22.486571210818088 16.489914741593019
30.563856996315703 5.591027194671339
15.626322626743386 27.288904370337299
2.4727149655277008 29.458566306876826
5.8211290909046909 5.2194984259720281
6.8791068524192536 27.227217024953283
11.324408419283225 23.92242562845512
31.453238913556032 15.856718812753611
6.8126182177256647 18.049915795135441
13.650070203638684 4.5617913022698726
7.8490064512559332 5.9768361796424996
7.5422622076740549 8.2121321221343351
25.800370176449512 12.105762061150093
25.424671407733982 23.537448106736832
28.351727025171552 7.8113508255633697
28.438569951595067 21.609272138746569
3.7490947572668825 26.68285924949225
18.51965618650706 23.211770986588515
26.436436819432796 23.506314829612641
29.118302795127509 20.951295647080315
25.365263756278459 31.620289185555968
26.181856328280244 3.2620928922533787
25.239193729806608 4.8357808910160731
1.4544084908195261 14.912706028026953
6.7719415917532926 4.5914080088487728
2.394855779876977 25.093479833008722
12.853463529192746 18.179354119775564
21.951364622477566 22.366972416941451
14.464471885684002 14.97609470453038
16.62470509222052 0.78375045376490093
6.9539685288296837 25.917154819596
1.5159932533204028 22.942696959719292
1.2765781849667259 31.106162507962825
7.7414744261888542 13.614588357588717
15.535126426609949 16.48395977966802
21.309785721152291 2.4764767802645711
14.856948131259802 23.747229880652391
5.8975745086766427 13.093162628926967
19.983273208232333 30.693847301486997
12.423756712649054 6.9703356044825462
0.25602536689074834 13.995786182654413
18.39463003870565 6.3849828592953637
5.263766204474952 6.5839058567172737
3.3180914560561301 12.808267538772748
29.383738296872316 15.245889822926461
30.217601354280301 6.4810502911489465
25.627462569563047 22.126719321607297
10.127492608360845 16.487710683897795
23.880643458452184 10.805140551417797
8.4494266848710886 14.219292497718502
22.522389098729025 0.89547017006921392
8.431812825300069 8.1989231437455992
29.853734671830622 18.503701783029268
27.118309199985646 13.500539645338959
31.287252484696314 1.8745777555574028
19.556454184507597 21.302868086099735
13.423211547768814 26.306960803046827
29.379480941404928 11.430660464303763
8.9103625333035605 27.850751737790148
11.828582450448401 3.025471862326774
27.308070160503771 11.854777317603491
0.6800668443579384 25.996445924479652
7.0428539349744881 3.0281952760682316
13.595812468760574 17.346930941527773
5.7915452736333402 15.604935534184344
31.029252363083728 24.044718153336404
10.874209381275461 8.5727274493467469
29.481369746114737 25.396926654245096
19.369972748121178 9.7018847768126122
3.3402619192883551 8.8723048765632342
0.51025342764170567 7.6400363478867757
22.466572368857626 3.3349326782460866
21.51253172659532 23.194167414039427
17.687154352988571 10.481073486697715
13.289083341460792 27.460651220569439
21.551170064893647 3.3515440922720674
27.095692056975075 15.191681014861995
29.541507743307907 9.242310618616747
16.3326747549591 15.476162126182366
31.017716215019888 22.927540316646855
1.2052720388807123 6.0573807535901789
8.8650954649698583 4.3648128858182984
6.2407388948789864 25.318209217879328
24.481533501627258 30.995313142523095
4.9178922092805424 14.736975175612635
20.003355473415006 29.808518557087009
8.0418502367907312 9.4438122184909652
28.245420301465273 23.69572246539628
3.48089851055268 4.2333049849445352
9.1863448005426065 17.092964567545781
24.884286533945296 22.924957477991303
26.608269167730835 0.98236970297394621
1.7940469809816433 17.76555530892961
11.143470739329006 1.7807129700613249
0.82199735555219644 10.097471973761749
21.633355269102786 18.185966718820755
17.481829713706968 28.008825428430193
0.27107662881348188 24.698308262787588
6.6579903996842429 1.2208805366949538
8.2297280958885448 20.850151454812927
10.285424578792478 2.4510811409796509
22.726250951233521 6.6156781029810299
0.16086963884200173 14.835307224930373
28.932335810408972 16.161987091814765
22.85961107744966 22.974841923687535
16.510776086233157 27.729597677638719
20.769287138888231 22.426440435404118
28.653006471969796 17.117688228220899
14.140280512192577 22.363074273716393
5.4987828677431549 4.4074289172213268
3.7621974537609013 2.0581417821568508
7.3515776267350139 10.809008241601683
27.015531037296125 8.0139414618221974
19.582423303487285 28.062871452956962
19.072593742578377 7.0104275210526401
30.732154361451652 14.94003841963684
17.662424227444699 5.2910107826071568
8.8871998671256058 13.121015201636055
8.9830596406299605 15.12063199605077
20.22620553602928 14.582032841238954
11.834302758180732 20.167769924210983
22.146474648903869 19.451002759287061
6.4394589124072095 11.418495900529509
6.6999514965319262 7.9117974555142387
15.341741934758547 31.383763948021627
24.365068191700679 7.2879210931639546
4.4146026667440967 24.732904481084695
14.333554467659415 16.177565034683912
27.735667072469877 10.820102554839602
8.8810844134247908 3.3236823619050853
29.663456868737818 5.0714604334424926
17.326678137118968 11.459210671946021
13.949363620883881 25.60546546212997
8.9428340089888039 9.008023072555428
24.143761183600546 1.6280654889749329
26.656032740692776 26.149232063224769
20.659760340860835 10.902613385872353
29.498830024773824 10.475694574167342
29.830293855295771 3.7529359120648342
11.919423666274492 4.0806537521895114
27.971316377699736 17.796333839115782
1.8107502464059453 1.7189554060353918
19.766722184063426 17.798178668205363
0.0084867579478217197 4.7459198946898473
12.840688583765008 19.0006497795199
29.138692953927706 14.497807421698909
26.543999915683415 25.185451794647278
2.1490033921366254 26.628767822293543
17.893682321072792 22.400848749257779
26.697737286196809 4.7473371898690555
29.873361898428993 16.595185472884051
6.5036306557216808 23.431066774471347
24.594528297618215 12.374267632626546
13.391598984501378 7.2472445215943972
15.599702034424814 13.078110134583241
5.867751053453147 12.251586006242139
29.620009059498148 12.481295826255355
7.370281169778016 14.646575428107797
11.217314665825665 16.994691179239954
21.477312733348612 12.583400202936433
16.807187873393922 5.4897357820054955
21.73997224592911 10.632704230313204
19.982248632262912 12.480181203391748
4.9705376512355812 11.559896526527339
0.69096938082081683 18.983794139682413
24.69367650817577 21.84591740741423
11.263957689616088 12.654320725114832
3.3337782487945185 24.361542119480895
24.882933917487705 10.593467656779321
22.598258252929938 18.513458275761188
28.615214702730135 12.357031557868826
23.853691353976636 4.1715865694331926
18.993294732640109 13.220234298528959
11.909062734046467 21.402181446317844
19.037793941958263 2.3826436474791444
1.4784169257741764 10.68016182217999
25.927911427044496 27.328885390446999
8.0059841966173995 15.352438728488393
12.838517492617132 24.922620385345589
6.7578475298763534 10.184657385899577
22.593507862137869 27.648975056530578
16.050745980140942 17.158266848749623
17.221532653603219 24.789371444623377
1.5952616788625107 19.263768737825121
1.1448900285299681 21.945604528065125
20.003124124670315 28.933620878516997
16.414228269987078 13.515773569779642
1.3247522095064239 4.1280993946409907
30.31504756285662 8.5272351686083834
19.868041727878307 10.516650282330733
17.126916886513037 3.4375254594556917
20.837110292855861 15.317485956590705
7.3299688359168629 21.398109377600335
25.580393772029289 19.783365386684554
25.44989252217708 25.539176977649603
20.792927890085764 11.789981525210823
11.562829568246167 27.070060525318432
15.898728855307473 19.913708004663292
18.903423488640737 29.750659093519282
31.084282199465481 13.534775126328535
27.791687842879117 26.973601938678147
9.4734435681722253 17.885784655956279
27.529861027872101 25.898356800540373
11.026779571565077 0.42398389272566267
9.7494696727218617 4.6618927604618055
31.515626390968443 25.542007170316555
24.765573004271179 18.62800068687995
11.900265812806254 28.077083879637076
14.935264448630251 9.4039400120120309
28.645300096014541 31.31007634092159
10.705767892122839 19.431895803208686
22.779225805978683 21.85986144281911
4.3677140185732926 13.301518964421854
25.101131139211397 13.092877422912894
7.7487048447914875 26.777359499862524
28.161040144080957 6.9388776686986127
27.600720152597177 5.2904941270909331
19.777074317681151 27.126049369698293
9.7322609773603723 0.7412858968817202
7.3692486956865615 18.837843997487383
24.626173910350083 19.548965703271914
8.8884238539220863 25.885662237942618
15.287187862070629 25.569169233643763
17.591176280452348 21.333767445709071
18.099713945512605 27.192462618617622
28.802531361674955 1.6751380028345231
3.0519618125303607 20.490315230437986
4.8309083175330274 5.8083769122492406
10.468655075298255 18.441320041837926
20.281389222451249 0.67760871103086062
4.7664179317621587 2.2019107211855964
6.0276578649003163 7.284229864741075
0.21773684822532843 12.721930485495159
3.9468993223855566 23.674280482566235
14.377864962497926 21.362012944433793
29.60292297349022 13.577878295790013
14.279167918229055 27.122792771170435
7.6434399117600309 0.89821190444532317
17.551270462094184 31.492771979964772
2.7712613369675059 19.499405501600666
23.249766568622661 21.091143969923731
19.329032888470696 3.2466644258321158
12.813325062019969 31.319925387866586
11.882872681714073 5.4777220161318381
16.794982525120759 14.288180422190701
0.13696215148660854 30.641995631218407
4.4234160923737003 18.039417523076022
11.302965162947178 29.008588576189716
27.613503806282612 18.722677193683314
23.566727836343226 17.448230818155192
15.001949795661018 19.398606728110412
10.549663170029813 3.993703455636664
23.794843960105819 22.137878993734486
1.5981080428497425 21.114483163316169
23.547063610104594 16.480206355850065
1.256854337012753 16.600379363072257
2.742123891369284 1.5820599142547145
20.364311306197074 23.406079557792371
21.302769951431063 30.497888693672529
10.815509956331677 10.452611027632701
9.4327150154442236 14.077604153379077
19.252963500071747 8.5432564725019287
4.186606635773475 6.9676826976027817
14.43053715836793 1.7738613621254107
27.876535628587387 2.1508032887946182
0.043654935614468905 11.080524081293529
7.8190729176966656 4.5115042152763563
16.431909080870131 18.047987218125208
6.8793347703888337 0.080354212851978357
19.822972678277154 7.802519052577928
30.544680690064382 25.819800683033865
6.849750688940544 2.1297391969787807
9.2323453810727436 16.06675706957088
18.445648151633403 21.223359148135049
3.7887434824911965 12.026775010642723
2.4173467350647191 12.4256818536787
22.76510359007586 10.801349315703707
17.645240133873425 13.718086217104666
7.2114573219468507 9.2622865541922081
20.666568866952275 7.6593753141416983
8.56242369451126 5.3072721963912173
15.726038818528814 24.290650728768448
26.262160856781783 6.6070183456937315
21.779638960392994 4.5725096241303991
31.355115023128842 28.938306454105692
16.595805317649869 8.7055495796599391
14.706749491433008 26.389284814857845
15.442742903814862 10.371716915431719
25.346353186590722 5.996272902438303
30.556996420540269 24.83351050645761
4.4998411565023604 28.341553390825631
15.53224569426704 8.3231530909139568
26.397554053246914 30.661660759774183
9.8691422564853557 28.479756323468457
18.640126415020486 17.313613075441275
23.333951134681325 24.313116836579578
0.4620082467052537 22.72153271883521
19.565611992738301 1.6196193538352048
31.455069213595504 10.116100316689097
16.343983066752788 31.549619711378348
20.646204610363974 1.5592556392115635
27.991599086676217 9.6326374738742988
5.4334264848021796 27.478304649924556
8.9000159196555568 23.867431695449344
30.589703784509325 10.77327763538665
24.565490680551513 28.804376852231929
7.2130004501469607 22.738382317022072
4.4851728822650507 5.0016750667930694
6.4425200845690407 21.030797167927478
18.109260998014452 30.45101118520568
7.9498816708950475 27.747749768821077
17.557431555035084 23.72856012859889
9.7317433012492121 27.362405665666675
19.972253039294895 24.38567067496243
7.360547374697691 30.269003201031293
11.506727302619492 14.526745320668937
30.513384710938151 7.5819482239665614
1.5878726977567239 25.686759158874342
9.2050626040675709 7.6249348842647855
17.558256817850836 19.990990400109133
27.678794850693141 12.657729934214403
21.341513785700482 25.653858818410246
7.1475472557278508 5.4505754457988251
18.180398358907809 1.6368049273826963
4.8141966673164323 15.728131602746323
17.176588591435475 17.479938341255114
26.913701463084116 21.707710468558897
12.785598982044991 5.5280227639931052
9.1175970234845121 6.0512151994458598
24.903313476244882 24.571761328179171
17.95685953287953 4.3143795451468021
8.9790855245218886 28.954194140996101
11.990231645151004 24.724812109036755
0.40260224192286831 6.5420540664442575
18.912860537858176 22.167178956362708
29.894198775412363 29.148224599382544
27.742459507784929 8.6014765092679717
5.5393404716055814 18.304235041468825
20.840671817175828 17.685718681903946
31.118538963852082 9.1265285447690054
30.829608767514827 29.591155185651203
26.964920819251734 9.3803509069403521
12.938582319043615 9.3178868769902206
22.981432569136746 14.665937952213808
18.652135373050584 12.494611001238912
10.710792565351708 20.331388353453463
3.7646364359392317 27.86572597474132
20.998362196657265 8.6119066800821233
8.2182282595021299 10.41094837784396
31.471365028895644 8.1516860820167665
21.971008251524491 13.627129002902196
10.526718913565032 14.511061943780289
4.4077804981956357 3.0513006726470886
17.111898635700257 22.704060115341413
12.117400181044053 22.50314038623905
6.7045743483070259 15.343250043164138
7.5181111739441393 23.83211832679892
14.519809598435394 0.8160506710419404
25.894088038052338 21.169129294857125
11.803501513605823 0.70217608029059364
13.460877815305926 16.156273766412536
3.02377313579994 11.373654639459675
28.900539186547189 2.7511257377739287
12.524794072690611 27.080206848160312
2.8848004661365554 7.7220526312230229
2.5221526616879748 14.160105783070447
25.528762051962577 16.418074169980574
18.748914622580024 28.970453843466721
8.2162580210416891 2.6366015046057227
18.241703872255524 3.3305807775853697
11.927629770447316 17.746148827728923
16.262427600828218 22.275939812725159
4.0100981334021091 16.217233657849683
14.921562579129931 27.90257538381778
27.762229016596585 24.863937006076437
10.304718772822971 24.513794634195381
27.419437897208581 0.29689802587259967
13.511648543643181 21.174262162306182
28.622416381659974 0.49239011552919504
29.743129095610374 2.4237264379226637
30.29655749951695 22.148999013106291
8.5257454910926214 0.6609336441068957
20.771553350570105 31.265942779810203
14.886654137656009 20.460801359256088
15.763682575897818 14.674295772291485
26.910918003603179 16.236104665613681
12.825516684147088 11.026618740410875
10.106218072971254 7.8165827264576784
2.8484268218516293 2.6084863088954395
19.39890024405884 20.390521070563203
22.951699345334646 31.495873593555647
6.9889172093372469 24.6514004497967
23.660949413702138 8.883759970522231
11.2659419718977 30.695796583102432
12.907493803504034 21.925780743787239
28.222433037457925 20.223381934016757
28.13011603391244 3.2782911666253876
10.291619039693208 21.974486192877539
9.1948249337670589 31.541658373767707
22.520021559376225 28.710309907134011
22.916887535860365 13.743169060844801
25.115777688648809 11.462674554217138
21.831275780454092 11.580999741716862
10.212580166025779 12.393427511859025
12.677067507948056 15.655300346114505
12.661834156881966 0.79585433128253535
14.004176419824706 20.119426668818818
4.4118320034734282 25.976254540123474
8.0529187615996225 28.797884995702255
23.022287173046134 9.9516330061769764
6.4464534804097973 3.7580980075503199
30.79231116813509 30.57448066967607
2.9392908430063907 27.191567812331126
11.953489752179012 31.133949833162166
3.5574687570597519 21.908075709209591
24.752438886730729 27.930822723435842
30.900777217655943 18.41543351896296
2.1531168219843315 11.377776420288834
26.403314756787477 22.586022760155451
16.896591496023856 4.3018023431924091
29.031046596790627 3.9032664637266929
5.6341125525733506 1.6470353662546005
0.31916445259343901 0.88377811416599106
15.904611098319741 1.5881823399322772
20.272279992615125 2.5056409356839162
27.181199145289789 7.1178162860499299
8.9198168000663909 18.712877342167985
2.5999128168183425 23.189385972958679
27.631623061106676 30.19439573147249
2.0145619519162961 7.964589445427718
3.8773876811932042 20.919085542327903
23.868711591422091 0.20462974714668669
8.2541520868118123 29.853032004786929
11.707245485259003 26.024126188915108
12.078061028873798 9.9862874184774064
14.420917866560087 10.542966901514779
11.125503432242384 7.499899877032016
21.164330309827335 5.3954214658898616
9.6909227360379369 19.175231770098055
21.535777696282789 28.959272970895377
30.398048790448062 1.6728176774933017
2.6250263701724506 5.63036912357963
5.0234374111381879 7.6160690610863089
25.945656127936889 10.626393335889505
15.337645356703659 21.761632713146707
27.46961945782239 31.043732250405846
12.634374829479405 20.705224880834372
0.47667346320044063 16.925964458630698
18.653525809726204 5.278970548822266
29.541898379525087 1.1351683678884317
28.408074597880461 11.358640350836032
27.970323479872597 13.9631553726633
9.9906770695268055 15.1692999338341
20.741390406710387 6.3840672056080754
13.445763489337436 13.026847234476186
30.077487223294455 19.371162410320292
3.7757344664839119 19.541529568420508
24.42608560497511 6.1927571754979081
28.526568085322889 25.505140949580774
20.768419937167913 27.343368603177979
13.617285908331654 12.124408190005006
17.704068619839212 28.90541475120942
8.9207056629508052 21.406666875763197
2.2876613523618139 18.643328135815111
24.934954682158278 9.4353381837344621
5.9508847517743124 0.52754665600715467
26.11957481107256 15.661327367422535
5.5427284791653086 21.891287981113624
24.606421986325415 17.46141270504172
22.347080373435688 26.668183084900413
18.97074075675237 26.711865050559823
31.44392520642074 19.158282425644558
26.680889809824482 28.580435883381643
20.246741760859791 5.2613395541771215
5.9913768460181771 24.245609569290167
20.346160655689751 3.4354577533425186
8.9149943506654292 22.415784428780249
18.929659598874693 0.93878094481556063
22.014680386112857 31.432287942524855
25.970580904928262 2.2973185535953586
22.860675474942443 11.800865612970385
28.789512926049703 29.485443868745804
9.8435531193355459 23.716256597609593
28.655258264342752 19.256639775350859
13.340481987012375 22.796250973530128
9.8196283728186557 21.194285726266415
3.4124135269379523 13.770887525207442
25.166933433225445 20.666267894758352
3.8750290061725385 29.355726985107864
30.88004612207741 21.104458099909095
13.766513422480768 24.649757113569255
2.9410139040992744 6.7845677751312845
30.801349601409267 19.95298740145957
24.326041683122551 25.349331545094032
27.68171669091608 20.942110165653549
30.98698895498125 26.69172109747792
6.2833416340937438 16.540622976251761
13.259426286666903 10.274895209033863
6.271166151151979 18.993774020873541
15.106771714730842 6.9216198797832726
6.3057824967578862 8.9365706592345031
20.516417135511166 21.473004534356999
13.971312744989318 11.287265798595962
1.7406402894107682 2.7086531615951235
14.389220851094617 31.195378608012192
17.717770260261336 26.25004132415549
5.826324947948315 30.069852378976609
3.6191128012577902 15.309022149727546
7.2486317957637745 16.201857935579188
9.652439058050124 20.237636290136443
13.291247962579277 6.2165024221176211
27.140970505914069 3.9016298802627256
21.448265883213779 7.1452321304379618
30.261065332898823 15.748879100554175
22.698623353749998 4.2525701353801368
20.92281723460539 4.2017542455273116
19.761521529704172 22.476214478465057
14.536614339568533 3.038273429723044
25.580622893543556 26.348400291407419
26.148439964604346 5.4734738698649226
23.5037439201427 28.910531246858646
22.460894917847021 5.402229696786331
30.485252014912415 4.5210922150025628
1.7284694670157321 29.025509938007666
17.659815180558901 12.756903070977007
15.968835108393431 12.160207600149988
13.665840115938213 8.5519810412534625
23.514823494460149 30.649136894233777
2.6572881834580571 21.445537279013259
19.383833343407876 5.7012278330813748
23.055389814202496 8.202226665722856
25.085098416412805 3.0108642707381033
10.565276791249381 11.479494054326626
8.0285785735610098 11.61910379586365
27.151802383057703 2.886663870164849
0.3493782985222541 23.660475230737536
1.9772150243290976 15.761637412844648
2.4584657899396594 28.063231457133607
15.847963307554345 26.410573800492802
23.711017523077334 29.828534299312544
19.093315400089939 15.435384944411455
31.199489163176771 3.87408426290256
21.4310802940416 26.615722996487744
31.463090140983546 5.7246583686636185
14.78569806398186 24.838641493746142
30.875759182218339 0.76545462749626103
15.191711054370863 14.04000466401483
14.043201909802489 18.245412255503606
14.037006117231874 9.5589644156414941
28.672401146262867 30.418041828073402
29.267695075973428 6.074432844950759
29.526534745773525 17.552451924098449
2.4152603036758777 10.177070586283808
29.794513930974862 31.054492415363523
26.796283351573731 27.164183392309162
5.4679165760745665 3.3597875773860868
4.7350258960195957 23.050448687821135
6.5741700467140722 30.715376846328699
24.629420225903029 0.71006047412878126
0.057880651836930974 17.793697386843007
10.772864811716495 15.859998789026488
8.9171296713516615 11.349181854897052
21.213885985371029 24.081060561266444
8.4881038033307021 30.891570056179361
0.97885079303828859 18.042348327692938
25.927326573361661 13.547732403117108
5.6923898224203171 20.565140030705241
5.2650180267409983 25.223343122898225
0.54800132599623852 31.617251315906415
6.5979362244108959 13.951214293742455
2.1917451877329022 16.936427644829614
25.917992050556006 24.493384129164291
11.903618020076951 7.9880692523129664
16.680359967133256 6.7337560802780878
11.000830483130876 3.0696432888345524
12.566323664506777 30.103795831342868
25.660293345015923 1.0373798851082603
12.604766484854862 28.486373866918512
28.564688008855761 26.539973615670178
9.7902635470741419 10.967290987652554
28.023391048708248 4.3593989154766355
0.808188387970592 11.528286528826497
22.060186070305761 24.627610579542281
18.981659381834035 11.073890911517188
12.100505733046443 13.662936756729634
5.3865840649973507 26.226772170793947
11.113634186377135 25.072144311906495
5.4539299537267363 19.638483759913854
29.308673201520904 23.199787884142246
3.5662017110959328 18.594516422687228
12.573783064938739 25.904554914886113
27.647415956687659 16.713454639020203
16.444626664822543 11.246558160556964
16.450466815684091 19.126705528898093
4.5185295318388823 4.0185571799137829
29.220262385738785 27.363133904646457
9.7555826356385964 3.4319050442751045
11.785952506635114 6.495860399202777
24.252861314630426 20.954110600171287
24.073424372355621 9.7710610226260517
24.294822679374551 26.225918594100822
12.759242746063931 3.1802462058778089
15.477409121539365 18.598397579298354
30.465998259294953 3.0039351534871237
20.145133458647329 9.0563538669449279
3.2291704066651032 10.224580050432966
30.330759327823966 9.7994365445640685
0.11788900813311592 20.28343933227432
25.602319571939145 29.222103648622706
11.975251621847757 16.443823093225291
10.713856539009422 6.6351487685576815
21.231042676842087 19.108699825127861
23.340224557256338 25.187343106923969
3.6152125114738909 25.36923167564429
14.052709194775208 5.30575458444972
18.369160473025481 16.227025315286848
15.116616888095152 17.831368207936173
30.327383140554918 14.219446935173675
18.834475104451407 25.830911722676824
18.502977090457218 7.8381535673782841
13.201419748387211 13.960102680598929
14.791562368239275 12.077841759231855
11.010088900238678 9.4828673108307147
4.0019853716780922 1.1749583301382953
14.220522701612259 13.896115478050394
10.700002736247832 27.251710074972003
16.567401631097955 28.800983088843452
25.855628162475622 4.1063854677647296
12.84195817144866 8.1282853657415615
22.095387471694753 20.840718136889368
23.367423390720624 5.1091520317733128
16.734340450166368 21.414861711692051
20.764087408388455 9.7950076270591921
12.748311423345188 17.009212318485325
30.167033340293575 23.369786167032718
20.738830712942047 28.318097671017252
6.1723677820637439 28.053229770425933
28.14988158995487 28.914992498233776
24.209186676749351 2.6241022472179174
10.415962825656523 31.400355527712186
5.0095068300510963 9.4182373080749429
8.7760229435513608 26.767511939460508
27.264277987362938 29.386881378964929
27.442973777472712 19.623109798428256
11.549015505597918 11.779966903350319
6.1890945990022361 26.632477155400892
9.9095518556388171 26.348116236188062
14.478660562508777 28.903219077545714
13.814687719394813 28.234942115973215
5.8313687940763099 9.8944366632503122
11.960252523232509 1.8835505785847362
3.9349930419782795 30.75977497249395
13.487117681336741 30.572732143757101
23.119763482516586 15.591726106481106
22.254850665319005 7.5617880944196338
30.393825549066843 11.66010063981704
4.7786897486022113 0.0023838823484623843
0.82109570936172682 28.833260787446079
18.071515902035934 15.18230453726863
14.992301650570253 4.7062164743443065
25.312821966563114 30.536066805361425
16.652220905463029 23.796549897158137
15.889831458004107 3.9118187343379129
23.613206602968155 27.953711015760742
25.755015373538075 14.578296012562554
29.867317571781882 0.26990772459453721
26.532102640835042 11.381153867451445
5.3441545804387571 28.701645793623587
4.7436911725938415 18.985948951456713
15.824293130077733 7.4496942415638969
11.154167453286464 4.6276090124866753
19.92436989250351 15.76178414590032
17.000040467393415 30.737062592637368
4.7521457345261222 12.436914445079699
4.002231418525966 10.993920381294375
1.3817196992518344 12.185078007513198
28.791961763947285 24.388665740329518
0.58356827744682505 27.901541989731694
19.886581888402876 13.595505909708496
25.27036685867991 8.408088771107705
5.8862954096446813 2.5859607379508471
4.508969834860749 20.145277347062873
31.2946806525032 12.055701074124467
24.391329180570644 5.1257571410736604
8.2267118355331359 16.337840588947692
1.3423361542547569 14.073146991197461
12.385788614567979 12.845472223943421
7.852826066425231 25.730336660078152
28.376534875048947 27.918335298957953
23.505375814198626 3.3118744203277615
26.009058397178634 7.6706183652448798
12.573285493580491 11.910561618394198
18.979611576494293 30.836004916264123
22.477656442948053 12.682806875104019
6.1959605577560977 6.0250682556553858
31.026272762288066 31.537644060842307
11.986723880487958 29.606021274413763
8.1477627105627217 18.135918094935388
4.6987920698795538 10.420863579611225
14.819921909827897 30.307703054504159
5.7847197465093849 17.510358144548775
15.713008426333902 3.0994753491792859
1.7142619052587973 9.4393790564430482
27.375826679949288 28.02753831302088
17.969322546428828 17.879849339200501
12.558030430619837 14.688177669772982
15.272618903345036 29.492934177511479
9.8220683962928685 8.7912261888561343
9.8137347849697765 25.279378081384955
17.568146751364495 16.507696488357688
29.29952183148718 28.398729102914952
17.282379716963177 18.849709599402868
7.7452241107783291 31.364738957309608
11.574350931170809 15.478353428484498
5.1630310858881012 13.707083285858252
26.306182889745308 29.799259170242141
15.786690864369602 20.963123419351977
7.6819011640552617 7.1224361258127145
9.7078060538343536 22.745290630946201
3.7584143203528706 6.189891203435864
29.444498837742938 7.9374501822691172
2.8523046844577533 31.225609680163966
11.057672105528548 21.173492973977435
4.8473820833849359 30.484316939863106
3.8320799526888414 7.8716540586446309
22.62653274195117 17.560985406221398
1.3937671205430067 23.870207196209801
20.349960579894969 26.260379987677329
21.683911207315674 9.7266791628624993
26.322295810215529 31.57498110486755
0.80214600042830486 15.664662574465769
17.646111595590142 8.7681871824466118
8.9473456557649325 24.807973753833764
13.729275245424075 2.4609468606832494
2.2678571425448895 22.218752776469472
19.849187956427656 25.606884036377927
19.223061892610904 14.473470081133229
4.4721242785650439 22.138151277578224
31.39675261141257 21.935864135616196
5.6884416134367184 10.882533912046355
17.561957100053732 6.4450604811072552
29.713137059616006 24.34305622041898
23.857683470424252 20.040822112893462
5.6685839046537021 31.217512567408701
28.664602669791421 22.61186464801726
27.11386999640029 24.283244268998036
17.927221355664081 25.321638804680671
28.296428239146294 6.031545170265316
23.480843889056906 7.3373335191167923
16.867865773396982 12.514994751234694
28.664076601749994 13.359076909648582
0.8070719922459676 2.7227778301511711
13.18307319107778 29.131076803808551
20.776515583758997 13.17732016327791
30.35179580747225 28.221063033933387
