7.9434460195114145 21.122789434347236
10.204527405785539 4.7289290378341491
10.133578983954928 14.088995791088406
21.087748636199645 2.1677313199637545
14.951858716467974 29.06931425999602
11.081749726076813 16.844794969285168
24.806442031536292 11.141691657661781
28.843670321219978 22.67509054111563
11.091886741843039 2.7973755666168474
21.323187082028142 5.8915911827502105
12.588932537958083 15.154744427544498
17.894779170954202 10.764378091214869
8.073565400359648 28.753447789232371
9.7939245215287318 25.457541923106458
6.9953518886537029 3.4401456491171856
23.392292716122952 7.7799116654734304
12.969225298965478 9.6129505472170376
18.604788335516904 13.527461239032675
9.2781616376612686 2.6824268996571496
13.72121788182624 15.161931788777908
8.2516313047538894 13.497978952744038
27.701136987616238 14.95505993193211
10.39206503446899 12.266201935404878
1.7365361581839351 26.443017842033242
27.980263017507085 29.138282901471719
0.56300555520119699 14.991901012080227
1.3017166796768387 11.751433557736343
22.711911521705392 27.220676055720464
24.085723523482294 25.124188128458627
5.0119230512043691 28.565929025918948
30.760260673702383 17.602107067134902
4.4005736414350975 13.752953064550319
16.461507497165538 2.1031531211016881
5.1034929254393067 19.830643424195689
8.1384792560223627 12.355538681512598
25.597554598914208 20.340769919814957
21.759152856478611 22.395630753200034
1.5208626168422592 12.915240734350533
23.620007225561292 29.197179861284056
19.385155730956708 19.692847223479099
18.929400819506792 22.541971417444795
6.9407192475731261 1.7947381581662634
20.124748526504803 14.361078904154839
28.645367991256037 25.776685333017969
0.81169379713908552 26.766951138431867
20.743214410999649 17.250277720861483
12.775118896464791 18.790021762310911
18.581288373090548 28.59638406224845
16.756325037147381 14.177181770843765
23.142304221973436 25.309111945209146
30.458604039905818 4.2152579552676839
15.573360288287345 6.8974739466668762
31.099780771893837 3.4092674002152963
4.4754280822275794 11.273506653877055
6.5310107783366798 24.190803103661217
9.1104569967774349 13.721124325079508
28.902376252375852 3.0056724482151487
26.171389864167864 6.6785331235673233
29.887943305509147 17.182183125607079
5.38690139812722 21.588372873922548
10.826078979408241 5.3973636771473581
6.8644866409105658 7.7445237791189374
6.5462720141609356 14.033964574591868
13.968415421308443 8.6411943914366276
21.528683794002959 26.776919460843683
28.738374454577848 0.45156150713086218
18.895488855887272 29.420225610747696
18.998102098616275 18.608479563704957
10.909480662313523 24.66677002166211
20.728900446309481 23.923383549125287
27.540380426104797 8.919301878174771
26.89657231897846 12.136529166942747
0.61051673506172632 13.207043856884686
12.672166638418485 6.1283285293645839
26.362670447732675 11.21673172098061
27.92124951730883 23.004116441925159
29.122502256134034 16.208323250489983
8.2655603939378857 23.731441740188046
18.405718094077589 8.0649784919085974
25.958041698066488 26.453500821962397
15.222253642872445 17.200661989877943
9.1208780087776837 29.307554556930665
30.588102691309107 18.815189743868761
8.7358916666087438 3.7703722365799366
9.3474718592086692 30.940436231159847
4.4258557892145234 25.366626226901701
21.749942258313389 28.79138158817679
2.5226324695892841 16.135626804786355
17.937324554180453 18.266089788310566
25.747941305203604 1.8348725471419871
31.382989059308759 25.888856573770425
3.2802994730347397 21.660598310717472
31.143903385650031 12.453086866932679
3.6024548541729677 25.656808017603129
27.020717579770633 6.9966224761942986
20.917462714369716 22.986368258617446
10.167500530004846 28.218255856610902
28.773256469138442 13.482677488519041
5.3404937414220113 15.996829706250743
13.285137819795544 28.763135850595841
0.72280417206368697 18.497123043155963
17.733309154755009 9.4349909820427165
16.231363966624066 17.16958425125156
23.857600109087745 11.461717978807638
18.308758235867803 20.562209175536278
1.3084822420183195 29.178263747002198
27.536001500532368 9.887502941426634
16.777481222141748 30.31384268529262
7.4372844643286484 4.8092589443553786
11.347462389197576 21.069757430185145
19.177917409122511 25.183763021856333
22.536986893719664 7.5112448956512772
11.685716335527186 26.007671818572661
10.948382253301785 30.112637831675585
9.7301051251588895 30.109499288657236
12.614386251624854 30.390439913640478
29.046448902462465 12.573512525119302
5.2499968533097876 12.973187243767995
18.11111251102146 31.474823914721998
13.943671599072132 10.7157188788363
19.643453004093274 9.778534874566617
23.787623560615408 27.146456887230379
22.084767925978099 9.5526262916713822
15.304484482795429 1.2350418230177305
31.311272950451457 19.684296965783041
22.845634828748803 16.889140987559834
20.436274972628311 6.4169007371528854
15.095824036274587 24.835177647926955
18.624946289161176 24.3090885859366
20.62845604606747 29.331654590565822
4.7670987877612809 27.74979433979798
15.184373555021381 5.0032489529093986
21.921659030663474 10.539055083421212
12.854227319149256 17.150415157554566
2.0548647856792344 21.136997936891802
15.78202730447688 21.277682957753687
21.871053148863663 17.575620344553773
4.2049497466032166 2.3896619764029574
8.9825697434459766 12.427821573971968
10.648884849552081 23.391151588529176
11.214975415281939 0.70187131377782919
2.3763942558144828 23.776187382880927
11.449355004517686 31.151298743164386
16.975219777636323 22.801632446787355
10.083845511454033 20.952784237686373
29.413464175118769 8.2512233425953401
15.502480827982311 18.114816421527028
14.139567242417391 1.6963304027052708
15.336310166771613 14.336649282975893
3.2502285959208512 14.769603760845376
18.284191676438027 25.788613403652548
21.240119948375451 25.727730366017468
10.819014916144521 27.695299879194103
11.677670523019827 5.9226637940506981
26.990562917973755 23.279742461808475
23.295217331999599 0.55604142628017172
2.4479364015403955 24.812437490567721
5.2815047326449234 7.8078269731046666
13.636568626451787 13.711956164444441
27.151290661647039 27.687813399312333
28.826850897607155 21.500740799126287
17.332518130207209 31.054290955497567
9.7639916266146454 12.932737205904889
18.484902606412295 19.449145514599941
17.576326369641109 28.996988344774003
12.42662537100367 12.473251439873916
24.939145579700263 10.119504401470671
28.584810954723611 19.446319456673191
23.396823957390659 9.1177048667643845
30.893302580765351 29.802844754763495
20.520541662717946 7.2961809071525296
2.2746733241823152 15.222113056191295
31.447583303184842 2.4465869379689829
24.910192589433915 12.560167711903867
24.335587875222046 14.017480949333585
5.5980483888809749 4.1570835535910797
19.83410325671889 28.773372523684206
17.10096058767493 25.452950149501312
17.492809221098614 3.7705639726592195
14.100084088713629 28.461947234403599
5.2873070360566574 22.506788222739857
6.3240069186502499 16.068141899969529
14.565763891505773 21.678877400465911
27.371818241509985 6.0149175648727313
8.5108110776903274 1.652663005725735
4.8567338559100817 3.4226843596915431
18.215149223793937 6.9878169458924786
18.6993282846366 5.6571556863448063
22.786063173712385 13.0538621310358
22.409394981831319 0.64550121193023235
22.773133446515132 5.6009097755839914
26.13805796745303 16.084420613929819
10.784649121827343 13.477144966870535
22.199862565729166 19.956764549935659
12.40191195720428 2.8513767943376127
3.8496427770706574 6.2330096420056691
24.623687359520968 30.671262430665951
26.788658110294353 14.344094126759048
5.1902191489144478 2.5295876853997314
23.703282069237204 28.081096533035858
12.666212643443545 20.652664628726338
1.2994206218635884 21.539806404073701
9.9800913751236049 22.922185278851195
28.57567104652923 9.0915914401511113
20.034476338703413 3.6930207557894414
3.1850361798777982 5.4659465020364815
0.97050682974817026 30.598052317259903
29.924962344506266 9.9574598745148517
29.516576380606669 6.2788794550954261
5.4621713831906025 0.08037696162429854
16.047163768573636 13.650643366259811
25.283744017568605 18.418446686050935
16.558725358738553 29.324344002154866
24.827769256849727 2.9937989510738596
31.510626718855921 4.5574420368553783
12.754033074346443 19.782233716336513
19.968036298921756 10.799450358912834
26.166662816096068 13.471824504872824
14.50102468657615 18.41125024686249
0.27743126406881236 23.549707330712806
6.5899079754086101 23.009812249350265
11.44742856728792 11.782603540633671
24.270469655258555 9.4326048443026451
0.30505916319859311 20.775259931959404
1.826249081729002 14.46323522830105
3.7828649956309421 28.08154994371721
11.529910943326188 14.748569579427729
19.20427720439573 14.66449571007553
14.864354697089226 3.1865999685377009
13.347781584268166 16.053775564427617
8.2271681542867707 27.81139255818626
10.865399682077298 26.685934739718615
23.93355140739126 6.6639294230674428
29.342596387570936 26.25650006058023
10.040859719305717 24.359115418165526
25.104774307097639 13.441557532714956
22.599523117917496 8.6842579004883813
16.259153105665728 10.289344733135023
7.0576695154544344 0.50107896181292466
10.688592473099112 19.172607290056479
11.798056342960143 17.319601708700976
26.202324601983804 28.243350612427037
13.789178330877032 18.922274370891007
31.418175292373963 14.198314249797326
23.705104059333184 15.781977894248556
13.014353708967423 25.932750166157042
9.4843941207648577 9.0643788333102417
26.29056305924459 15.107502879426489
22.655746590815539 14.990865591638043
30.171243450108861 14.093254753860119
1.5677757895571423 16.519807277067827
15.661196634488951 7.9565133688827334
20.459351505191052 13.095761654263923
14.877084239548214 13.397348764323882
5.5286077520025003 10.78780243513148
25.792514036805095 5.3864664924684922
27.966771400551242 21.963158186471983
19.176959934962323 11.533812592097872
25.012218084458706 8.6194888667765337
29.730725279531935 23.788523882454189
25.699584857149166 22.591706102850704
18.871137722891316 10.623089474370994
17.755843343672371 29.888499676713899
27.844327757602024 31.305682498919037
22.991786071710564 4.1098754377282294
6.2327427791377046 12.042771771992935
18.585189300198977 27.726292927132238
28.804923818124831 11.726417843478146
0.87565466922968949 0.10162829822927782
18.79139792223134 26.488806234382501
17.83972855843416 6.1820837410079017
13.967368788479973 2.9066381357295481
19.688583600732869 29.939450739512093
9.9858065833404925 10.220345594424098
18.292011537563614 23.319565803725229
1.3679750757445492 25.204179943896257
26.045566009096319 19.33653776108385
0.31774537145060916 21.800599983722925
29.01035293373668 4.4372802318480593
16.350306460042976 11.39665172249595
17.365652948642776 7.4580062823939928
15.042041982029694 20.685936079593464
8.4453377710393145 30.701281275344943
11.806741384818711 25.050439315125484
14.572468421601146 11.444353159066063
15.576121417748405 5.9847507818229353
13.274461394230508 2.2569435151946302
4.3695059609506961 21.078805553364703
24.599711070899435 28.824355746387734
30.88975299095042 30.720865503335961
15.01630845522824 30.491519743367455
14.503258045006799 25.677809706415143
8.9292230741695224 24.913016677068345
0.38413366195100956 3.6851271037856987
29.747678195684905 9.1281729779098217
21.265080970247332 30.834167496535741
21.187961722075507 12.322173555631947
31.554210788050192 26.986329941472754
28.415674277414503 8.069578115214366
0.81636757985503416 5.0622440129034203
14.810175421201418 26.726236241650668
11.028935403887845 10.048934670587615
25.358001389110683 6.4552549546838565
26.219981654354196 17.139847292001981
26.8123425360595 3.4362394014403592
21.403688726622146 14.733683599858507
30.581092045370468 26.778055353793942
16.587942328980073 6.9490747544762526
1.96686118197073 17.407175854923207
8.4923566572164422 19.720159274963439
16.469794503114716 8.1204764585952525
30.822583409313435 21.748336129143148
27.700723437696762 30.127168555289906
7.6231877376554742 8.4608910096393011
7.3579084862248072 13.565374906600432
18.712633243969456 12.53169693255747
15.181711302074643 23.241998137639353
28.797944073975106 18.339044927911061
25.442456517882622 11.720121154136878
0.30876168521214331 28.140833933029704
30.879849424108905 16.50012016313611
7.4426810537108068 23.750408831013733
21.873843417882082 21.112055989706892
3.2119420044488662 7.7735417043426596
16.519626791951925 19.441006222493179
0.98116090231553488 17.585427866737469
1.1746456153283031 8.0204344420142348
17.474795024650462 19.020386633310299
19.820215364596113 17.011109460177259
13.835379703113199 22.3001561953497
12.227995800439487 31.373531169442273
22.305402673156813 30.293796129965763
2.9375529983845836 23.174867899749035
13.398048862254457 27.345033366983841
15.935152250684826 30.778769681542883
5.5637373492608848 24.588112276785491
19.060353552352375 2.4220334020170715
3.4951267719547716 15.692090197243756
6.0424923920126989 27.856077436775575
2.0954141903364718 27.281307834541202
19.354533981916475 6.3151845062755969
24.110113315293862 8.2413408879579233
1.9436933055332675 5.2755947898462914
5.5974117824783542 27.067800543892655
9.1058605965937112 26.107232765710698
22.742886573141917 19.014731942311165
14.53302106392349 24.107266593189419
21.995619363111388 6.4575214909517955
27.453722070840261 2.1177228797883565
1.6651833670243479 6.9017504196995194
19.059274313000131 4.8620494048747371
30.874427657330795 14.996184876369554
26.936603601201789 24.628277922086642
19.148287963320765 21.674518673080058
29.684948476758912 2.1792165023367178
30.864248347355218 22.61108155556219
21.360444553032814 19.473821363845641
11.141982180940735 28.957225110161414
22.987223818874337 10.088548164199395
10.619088560059948 14.909667911595385
3.0128449279032714 19.715933972369101
2.2636015862865375 7.6205973015387176
7.3362564953975973 11.46101892399022
31.121782077397594 13.372993644404078
31.440820088845392 7.6436765302682605
22.883571959653032 12.116849712949099
25.715076664415918 3.1445195864495181
29.083500871394559 14.368888236154927
12.105362482939594 10.036627901638232
16.980640974123453 16.235825646256249
24.6570487681835 29.84051660953676
9.9119595812294659 26.75714347418776
27.950051292271286 18.250611375437725
2.7599355898651781 0.33506076951384361
23.682371491312871 18.178253949550914
10.661997115546434 25.695642795606503
14.483556965732484 5.6953663514651964
27.49571312064343 4.5479799754826571
19.825730939513971 15.956325681620674
16.179782255420882 1.2191515307110672
13.118484882823829 0.31794266947726646
16.756729627660334 12.724122921324069
19.747595616568329 12.411268454877172
10.951370949743792 18.231873913589837
14.741547166150534 0.30857984166713831
26.335736622551639 21.127656678429091
2.893483054400166 18.899041954033798
27.167831748617857 21.646424628348612
12.848604075868845 14.369404371468098
24.006678857895515 12.360162108170334
3.1529519518235984 3.8487910803571608
27.646177593794071 3.1537943928580154
4.822546548724433 16.912942057328568
19.97307308358188 22.897869741571007
9.6885776759343631 19.571377124459502
19.510364117170429 13.522274976503926
7.2043556365274277 25.974694108597085
8.0092472124341505 16.39902843722038
26.455329116860696 2.4529353794972928
3.3004718947826084 30.080854745803798
26.011231300112296 0.82545657438319853
12.417758328474591 8.7869686166484264
0.35108645528828936 11.083340102051757
9.1667395488044932 17.732069351318401
14.768125208983747 19.689851417219312
13.1203390901729 8.2331801103139952
14.149343499576052 23.150582328441924
27.746498736594344 24.114521989934559
23.148148075968457 1.6793117531844775
3.1329039060565043 11.207371864740384
16.820482845706952 24.348435322446473
25.848465215331984 10.439457126561134
12.505420638682292 13.372956946302484
27.936458451480494 14.114213096646052
20.133061418194085 21.884885496614711
26.999440426243552 28.864632055505023
9.7741120613713246 15.527322352086509
8.7415492110929627 18.775035901546737
24.869078878524121 1.9838920920018401
21.136958251578957 20.552621639847487
17.827305097886924 22.376686844466359
18.930625229649035 8.7144410438585034
17.100672570880157 11.640583839288372
6.3156314332025731 22.105852754801816
22.482611840575309 29.403499565690115
19.300515085148632 0.29517096967720075
15.784204932357861 9.2770592414963602
10.645090324690194 16.013794323349916
5.7444336508915157 23.498024229217776
6.0638147266238187 19.348200837487763
26.26409971507595 7.8713553126781592
17.001655949849845 17.731126671306001
9.3522769218367081 27.375495178290201
23.801661389290235 5.5054208830257334
13.993574066866996 20.812333152565838
4.4862969702952746 12.462957864426649
17.228181206390147 0.78721127014319892
15.450755666259914 11.778748504551313
10.485652589859612 3.6226945947486016
14.016457465470085 16.60369879037443
2.2083674330420338 12.059196845148902
9.3489595554868146 7.9063540238487171
30.01308971431915 29.056333809745489
1.4293704922863397 24.210493768724135
23.49353733889215 30.06281674156417
13.437168300988336 31.062049049407761
4.1799668092323277 8.1758639853459893
30.665046609443795 10.616372695851414
30.146464773467727 12.355380592865346
5.0432671835963294 17.970072790016747
0.45301015123433691 22.621343400501832
13.574761789618004 12.822265659009876
7.8610820997037809 31.475861068812428
28.102941296737743 1.2193980121158023
10.364902022886723 9.1572551066056107
20.744955229293925 27.413650490015502
12.07595295846313 0.85845785583792356
11.703978782269711 19.246414825843864
30.123589872396249 4.9912339569020396
7.1821330014321836 5.8090993051177353
22.735134671274398 18.011520816068835
26.665022768611554 22.472904579872051
15.37639765095323 28.171412366180885
22.28259835845942 4.9739252583370099
14.433754240630686 27.614831982076069
0.52268514967563373 19.489136701274994
20.301325497715958 31.582758356297365
2.8470091628524226 12.650410163731278
4.1948780478189036 19.418044946097368
5.941478881818206 7.1848093488091074
16.376156715578468 26.501085335080198
11.896105548677905 22.842780920398148
17.596419614407743 15.160460228023151
9.2517322679754379 14.721411075701457
16.633639949396898 4.4584073291306963
27.231119947199417 10.892141175839912
27.501585231536509 20.596445444166605
8.1736058674325225 11.081665347151374
5.4039781803046356 20.617843364872559
12.48641473151595 29.154127900081747
30.789909685853111 0.17605862068606418
17.506785716626894 8.5002658962254625
24.479387205342256 23.724300886556609
4.3216798727420906 29.710120207312926
21.733491317652202 8.2738748057413858
10.552193405282342 20.20342782816223
20.839408870972584 16.216386718179983
17.353631229222266 26.400962146449288
20.637955665511136 0.80185219308835998
23.444954172620527 21.960632035191747
29.71357828575858 29.964203566619918
12.136633793395864 7.6320609577824534
1.9288138155123531 18.393606834899863
7.1770608712692896 26.999450403595443
8.4435059623694855 17.310414972850658
4.9653565230843988 6.6484568067792349
4.6986892175224737 26.482678942847809
5.5348153151082071 1.4250259294270851
31.281838480643568 5.4041987049849043
24.817272723510801 27.921793345290137
31.002013513202961 6.7461469227335602
6.9011077239266969 16.906382885039267
20.09163241700281 5.5154410708350925
13.81970029676358 7.4066260158517636
28.771757631867295 31.045861779806863
14.98044442753323 2.1110165033803225
2.0110585170583546 3.6691042065561801
21.185446654455053 11.022659506501435
1.8214903970853311 8.6710775622137763
5.2944512219386004 18.759707103424788
28.955454822373831 29.062258605198327
7.5090621320133311 22.633048420683586
9.6482228512475565 5.8645697931916443
1.8359756969665046 28.368562928828492
25.404069946222119 7.6952464714058211
11.771334498755847 27.36378914978102
7.1720459545756396 24.938279347198058
27.93185714829384 28.114389210968469
19.029974095884992 3.9064436350367808
6.5776153514294808 4.4683855009427074
18.058906870815623 16.002209035197989
16.033687378764437 16.182708653137006
24.484439624232099 21.785340552341285
29.174328367727991 1.3891222489023041
30.948300803102047 27.830122789314952
1.0877644655029028 27.770662054279949
7.1297218286440156 30.800062417357609
6.264780483118173 15.076834188422739
9.3946185435297931 1.4483585604144198
4.0064624238389568 26.955360757399067
0.57094451589767137 1.1664905381906798
28.707265349511342 23.776900847276817
28.055547527302267 7.0726760134385565
11.163212477657739 22.353893794331345
26.976120441949945 19.003472120410517
26.698633908221929 20.139353289054917
14.995208529519264 8.9802375545408708
5.3608496238439685 25.767647867892077
23.40778599625202 19.561217876657366
31.287189767916065 24.914933922012604
29.258110065359947 20.269897081361989
30.159688433727997 1.0546579700432646
13.731643783876194 11.937958497408545
8.1308279926586451 14.575653520806386
7.0977048364383002 21.537545388150086
15.001944216662386 16.232076786848744
0.76646105880279736 9.1967285406888024
8.8871541966037384 22.938901736739979
13.889409523217648 4.8361993370940164
22.755690316793068 22.976335166582299
3.8718656617584291 22.829920128856596
30.074901167864816 16.058267184597664
6.5198695662049797 11.01487761751457
9.2136932198389001 5.0521208151315919
6.0948794152415324 3.2846062306915531
19.3963875235636 23.618553456239376
28.786903586143978 15.22699625642427
3.0910742575811576 2.0316167475809999
19.318576098227222 20.684580108020398
28.706846970860671 9.9366180230860657
23.292395272847447 26.295267874471136
24.954300077740282 15.053018261712669
17.498615252475833 5.2289390955596851
26.49278247728088 0.021731511787089517
29.954525572132052 11.484024120706227
18.955567607259805 15.543665701320837
29.584338849836467 19.241725200277155
25.737150027835519 24.898184501359186
23.731174573049994 13.29391594048562
29.723440618748068 21.881312961862879
21.47138027957385 7.2621793606009
7.321646632326746 29.908092779121318
27.928572471111263 26.665652835662851
21.926767061296772 23.461532450633129
11.639553510616544 15.764742004534567
1.7217596172707776 22.448701851629579
0.56327706031066127 16.421016715625086
15.697378472704159 15.154958786230896
27.412861054788618 0.50335756279489974
27.994465346061418 25.078556310728374
11.904974555924875 10.954589017993031
28.343619168013657 20.67509450744177
5.1688945935042137 8.7077983102080712
8.1225922572249161 5.9596658127854214
29.885379280398897 30.858983234255103
15.664148402570149 29.656490985850532
7.6770482228970485 20.284925795008519
11.374271396743598 12.715136869029013
14.197598774924026 17.49332792400185
25.723790822871319 29.866627292811721
25.007548368707372 0.80667270453941287
15.78890948626964 2.7363660781677366
3.0461342900305999 13.939383953835495
11.992611644023601 4.9655603643923643
0.073675915539387543 17.255097319765827
18.289789024638672 0.74906776306400291
21.577938517668152 24.415178259361117
21.175021498806455 9.3619034081284109
22.149784030079608 14.007399183481645
6.3932816803382648 20.902642012032761
28.923275192205562 17.225493264804065
12.928972528883532 7.0544977077604969
11.629282974682535 6.8419509646911756
23.779590932628679 3.3086855608904644
12.039867569279663 21.556120223173927
9.8449624997654617 16.792301824477846
2.6294890920983574 22.236573027924354
14.725776312929991 7.9252585345468045
11.110738185016091 1.8123073383744299
17.820141545373673 2.517263457679924
23.423906105253565 30.965175268198891
20.200772650224891 1.8247973402655662
9.1365234077487845 20.39975557017868
25.599599166140859 28.908503882064551
16.937584013050312 3.0449895081231544
10.343420735032639 8.1432575606496389
23.653466679283593 20.963644003849208
2.5263179909554552 9.8167285212047393
20.24218234922045 20.796659117371085
11.827418033210458 29.918378561463943
26.971728122362393 30.740850781789216
10.461636202061641 30.972290382781253
4.2064259104860637 10.456440963000007
3.7133859516262655 0.26633286837099013
4.2207353824537162 7.2419421859092754
9.9162702034603694 11.461083614242439
18.595692431214086 1.6322490765613011
24.834217729606458 20.88082141724648
8.2132277991130263 22.218803187970941
30.265886722368158 2.8876942836548447
23.04115012866826 6.5718999015096839
15.527197328933077 25.948485458124185
1.3894634292503119 23.228156698570057
23.704944881011784 17.106934570817774
24.58175397928148 7.2341905954173376
21.503184281796241 1.2355913518111714
16.640897873125418 15.155308345714104
17.524433783324429 20.051075930230386
5.1045898631610394 4.9151011609620507
21.817503310295077 13.025218194834157
7.3365177336678027 15.814200078326342
26.629939880373644 5.5566973142453477
13.727030343774738 6.1990247254741035
31.405428409564699 18.411024060419319
11.706559473485239 13.876760653553164
12.924417697200479 1.3507468893073267
21.762863759537975 16.644025357772627
30.766728272202194 1.827773762838657
4.2559602098988769 22.029402926636308
19.551646988537545 1.1953997399688412
8.3479914739692251 2.6779244521844037
17.875039272192815 27.149981545035217
2.2933443219778518 10.947162714091082
31.455331818714171 15.732206769580101
8.522086178698034 15.458164140439967
24.992308864040073 4.8097433011217836
10.762039873048025 11.004445281698425
7.7312727390828462 7.0948502690670665
26.093786814111041 12.532260227501659
10.080699354606354 2.5932708646703033
19.727346126460521 27.93671556366505
18.866941063263866 16.666588216191183
28.120791025049698 16.02525004387855
1.1005554593748896 20.364087933373856
25.26709131503155 25.823629280191795
13.796399864341513 25.113649623630923
22.175512924395253 25.129287518616945
29.922389344703255 20.929027661147266
4.7114226815966429 0.34111529898361026
4.0180908070698935 30.929674725131285
10.299046873223967 17.623484956608465
24.387408756705522 16.415485787869105
13.882525051060343 9.5896778939498386
7.6819384962284172 10.234800411289246
24.348703958160957 26.061526840289154
23.577019657275045 24.162011189406726
5.3579518777688104 14.83971712852091
30.380747380176288 25.796662403617489
25.726436650947242 4.1055447472808471
16.220635304367683 22.104165581229481
6.6397300792807181 20.054889384699731
18.223899921979097 14.514355699754601
17.529851939078881 13.738555967005972
19.576170250983612 17.923371623752608
17.447408820631875 23.76101502510792
24.138252751999321 1.1445634226641497
20.66217913171284 25.104167560298258
14.290993324678515 14.342157336788015
20.181183541523033 18.777591749445502
5.2724775909820956 29.44849416644842
2.3372688713242344 6.1510497230774952
3.6388133762841908 11.922236314082395
8.9150325514253232 21.29887846748219
1.9693969820523731 30.874125513176804
0.21861574651313626 6.2217397426758003
12.675659190988668 4.2479414818834522
14.68889832142702 12.627712151633608
15.631858812271716 0.084413479770753475
24.641773235208824 17.661691511490073
4.4921830161042422 9.4229137379996182
1.5185946552021581 1.3141386639541195
18.094617202930436 11.74557739345579
12.349372053619856 16.2952429669899
27.165247161743263 13.332900479625952
30.859750586684054 8.9693586427248384
29.614419506421108 3.6596425237689716
15.3990182836089 10.637032583203085
23.725942674649293 4.617374312356846
26.864440887121638 1.3597803228710343
6.2267382080565445 0.8947407049328141
25.618453361146823 9.2592723892636108
12.381856111664181 26.622693746379721
9.0842595304721954 16.332835807308768
22.735184860707079 24.166108437240009
5.3497618915043059 11.805002051377793
8.7837367923597913 6.4524089026180436
16.182955569262656 23.276946455295249
21.507711640098439 0.09796073359710479
4.6642793982082669 5.6378647864109119
15.235921533414519 4.1586999026072151
0.92874049120088442 14.088841370949707
8.3617142782449783 7.6071735689262638
13.975483147305866 0.78446833030496077
15.411746604198818 19.135452498214867
17.64905775063885 12.760692989657915
12.751372002746093 11.633936351405085
17.149489118625844 10.304616330390511
16.093629892948947 3.7236348514989386
12.72511430374648 22.324999932233318
2.7595395549082617 8.7504870468315534
3.6027087000278839 3.04845801687935
2.996003990022488 17.942480022433468
1.8543473907285524 29.922535543411406
1.601972937492486 19.212718368048055
25.562983226951271 14.380866329184107
6.2706419427086386 26.482209728431734
21.97475885712435 11.777239278731606
2.1669524282445249 13.553801949406081
6.1680427283586257 28.76846046050656
5.3192873799487419 9.9676388264101821
13.522308171355407 24.191758682229441
8.44526017304233 9.6981402694476202
19.207838129484347 7.1985345304799813
9.0203843819384861 11.366878954647108
10.473381198247843 21.802073721251681
3.8273034422276409 28.984355222510768
26.827824915414997 26.876395275084118
17.437950764037492 1.698701365355973
26.519746183899187 25.549573489486299
19.522222347147224 27.036822425861295
0.44797096949780563 29.177453591579411
3.9291133430326064 20.357973089656276
22.932222680148445 2.9172550024093762
6.0984752135260756 9.3239507146778777
30.48563450708955 8.1106727188876118
7.8448248312837041 3.8142133459963401
22.556439516649274 21.798596508394084
25.253594118610145 31.483459927121888
25.618608959937148 21.673904344112863
19.89845566251465 24.448959697233605
27.367529544588891 25.88638012735527
20.414339283997258 11.689311709544668
29.116562510707364 5.3332583502567843
4.688085655443003 24.425696307721932
28.680811911663692 30.113243996519095
20.860156449217971 18.16952410101425
7.7459993971505829 1.1963395897835751
31.180007660377331 9.7946063480324383
20.149571228105344 4.6566800441320293
24.182192335263018 20.091709659951256
18.09390554630285 21.441845561466966
2.5780022225489971 4.5854222464972869
6.2216314389851215 25.385324775873649
14.787286230100602 10.036863763575392
1.1250226704181769 6.0204057992686852
24.252591944152442 18.860993179640811
24.893409843486811 24.62413674230076
22.271672184873008 1.8338936900085236
22.838477552968406 20.59955964408903
12.732241229409862 27.823937841531386
22.267024233566367 26.172025137055478
20.952854893470857 28.275842974642085
27.140887406127451 15.781784106627775
26.239373170132566 23.937471261500558
6.3493014123256977 31.286615618903731
20.262965205060155 30.603843734152406
3.6320074503717543 9.0331072128986971
13.047910867167994 5.2378253478284815
1.7532388353925907 0.25535000889327381
14.615538243639364 6.8116034383694481
8.3141642076380577 29.820299774555899
0.051234277838086761 31.410305593384205
6.6663194766282254 10.102387620016479
3.0637798620507155 6.7776190711914799
14.31599313402937 31.022107390798716
18.495246091484905 17.505290431884738
4.7677870873744927 23.34922124176137
11.770228523845345 3.5474403387841389
28.040298865650694 5.230828274748661
7.9032798130359918 18.408450483761435
0.65692255470624472 2.2279085933346652
20.419894902423849 26.471449636322863
22.839857181024886 28.401941787329299
7.0735678390705292 27.812972125975968
13.774595231264149 26.479492624990609
29.669421722455333 27.130645922459944
13.455371855441909 29.902883464047818
2.9923364195720947 27.415443787245504
9.575661618135598 3.8848264760704292
16.594821907448981 0.139651969997824
25.764841513929412 27.442957690915016
11.98468125622866 18.23267786988211
28.995072165895333 28.107349337098839
21.136798787102776 4.0597641158324373
28.448220196534244 6.2223639670447897
1.7623127286754825 2.2584544060203537
22.824881327378584 11.097077918962173
13.062350994867986 10.723547238344851
31.105879292529625 11.42325967339284
5.7404149496190451 30.485468888236422
25.473132698177672 23.522097786660623
14.141198720018986 4.0522983374424433
21.303217792455282 29.863872199330899
2.6671396982284898 29.426877712561552
17.369123446690008 28.121716349340332
23.943769804251094 14.944799622919673
0.1859073618617974 8.5437737009558035
22.091318093541268 3.889971056995456
2.9589446406500035 16.966629153761218
11.264995406491895 4.3395824532683331
6.3131687057814494 8.4437739724291436
21.987833948489069 27.736765709280093
16.711216667841729 27.485789882765889
6.735786292532266 18.56425093138818
27.366877922008957 7.972255058929731
9.7408313433304325 18.586403306648979
16.831651050819481 20.691380985010476
5.8066026473382344 17.065877450161608
0.67069577921842061 7.1957482469802851
24.818238310720751 26.950789985167329
10.479749808080728 6.3455261131500063
1.0975542320458385 3.1183197416080661
20.687130931185738 10.087442532705973
3.1023256826892331 26.403413154659024
13.073052636664759 23.2561613827991
8.1460181907409979 25.988992773859163
5.7987859328792233 6.0955743841826129
9.2952229654620826 23.90079343960528
23.152249342064497 14.209121776480419
24.542213827747098 3.9898135727032433
27.904135093200527 12.859933258926496
23.88309384097132 2.2581606788969686
11.510772909378778 23.824917246958773
0.43399232365879825 24.462568142328973
19.8806118038694 2.8065801900380047
4.5158625604650613 15.594054434365113
17.600502826063199 16.967318208087423
1.257381704764462 15.567519686344728
22.030799770232981 2.8366222249063999
16.808415288543934 6.095037922155992
18.005749875389224 4.5318823981109508
7.2728430459451339 14.831659157636018
19.188780664801687 31.005540563202736
25.022787102133123 19.481889312358543
29.007948043506637 24.691224079228661
15.950425861937777 20.175109641692174
26.595427089482065 4.4527367921756271
31.381178751646758 1.0206893285852148
7.233570108917859 12.501150180824443
8.5990381942911682 8.7126098056596692
31.067131817267761 28.872781155680546
17.074567016145629 21.525270479375887
29.754357517798567 18.202784937657619
29.933849517955949 13.297610577334007
6.1759514968723144 5.3454154019529163
8.0994633436988615 24.873622698854319
4.6277840628174092 1.4176287307595086
1.3836086898537092 10.705953938459034
2.4803743412447417 2.8268865755819443
30.994238327213502 20.798398260760031
11.816572931788766 28.410647278156748
3.3581582007009554 10.128076552408613
21.037207475290533 13.808631230919378
11.625825478277418 20.150391913585505
21.250673691643648 5.0098824004079372
8.3222848020047007 26.93918239899055
29.132703262995268 7.2264986656862735
16.272089800853092 5.2404450115296912
21.010330907790344 3.0948114347639644
23.639286698446778 23.020611916611486
26.597986903736878 9.8267656879579306
7.2986749986916664 9.2314441924456716
3.675291461224472 13.151307124136899
4.291765673345556 14.602434642595833
3.3506967465516593 24.652218698864896
9.4532075634890624 22.046259190428678
30.373922282600596 19.91750206833159
7.1844279490817566 28.8511629408879
10.241609720285288 29.264157891663885
27.75116942493187 19.468489595845433
2.7549121155320959 28.493023299603276
26.128737547866685 18.192394851716518
3.6910807668374606 1.2661088651620493
9.1899346351200748 28.373845105404431
29.910257181436162 15.118447151401783
6.8211123309918236 6.6351306592149797
9.4392297078458167 0.32274096883030895
20.380781153787868 19.676907259512642
27.094513673873937 17.928622761640597
16.430234626832643 18.476826712091231
28.208693053883408 10.811407399700951
9.5503097637327166 7.0412027258731857
9.1562984362578668 10.284138640370854
26.46759267713956 8.777303447193546
15.668188573363116 27.230210920457665
30.135491597828217 7.2246200272001939
11.453423865304504 9.1420625401023639
4.2468085692228321 4.058459669608407
24.676184863622609 5.7963748085876672
14.242225727213254 29.730508659429827
24.608021207962135 22.667786778143498
30.927235535497967 23.518361374829578
20.44065518254061 15.21805110084394
5.5168319447189029 13.902893894460535
30.407159203539539 5.9366558791790096
10.236210242287763 1.4564699754841053
0.70249177819261521 25.722978765883632
2.0311406740707145 20.037876388379672
30.025219383949981 28.073817856809661
19.787059338513593 25.811945471486979
13.781499017829344 19.914806113624607
15.821274072881709 24.198890533125262
22.468395313561157 31.21176462993061
6.2113252794629243 17.908864130186391
25.206147592922296 15.915834013886615
8.5734131878645758 0.44644490048891156
1.308245871319005 4.3150521098426493
2.9094840754401927 30.918700114781945
17.895122604253363 24.857446119422118
10.693970703190354 7.2496054914547443
25.313063500681679 17.071321649438683
16.241039803718191 28.455905073507989
16.171502870874107 25.274031868088446
26.68072412150838 29.688294390924508
7.4428288131802658 17.564739204811008
30.527451602919065 24.390280894487898
20.803273959317469 8.3874402166438173
0.4826053248579717 12.199436233010847
4.0221550036526734 18.60232748168502
29.807118274831627 25.129250393310603
12.417778300360686 23.960694466550439
11.359465817284493 8.1960692992504356
29.810587481871419 22.873051165460307
29.331731966609535 10.78042232453587
28.032851599906181 17.103543422696294
6.2923352489882616 13.004764481228143
12.70334108095726 24.997892333515114
21.004022120380572 21.770823006442431
28.557771351326373 27.200466675501254
18.481682364385943 30.415780471935353
3.84528298582967 4.8629089463029338
24.141808989282232 31.606518801324381
3.7994071748878708 23.917526049083737
19.998688707481762 8.95060317527847
18.58504479497871 9.660058816712942
8.3957331752395845 4.9131508825931931
23.864495637150007 10.448138607257263
7.469365620294095 2.5508686548959836
29.713148057429475 0.16963982972923292
0.41698127060131951 10.142829454167138
0.28363266058611553 30.17726110657539
2.9554492889634867 20.770618517804174
3.9939139548030811 17.644600474079915
27.148354689932333 16.817851677868635
13.228826112471344 21.413039528222644
16.666451141064925 9.1765955504558026
28.242911105177551 3.8747870906315254
15.872395487348609 12.651212793156022
18.473860230950816 3.2644372984812646
1.60779815377596 9.7326604020150018
21.731940326018208 18.652855139210654
2.3464735052441936 25.748991125572722
15.215722879566213 22.327147574237962
6.1804644561929543 2.3107441049407065
13.233977207652394 17.880823756672154
12.039101659846592 1.9891261838036243
7.4288164244160448 19.285629367594339
6.3475131588356124 29.773355595971143
4.8360275963644339 30.657140834349946
25.893423416653409 30.779212277340317
3.913453886696928 16.5774798095431
28.447433007183374 2.2532720115797491
22.719323812527211 15.945898813339264
13.177004912682163 3.5611404004519192
14.651187806897742 15.417577164231625
2.5014254584312217 1.2768849179403838
27.807938911999134 11.865373490086736
19.741141058697899 7.9257352229196929
10.391788925848463 0.32586925008724621
21.689519432766609 15.579699266457133
