0.12580574811604101 9.1983011704124689
17.81928570305918 18.652703091310752
16.410363416182797 17.499034919545814
30.697855166074252 26.688057539976203
17.795430936767666 10.284147417717161
16.367367870572352 12.342271926628861
25.452105144587023 8.2267667954084072
27.926655317306178 8.3875334400075641
23.867338088056375 4.08461696945953
14.685468158160223 24.888703532648481
21.474767039736768 0.011619466813740157
5.6293067539808543 26.100212442053998
8.7640813659217809 3.0769384980441692
2.9971639621651764 19.028167715141791
30.160209260517586 6.1505199999066349
6.6694513412791432 2.3804794151238529
13.180602782468542 29.509327046446625
5.1846723738411677 30.430840604353428
11.42115407925689 8.1727794931724933
5.9263549950042691 14.599635508184113
23.934687099661499 29.580282893210274
27.606781596817946 16.184818757109618
5.1804203667048183 9.5992855327087305
15.017698945731974 3.4930671215045281
4.9221859621984478 28.415844143462461
27.714909164239401 10.64462671900613
4.6793038641380491 29.707855050866748
2.1803462306106307 13.124604348645617
6.0425360580126295 6.343464218090185
8.2243217806272337 28.932367920528254
11.513711967010909 17.466000055813996
10.857461966108533 2.8820244206573875
1.3550549029052172 1.3100538522542691
25.657650698133825 1.0918414963059235
23.947302322426602 22.493107271794646
18.027802289943864 12.883504818871659
7.7891246907441847 24.539612010671966
1.6899587836881484 28.114921851023563
1.4338949452882375 17.716212817336103
10.422651776536847 1.9435165269454471
29.962550532094227 8.3904576767487313
30.837122733999571 4.7590439231241053
1.6315018604483362 14.799112765743716
28.084321111711791 6.40081806269409
12.468784117372165 15.412078397789577
15.313047517459973 20.495028368029178
31.368939497167329 11.924439940063172
22.94691254455433 24.40190450031826
2.2208265859570786 19.664020089180568
20.595094331580579 29.425339480852006
26.955101264394546 11.240733116962257
10.955485287530383 19.144644896269103
3.5562608404340916 23.401049045129593
21.416678845227345 11.096292209136747
15.764701163790363 6.8303839571665605
25.006799933865473 3.6987706080133451
13.527920125494665 18.284423501129858
15.12240021988567 16.147851940310968
18.256000169653056 5.9264743076413735
1.0296218144643245 19.828077081365464
16.509787229938574 20.478360014789445
30.963395425764759 0.17641446711154826
16.586629191853095 1.2009745218019818
23.05368430062255 5.8893670042570117
25.311908563807403 10.064380370211067
22.298626617437851 0.59429076519716584
30.599769140591881 15.679096994309623
17.029467410891233 15.062149941825982
29.066025038175887 6.8294126851779886
15.097505656170652 31.496617532621197
6.8212880034439118 17.06707890282383
25.974623552538695 27.701696481485026
10.262843564264202 31.555787184718547
14.939404502418645 6.6026085181102117
4.0104878493370189 6.532502444745047
26.018557189128153 0.26651624427337128
23.138710823093326 30.295176188209023
16.063475111038422 25.890414639081172
9.5169270987666934 9.0044238331703994
20.851197218238397 1.8038099300117789
3.5686721393522092 2.637395476223666
25.594824168711124 24.551298217219543
30.321810402629318 31.002883971245385
26.468531408796395 12.166124234561908
2.3071032890133938 3.8611182992033966
26.256496549161675 16.3560692468998
17.812778973788749 24.829428550026126
12.34726527094298 28.616465959263564
21.880183854651509 22.587420329751126
27.868855080459575 27.269811813925685
25.080605121742007 25.282782584153246
26.561209344846453 29.543695217295099
17.429473485738015 11.892896257183848
10.865168685392492 25.732402689753517
29.72588367730852 4.0639892871217649
2.5351896965672109 27.30764313067391
14.876844594144982 17.268868665958468
6.7973841718074519 15.101742069866635
28.281049488163145 14.861682798993186
14.897867091596931 22.52659319100972
28.264974829005695 0.28231924112732298
20.979280661774517 3.6866770211407855
19.81856274472322 0.95098653513292097
3.9369029560706572 29.346712421416658
28.768862657802025 7.7314018349748705
29.042560238081911 8.6829352538100473
22.7884141191171 18.636817668557274
16.040039824975395 28.249249435120099
28.783909100521324 18.676920888637405
11.545409149895431 24.934220937930998
25.469133437112589 23.615305942442276
9.127603572180238 26.164912452162994
25.944806477299085 28.662441415438831
26.514762479605576 23.516611612351682
24.271598340706454 10.334990475096186
9.8489916306902181 24.158139323307079
30.324429512715572 14.084498069578133
14.372157903306151 7.53821860890808
12.725354487359684 20.161131476729409
4.2063144785330531 11.778339208279402
19.683731054480869 3.6016218928737582
3.0275714110088869 26.468247551511006
16.99360839578096 27.949660797701256
8.8018682377172457 15.837502584331137
24.469966599564021 24.221994616823224
18.460599438210128 16.331271869141744
1.2161551482629116 24.291457068288008
20.776784394390372 26.172644936954224
3.0982481501408055 0.052523726004183278
23.254829113501717 0.97936881339153614
1.8478254589903027 23.491846226887638
0.85909164874324084 23.232875075280244
31.601464304532747 6.8258647650795217
17.936877349362536 29.732428480197743
16.964785822367162 3.2420438362130883
14.18788834206496 4.1020218218683864
28.426052424335666 13.709968939608979
16.04622906450189 5.7497396169514259
12.965959091770012 24.701081346722706
25.127224602618721 29.000627519866669
17.938922376298279 2.8117215907840918
19.777385029812447 1.9442291976469557
17.524841493764363 30.537712547493939
17.583087622827946 16.920998222558318
31.436830890984211 18.032950511346513
29.202240374700899 3.1949733199280042
21.119351857141091 8.2024624728107725
20.835962106474355 21.781385416352979
15.984671620221425 14.497038500899011
28.451713632033318 16.612385574018649
8.1336117102188474 31.535032963316834
11.521432346341392 14.009069043177938
30.924547842091773 10.92170205657094
27.625753099888733 17.434430964391709
10.614233698787576 6.4149448722525459
7.4369720080269293 28.323337778887794
8.4073128437846112 7.4676824899867835
9.7759359690550998 15.394689750819733
25.55848579429334 17.083850557107677
9.2111871439839685 22.244189210169726
29.688186811238747 0.28124179538576038
5.0022469489633625 11.472483761933704
15.978580970535194 8.384661433343549
30.938397940543169 8.304567774378345
17.732419296508613 15.652583138011762
7.8938076345711492 6.2762258013626475
20.677610678728417 20.884455778366071
4.2314075268684128 13.888316360798161
26.107094960867293 15.374151698889396
3.2397576485981485 4.3642255656928803
23.82157410659735 12.723273147288902
18.663049085331387 27.954833689421882
1.7489244786486799 21.681227630986584
30.659719491038317 9.3365246379550424
25.860490777272677 25.881405217143534
18.671854759653236 29.013397875739876
1.5533899895475611 31.025794712099067
11.510792457181594 30.210988111804429
18.529100813038667 21.361022386877526
24.236379418047452 11.461815389648466
26.892627707581592 2.3058682746515435
6.1365880313390715 10.212917793967145
21.049879381032099 15.456292983068094
1.8501318646004155 26.581647430022059
6.2805627505120754 16.002659458341405
2.4729567805784431 29.933531155862351
8.3703674086928341 26.633420594007415
6.7556527232225205 5.1628941443941523
17.579298965295976 6.6863321102373012
7.4924020233173811 7.3081005974942714
5.3575476373808639 20.213286839615872
24.164902938027097 4.9366493036460408
12.274764428208737 24.043322415813773
6.7936751459707008 25.447238752286985
0.93058364719175524 21.019347676019855
9.4747598791040346 10.99808456548813
20.254134933720849 24.831165986415037
18.27306256797732 25.659821749391057
3.3234847471408684 13.179359966189832
19.308943284882186 27.326249531331211
19.3241279184974 11.244800324451447
0.54323093994337013 17.20268510057894
4.1243148261174136 21.997908607117218
6.9513949546099765 10.97811453387404
8.4519900400427588 9.7738378119566285
25.178698907837514 6.294911510786168
29.121280274213014 27.136881057114319
30.901264944936969 21.282496207604083
7.91284046889034 2.7432302490002716
13.756572652952157 19.534360031914247
14.168562429760215 16.249918826139165
26.604164058596918 10.022138123616575
11.164491573553191 10.511578102006048
21.135757277316134 14.387893339980014
15.986455396557659 3.9137778889668731
28.606992386352619 27.978347748874896
22.167100980915865 7.3190746506800677
26.10654705780097 10.890556123486101
11.892746587728441 9.6719386279965711
24.41418458667976 7.5866418070884762
21.90475124956243 1.3712587219149031
28.069744382649755 30.946690432793844
2.809008736421462 28.177832837167166
0.15402240218468521 19.397012636195157
17.128743012938081 12.97587097296336
18.446351253961961 31.067122940213928
14.754968259799227 8.860024305199353
27.166824618077893 6.1367200137100477
5.956247632152226 25.02317557012384
10.017736029569054 26.553303976730238
22.93600958922913 21.69207032792081
17.103812538714152 25.7170716763362
2.0251159072498459 22.523798146504806
14.921110361098204 21.591127646132474
18.188137772495232 0.24858731424111694
19.254814836395777 5.2184236139499758
8.5936595184334017 4.0204204024522241
0.4949207215264837 30.812519629511442
8.7787862608202438 12.772459116939773
22.686195925816428 28.578539926065893
10.148113701909647 19.810101825820499
2.6865847328738477 10.226228823294816
5.0742295744224499 24.716328669799534
8.0513377238864603 30.586119369685324
20.174771141691146 14.716890175577534
15.619936967874837 25.130154040519404
18.155159401922617 11.214702015755543
29.23208650634751 5.9171021723445305
23.097127363271351 6.8500821457607239
19.674222852474919 8.318513310930264
9.0567257198872877 19.158309031232221
13.802605100799493 13.345309165973726
5.1287684617574394 23.539347938513593
2.6670530547170905 21.218427586095125
17.511257419463739 22.170541886636514
10.668901314835853 14.726833071458094
12.312974928509979 16.524683160231568
27.67595508138869 19.392378858748522
6.6159951192443476 30.59752085110442
2.499559286500125 5.8345845951751798
30.700544449140221 25.639643599260189
29.951059789581304 5.0407695959094365
4.621690873637113 2.2662961571313849
9.4165049276336585 5.4108487931704872
9.1796339612108007 16.770980368854879
11.248671477890507 0.58275341434445438
13.160796793634132 11.481968657335482
2.6170026329907645 15.322000482791298
25.970667487501913 17.907266946952717
16.048859332847094 2.8778996598216078
19.581075904408706 28.643404858450616
15.415887450448045 30.052579718927962
10.341411883166762 28.419846974810202
16.834400960094765 10.129512441843602
27.94885363858938 11.75071782847972
4.4147537618415971 15.805259748558575
21.768097751847058 29.186455955811638
16.58541936364982 29.941827735252303
0.88300503294505206 10.344014456069948
4.7576673186546614 3.1833470996997719
24.270219346509752 1.0577169494871737
14.036877026528732 29.992750044378148
27.374901040820077 12.497755080057434
20.266002698199088 4.3940244152511569
0.0071968934272222578 3.8062408642937244
8.4901681547817702 5.3426212200665404
10.962378007873106 20.368009630239236
9.6456496277743806 28.943429377291878
19.932976395539615 17.902053435935372
1.2068195904820993 12.923933229876758
0.01643224488104663 7.8783622837059539
24.536416264917882 17.612328089094635
21.697523505636934 24.317571457890988
29.917201005943479 27.63046741412969
16.304137465257561 27.173096113583568
14.691217425077971 28.196306270569249
25.246488189890531 15.726405250535038
1.4189614272161084 0.35452655671264682
23.563978026844399 28.802489722870522
25.521319593382351 14.413444334658738
12.67795652555658 22.741842352003626
29.223172230882504 14.37255074552265
4.4247739035197906 12.924886668916431
0.88087211824117451 6.9605430081074502
8.4422085528637325 1.8657686889947704
29.577836208555791 1.9859289517686185
15.405487744693877 12.568040481080036
11.424631461811904 28.781469142962418
24.938021754762918 19.851143280911423
22.998839849235633 9.7507301586397173
4.3806964593054376 22.965054188033985
27.891019965262569 24.636107495125934
28.029054008584133 28.654882370176875
0.050391223466396566 12.877308336325974
2.2973382629928745 12.23837186131562
13.27308685082364 16.280067638697737
30.529101193924223 16.74497101282175
14.447792178926125 18.45886447864876
16.473091620626601 9.1932063144249838
15.175783002657521 5.4627130254093688
9.5488569035711492 9.9958303008514164
14.319034624893522 15.169938194992186
7.4209872201259017 1.7360072234058208
28.488339955508014 9.4528383419113364
29.178089443239312 20.663960148562154
6.2248307905230851 9.3134667872001007
27.019858630410322 20.19142221362047
22.280266817380067 25.179897959199174
22.544812697096841 16.463996675223516
30.660867841168358 3.6985602422629489
13.812738295152178 8.5816775047433751
18.839107878797126 2.1010340527009168
11.110818465971175 26.717341577019152
7.7843876636918656 11.435641013909363
4.1106150285399492 9.1056554284697366
17.203136905716033 2.1756409519970368
3.2665955739317964 21.830635120981629
6.5776055934046811 7.1795336076488283
12.42971308640441 14.051770551171417
30.516185990085837 23.404436585849577
7.7388721531526752 12.580508573590851
2.9334689329736467 22.767063344390234
25.171863488628549 4.5270743596939305
23.9313773138547 13.737169892618768
4.6719002140708099 16.899665794899892
25.616293834418858 12.050059126860472
2.8509703759267202 25.608742990718223
29.644515415842243 18.027479464993327
31.201054604108016 2.6935568919127695
16.031758771862741 24.155215275764665
25.113169439525983 9.1926306815870138
20.110527296280654 11.366541362338818
5.5991619785613471 21.241536818139434
25.848079933837784 2.9805799974621707
10.443160063831202 9.9265587914606428
10.961035803847063 7.3949344903905034
21.310589209236159 17.454435782110089
17.25418942027936 0.5707411560299338
3.8083719060476211 7.8787153032014707
23.874494192673868 2.1978050944406755
13.837587516018738 28.754106878010859
22.959972019217801 4.995870349620481
13.16090347821417 9.2970485529977989
14.184637677258518 11.75204098122239
7.9940481549113178 13.553711100187748
21.184133868679865 2.7629257434819876
17.033627060116743 26.632189346086143
30.142594896281746 2.8396305312203207
30.46640271335572 12.05887045588876
11.915910186614896 26.293781302310055
29.211039441436338 12.140208138842441
22.233732502174117 9.1500541461618443
18.166684468218669 3.9430232536022896
16.057542909779318 22.261537573829948
3.3995430945989722 12.276256997013908
7.0921765930987331 19.687359845685066
16.081486892550689 0.15760639464264922
6.3743688291112583 18.439635319741125
29.615157174660357 30.295653931536151
14.763713214798624 29.256448210138348
18.625372690199786 8.5960949376922784
0.54574164670293313 2.9498775288699868
11.208775349629263 4.9606403924973277
1.3668255250170633 7.734606303582674
24.950708602596865 21.937879087824495
7.7261332679934087 17.506162849458008
26.411575643040607 26.822770238097494
20.228076929120355 28.037585387073282
13.283233287866391 14.195014478125595
5.5724067922617353 29.046572279647844
29.797858128161202 26.380034131631277
25.644743861994257 20.982096624398498
30.977630987917536 19.088350497717382
3.5848498779934657 10.95462189666409
11.420864984275399 31.205636118137349
23.837259985075253 27.597297986516232
20.620939888241519 10.432594067998766
20.69626053630553 18.271686216280724
8.1345510364551163 16.699427592327503
13.280793687191842 20.745792751791644
20.233231583047722 12.492633679789199
11.025505545539556 22.160017071770476
16.106003069674891 13.440089670159434
11.459721692971645 2.0293361730538066
20.865339863060054 22.752028131481655
12.580695960448766 13.030997702222919
24.664041270810309 20.812610026341105
15.942708328837929 11.447429958219441
5.4358673056918976 1.7079753916619751
4.5718197213087439 21.020385282039165
2.0501830637274274 14.092373003974165
14.221554647044137 26.724956441854992
15.504162535216439 0.95735911011672825
24.728927760239323 12.329548543021447
6.4435187207358071 0.44606359700164627
14.978563954103729 1.7369464497330016
25.069142538949315 18.406367037100463
2.6601278059298594 23.989581465315943
18.654957602636035 13.617526950961885
20.524413762020405 30.570469946267202
13.313684912928727 30.735150444559842
3.7937284253060448 0.54245022448442426
18.645448660330473 12.103622601371166
21.786149051506566 16.052697247651011
2.7404414675383495 11.360077542478429
2.2041036778839023 24.818069954336597
31.619672322183245 28.645634511923923
13.965359287230223 17.327076182970881
7.1510034680683754 18.327299871241436
30.632440775353608 1.809517391016916
6.0975164011925154 29.826157577499462
22.004819079780926 30.808493510946288
13.294353508217412 21.758623926312051
30.136999976028878 18.803180014639086
18.066148611407137 22.980685856233865
16.982184007621338 14.027873256465584
0.13776997999812782 20.497175948410042
11.729862184440602 22.665562110930971
17.703545542268632 28.64218537135114
28.32862236414201 20.036580572485168
11.457480270890022 16.399911242378238
2.1070788241469955 9.3256516314055631
2.3364198187624461 4.8540876072911017
5.2499056791220093 17.782614166645768
29.735170469041684 11.362852694269135
30.680105624067693 7.0588277141826063
16.883850437253873 16.389098992407146
21.084250700578842 9.1934945596964219
13.089460227299352 0.49851530522372495
19.382539806284896 6.1048487251397221
13.734710906888843 3.2703280504584873
8.7095375113524973 19.989912734181299
3.5790923806263044 16.060001172653948
9.9814223136855329 25.431359825520815
5.3570712152170801 15.302410247313707
19.390812382079638 0.21381504198026124
10.944504654353899 18.258530089383168
11.082669414059232 9.1305559094017479
27.014005539244859 31.251540546187663
23.971935144169329 9.4827869058595642
7.045295183785873 3.2669269219911383
4.4426958101100178 14.786646591519515
16.880453281168286 29.163130677445078
26.245450922367286 6.7764935041277248
21.515195713051121 19.21808041233966
5.8843843071779389 3.6329762368731142
26.472764800708198 22.63758812532069
12.317079761222232 25.455608674879052
24.86073045662307 1.8163806893270191
9.0501089697206236 13.797044140942457
15.191135244810763 27.548777595376816
29.91569373190589 25.132739666262669
18.254233440696453 7.7962885554623664
3.728166026888561 27.470577099951399
16.369743012679915 4.7232769713232807
10.003749742075343 3.5445526305852644
4.6420620075019876 1.0466813945399107
10.364315418488625 11.194980805317023
31.476727877493072 16.647392176933344
0.89522169418349662 13.775859942033717
4.2917965016132413 24.243549952310183
10.456708331882551 30.705315052541273
28.561607749609788 3.9755823394537328
25.895396328144994 2.0674309069091148
11.759053252336443 15.062486676605443
24.252838541713565 15.524314500734045
16.082968300748494 2.008162253095652
23.585915205088163 14.666111566055884
7.717774852802334 8.4301033717634493
12.292293114273885 17.989642474079268
13.347068839217568 12.490640098703393
3.3230441135667856 30.321597966538125
14.891688195587745 2.6252453511243363
27.193953339372133 8.7653405327473184
19.259549211470752 14.788506677043106
21.568483965628772 9.9851098448948825
26.808249716047865 18.254236120545396
2.0157716271242312 15.946762165739848
25.624842712499341 19.123014460057561
27.710738275519432 1.8314081585710655
21.394114103257078 30.187083280629672
7.9603058077969919 27.622383726585323
6.0293838811594593 17.351901182977482
19.447317990987532 7.4525054081915076
19.525191844457119 13.697748179077152
11.32090127787467 3.6820147562388068
20.949877585685208 16.67390200867473
27.144142736157487 30.33002504684978
1.1995344581846592 9.4454662863060381
21.034463805180543 11.916287376809523
14.406619985931259 20.039521147764653
11.885636327340654 6.9131810747981417
23.235909834838669 8.6439861747468978
25.254800250846909 26.571137468686842
13.879758044031222 22.367394881454466
14.202460014240126 23.333471946745824
0.93801849524520686 28.810129180953485
26.909239492263225 7.4168293889354047
0.64825939213156092 18.419771063969115
29.02146541801639 29.244911159719248
20.872146707984644 5.9352487817935291
3.0971288727046233 29.019759176506746
8.5804565624206717 23.993947935244375
5.4706538866077548 18.879153698498111
28.659871609492377 17.578161750601076
11.339329403941765 11.575402971433965
22.039539755158831 2.3117394415060697
28.684507960644797 11.083925984742358
18.890297409821748 30.137078534350785
26.619385109463497 19.164633537654918
22.80947561208443 2.9822954277911675
25.157945318130853 11.070540924907856
4.560634077003149 31.422431263875513
21.856705749437424 18.398825720805686
25.374197550958023 5.448842641821904
27.098168297113602 3.2601244367140487
2.6461015519827438 2.9244527814406576
5.4636374907374199 16.368803689059863
27.852992275741812 18.452378004053632
8.8392151243828021 6.4813690999970817
4.7785435420060942 25.708326844270381
20.159549675002602 9.0281514887644736
17.851349401669683 9.3561440383483259
20.896300154641558 20.05593903702545
5.734623767168249 5.4532215722565374
4.630178501335191 4.0975902067088574
19.875789461184745 25.83082388077715
28.580990522168225 30.122708064904074
2.5057230680328217 7.4229724078902182
19.103290054852739 23.296029417684384
23.145714061189132 26.512422020592794
27.396100624717249 14.55360593646142
12.355775388372008 8.8377616425214445
27.283755049525002 4.9523114311797025
5.7601704522898123 2.747765914411334
15.909499062067905 10.381164916101616
14.569969343388587 12.722213138356185
19.691658570673582 20.030221081390938
10.306095503184713 8.5784761490577299
2.2826954070988879 18.343165914687813
0.21074394910820507 4.8040585474108086
24.25056826517195 25.791327468335393
14.196980372406465 5.9585663017402855
15.170205218448581 13.751471241266662
21.248709605413438 13.052796644094698
24.820209384336813 29.946973124901163
5.8208421773081369 8.3701794153435465
30.889486413873662 27.713963205877274
26.865388448853246 21.137954568406645
0.14432331765162978 1.8300576085420754
24.14547398222183 6.724532460442525
22.724222532949007 4.2167355164902611
16.036024647125654 30.762188229930661
27.765034233574408 29.562874607516392
22.407581602622525 10.552814277774031
27.167684037060678 26.35810515901213
29.898994018516291 7.4257518559648208
23.247110191114512 23.612046723032197
29.756905519097124 9.5476326707374568
7.5382183841347121 25.863341839418233
7.7989732449431477 19.206543533856603
23.271901875177598 11.861130033707814
9.1655724899885485 14.751562492064211
23.385502917844196 10.808973735083281
6.7509708250053677 23.201335322600247
19.837772135552832 22.74941615107404
29.176885257367903 19.471534682922702
8.779749117112214 21.163461563070001
12.276208359094291 21.668266628881142
31.175387719436156 24.593947347508532
18.02038584755827 23.933263217524825
1.8383213701140635 10.583656481350374
17.280199966455307 7.7192542991898225
22.052472935503943 3.577522946933096
12.185660928944133 10.659104365793043
8.9279678741810162 17.715878956616709
23.463921075618043 16.048886963669464
6.1921982383308132 19.557019137575125
7.0580955552883156 14.250316651351323
13.829945990419088 2.3910815092359528
8.0837484504394332 21.730242167849074
19.127791600335819 25.155630208889377
21.793399958742956 5.2658529684374287
9.1367477820278591 7.9125651827414689
18.686798744413611 1.1273212169653741
3.8465164252894444 19.445337294599007
23.101015507469739 25.637656699015821
6.9518623243265933 29.230894474501248
5.222104413905801 12.6349431975757
16.224867254740197 15.587366439805901
18.947170610081731 18.361745274734371
22.077932018788072 6.1627850047715702
12.402926429103101 7.8487739097921576
4.6697544611630333 5.5871924513472058
27.090929653138598 27.70569675343469
12.832046131662143 26.94555073030876
15.47454588533658 17.918845867157575
10.178516897392228 27.47697098127944
19.366959714695469 19.075258540948678
19.576490917142902 30.89150975358508
0.80831249816945694 26.240320264263605
23.753070779148622 16.938237558853043
10.063259083713222 16.36831880879679
19.005700283860076 24.301437897787459
21.730129451352784 26.004799097633015
27.602394072623039 9.7435203450478483
2.8223217754008663 17.593246822918935
9.8540498974602855 13.097400840234791
24.141014513995302 5.7815975600732621
0.36898262793178771 14.395719071213538
0.83339067788372823 8.4935954666406541
1.4665061168758138 18.939311635352354
28.870735117958926 24.813494297189244
7.2400266498992867 9.3285247882749953
5.4568339983182517 27.546026308675653
20.586887778198491 7.5591864578074022
12.219261683914279 5.3910661672550502
20.36774712428457 5.246984719164832
26.300884175144876 3.8196133026975634
15.427185373394387 26.615533011206818
19.244650287590645 15.926685618535524
9.6234161990776173 2.7005792064686149
30.199964554420305 29.636137060298054
26.711239483679211 25.390614830130165
3.4494029728861753 24.625866925108863
9.627631959014062 20.512034810958209
27.608725768240124 22.758368692890201
22.930703750562429 22.651897949502203
21.482229683078085 4.5596885146735575
17.007257610880984 23.742415515504213
18.708462162330193 22.214069470816384
10.298794270126844 5.4730380177986158
22.93048298610378 27.569678650390792
2.2164015714314718 2.126213445364181
24.753440205900404 16.554355803956895
0.097917785845450439 24.003177848700123
23.906414622898254 18.438869110831547
31.077656754270333 14.634915694684414
9.3509838841269204 1.7298333745981493
13.073626683524397 5.7065749516264317
23.715508608746273 3.2610049557181262
10.780817103705402 21.290430113994521
5.9534544823205309 11.155479896181664
13.886380718167622 1.4345221694026837
31.399647917571595 10.043562948962727
30.66226666499271 17.715328090349146
27.008541033580144 28.619363495265365
13.291814739180797 7.8150628169005749
7.0626435270861911 6.0788009601915647
21.032539210840454 28.538020300147618
31.014865163532878 5.816800255785231
13.005631993786032 10.262875957145152
1.7162545496881483 25.647130681267129
13.072281541469071 4.5951723709075116
21.335441218000245 6.8590648690458655
16.816479598341058 6.3572445616938529
0.9894492531882243 16.279065076544583
10.698461330249273 12.331993143288702
0.87160439654734745 15.359859615005712
20.383935118423956 19.187653421599066
24.699253429027227 14.61756469055501
9.8558282038300984 18.774755856474272
22.855382932352992 13.915144782545282
17.008785402785257 21.48315704426258
6.4126974263548799 20.63310914666334
9.70078656497396 12.099910348665952
15.453200396478266 9.4487103446300811
25.792304822322606 30.048812715568136
27.80316079425009 25.521635429734179
11.816421061879455 19.89533155535295
1.0525961728914457 4.1150729173657412
23.01375450407075 20.766013217712491
8.7550320203036964 29.600884517749417
15.014840465010085 23.931730074843927
24.846502515627062 0.33624826246295575
30.575555963452523 28.682798235445908
3.1181014624711745 8.4027565822526107
6.2874703748186489 1.4074051194285235
20.457487819554938 13.59176850174368
19.732995419240876 29.674978644457095
12.077351422662922 2.945360527472606
28.67427428594273 15.604061178109198
9.6529983166671744 6.6238647917099316
26.362046319948426 8.2034047996058881
29.101845521703986 31.226519824775746
5.8316426372980263 22.762235468095358
1.1936935057826801 27.340910569561856
11.233369112723299 27.751591350327143
3.3409678020121434 5.6681497360562183
18.009279706858745 5.0712938022914971
27.618584675239987 4.169073779467678
23.075013314370629 19.484260631445732
28.159127242075357 5.4203708429250854
13.845799503881446 27.449077815724081
2.4695001924879629 31.062239933466739
27.551689926800492 13.497286402365811
17.132071657365845 5.3212011229188159
12.474759521739742 30.780868224122461
27.146159412996951 15.524508572713582
11.897374343849922 21.027910147283347
5.4115122282272816 0.47364209515993411
31.539709878963016 15.605089217699533
8.3545706741831136 18.4091827565104
9.8485220526261887 21.476593097704363
7.9424573528255511 15.413150229966693
3.8525583003988619 20.655627542148348
20.870466986026962 0.9071066240000768
19.756851731918701 21.816307456459189
24.275395583173083 23.343696033703399
18.638850301625698 20.200305609489934
26.833734259413372 17.046277368381237
27.921273268071431 20.915616018519348
1.8259970175929041 20.552845054047488
0.17331467091086686 21.742190890424965
7.4037051962553972 0.81287912875716062
3.0482262343390123 20.265910521055208
10.003073645575954 7.5882269552111596
6.3976518382251886 21.890146916103358
26.375859205479003 5.7125650145750146
18.864063596166979 10.374006587282292
17.859631855877442 27.443041361839679
0.37150081686584274 0.092080025689963138
4.9318682232227946 10.495637322615893
18.2384302931411 19.448419632715819
22.121070349756881 8.2240532105695348
11.49711510824301 6.0168082368194922
3.2359015575920704 6.886111898591742
31.146753277809843 30.632909577091731
22.812978456776282 15.245464406625922
29.611308596667435 23.002857184895174
27.781346586880456 7.3224730968619838
29.139391684293741 23.929160652236824
15.021152441449416 11.414128371274366
21.893570989392497 27.935687518013822
21.957344809559718 13.788119291507382
4.9334604529572594 26.991871583464821
15.877912688552707 16.653319059276185
7.1079032373202287 31.313709806803761
29.877254645361614 21.181689278842008
1.391746304770398 4.9694316536624799
7.6596427640662696 23.360860323084044
10.981827817034292 13.288772648535177
16.841079376239765 19.126449997061965
28.997772790237367 10.266496613133601
22.855003290386911 12.925364627808293
24.49248097855784 28.337859638964442
15.730414296988782 29.029356258889113
28.895277676311341 4.8802511093707315
15.148236223231137 4.5980950758862065
24.960422412333418 31.059369132641386
13.98724322272143 5.0370354125733838
13.88023262680446 10.708772908550122
21.880750638040926 21.617472630225492
12.311276194889546 29.669051756358375
3.7537835516335698 1.6634911498607612
3.0569361266409159 14.060796775869122
1.9635365540178029 6.6471677944522272
22.114648756163508 23.500194777301765
12.737813456026933 6.6443795540327617
12.876119153840328 1.4833553438851137
22.349178298875255 11.586856984449966
30.81676915665097 20.27870389032929
16.389803014414625 7.5064321278389974
4.5577255124982274 18.452681968988401
4.988562135312204 6.5189233305697387
19.172802409895521 26.44820301594504
1.5397316641963021 3.2838454377969235
20.124849544680714 2.8045164138359997
0.85714326139284247 12.036871252018347
3.9340898314547408 17.270794925807358
14.903245552611907 10.400356665644885
12.954537756429755 19.050776824474841
2.873241162882044 1.4476016975752077
17.869656453383392 14.159716323045162
15.155969926269657 7.8970816313405994
6.4959223251301896 4.2935149581576431
13.143158966006188 23.427944992155648
0.3428674944001559 27.722416031602403
30.61583078378764 0.96183150258854067
20.139415969599582 15.814964813167471
7.5353101029339786 29.900792515148012
9.1839478089845912 24.919124961258241
12.854435946655254 3.6763561617034557
24.745209452014755 2.8220952248372506
13.197691257236619 26.12786398272705
16.909991174428075 11.154911301658949
12.942351450700345 17.349898855580602
31.174699879290991 29.657340407273001
18.132187553326165 26.569325275357524
6.878031636791853 13.301043117931465
28.016098917436729 3.0164124909520074
7.2075665706264465 21.045176509878097
19.096452087967602 17.176507463213799
0.010896272030336834 25.572958047728481
19.00119833094174 9.4407018258990156
12.741751802540508 2.4444619003612904
6.9022931393031248 12.138259823061906
15.949348411748655 21.349554541758277
6.7594165857217652 8.2429588797914004
26.558736631039281 13.340286257918537
8.5219079058521334 8.8426072579956188
15.783280583823979 19.710491454436053
0.26628662471858461 1.0202804392633757
10.892866205955903 15.697101259720752
6.3366871427337008 26.511832455052648
2.1135596275911186 8.4092598796530602
18.994403882156334 4.3885454157912598
25.694454334754152 13.210631925763966
28.362734531528883 1.1556593044171846
20.549097106306153 31.530505297086187
6.9343361240781318 24.35844481083528
18.423071408250124 14.976491189894519
13.84335822494781 31.527389028807576
5.7334614902420205 31.179395946105352
18.850785932116686 3.0767941608757372
13.377373565593368 15.161511519877202
5.5733366554241206 7.4084160725644193
4.8814281296155917 8.639507989040375
0.35096556577599008 5.778935167160741
11.911092355347268 1.3242358043677511
23.184550987285231 17.685169372031776
26.006415099254319 30.948514464516627
11.516897998904767 23.65930779617171
15.665030748872198 23.181629545525361
4.0375765053479373 10.205557371766741
7.2225089032283547 22.225344671614195
9.1475493844189675 30.508693748923253
0.82410076459693848 25.038532501365939
0.54234547504605468 29.755307617487631
27.467541264324772 23.843901224849446
12.277510188346136 0.19554837097665814
24.201622057394836 19.277368130011762
9.8671976314482759 17.832922233395035
14.160192815600563 9.7232053700796026
22.004847440997956 12.489608047446964
12.289551994979606 11.722147087323988
29.370310585263685 1.0970304209218407
7.4262795535441031 10.15818980130887
8.6899825533053416 11.792741746534567
1.2950495706617917 5.9203909909848029
25.419030778773447 7.2485696190348046
9.1424429963968965 27.397643791629186
8.3310907750571683 22.735591228377256
9.4525019533814891 0.7208956528619912
4.6783937251846019 19.657416607725136
17.25515435835635 19.966536403238834
30.142488287096128 10.471301523106652
19.377938036560359 12.591911028511772
23.983574723283088 21.496675667963636
4.0690378748947378 26.594669416422182
21.260381716549869 27.291448068039827
11.808385978199418 12.672588948996946
1.2317245937117012 2.228235320271589
31.157468064510873 13.459903261141083
1.4496928817286829 30.037521282009642
31.441370077866253 23.010292515621021
6.0276130205546687 13.397732255840086
10.106009669705699 22.64528559953289
3.9051270468118475 25.497367764145306
14.421281559638407 0.68458430792666103
29.549419302386752 16.036022256343067
8.1066331948008301 14.530318058171973
5.249795275328319 13.912396931255774
13.842803245322058 24.280656108897158
21.863752642227983 20.726842712867498
4.0868989948296415 28.223545738828211
23.699297939195606 0.058600997361287398
25.268690213102705 22.741375962229618
8.9657130516007957 28.206908492945072
7.2700953318119605 16.118827359303832
22.828357321244575 31.319561173604729
4.0055849710467797 4.9693873329467175
12.113995160255755 27.50742049405137
22.052455508635038 14.902210457921585
3.6693880341794567 3.5683763770192649
1.5718527337356256 11.510002509278177
24.229205324189746 26.701329963277349
19.542793861513939 20.922137356365326
10.443642346623831 4.3746791366285303
17.270395872489097 4.1134090264962033
14.638502379637005 30.725180664957502
14.430956998892508 14.167192090012001
9.9515729391203323 29.895069264998746
18.647560477523601 6.9003588776845248
6.3138405031884783 28.38616324720164
17.273888629881323 8.6707065489354438
13.734309023060064 25.440143781273882
23.022887052849264 1.8776907170631587
29.441576069991417 13.333662551334756
10.537519153960018 17.141650978982931
4.6101401757664586 7.5872623952127709
26.28950556429146 4.6672641215886133
22.560351461933148 29.685749620001882
0.021318837692224857 26.747400482953413
28.409629082899983 23.404122046741289
20.91957572508997 23.674805089609038
30.025705702316252 19.928850055745258
10.136169482039943 14.050211512586753
16.795597818730275 22.910732609356245
6.5119539630437728 27.519684362065082
25.067791585244365 27.539775970492119
28.517778243267426 12.657487118105051
28.313059468501525 26.407025969959658
19.897160189343456 10.012474340833208
30.214335042848759 12.916935253185651
26.467704020234446 14.362125949579466
13.677014377774594 6.8029651022891775
0.85301265424674044 22.31410179642857
20.127781948165413 6.6261532730453805
10.594580012038362 23.389725201367387
18.232773867848348 17.633152716590001
22.178724879779118 26.764749177251399
14.688907818786284 25.923484400714813
15.270931518623771 15.102676512381933
29.5540026203259 16.999238923415696
9.2177582680650332 31.378361926606093
29.542063738593633 28.576852072272224
22.286295437694253 17.365372034903359
29.828740579422298 22.10551228734661
30.187577133997475 24.240228635676075
17.121336456531331 17.9797152476545
11.995671440590526 18.905151212424361
24.043926153164865 30.759971106954552
13.122833819818474 28.110091450870485
2.9448245583231394 16.64079153258761
24.842096738205267 13.424878874269933
27.434109145133828 21.928899272252867
20.029670454941144 23.915052221220574
17.015603429382491 31.251227765290668
1.8738683988921634 16.929829365278032
22.209763720215783 19.89877465568669
26.023810848327482 20.14364317062817
10.724712550495015 24.535408090718313
24.330824242070584 8.5218493696635313
12.016241637213877 4.3008172828786826
10.449168979120058 1.0295101249370697
30.840703758942933 22.304639902889871
17.819074968031806 1.5185512416195408
28.70953303380271 22.389259471991362
28.622037409115993 21.570477613495928
6.0317763251684307 12.188667452989167
28.643513349297983 2.297571167696645
14.225044746208299 21.061307942467053
17.778564724407438 20.836630262699646
8.4430069759044706 0.8149189515956291
7.3058272114105964 26.876960568085039
23.868834345275488 24.863164078975679
8.4855015858350669 10.676854029851906
7.90827001098656 20.443465846134853
5.1337586126881378 22.126047196101837
5.357436128155074 4.6093993126793826
10.873181672131214 29.494644275184648
0.370407393307294 11.075614323472204
3.6830091140684997 18.225881169633016
3.4155214331892241 14.919134206060944
29.843096485651561 15.049310408840414
26.762579329325234 1.2339780268908933
26.198874169332413 9.2804100612938978
26.604596372222307 24.563823203324716
29.038206042952577 25.784025210846
20.333053668507056 27.034342605600965
14.981473561918792 19.088935215049776
23.294508416567759 7.7699401583009617
2.3124863877640296 0.73685552526075959
23.761107585184455 20.26248125175556
16.061834307389383 18.691884704061305
3.227382930587678 9.4381740225622259
7.6088918017269593 3.9755111348886878
26.090806037668145 21.826167455053888
4.00361318106662 30.779498042954042
7.7453957217449947 4.9418111006614076
9.247188079018656 23.364600549578185
21.087765382140823 25.086717929351146
27.246529073102352 0.54677454706201334
8.3561800841709193 25.368184439204512
9.3565960975415958 4.3905143975663137
16.763723049089133 24.799815066492641
1.9513826312037157 29.078559758032831
20.02191110902292 16.897512125920993
6.0137904617662441 23.939683565098612
