5.1081311967511098 12.686118094102898
11.046254342303412 14.423430914859308
7.9262931731850079 18.315817787265498
7.968351260248915 25.294518241294778
30.409438666983746 27.457895548878323
21.911931347104673 9.0621914381123663
10.668040004567658 11.00379709743847
2.8459011357657662 24.227934835261411
29.982423304435923 1.2186421387748521
21.162379066540971 14.066468134065147
24.426745772533131 25.234015331124976
22.689607721117522 24.521403624849349
13.586249500400955 12.101799611865848
23.334725860909067 3.3345285419810655
7.422728842401038 27.903054967681147
14.767219002281411 0.3696644638514936
0.57304678403030618 18.092506918038083
2.3185245736058491 18.532386628410421
31.553047824690498 13.751444255467055
20.902305706264837 23.429002147479302
24.786653349537261 12.056834105398369
20.763103301510771 26.108880421972227
5.6848990582727579 18.703551490333858
28.814942130199221 22.484578843676374
5.3867495038245128 7.2187092098859358
1.583987020424477 0.41313227491618149
15.477384632567761 1.474591040055002
13.181260634526666 24.099332258072668
9.9343175793941629 22.578637394256539
16.098130390293321 16.191556436132963
26.135429807200588 27.052221907987271
1.2993853400225306 9.6702133469328899
16.223067064603494 11.23478442340174
3.6386350850102374 0.0066734165869306861
28.434686650832955 13.248063481531281
11.553850912445618 4.6108912505986037
31.380477428513398 1.2426615042100146
6.634701736713648 5.1375384691059418
25.793200349861859 3.5072219387374459
29.495530241615299 25.376347432299927
22.137272786047074 0.80949419605543493
9.0843782524722272 25.941241828647982
17.87747294492862 1.7543780754751002
18.80997569526307 16.192984646012015
16.309456125157038 17.638293374886022
11.400301043603763 29.377018589084152
18.061725610142084 10.061757805810498
18.015416671067857 26.63539793246979
25.291821933812628 28.352646039089471
26.685145119128325 19.565159347260398
7.9108206034703059 6.1497646364316001
21.478079221602339 10.236732096497059
19.480320069137075 24.613240278923882
15.731892372982527 6.3057312115783164
23.601662289795534 22.185014822586165
12.782708879252212 28.852956402591772
23.225994824418088 11.479093979107475
17.344717578211114 9.3778295941903274
20.135344287423873 2.8339667653270335
2.2446534432627283 9.0681222469657197
22.519161849832162 22.428131565170702
4.8874695604626988 16.62222893140585
18.44018783611369 24.780776505110275
7.7726084113900455 19.439101018852107
28.438376056079747 23.46435647585777
7.6804205201412818 28.803405716677183
8.0238166559166899 23.927369224963957
10.728682071872631 24.06911910665487
29.698938715894641 19.518027307488577
29.78468268272475 21.454436314268335
0.33849723340418825 11.057267541230452
9.8107026807968118 6.9203554792143063
8.1522066594415463 15.531512067912487
25.198933506812104 19.519206745509866
23.410177857632991 18.913166234166269
14.827869345865647 8.1064783805836775
1.1982720372773539 20.193381761042335
13.644970412722387 5.6633460501782267
14.418909201679288 11.651902726169784
9.6419982968743021 28.504327397457232
6.0539063222848331 3.1010409579866018
20.072674200540124 3.8267168688200814
11.307691773483901 5.6170223566448376
17.843192765086798 16.210273606092482
9.809369628066527 4.3075857445323003
11.756376727301459 25.480713104776815
19.742755080991177 14.213950482132411
20.99750381059804 8.5353996225472546
5.9546084255380558 9.9512181609114077
14.429554306595238 9.7842367840713163
28.295124386920779 29.937099184198825
20.074978778448241 28.865446898536614
15.358548402015225 10.953941004826204
22.665412002957542 21.501617734096268
5.7642324201812567 29.669444255756158
18.044677700963017 6.845837303125319
21.929785376108534 28.03534639764769
12.109501947178542 1.6434677493171237
15.856196909607318 7.2934126273482951
22.254932617172305 5.8412207907651004
11.835064246742249 21.494185185915388
4.5744890901100748 25.006517691707483
0.93462991394156913 7.1723732479379958
24.476507762024166 26.960856094296158
4.1089261151978453 28.436017657311751
1.9993927519921386 29.860906440709808
10.415913086678259 6.1961067808296812
22.865104193563891 0.15973890147930883
24.022214605962446 4.0637680661685049
3.9047465105247885 4.5265481961213831
31.28669603402642 18.60519968741194
2.8340972737301056 29.766906285789979
4.4722765259650989 17.530690456119377
2.9884862849597247 12.662543673195712
17.154142770410949 12.840088848520441
27.017074826129946 15.840726586477247
6.8849871870854207 31.120883879344252
15.207830558565387 14.591106877537948
19.561544395771993 13.104311852335069
6.9035156061041594 23.586116324528383
5.9923050337723627 9.044074372670071
10.968506683031633 7.1575590560416549
7.9910759647892764 3.2385028436863381
15.746770090846235 22.347765457374635
22.156834953582468 12.305961519468228
17.149786490723159 22.246931660455473
5.7165783342432253 0.72139472122465698
12.47224446446425 17.969153850558744
7.2094255062980102 24.467259667076849
7.8696819768229007 14.570361581220954
7.0640256896095108 7.9106869263180206
26.379763837448166 28.10413447222216
28.459142765239726 20.196046255263823
0.20089118402725206 6.5356968188875504
16.809265547590588 16.677612595940055
25.961319122519381 14.374412627106343
11.059453550184037 11.887082165830455
15.07149257510987 13.649309031237955
14.127467790849412 15.829117644629468
11.083587751818428 28.002715081337726
16.841236805564069 11.877479992909766
20.435630397843479 13.369950806334373
24.384161390187682 14.358994874963694
19.841731068213264 5.1355692604853678
6.4948358480707071 16.371807862895196
5.9773474502699422 22.056509997671466
0.3204896619004583 21.68683958748348
18.840657988989413 23.008530947218478
19.246551662641902 26.618957866869579
8.4707621959574499 1.2469214462547271
22.120777014524052 14.117036147760068
13.655129159133626 4.8461553390807763
12.501174274734414 16.868139522121929
24.081914148168714 6.381757308132296
19.288929298177361 25.708182382767291
27.991850757624928 16.305676563196837
14.659547777881025 21.474988844804223
27.418426110186317 24.951731491631932
12.485162161803869 15.798131876880724
12.220203248829128 23.563098774219633
2.341796946624549 26.426319224123386
18.022688265939014 12.350919195551688
20.353867543078447 27.777530616517772
7.7070545804853907 21.427728547508309
27.480703442787348 2.369509949678561
1.3590308250986733 25.799211338706396
4.0492332030092575 16.002727791967548
10.83940403754964 26.061174840601197
28.102598271972834 26.231494973864518
7.5433854864309513 13.699492636864839
14.854311229318061 3.2894280406022967
20.265421898026368 20.38849381049754
8.6729392902981921 10.89550296555959
24.257603217948837 30.510250691896903
14.749785185075497 19.60899706827502
19.292213766729304 21.105899528783432
25.398758362959569 17.348757662152394
3.2640473695073 13.673584007162281
24.307565254030425 15.582376714942635
26.517842229431846 6.5857089989599373
22.232584443763564 31.062132192465299
16.836482333842582 4.8512227063317663
28.69163898164819 17.994318267557627
22.864654286438633 2.4269756459303768
25.494589660737905 10.978080803204428
2.0238787752193592 16.364504688949193
17.742043040061759 27.957190172416713
1.356127732856204 13.152830159757697
18.656668734587289 6.0363497273589548
30.289914330750687 20.415196459249085
28.520893325892324 14.248317296761728
5.0062270955097148 6.3402636389731857
27.641354627378806 4.6420836406003243
12.965057739681514 19.367911264735977
26.105380412066232 30.981622959467821
10.937519351998795 22.324346394653599
25.145563974635881 22.421003969012506
23.415769924754343 15.563034066523448
21.86590664091505 24.130857130713608
11.263696664215031 8.4088846916101563
2.8774304937021271 6.2897262279723796
30.275973793713568 24.403484960734744
17.239200784730812 24.218255129893727
17.725984090142806 11.345221145763832
17.788302562558094 0.80484422059369065
28.54925802403308 7.0826617280110131
6.0632737082843331 8.1635837504192246
12.056204706723232 20.013088500349099
28.391425263080805 25.361633191007833
1.1429599157229224 8.7917374573231388
21.060216220706444 3.2520091316503392
8.207119947342207 9.1985288294824201
12.752720639232548 7.2978481850529029
26.673884219241756 14.993803404817928
14.244195675271982 17.01846466452562
20.997803835379013 30.596292951492572
23.353872733442476 17.552244946635341
24.174956916521499 8.3449543038076666
30.403017257629546 14.556030219814847
1.0366976041561666 11.996800242114015
22.078506968467902 11.42860946268936
30.424924533193526 17.047190361979826
13.306109060524159 10.484336086108852
17.535311358764961 3.5641632755708241
15.60287752914248 2.3902886155991263
27.561992793202155 14.34518750230268
25.495252322777002 9.8725114831831551
14.191913019073265 26.286673903729817
5.7912063369612383 16.881766891302874
28.640284240964387 4.995661297695607
9.3543775775465967 21.065216247822168
9.2374814557918086 27.24522425756264
15.60980799750185 3.775598751746517
29.571529697500033 4.0384627092446754
10.361800738478859 7.9122425707564057
27.898883066382552 21.085643293505541
23.894598754181327 9.7245475431667447
20.664604893172974 24.293356404058063
20.385506738217266 18.554192227620671
13.053846088688825 30.383605545519931
28.686743757792424 21.571913645637608
30.477264905565139 25.57579130387807
22.609141100159139 20.523854351734837
12.465193297931611 20.755395467149494
12.000622681554349 22.571580667557143
31.24168051438475 8.4531108142912288
9.8103058539884156 11.742709026314683
21.888120042101484 30.007292240464356
12.015156781840936 26.423002796669145
4.1565898275547077 27.518674981682413
18.138630584091569 22.401080284464012
18.209620197675189 4.1508340726120085
29.357927382558298 24.380195016648546
19.831464047713936 9.9994793663151711
28.702609018205674 10.82737903136641
10.03148990118472 21.587079002762422
19.100458240092994 28.834640961384025
30.381922301446306 18.112294591487863
0.58843668650230196 28.221486059501029
10.163792759559275 12.588190809281059
21.556962033698994 21.823184699551135
14.476922034763611 25.355609775126158
8.3936919375406411 27.577824192987453
21.396239099733453 31.468312947880818
2.939363227323271 5.2894185349823584
0.039475610024482077 16.650956179171516
2.398148252138419 31.340019456194597
26.22586902381984 17.696344028219382
7.9438487897983485 10.276166692763477
29.365059975118871 12.694141564036054
16.618575583469202 22.987248454448363
31.345230315308562 19.974638111088517
13.851896875845432 3.6629942978591603
13.510002525451615 29.474175487816872
13.895109381615878 0.22981278124692575
20.237401649333659 22.015997167912374
27.276594869659029 11.071745186456441
10.985403159412162 21.224586598261574
29.748860650293402 11.219575675417794
22.466782405909282 14.962194286556025
11.548651699306568 15.159040721978036
4.0537809536113585 22.747507235025328
21.358840436019634 15.138145134984399
3.1552017604437221 7.1917377263144671
1.6664241164115212 24.098308232602434
1.6469196950623701 14.198466790854187
8.6725256596686986 2.299911788025903
16.097356356909966 13.561529039184322
20.113684271508347 15.856286716460804
24.260981620822104 28.679790838738224
0.52826579931670492 1.8826773036557249
23.150537620536198 5.7643542452102086
25.337548693268907 30.40979713357472
26.070037101425726 11.656947863666947
15.41099862810705 9.9411544952786475
15.68203660426256 4.7149720882238029
22.170449723221495 23.293121506328465
4.7082811142184076 31.185345842279755
1.2101843671813779 1.2746180789009305
27.938808884879947 10.437848799524962
18.188912844159489 28.74791180446087
16.265970311389228 5.6082305151324956
30.680452433845453 0.52656877976327854
10.462980955920193 18.679361299638639
1.9099258649747421 19.532922718058064
25.416577764919307 1.8543285121664843
7.2924069507581031 12.811341560917022
9.7486808051978091 5.5372365652854336
31.291393998548397 14.776132009009395
12.07173692595355 27.366352128998191
31.189872465136315 28.683738721919813
31.319075334219804 23.939624594229524
21.169183106783223 0.84884274430570927
30.645593343332081 16.115895709863452
6.837091853296358 2.7192541408770752
26.842146858281762 28.744234065398654
22.995307687470113 7.9713414669580995
3.7552537232469732 20.663817041829795
5.1222783518793111 25.87033167852243
5.1750491297975652 13.814673741600499
9.0668920860470763 14.782188226383154
18.912158425704707 29.881018322581188
24.997485934160402 16.250907323673331
27.127946451009787 7.4529320726715627
6.9865301447762764 18.718298971025256
4.0122621179823348 30.479847356639279
11.237561760832142 9.3325402373418171
6.6299126969115862 14.538848448996974
22.023707927424052 17.530441015468831
17.531577146032461 5.8955746377888181
8.4374384809527303 16.698529160061604
10.261293330582451 0.53253913734503322
6.4121133067623433 19.395195461877282
2.0064377034633818 5.4749246744131037
15.380603535783996 12.061240250707874
9.4986521107017374 17.612788739966298
11.071762815166121 10.193067550294785
9.5753495073496495 2.0342423433566807
29.508437627394922 8.0397310295058961
6.7204391695808523 6.1850776078890686
20.22945269217006 1.3915960907988987
5.5070214738158114 4.8387539972683742
29.480979455174719 23.324843764906731
18.177004842263656 20.508094328852334
16.739228081740283 25.692194993723653
2.8302415383108688 21.558245260352962
6.3122339184986416 7.0976929888939067
13.034663533290367 31.477600932638275
25.866549972759675 26.148568200004661
4.8332156716996444 9.9642576231849969
24.514641089169867 1.3777765333978735
6.0351377197651885 26.060874318133578
12.908629428914155 3.7185531943503829
21.418432428548407 13.026400746398647
19.567981944630674 17.779560040472809
17.176774122722513 10.567339025569497
21.218948830166319 27.396331596205151
21.886823407667421 2.7803484519610979
27.860890369388638 30.843343224256078
0.3855823986369542 0.49493102735822581
22.475841899556869 3.6424494123785198
26.585980556542374 5.5701716562512704
8.6230790253033938 0.22380959272616255
10.518549305930085 28.8590714316998
5.9488175156719363 24.063485646490246
16.687380252916725 3.9341755049576288
20.839625497339121 2.0712381635463126
9.8992561231532044 19.450193313914344
18.895316350725928 5.1717708534893632
4.2046498586575884 7.5375487822598535
10.150312802030509 20.331006361014477
31.005691466988431 29.666219991368354
27.748594667381781 9.2969357283213707
14.456788952616774 29.857502106666669
10.55236256328843 4.9044744881560129
6.8150937183820579 21.498482636307443
2.607839683009797 8.1127014513009961
16.335299949629416 9.0938662679553417
1.1915746443425352 18.837715288902775
5.6108625476058451 24.864225901224231
0.098281847056959248 4.9036866027299091
30.270260147808877 6.3624327473951334
29.810834385172239 4.9537496625252446
29.276362959918576 20.607808209638485
13.756328063406098 6.6592957062084848
27.780836811514586 22.37776378808044
18.261092578879488 2.762079378961761
2.9310704383541037 10.716771903174129
17.287822577135071 15.507866629724898
7.1179238068834731 8.9204840843838014
19.033285448995031 18.54136165093793
21.038540955844621 28.657026348513458
16.374918401737389 10.098946199904359
19.445496521483001 2.1552346751344236
26.91136383157685 9.762999760886137
3.4808217212967394 18.728352589178016
17.33788602070522 13.723189222676455
18.631277199328508 11.213716104326082
1.4053220563539859 29.065115728518837
23.387938738303408 4.7230946921446471
2.8680971926563648 19.562582329992093
22.10358074517794 8.1070980572860325
5.7583798971008688 1.750843544772775
12.603952073499736 24.990445124087394
1.224191661248585 26.691468744916506
17.598484490036661 14.565624164242232
5.8666023245064931 31.431513824968906
26.553980683845378 12.902622339547538
31.177790323167034 24.925634782606885
24.276083801392879 11.39574197935862
10.49405709796531 1.6344022210660161
6.4865060938266046 10.719575551882956
16.04503521796175 8.1917420139008108
27.582459751048784 1.5475268864270026
30.333600580198333 30.478387560273045
3.1741997018842456 16.022349408554277
26.456060058781443 10.554943473996969
14.419757951158173 1.4066474691125876
20.749872839910012 29.702439613522621
15.480502419828223 29.939450030240273
0.83255275065877055 30.164051543895329
15.779047714999713 23.489225732644123
6.5807051618442696 17.798859489002833
18.781017951451563 14.091196785764906
14.292489926189289 18.922653611848919
26.35942543519997 21.120101796087468
2.6557932730530447 25.555460995865811
25.657325259456723 29.182421284617419
27.93695742540962 15.276704993801314
7.5173848005239874 16.379720313318217
31.596610734054615 3.912249327288833
2.1972485128681649 27.394623560571276
21.612203915001576 20.870372732295642
30.660186711071493 9.5733218837178153
8.6614150520651432 13.872990740671183
12.424780785419243 5.459781169887866
11.900259479141491 28.494499327604515
14.942888964488725 5.2934843906026856
8.256735688865195 20.580285250118564
7.2352046447724803 25.902421830790118
11.183637969457941 19.242481893071712
1.2610417707587764 4.7629966673666617
16.946203073676891 27.660896148616331
11.933115431920772 0.36765418311920056
15.973953646633722 27.577159666925922
22.303994347312788 15.914963153715171
24.05856495045289 12.812853146854009
18.207158606737444 30.701407741968382
3.921565057550918 19.694717702367925
23.68012825169275 21.160316121560882
16.948372075196716 7.4419270441230632
20.032753751459534 12.121776013508146
6.4783465568270149 27.865048081184433
29.501022187928381 17.172177050568521
19.004363018312702 3.137593560956569
11.027392344915757 31.583953294224312
22.061284784560016 25.445497149758115
11.657160516668071 6.4745716296959683
9.1104687389121715 8.7414998135644311
25.936546209904922 22.045692326626796
28.008788578456048 11.903209367358771
14.520528613499115 2.3797814915354287
30.764945627137113 10.420620326202206
18.230325379000508 17.839495393836238
28.712265679394616 2.060816275479926
23.6214219394382 29.547317316268479
9.4481826043389194 29.600627167803601
27.666385952139105 19.592093837327205
15.072084328205083 16.385862200883505
25.249789588951288 27.448493160041306
8.8518866359776016 23.609549949318854
5.613706332691681 21.135687677589374
0.43274435779276016 29.294726080375998
23.402356309742295 25.118618858129441
9.7491367754520795 13.951696879055694
24.729859737384309 9.2253926449229251
15.411889383546267 20.940227559055117
2.2114878889307246 1.7322025860326473
7.3449811995487462 11.107498817499966
3.0510435834621927 22.615259189888508
15.487592929977025 17.243289540879282
11.349274012552486 12.745550802018579
7.3060119474058087 20.224994028108735
26.566410460072344 25.44801975504565
21.911769217833818 29.108739798597863
7.1039776782890112 15.355594014988867
26.160515891835608 0.41354870243348019
26.991004611569309 31.194252023690122
0.44435663879482318 12.961622112261558
8.9656365443308204 22.526237962248352
10.152931358105493 8.8931068353593936
14.015613466023341 23.023903382898986
23.437183751010156 10.527627828236996
18.246944506949486 8.849920494458777
18.659848414996553 0.31546613214845209
21.193182752034037 16.027865961661171
17.058814503036881 21.212758703495567
23.593966261024399 20.165031394055028
28.411528210330427 28.443196455450963
26.579530365517176 22.838332148520283
11.734869045753856 13.584562595480557
20.570106141250648 21.185271933897784
2.0365158901998832 22.167286346351858
27.642477472731976 6.6355888818311826
29.355168653294147 0.4766968580191604
19.69654913150735 23.741724700468371
23.360423261825286 27.031595916068188
2.7186070406399465 11.604278760249246
17.397454485121447 25.162467335414153
25.065910994389011 6.4268450906611196
6.1353250947205202 28.699972337689783
13.377999590891111 21.044750929623362
28.830684097571933 19.229579073311264
19.191060058121742 4.1338389438970458
8.040977203341793 8.2104583504452595
24.20922487476809 5.4151214400296919
4.7423082668722278 21.631494607634515
10.529139626724717 17.667648378136569
19.985982243388488 7.9725225157227655
24.0071280972703 27.902341629970593
13.595657127361102 2.6684562017402937
23.670470511233297 24.049311691050733
7.9553518858592387 22.841760937762285
17.113430404254203 29.137713131593152
2.993174357624282 28.567955851585626
18.589505504475138 27.441916614195716
24.179973430008864 22.894545787850287
5.3782881479539872 3.7803098539674687
14.052196347870925 8.8140437130125733
28.644568644983519 9.5681964867595894
19.639317047638791 19.277249476897094
24.16272285699171 18.127593319240859
4.8248852082331783 19.302346990898958
29.377082239587132 14.593160300510711
26.912833363961706 13.746467261173775
14.272171151178672 27.531437848297905
0.44336326856496211 20.722787667125033
8.6710580209314667 24.856649098401839
16.768221336008253 0.92891392672505591
8.4746232191955642 29.505500211401294
26.993169415741534 12.035000962992273
29.990076706436156 29.44810435367587
30.414177273430383 7.4319968704667918
21.59658936520049 5.1844340364712984
13.968171990580661 30.748369891365904
28.881765736909649 15.5020270679549
9.7035799063524024 10.705356250763217
0.30962472695387666 26.916994963034949
30.072654977137066 15.505881100094284
4.5414804169070413 26.63885670719241
0.36840765484849214 25.603477574145096
5.2323854241747423 2.5204659281534791
25.274070573906478 0.77201837698927422
11.100156503821216 23.226109784332266
1.0937927545822241 17.250687994334232
25.931061182569302 20.120899596763611
20.025927376990811 30.993443752668377
20.914986363946319 9.6248727340033042
19.174565557112047 6.9489430417100353
16.311390454081035 24.256635644059944
25.167338122606253 2.7223091082473476
5.4952683776567799 30.562250384392009
2.739352925573026 20.526644361570941
10.365327846992214 30.842817472500155
12.364379364819424 12.156185695463394
29.569427367855923 9.345187291847278
19.102953418835874 21.894432865572242
31.312762699690371 2.8190921138351404
11.481545562922575 3.7272846172313128
16.600927241240264 31.527496995649102
23.88974935640028 2.0528834746389815
30.841557064313882 2.0138411991192071
5.983885311552128 12.906784577257753
10.166433934927353 14.934359299005727
5.2188898267091979 10.804534815048745
23.805916204303291 26.10779212891541
19.05576635282139 7.9228018907101632
3.0642355885394412 2.0764517035967804
16.537378667418636 20.348675067394094
18.79905413722372 1.5575319350559447
9.337440876454167 18.468860722979546
15.055266885696721 24.585140838398317
27.049579824519803 16.925508003078651
29.28444030739584 3.0290983193911747
27.715936894475004 12.961283671557929
13.850851010172594 7.6022653722684481
16.870067569618186 6.5388384538487889
11.024914405461747 26.999447415483086
12.630923120424162 12.950072090283529
27.091196949706244 21.860039485745041
10.494305398011466 16.698503280137384
6.6594375621299156 1.7255671977500444
29.391427201058857 6.9992005500556367
17.631057549585996 17.217858988520351
13.172798011843646 8.3219535814950856
2.5159122789223605 14.13850344754179
16.326077390649868 15.259596730318663
9.2141590872324706 30.51788121504384
0.654463778607554 5.6278183385900826
1.8245920403065334 17.803906905892251
0.49027760624304184 8.0389233274406653
7.71607688715204 2.2295931562162408
1.8492891788474022 11.782467802760298
18.25902302740883 25.750573606532782
27.643811065775946 27.877927552973791
3.1593177296775856 17.863421326355986
14.001307870349915 24.265753331256274
17.798019859646018 5.0044227776710732
10.552343898506734 13.522839494511583
22.493999632938543 4.624475214752918
4.4090327983021886 14.89635284406409
9.9467288855477936 26.482869572995821
17.152701745792665 26.626138624201044
8.3897643557423791 17.628706106833693
6.5801192843832039 25.166892875973783
22.843545696360259 30.157875251873321
0.63190492710436286 2.8813387737888125
24.582126232434746 20.422103426146428
31.042113643642672 5.9558446107538678
16.068318067672799 12.654133966060115
26.026949303602422 24.405925965943815
15.59434981974028 28.973815934274096
9.3199378395755534 7.849405765339351
5.512169309798292 14.579736438779547
26.298645995876516 29.817785098007487
13.351969227589279 9.521030911558233
9.8715518750706082 23.518012137704531
30.973933029495544 21.026663894960151
7.8224589855844329 11.834983379038551
4.0769736862325194 6.5725495352883465
27.156934221518039 8.5505634384813902
8.4223166370502121 7.354833946851552
29.781969879354453 2.0940389183984207
3.886922373223876 9.0865413753612589
27.020340593526051 24.142732969726719
21.25243120764609 25.054971021011237
25.336694935522733 21.000712148230335
22.393937343233521 27.05106486911901
17.222533950643943 8.3691000295701699
16.387514624213033 30.014407935008386
12.788024560787626 22.00536862599056
12.274144928162707 29.801944967112433
4.7276485817933782 20.535055767217688
11.495132286984992 2.4246792162530486
4.939496060829919 11.781083132374983
10.305030337563373 15.749426415415716
24.978895739126088 26.104120915503913
21.502613200516137 19.969334742729579
27.491744951546117 5.620786694876938
3.1520634026402559 27.550667569948779
18.911434455428267 10.173254914124641
11.911942808769725 7.5965389416898761
13.927948597425798 14.937365199246621
10.113127443450844 27.601169580396437
16.973256719217556 18.150070590625212
27.165464630421905 26.157231479241791
25.949931572610293 23.442395163532598
24.920638075026982 7.4358215951362885
23.318473865163533 8.8811610665110159
29.332792447613745 28.152384285364459
31.279556939327687 26.279493079649754
4.1050414914479267 11.022566172229888
16.316365922163254 2.9540315824118109
0.73180866677326273 14.2667018164108
18.043953284877173 21.369289543817956
13.12619461503386 23.024641399958632
4.6313844453116948 29.798353428632758
13.789342409516712 21.941273568131756
1.9105737788905666 24.963444127885705
5.5363121430019007 17.847987543202567
22.136880863284674 7.0278189026382751
5.1669239976765251 23.499777736193209
3.9099857029847458 1.7653593134866936
20.651952305203373 4.6162024700790489
8.8785640313657748 4.5728960731336841
19.892320478143329 22.816726692290434
24.205683543402124 0.11211925477982733
27.945251107827364 18.655749390204004
29.608024769389647 10.303133210194265
12.953715869137191 15.054980531004471
7.2413950987837028 22.493981816382686
20.753215656564418 5.7829004355142795
28.316075065952571 27.169442856424045
7.5453265333020623 1.1413517048939228
24.994400196232746 23.490189055572394
17.357422540129601 19.951915085186354
7.2416717451445107 17.324128728565174
18.414597707917984 15.090013511289387
4.7350703668425957 1.3833612625415947
2.1741344358080887 4.3192517491561544
16.122365391147319 26.601143150596226
4.9048152741251814 9.0216096433712831
3.0742942975348369 30.757643605151294
6.6549781172629139 30.281733677741531
2.7258952790893449 3.0273937580169048
30.890488106558305 11.298089964791261
29.270119452312525 30.348180004014544
23.277285005468428 12.346897861428854
13.749170682827577 28.331211754724439
10.635358403225913 2.6641323991467942
20.712591408938827 19.506084821921394
29.55710225375627 18.375159827234871
13.408322359947176 26.929717538212067
7.102520974440961 9.7927611828732335
4.0833420896836259 12.753273812886029
30.535201291978606 13.531074213566511
3.3775213195776388 26.567111647378209
19.310037540467931 15.268290448136682
12.855021727395298 2.2702530027452252
25.104452694912379 14.88515731679632
12.124457735837701 10.458472495680953
1.8335253012479424 3.3371391245327766
20.052536136933561 8.9822890674556746
8.2513005001304514 30.786237568608556
19.069080219238693 9.0453384813521556
21.498347689797718 4.093280130760804
3.6495109016641676 17.035338147066572
17.573395242383544 23.374301977890571
23.368240097795983 13.626892337579283
8.3511724576992279 12.809560136757586
31.368963593973973 17.504054096884591
12.705862715347278 6.3284668991001389
1.8678750200281864 20.868191998034035
26.456922091259255 1.3110290086972864
0.28898454550288261 10.143714940811016
5.8074608966352503 5.9029893944531402
12.8886416747668 27.746378764234283
2.9033403763163057 9.5370341856927716
15.914153162400998 25.098229561419259
2.5369791079739565 17.007798337621324
19.374028616856474 27.865397297747517
4.4587602544972444 24.115091642875552
11.08847031069222 20.252813394728182
4.9223420610119968 8.1177454657072818
18.455288460550126 23.898667057109087
23.891192416711629 7.3779111069774039
3.6765101257410513 23.616864276155439
14.925783486564095 30.932064465327002
3.7585997050162558 11.849122678191257
7.6977384675649638 30.105605943571856
4.2542219680061475 13.717366797647539
1.2757660038203484 21.657498389463008
26.138666436545122 16.533904299364263
22.764912877268202 26.014548110313648
7.6756806860494446 0.022681553004041288
20.189661516890826 25.338312314961797
22.64372606714922 9.5523373666327824
15.407688719133047 25.918127792457405
14.743914764047759 12.799548182910662
26.255802996364263 8.1872835516639402
25.784295605835538 15.640607201382499
26.090612705451395 9.1922204658429134
25.00488421591826 18.354944169162334
24.9401149847974 4.9711568588018684
18.934235083898056 12.374501549445522
0.88803193591644847 15.261732468463405
24.919576366014827 3.9205038808718924
30.298744486885049 3.0826048645174366
18.918212475320274 17.040416923052927
0.10716628857872514 9.2876426267425494
24.635963069722084 10.490469735247126
29.056779055615269 29.26256594359776
25.621194453087419 13.540027070940916
15.885466287237668 19.020510542569752
31.524403028670225 30.514321078073671
21.879766101601437 18.989951125631446
15.705193105950453 0.58547851545695828
2.138406241637433 28.544002073712129
13.38623799838553 17.525949540690792
0.73139550128168518 24.748381718924339
0.75504279518121364 31.30876143655524
5.2646708821249053 27.946025701629026
1.2983866576941854 27.750101961377371
29.570295116137427 13.566424781774323
31.280628306106859 22.835129668807859
9.5762742687357374 24.486940945707847
4.6462854562528646 0.47764853746357055
24.624054512891604 24.285907771757611
12.087268316452807 18.872248173660026
8.5978059839940322 21.74353246951511
28.679953267226264 1.2190336739937009
13.13236494214588 13.819300196842516
13.450234830504916 18.513405047152947
6.720782745900804 0.61267131499340721
30.231191319949897 28.475982961491706
3.8729626165650406 5.6343954769197371
31.162754706891366 31.352169630677114
22.423682820026198 10.517958429782842
28.272904448883907 3.02646803734237
7.5052714076768554 26.847026369858401
5.5554795965178254 19.968970322940567
11.397127449054302 16.030955017019163
22.653181033134391 19.549805265773905
14.518974121359546 4.3868764239788423
17.849915359194288 18.77921096167103
27.473866586199474 17.726240798859706
29.923287107385228 22.341037523244211
5.0181974248622003 22.590486097475633
24.692730551838167 13.454566677105865
13.496558406519846 25.330114512185141
21.098912512512111 11.253561047480526
28.50224797108746 5.9635877398939039
9.903968519746531 25.340646356463328
10.852580852811899 24.987843773543041
28.717209897323425 8.4975314348828856
21.76848771130679 1.8129499153231294
19.775863747777901 29.972467703024414
30.728596754222259 5.0305257657691236
30.877918556561774 21.967090871731777
3.4434727871940671 24.880339212584943
22.603370146766654 16.704624982923296
2.4328442195155846 23.333228759819622
8.7367525475575167 28.500280339938691
31.342792821193594 27.641905804552469
26.858717479534878 18.54238822702672
12.358994098063123 9.5750207621831667
13.550400716621235 1.3897222448521365
22.958887184526745 28.05836111309122
8.9465217088339344 6.5293177903750799
1.4559465452945606 23.01927235356154
4.4341578204557495 18.415766563851331
4.7507988801110885 5.2021774113931221
12.608740166224168 4.5658171415617268
2.0920826185060433 6.9606877237835247
28.350737499621772 24.39822317822868
12.200061495875598 3.1147689339715332
12.304985763283968 8.6344623260521551
23.420089147886383 14.527492560316842
3.8605554183670039 25.786466054077056
18.36594385997569 13.37976144656646
15.179921608790533 28.017113644954463
10.529008192936589 3.6676429718491441
2.5176970265351328 0.7840955338636092
22.884227464642297 1.5065460949086533
3.0475459551704436 4.1641365847748508
26.627337876144235 3.1507926068340639
21.613434901077063 26.446806967369671
19.47348973410201 0.74668412615659874
27.113818105649859 30.042085294510432
0.994446611775051 16.312926886941028
26.70589563508069 4.377150418752195
3.6796559361037606 29.356159031282221
6.4229128635524821 13.678837624002382
28.381427616015547 17.079606563061759
15.011728094199251 26.852040417499467
6.4118404133814924 4.2378858056792952
10.390715641333172 29.8780933861919
0.95041068848624344 3.8673311621181843
14.870195385561864 22.475488750889895
10.018603780155072 9.7592974225455471
16.812681216641533 19.122474140335509
29.467900369498608 5.8459419155610792
16.465491192837536 28.64681994164815
24.576634209206286 21.629967429254187
5.0953330853741949 15.648683032049377
27.49052696763885 3.5948235503124066
1.4678433805590747 6.2387769229775243
3.53930394577685 8.308026585676112
23.213628897343824 23.315818710037068
4.3879463583224005 2.7139741974996645
28.813485836781684 31.184486854567375
17.065302208096824 30.49505634189779
25.63318984153841 5.7890044442937256
17.866761235246152 29.73929611194723
20.33786819777816 0.22707070697777873
23.030387453812054 6.8186396938791756
11.264788727053416 1.1479969948926103
22.527435843110734 13.241561138031924
6.4788067230995834 26.875530545131948
30.141864199873243 12.090016504322929
24.456009361755584 17.069874229802529
8.8444925168593667 11.827700530896641
19.512409476232147 11.316647321294345
30.432815273983909 23.332307218762633
20.140259921408681 26.797604165620395
19.995293060774664 16.665567665568002
9.5027701150177979 31.416886870549583
15.657255495739738 19.999709819725123
3.4350206582353984 0.84561488462168988
9.4566165812072782 16.632410443153713
27.286768590826458 0.58357704964217183
11.442407819579424 17.997118496883438
6.4567220202415889 20.529299415081134
27.696733186142609 29.15667271731542
16.399520261542975 14.38755807498773
30.295376904842573 26.592912786251954
31.240793346047685 7.3188593262654322
31.608556811036657 12.039900258917493
12.918531756852124 26.150595457690368
16.159915260329647 21.550483499040276
27.075682797984452 27.126495145985682
15.81256562570543 31.078769026269857
19.110308040558973 31.09198420918986
3.7965322513719171 21.684165249469658
9.6282208161224254 3.061093671302308
2.0668902993196863 10.360786770564879
8.8031694172372745 5.5398614089356633
28.031381978398301 7.9665596192296864
30.290433116267991 8.5948270441289623
1.3119942301076666 10.819458521690272
15.395513493690391 18.368958662876423
6.2052008950730544 22.925047234588774
29.972539657744289 31.321512182386694
2.1629705206984813 12.929397188331953
15.157480182166545 15.385147724192825
3.6223067048086937 3.2069707157986906
30.860137857457012 12.691332663666053
25.557769794208909 12.516724624362363
15.228164337450849 8.9434597649991012
17.590181984768144 31.45630183770778
17.213392103302596 2.527041668450392
13.373960617491219 16.345386805149293
25.880865364453154 18.750430703293468
20.556754247783939 17.484150910109339
21.140675951735506 7.5825105905118289
8.3787051516578082 26.418101948471648
27.469810445187981 23.376109997143072
3.7886246838206876 10.128277852366878
1.8178704518445181 15.354318176610873
25.268310623218699 8.3833773338860649
23.470186446645606 30.939740327050032
30.664595936286087 3.9585451745380298
9.2584548128271571 12.958404876825851
8.9908966732585007 9.8395121497364464
20.91379148243637 12.205034011791781
24.702471358547388 29.593728044771304
0.61518056703554957 23.785284309054767
25.481710199707027 25.024797476732221
20.328328649348407 7.0296360120281562
7.5934237798578552 5.2654856969621644
6.6575211004495776 12.107793931617843
9.4407318125611255 1.0100229831251204
5.4444176290670319 27.11347363924202
0.42192415482707701 19.377988638709141
6.0197401805075126 15.518757278108898
5.0049207713033939 28.884694785922704
1.5834918836709801 2.4197198072907891
25.891393790184203 4.6405933475098031
31.566293203959209 15.626343358027224
2.7216350431413132 15.199076434285031
11.361394399602027 30.458245401918177
24.261709792258134 2.8895696444361634
14.542592394893008 28.88516277137261
19.816607486888515 6.1869776709336834
29.297076995959198 16.290513722606836
11.819101462940219 24.331700141797825
25.058047096013524 31.408778756492797
27.153450335350865 20.556945406535203
13.063396248007537 11.313599653997551
20.410254621768797 14.834014873244108
18.069559114469499 7.7508515702003269
18.415203904936366 19.478471206441128
28.59164260018709 4.0451055986430804
12.808965206951578 0.88004770251329179
14.545549037649302 17.907463820353502
14.677891620032696 6.1257025790834092
14.860698635606994 7.1404572735914398
13.513405624367223 19.993823013070521
8.8682011149479454 3.5340629626333837
19.229117716868441 20.161073876677094
7.1787144586676526 3.7747632799963999
21.214637742354721 22.625601790641813
28.828473875456506 11.894521518176012
3.6205445016009095 14.753144876117554
28.150873848916216 0.34537313959600763
11.587547993113112 16.991312530506537
8.9983073785357028 20.055387132422354
11.878855735879384 11.295828459745044
7.4476020667598002 6.9748108579335888
14.336602266238501 20.501140786414243
14.846741451431537 23.610111631038443
7.9170249395628538 4.435884353827185
1.6334910539693925 30.782587861532523
21.341371148937561 6.4959719591782914
12.123514331882699 30.994737188926802
25.904468935905161 7.2317673215396816
26.358447808735267 2.2376754567333026
0.60139889933109203 22.682306901349317
5.9547207136716507 11.586652635533227
16.604375499721939 1.745447619197448
22.685965747760349 18.233830993399739
29.255219045236601 26.239291185440464
21.321690533288081 16.895531984824398
4.5313063345950138 3.8562206493747162
14.115777603206462 14.083771845966798
29.260538602219853 27.212494203315739
14.304238176098123 10.737463820417286
21.317074756486949 18.296162346544016
12.310739919912619 14.346884053761475
30.590597888824327 19.271709192896157
23.625915845086652 0.82861276847669096
6.9133205380912219 29.28182214542548
23.626831749169046 16.55882553781343
22.932678754460877 28.946251571753432
8.6930733243434535 19.113169898658896
1.6935881500858274 7.9197740098431177
9.1276337937871652 15.729284969053591
13.791215234464687 13.019144473191828
24.254377945842041 19.328144192344837
20.32820925653413 10.768369058568286
