13.470321981225112 16.328622431646167
21.030436466581563 31.550970778701561
13.235571324445615 9.8210883576561976
25.902219309110695 2.3407684070505872
29.389299663824207 20.173189761341746
30.127628317788748 16.92363017097464
9.1808174403134775 5.7041647108557632
10.445930189855853 18.857912404685667
21.237817123998305 20.600123798702768
12.914488005865005 18.858420233575419
21.691207138479751 0.528744877027986
1.1396699995921915 19.387384938563212
26.032732932098423 24.084801735076169
27.941419578830427 24.07152936138311
14.971845462714851 24.66265655751176
21.054814882470517 22.872197333498026
0.56656827150147093 11.436908967105007
20.30118430708287 20.016502332203519
15.060138418263961 8.9918905794685102
26.784726386462896 28.573678241518163
27.659700911112829 5.2013262481634852
22.170498147312266 21.233799451263
2.0848460855554332 25.422514386670787
28.404728731650607 17.900632751910919
28.701677239748602 5.3829954135406224
6.0360882493254451 13.148212196932926
15.892002118000773 19.706260222756509
12.381316391940889 23.070959084737865
0.60188310234609776 1.4277881919694684
23.321229819979763 7.8370242091674163
3.9643339765493897 9.2741204915930542
23.1011257776923 27.369452315827775
15.536582914332435 10.973087780226098
3.7840307723861355 8.0379444986012771
16.231949439202651 2.2873454825219217
14.328831897863916 4.5453315604580693
23.484720746183608 22.679202198108261
29.544951473829105 7.3090221738988568
30.162304154203376 6.4582899694950298
26.060106332759247 17.525304545524076
30.408311170490649 3.6510246522071506
17.451818664000587 28.290802779618332
11.237809512089623 14.670542267631987
2.3103752463995586 18.239532363386363
5.793997387991987 1.8128764573340264
1.6328165124376439 11.98472738326481
29.707912194114751 1.231723761850944
3.1969118408482489 4.0041089580691622
6.7746075604157472 25.248141615971139
17.252030456084682 6.3192638407853901
11.037842659269987 10.06853882046369
18.443830444408672 5.5366062937323228
26.998965655514539 17.560458998042193
2.2621149895867387 11.150517512446738
13.173128814403155 6.0588349608341483
29.04312966407835 1.9275558285503751
16.041926095294333 13.58831336196002
1.3729230356270883 9.7849013540754211
16.368601025428262 26.022178232626167
24.945628433926416 24.672272551221852
3.0908569496061733 21.846519096354584
10.202673341702955 17.826611152081245
7.2568722002284378 19.982081633280622
3.9470996268139906 6.9760716340649331
17.40364524341723 30.478735079406828
7.9204737594622543 0.97446038881990638
29.000898161947291 30.646589160352942
1.4492859760226451 24.294534753028387
31.599237119904018 30.241236337579231
8.6050249456938683 1.6047424356378848
12.139422004446052 30.835853151005551
9.2441015048472988 20.674958957472896
6.1079051507886613 16.548440993385388
1.4450329589623534 10.805738803334927
8.7663905308935828 28.26439181677884
4.1319228222107132 4.9154130413564356
16.486143443086462 0.48703847197497901
12.629076618732393 7.9297879493067214
15.068421142460773 18.829902237335304
10.035370697514285 12.80156642660158
22.617342985619185 24.621840805508363
16.998098038212749 7.3164477078213466
10.133978474245625 20.212049507546908
2.7146430681661036 19.272454232257228
20.121492550440149 0.38285855369764998
8.2164484946702032 11.127320876063777
30.567531913526889 2.7516021671243194
1.9252559759968695 28.838200979052012
4.123691870859604 13.752048048546259
7.9357303873384399 26.672953281999707
5.8650995132590111 9.2072788845561711
17.902450902109997 7.6097566956138287
3.4568040409568392 15.776922148609273
4.7379897106197255 19.664896323355986
15.810800480477827 3.2895966565415096
7.347292480048953 19.198675174724851
7.4918842466356921 13.643309078282472
6.4707603353681327 10.582614585002743
18.60692244934306 22.364175859454129
12.090414079234099 5.4566771541541081
14.303757941719217 15.796196650996661
12.405380938163065 14.765683185575005
23.941926272927024 5.7290986490027871
2.5697190434015651 24.671142803606475
20.198205031949708 18.934857992804517
28.832194463398856 23.502374289641057
16.750509994446912 15.976031128522353
28.4376154170807 2.9849037202012099
7.7616304851093956 20.951107437921141
21.656068671237161 15.848078364977113
22.274579369987553 11.702702448919068
14.887855658091274 19.840193264745885
15.659287895429305 12.46013736143291
17.912193192244953 10.907886146320282
2.850954112991297 1.5126676828341934
12.671804697229975 8.8694547511611965
22.177831786423397 6.3400802378798273
2.4569498047199363 29.699196600067641
24.880059473317843 28.249630919895775
10.235332368671736 26.199621558143424
19.31135322365559 19.679257991657362
28.687582878327092 6.8361678810785182
27.932680854962967 8.3650167982868986
19.839705609759474 4.8548793051480086
31.513799208490159 27.589441214041049
26.985687951320525 4.5996434361980896
10.986897432141166 20.575680607283861
14.353433725469111 0.32335049778020108
25.217158558137555 21.439785316067113
15.664176811405072 23.589842296305811
14.148347434291408 28.42229448949573
2.2222197596024391 8.8123041686015871
31.02322322013173 9.1099529096629777
31.358851239886473 20.071718495457525
16.210594134589947 15.164250698603114
29.485249394196561 16.156638462099487
16.308941692580344 1.2858298128500623
23.099973282999841 25.340929878502656
3.3562036519476193 11.60415392139311
16.184808841352112 21.208740316684928
24.768937911819773 15.246983567048773
23.768919634035445 19.946598789973908
11.077913177217601 30.203432836825769
14.083006447681477 31.117174671327348
18.7348346071397 20.198151710681802
9.8776439531040356 21.417668318385449
14.470125117973723 9.7414850965485087
26.505087261836827 15.157051589389475
6.9071469901742857 14.435386978341995
23.37558563896415 16.746004254310954
1.5876440285821098 20.644279111804948
16.591437713828071 28.727056626179618
21.999340666475025 17.968668764149299
22.896832967519433 23.573331349758838
6.7859112459030024 1.9050876853728378
29.134042651722837 14.639503647319289
22.721310179682355 16.031408131144598
27.094789672735843 16.150223846527823
13.276961872096662 2.1727820084604978
29.227000233369189 27.459531725955863
18.316146582861727 27.510086504957577
26.291294274245676 0.18713625706731521
18.793401156729285 16.216659735983391
17.931311552030355 23.458683179888641
21.074257692861977 18.346639113589013
10.332437390657081 14.999695358894696
31.42785627674553 22.908552314678076
5.9723642797861549 31.147046214752748
25.131150977569817 12.171966666147163
8.618031202792416 0.19996354316896273
12.228007622386329 3.9345391423614835
4.734142201130032 2.6342751208512603
26.569714316815322 5.5819501956774715
2.3238690267797124 9.8490039342048306
13.201843019084427 3.235011191827903
30.841963535588153 4.3418715625488602
16.455529729595856 8.2602851187628907
16.74381445140688 25.110949163616432
15.580923725927795 7.8518656934196764
29.281959822476971 3.6702425880843057
6.5134745590198007 29.320783091444476
19.816277690096396 15.211146685463897
20.297187583817703 22.267710962528021
3.8303282904309981 14.651887423765888
1.2882606961275929 2.2400350213643749
30.421335240410968 1.8646988316123798
3.7575984679635615 26.635013376553683
9.6004205254527104 19.464195501690256
13.122046692726888 31.270508702008126
19.483771850390173 2.0793404306344803
25.115981708332491 29.385218184397619
19.83521656880578 23.736062272605427
7.6059331236388035 30.233857936466826
18.357919796594125 8.6941738419286203
5.1896557863205306 11.201062002420153
23.45239639734023 26.438565129016069
26.457051789492073 13.871930098163817
29.877905683618625 28.554100338079355
4.8465921821482327 6.9877622336914795
18.613243586953793 18.64284372547969
31.127648246683034 1.2193522850304259
10.164103585691173 29.742371139435765
0.011605374599570169 21.07279365147205
12.022062364916597 0.44312003015246076
0.19673579676973879 8.4640701498411133
8.408832566765108 20.187195081704107
19.451968688257296 3.0786567935582556
15.631177686948593 25.203409041025782
11.848606064879535 21.340663624743005
5.6697352071531215 10.319957734623102
14.089509558562378 25.131882050624139
28.994162756155649 25.394393738700426
24.14806739584964 27.367523006193984
31.434726622259582 26.533078319481412
15.550206097682352 29.574131806594011
8.808576493542656 9.2007246276243233
11.97841649136449 11.927405561402132
28.872715120342335 24.530208636184007
6.1490991995302595 2.768080615325788
28.273335050161158 14.317734828213963
12.565732134789318 16.975508142951515
4.6888087264978502 10.134400569349012
6.5131012092992409 7.0656798686135689
15.771968901404691 26.85752382874562
21.144811776869233 19.447750329176568
22.168067361001516 9.241002482984733
20.279645518675107 25.167846393794719
17.811067841382002 22.316809580660827
16.07796436906002 16.585759958799436
30.611984190290844 29.196231433415708
2.2187736222515451 26.864136742271455
31.571720651935557 29.294813771444108
21.159923473641378 25.998127720090107
28.554882465671522 19.428564073144493
10.53015583997137 24.972416854342903
23.312307002388994 9.6019679850480451
12.727035603230128 20.924756124566986
8.2323949910443854 7.5956791767022409
27.692490294899617 15.433022237653585
30.342903063827855 10.451740318816036
27.356668635513156 26.354456154709265
4.6145706149423136 28.405304377366821
25.723269397025998 20.241946395636969
9.3698606267077196 18.449974083548575
14.732875782316414 29.112302124608458
7.2575020433971034 26.110515180353978
7.7688013275707819 15.888347237157307
30.523898692763691 26.693416881759561
18.581406420581029 0.71132796879589766
10.790233046388632 21.564167202564903
10.291511522031531 22.506317030525231
9.7610108393135082 28.078906026085527
12.270033304620208 2.9023817403451484
23.301882553219784 30.91117401629829
19.635421977063235 28.356122100595801
13.030284618054164 12.200773653780411
3.1189667899253477 4.9523784109118667
18.010711717694946 29.26658055700014
21.760931404198086 10.979980247114815
10.975405608492879 0.90305326449475198
2.5313546541213006 2.4998366725632462
24.35006359550113 23.242991803655443
21.88618952997696 28.921408868529323
16.651281133310388 31.067602179153312
3.3126245985729494 22.814129667011944
15.332386823588649 15.907519962391664
10.992982384243637 23.933492941721962
4.2996393035078571 23.130590195040867
8.7940101104126978 15.689152795252404
27.709801215518418 16.957916868942295
20.951681429371956 13.647614037387214
10.750564899831044 16.014765983096314
2.9089549091953217 31.118033393945034
28.469653761644821 16.525639910951575
9.1469123952196441 12.690722316188833
10.410322076225208 30.880854718596865
8.5693495577819228 23.334280598137205
5.1044161640046415 17.129813572569713
26.737743721397074 25.109412198658458
30.840434997450568 22.152476928164731
27.65633355181318 2.4732319979925155
27.630516598254424 19.292645699894571
11.936462679022343 12.895536085412946
18.085983314213554 12.37626327434155
7.8059278578847549 14.875055203985292
20.181986177169509 13.170880702736738
30.178657713270642 8.7500417493531195
4.351780129881778 11.501319203087609
3.2969405536580396 0.62092438219842683
28.544680918199198 20.52458062634625
19.806219847623659 9.8519362591958384
17.886333292750113 4.41751502309861
25.876063465053107 31.045073559606383
2.5852325168424013 6.0000212445404131
18.813973545248956 7.3016017686997916
18.717694431965189 9.5641346803805725
9.2708521687888421 26.654886946348963
18.712695032701554 17.338563651199539
0.017873009163702741 3.0414349476604037
6.3597042360323641 17.477914230908809
18.643397936115633 14.413044929145983
8.8343279907033523 3.3329616388934955
11.307824276351017 29.134568088254913
22.334407733761036 14.154288390088235
21.719741915654073 27.937070899408148
6.836453749003284 12.904407095953168
17.42304763178992 8.5310113862714267
17.952187319869626 17.79116878521641
18.24253614007662 31.135262117010271
2.9731535576153996 14.33733410002394
2.3981469191932594 3.2590994752872429
29.87806942373718 22.310744649622574
3.088087236188763 16.765704968103861
4.8138354773164256 22.397387422647771
14.631872619645511 17.878611984985618
3.3377880898694219 29.123106975948939
20.738924337014499 21.392535781689407
1.2302005269195879 3.946199444823161
1.5554882114878559 31.314805452388988
6.7276470482188984 9.4143717758251348
10.950533633646993 12.599001145426017
4.4743898629955927 15.365691548005547
14.538553901018414 10.645320741393297
5.7382107285942494 25.262615883223127
13.683240867802276 8.0620546570035767
15.665696518123861 31.248117983863455
25.839888931591208 25.222273249722093
25.388449885965098 19.294554487910247
26.031587129971022 21.449661448581399
20.074471973239067 5.8387768094268724
28.744005346815356 22.682933908798091
16.285382681722815 27.532627212985805
6.2801024083689017 26.309059505987253
5.068339752780477 20.632995732620561
8.20877613005322 12.206494016154325
7.4013549756100208 4.0346961010461158
17.209658594449628 27.370910174541855
31.116152201571161 11.977164969356098
7.3680756465629678 5.0317650869184165
20.196204278338918 27.314937763099774
11.651557451930229 22.288149632327666
5.8781625007829312 22.722017683742077
22.351188563068121 31.408299063485806
2.9049727978791249 8.0285024843296338
9.648768477197315 25.382233349039925
22.305098373158977 2.2217986786214046
12.6587038395257 29.083678345565357
25.102212088486691 23.739293339796451
0.55134730402630294 13.29495595975169
18.767240637443404 15.272959829754841
3.3247967226145896 30.253565651792673
29.819987112276614 31.06097656397468
6.2914049692323539 5.7906389728682397
8.362492344703794 24.27812942062809
19.377620442704369 1.0839879787421494
2.6348835826155557 13.359932096673734
20.61154104104892 3.2673592806392433
13.562711117553411 10.737459275411668
3.4801812378307919 13.032542531386369
5.07955059912587 12.76558603754216
30.772298980216938 16.179227816559958
22.035224686179482 20.075666468060501
7.0199495968211547 0.87031759281776189
30.767406756975859 18.119023993067728
17.847485576930918 9.9346871857188646
21.568010229685367 12.424836253395094
8.3634226984495204 4.1789249434851037
1.4346665424278722 8.4543979653800321
19.248968280784659 6.1063466229092889
16.446238314806539 5.78152444499651
0.16179814880096663 18.214608645272108
26.726095094336305 2.6703951867307074
10.717501734527596 2.0050529849032768
11.933370014641921 20.204708083722192
0.68093155965857532 9.2682620968297051
26.486015288341505 18.545067618952473
0.97334913956288371 30.255093084945326
23.260399822104496 21.466025479495155
6.4160150841454344 4.7512901178733271
23.281811478598378 2.4040648547445542
18.942678018610675 4.7274043825702918
1.6596030559044992 17.323911651467672
11.096063058518931 27.929512584927036
7.935855816192313 2.9555380272181622
20.219086536115118 7.9075378580606444
15.054270346221429 27.851640419813933
22.357464313467325 15.055249930200729
9.2179952089982553 22.243312428225391
11.808972090319118 7.2515033148155448
4.1694937831608856 20.911882636115731
2.1489405336706806 7.4677983979276217
5.3900631368604595 5.4439169006324413
5.9271035198407178 24.383182008644376
19.335669855006088 30.15159892791786
21.204748743382314 17.123547176076798
19.723935303496603 11.190850407835102
16.600199408986686 14.396160567866939
5.6746079636535525 28.382157034046109
13.27622921941752 28.24187006199158
5.0370761304030438 31.051494082232264
1.1659750151689487 5.9832992864981804
5.1865346374849013 4.496127859397185
5.2879495768220401 0.52646630103101277
12.793445864279271 11.231007815994145
12.130720164570961 6.3858953214177294
24.596470263572662 14.399990351975051
10.936586891886039 13.637266057485533
6.6830399303342789 20.843958544918337
31.319312586251954 9.9593235840692653
4.5619699270168139 27.075558083722559
11.321597942657542 4.0586384583046762
23.135034726313883 5.2723847965413633
7.5589399858461546 29.103968621153765
29.642741546200959 13.739252667382718
7.1213102080628143 16.686717196396408
25.793087899807517 30.081739279526204
15.438956562048823 21.918456023998917
24.092183956805648 17.382189721934878
23.779788651484985 15.67472814666203
8.8599636465023632 6.814432926422076
19.027458981618285 3.7563322667158525
31.016867234093983 31.23773278739899
3.8227988789762901 19.681075754403786
25.368158109032262 9.3550994615564758
13.69105304536275 22.717909430701592
13.501633077103003 21.597235833115967
11.72954235411107 1.5264031522423946
0.043242573871696728 2.1971275199165881
31.035735963018244 11.141398601837739
2.9861446645881373 17.76189167102719
16.852867407936323 22.788617883751108
26.898409402366291 30.505551380652257
20.379965909232091 29.879350465500583
24.406333036703575 11.55686055936024
19.558278775535097 24.713201525040574
9.8557471789793194 8.7978314184383475
25.114010944224951 25.798236354847106
30.144861117003494 27.509586831337689
12.503071433134494 27.541356064659752
31.280960207488974 7.7514249770185648
21.416111175427577 1.483690625078675
0.49964037233537012 31.212676455493433
29.855844889677421 19.203559818830147
10.065787926513494 27.266762542911245
20.604421011646281 29.030901322716502
3.2848528085598376 23.723583018609496
1.0401682592882802 27.867709169836072
4.2209285524072815 29.405277014520909
26.622852002672673 22.505927209415002
21.881677121237882 13.208407883439516
12.064597620514585 17.929153415891729
19.181943889655141 8.2477661844307999
21.268428190014362 9.8944674831072685
3.8716597171830234 10.508292915161242
24.081840609539906 4.6452514028463314
15.264126723153151 2.4194216692055499
18.431811042099174 1.8649354892320622
24.317227088665067 1.0057204419386114
30.936127904059479 5.5393397916136928
21.455545922614206 4.2842004412295429
21.589455381308714 21.955390241691614
22.033956694601923 5.4029159842774197
16.997733458127655 11.094651010349811
12.325586903125348 10.128793690545967
27.842709981488991 11.140283197025308
30.367839156353526 14.525189411559827
28.440132455769533 31.522171364951909
27.440094571753452 0.69759675233592988
7.7302913162249594 31.416981681830592
27.720281457950563 28.758395948446747
28.401907041651508 4.4045936095610596
24.15637937692205 25.887111694549173
9.4628844731970876 31.293430826057936
29.797632999338042 11.312725462250718
17.18120887006615 26.413671539730622
14.416464257878641 23.908968081120026
27.930136492063475 12.580894389807074
7.4872422261075151 9.7912261719103117
9.7878244828955641 3.7360458301732269
16.564919478743359 17.712177108620345
2.8542803980158244 28.33528369880543
26.038097862835237 6.9894907726320108
2.0618203649948965 5.2506943257348206
1.9118016798670217 1.4966459631323623
29.603844619288552 0.32227939453650251
17.912447451492376 3.562225838911421
23.233279022616522 8.7259183644311804
9.4244853991966355 15.053949351254545
21.807207823696711 3.4630298974844576
7.7738170903020576 28.17611280602199
23.854758567223207 28.358746036233455
10.012760109343112 23.969846595046977
10.660477008623685 7.9803977392999981
11.63138994892895 16.774435221208055
22.730883910747671 3.27878542177094
29.506919255368825 4.5385400303471339
0.18675834440898834 3.8796300102008749
25.721660776530914 15.376478631507753
10.364884468839449 10.65976766024626
11.279373474845539 18.198032799016122
13.669450592208571 27.271571567421574
11.99762986437055 19.094480668708552
19.101460059897729 31.412872680008583
26.166454323679119 1.2469395110353667
24.360131847848777 19.270168835169763
18.335328671440521 2.6856148727384603
9.8135915840093766 6.6233787771813661
19.353614111477128 21.544631002758035
9.7569480272016396 9.7712398203120383
21.078481104478463 8.2095233483320911
1.8077175162684003 12.865690101159155
27.897719440616747 21.307573522232083
27.35937125582214 27.470575734051369
3.5984662326516816 24.578239468860406
15.550533877801685 17.420883616636253
19.812521712864132 8.9561079844654579
9.2094784654127047 24.539286890473466
15.232910629297907 14.909121524175911
1.2101052485651076 22.742664503909445
1.4764537080685052 18.62097836880238
13.55398586729158 29.465980858868399
29.33742747354027 5.9878215785921229
3.3050040116529202 20.461291894450181
22.49244166868224 4.5236252441588558
20.923880908362595 5.0061181042209215
7.8521048444739314 17.270449945082586
22.052622401444353 18.957098061234365
8.8218864478651131 17.712962171555088
18.41914911434889 30.104816324317515
22.019351582312467 30.582675111293142
25.332360879590286 3.1267469650786994
26.846951133904795 3.6148133455178435
2.7684039130522291 12.175662475099292
20.843645949016523 9.1404458093158745
11.381631546633807 31.360056358697587
5.9197330250268854 20.247647065222012
30.990316450093314 25.460690891454487
3.7324538636535207 3.2228342128600627
17.495104415801009 0.1286016693402888
8.5347518220314367 14.430790790548192
8.6035273482395098 21.503048267804157
22.475127335748578 7.4643791891198035
16.032661882020101 9.0949075034407709
22.318891827242282 10.231225262843767
28.104612754895577 25.718636590099141
11.485206184281106 2.6433023467285723
23.226493301686336 10.614338680645492
17.604290060821846 15.490813048810082
20.379226678007193 2.2351419336657044
25.92457784919867 12.572055420262247
14.851759535390148 5.3587936155035347
14.844362005418757 11.762235782877545
0.32661525595354135 15.58067500034525
2.3776897767215677 0.34231562654350167
16.195230454797166 24.223427966407275
15.548051440174447 6.1465109675555301
14.983839577898214 6.9801159801994119
19.426673314092135 18.46160762215888
11.0102842804656 6.0700873528399057
16.694398709210894 19.128109414636945
13.097505336762143 30.315016200012764
28.272932981808843 26.845157521963454
25.33276116249786 0.70679129412006447
30.761636915095337 19.158623081536696
11.144667286869606 27.081497432815496
13.940150725936558 12.814978078051761
11.612559994267469 15.583358726047042
23.975652028665088 30.218147227609141
19.273048084564159 27.389193812399188
9.2842036251909175 29.160622061577044
27.960132395266459 30.622403348163203
1.3511076393970207 13.750151685842418
20.779797517453719 28.16897024826585
14.598809983443642 27.117169210109008
29.176417914889687 12.497788558106159
15.236452098971919 1.4071008700991359
7.9416855838872209 8.7602380604028607
26.730055978273672 12.940951725366727
19.351307384187862 29.197916797087888
29.904235771798433 9.7251706604975858
30.343798785976571 7.8412578447998653
23.89955652095755 0.012485928381776788
26.549052152662586 19.360195071603943
12.914696349303691 19.862553941868512
5.6991280816498939 12.007808028858578
2.6782264829803095 15.426124618094468
28.56411744870428 11.747065392674326
29.886396195469917 15.353484270612622
22.522179070428432 1.2675237585692507
20.141124616172071 26.160846324129764
14.47170631869394 21.094445883021166
1.7117274244307357 6.6679112493643951
2.2089617470311076 16.626981317196641
29.065251140310018 8.1340162772882696
25.914868748962437 28.854795502213335
1.1011819175510145 25.331449441316256
22.837126551765362 29.964010587126364
24.452754605618072 2.3938861927978254
25.650533549376114 14.222259837675617
21.073775066807809 24.685421145473583
4.9985820357513093 9.1237867630538823
6.3363243628089609 27.261973328149288
12.670658443025793 4.7020184166732966
0.5372550167363872 28.617655020888527
17.032508299574054 29.558424147910134
8.1239232139158677 22.461922160719368
16.680953917954891 3.6721686999371035
9.5537768265719318 23.218151151076977
27.090071218256782 6.4307066675051612
23.055726540227827 0.53651640072280882
8.5960152405946193 19.329858719475482
2.1291065894809038 23.712142067889111
27.911903684615286 9.280945260628048
15.737707972324905 28.492472286789571
12.902500654788195 0.58523121689558544
13.764601233596949 20.477558828033736
20.916104959658938 15.323729691977894
9.9556112739785263 2.7025908149665763
25.504898558519844 7.7085473350563776
16.152340309834631 6.9680492871283608
22.621169899091399 22.294555876711364
5.2414013632231029 16.081637965845058
2.5840601536803525 20.914547809212326
5.6142335275587296 30.093940064841618
17.056894462914318 23.732239380878021
15.151489674619754 26.090166806851975
13.944345428123098 18.556065928448202
7.2384646263337675 27.404649025725046
2.8010612841325955 26.054413242226392
0.30758606874730188 14.404869819822258
8.4611504148669798 30.630179484824421
31.233816259478647 24.475848510565267
13.05391308669706 7.0346295497216298
18.513086810953546 24.495739283561516
24.179404318665476 18.362713653096709
13.571935211002517 4.0260708879446261
28.583573422975078 0.74758780668599412
0.16024853118026366 6.0402438182412563
28.024768854578333 7.4932096087398889
23.899085730837005 12.444363221791127
3.5521753192473815 18.72897542411004
1.3789748191850628 0.69708162710671639
14.89568122203856 12.957761613580425
20.726085661186733 6.8609723739839721
8.0809745832902973 6.2868272198981501
16.732061915946058 4.5412184955626591
31.239886706028276 12.951169943142039
17.621685301629832 21.080621630034845
30.592189944756328 30.341143957631093
27.909698286473102 29.65630107335306
27.82691916309485 3.7280482815542042
9.7695611849535595 7.6152040855513032
12.73599922741119 22.139625536547044
8.609284934349871 16.620080402466851
14.508838983487014 22.141497070240661
29.4930404725812 2.7244430771704544
3.0169590962767008 10.459415052643395
16.181159430631208 30.110640155050337
0.48712582266112042 24.347452581989078
10.063566959540932 11.688467933282366
21.075943840301232 26.953091387132048
9.3864653400138547 0.82496977567188268
4.5230826421550185 25.800731478900822
31.175626713195324 17.185831335417017
7.1826600063045696 6.0717457025800678
28.872115228733978 9.9582252962160016
24.816647197334436 20.380329466748126
5.0318338119009658 13.802793103736567
11.125938413167621 26.046083965137907
12.024948680162344 23.851438892250638
16.576639555617874 10.270091632808779
21.377303094501492 2.5529213546374803
12.439875729757231 24.682994689325781
11.751831867898334 10.834820105160647
6.6864473275059968 23.781413627920326
13.384231140471531 24.428711176807859
28.859003896712355 21.696657504633272
31.089041271264062 15.355473189431722
3.6317331688579353 2.3473212072773522
11.438968299328375 24.966467212519909
8.1252745972030507 18.496313552889493
22.085188393389114 16.830685922267904
1.4151789734358127 26.366914055266122
21.602229227711025 29.670262554637269
3.9197316495377263 31.257636477383382
13.245330397297616 26.495959783565034
16.621888942326244 20.32524001481671
10.138983784637709 5.5784957285705872
20.27152568406942 4.0063709987222529
24.80816099893806 30.547862944788193
13.182580218462482 14.088129963553433
19.553139313713935 12.0906320090041
29.892785222227193 17.996542372368232
17.628023533344543 1.0619035655607545
25.149152417632742 22.476365472603668
19.584984352567961 17.292387877850924
12.492515619532098 15.928667068972201
21.833517595079883 25.397773654350576
16.927092126674296 21.732607628126289
27.633745851867509 13.501477379913188
21.321360213943134 14.480732986226524
1.1563988499280637 21.587512678909885
3.2116367475075887 9.1987638875038389
0.32781594908008221 21.980182222399876
12.924034723345461 13.19679515332518
14.295884156043211 30.07691071957467
6.1471673097379611 19.412701166163409
6.306244194763142 8.1969211225061898
1.2300374283338433 29.393818446722189
5.2482499617616352 3.2569788420147909
22.946101474060139 20.508325025319039
2.0498896812838812 14.401581290099005
24.306418845748563 9.7814955368855685
25.573033054602316 11.187932885614316
4.2334942172300627 16.45623328373679
5.5240792821951832 7.8676812355202088
29.87404404384532 24.106036828859473
17.263639575889993 1.8934742321611926
21.120657771853256 5.9818858761929086
13.690604340525738 1.0329668123022824
5.1850948154560301 14.747977785009271
20.359128703436227 17.693100767023083
26.949002043172182 21.510668424639345
30.126779753810798 24.930781423465913
9.2616258541929319 4.6236258438406033
24.839425261848874 31.492161762315213
11.253263230737998 5.0424097149012868
30.065676678371396 12.182697776045721
0.7169637271873599 23.371582042277378
24.729951850397164 3.9066859553456936
7.5180496713475966 23.38543117472398
12.135533256787477 26.766064239913419
8.2117633881746528 13.240713648306997
3.6705631745736489 5.8747358939627752
18.15522858481074 13.469710884874527
29.614489502413832 21.248960520632668
11.099344498161562 19.48148356603987
23.812732591290704 6.956080668707469
8.0791485527864619 25.32917597020192
25.47005462336816 10.321638596128997
25.591589797606733 27.775273575038455
13.33990617207149 23.526454588595449
23.708083913941866 24.006571399686116
2.1611841246925199 19.80509010195324
25.240205436296165 13.366877340516083
28.869598057948068 29.564107320606748
8.415941589040802 29.44603971355518
17.163372969384689 2.837160186080423
30.631463400775594 21.203270581756936
30.326473794341794 13.174926701124781
17.329770581556502 13.560395966259989
5.3930405487170514 17.959949437309728
1.7902390958288288 15.617768921444053
22.994500451494311 13.395724291294801
7.232852859255944 18.057240436775345
1.2329335791518232 3.0293323953166569
0.8587839350669042 17.704531165628698
17.30512820142792 18.510832846820197
11.984176169736136 28.341927887268071
25.74277249382892 8.5998539448622324
12.047915525007264 29.836592411586714
13.115452928700712 17.863982768172217
27.187460998351451 11.962735335686427
5.1508240349021754 18.930887376926226
4.6017117768639357 24.014578147152505
10.764580267004321 9.125528970386565
17.841233016390781 25.65162287920381
25.795294012888846 26.681750132766457
26.991194738070966 1.531225411617458
24.014354156726906 3.1954844986394355
6.4664170360695117 11.644342700939148
19.85769128223982 20.843270880710289
23.30086916990437 11.440673221637352
5.3054796762258469 21.587080815764033
9.6136591043756461 17.004539490917868
14.801810436495504 23.104346707904252
29.019094136924913 10.826995813561634
26.802105444394989 23.871025960419239
17.561414600561214 24.685538397678382
7.3742025501448989 7.2230300627124437
20.631425937931517 16.384822473734602
20.53446674740599 1.2106959708062064
22.755160389399769 28.218691496632118
29.962934497573453 23.160371373859807
26.772629417836772 29.633456247555049
27.942979227551689 6.2158741016801491
19.741633210969379 7.0404047953784676
0.75392644694879529 26.890217737917151
5.9862819859776604 15.347357264206684
16.189261698116542 11.655407988666699
1.075331729164049 16.313738105988545
18.856380334782695 25.463135050075753
26.867060873815205 10.607155615368479
29.165254938584752 26.471362535925724
15.234986947116415 13.98407639224259
29.062336799541647 18.660007075093297
22.895407487939682 12.47927382917719
5.3360157761665317 26.25457942243267
28.751906730342519 13.336622453840409
27.576416506304426 24.935808855736802
5.3668747252504154 27.433964165286788
4.315656649511725 18.283959931581943
24.244052181893615 22.050113680384147
17.896991823794981 16.459270590557146
25.870444768080276 4.811558673441783
7.3642529663884391 24.558450651880865
27.250856002792343 14.505340803818315
18.267530706372089 26.577560209486474
14.649746258845488 3.4618614153028324
18.491310180457582 21.146543791013478
9.3359098848746225 30.287945170677038
17.429228142879982 5.2865553377795242
9.2774031336974794 10.595651716854983
10.842008993132952 17.13350986159524
8.977576619229886 8.1551342746042046
25.03550754849725 4.9912301162000769
8.404428954338286 10.070655411666856
1.1196765560565973 14.905262057560551
5.5095379028186064 23.500245329507809
16.665181349943865 12.822657637749318
4.3707214148172211 0.48471838454046451
19.913347220628399 30.978264697686541
2.0093901999044927 30.507677431036292
7.3228359964921426 12.091808227888924
23.045632811829297 29.172386032614128
15.62625771960766 10.026275954106058
23.695998175430844 14.011648821485203
0.18668068564663076 19.150222549970852
15.266892198538924 0.48035903928193163
22.001371484372754 23.095725614768703
18.569903669698821 11.530623267400012
19.015435597709935 10.529153660933327
15.838674719825972 4.9519253107262653
6.6960643115724992 30.245561896537346
24.130171398176298 21.024342309382774
0.73863446534087129 20.354503731916651
15.052248519743991 30.632424963418309
25.354122506118539 18.410648415078796
27.647005140639287 18.357784591633461
9.1902128286899778 13.782550510954193
24.170988752398667 29.264451033803258
6.0521350387204471 3.9531023949134241
0.40230723969774179 10.480247340670374
13.980710880142508 19.509321924746978
19.787783132369366 16.231179598652815
9.9122605967992907 1.5202579403552965
20.971699387753873 30.632024264283501
27.810220643769011 10.192807395453155
6.8218265685298558 15.57871351297114
15.326061345933214 20.72568248593895
12.128438213024573 25.785178408787072
7.2099450673798255 8.3223425759647363
28.971882059644603 28.595172417905818
13.829345632079169 17.204647794051027
20.874324412196518 11.418598692583188
0.29548313932115877 25.627064807069846
0.28463628552251125 16.723549655671469
27.000206319556959 7.3998720479600903
14.767393353061923 16.758560289229329
11.958666806225676 13.885928664341359
17.998526015192734 19.344767687667819
22.883548555313407 17.606328855697829
0.31907221877263287 0.44224834075832237
14.197098167448214 14.7814961209406
14.284956571716588 6.062968817987711
3.0324380675772917 6.8464464957198778
20.589582059318456 12.309379276131875
25.054452339971618 17.484811475980319
5.69991988793132 6.658470304551539
4.3903706042164865 3.9681476161929532
4.0039195747302898 1.4718463642604167
6.1035668413637403 14.150267314986735
21.561182942413115 7.2408067417785471
14.263488281715466 26.044226113139693
28.582550186758187 15.516790168093868
1.9276762557050788 27.787772943661761
25.7785143818069 6.1001523978819803
23.347841068058031 3.9943410138406046
20.6784963244986 23.730524632624789
17.266016889369155 12.117984251247767
15.370489156705714 4.1696946220064284
3.1163809330991454 27.329598557962846
22.93864625087398 19.353181330332372
1.0187169820529105 7.638321555450978
10.82814886889474 6.9374033939465463
28.132937111949289 1.6227415762819233
10.067792804021058 13.974277459125856
20.095626882922605 14.429916074721209
24.029267399028086 24.852805064814408
29.143085873651145 17.306231723101561
27.240041289603369 31.455696323092532
18.182347562684051 6.5067201220607638
7.6412016445234352 2.1396850265882765
6.62024529983879 28.38081111943557
14.316598084349092 1.7025988262196012
24.834706971011251 6.0155751855001212
7.3603883372679881 10.891288041161944
21.803467210445081 24.075539540266814
23.633121761885075 1.5250849981021617
11.037735738080865 23.020700467747854
6.1291035331996593 0.73833470062183371
26.90442030970349 9.1244596539483034
23.078760179529681 6.4163966861810389
26.52584046325067 26.194637651444605
11.79710295188894 9.2522232161415143
29.96610400100505 25.933074510856002
26.413259930855091 9.8591041046855636
14.155582989450066 13.814526316082675
17.51663536903293 20.072529015613995
17.586721328048696 14.645459176451778
15.880348743106904 18.460719040764431
12.577621767240089 1.7074559214969727
27.774911529688662 22.337117518886224
30.678875808853736 0.42955338008501626
13.984454555654787 11.757704233793078
4.4133094689731207 30.3193923283355
15.969552533642995 22.626322089136995
8.735654098815397 25.823263983541398
0.15102455604239196 4.9122921877995553
10.3557903638134 0.29603323520206476
24.445907863217084 8.0059349286671058
6.9210808157043013 3.258323738872924
6.8063765451487201 22.61496223946936
2.1412728940710655 4.2472231000935796
17.18282933057128 17.060246225633495
13.298469837391492 15.224785640871232
4.0082191964116882 17.397722551679664
4.2390547396551526 12.459413463661075
4.0026634031757968 21.806649781852119
27.527342160264112 20.286121650260355
8.6342820657218233 27.334578118353317
26.417706562999026 11.503718354052426
30.103118380790487 5.2024072755658333
24.823091460965369 26.849048539966038
3.5731855922218365 25.509828312775486
13.777537265576916 9.0128760586514574
10.766137943120686 3.3455065695999382
18.535097335063295 28.499640030597448
25.907287589892569 3.8411271616283074
26.525647322573477 27.522347368483224
6.8545848711688775 31.361461376078964
28.239802102084678 27.946437698679329
30.95543308131829 6.7673157286685779
0.45401547579858453 6.9776406574362211
9.0496861552275742 2.3504933480655454
9.8609188665654237 16.163421350721404
23.371249242743559 14.890272379466708
22.083766772475546 27.018895222814468
14.652863160954928 8.1209464996526464
24.493368204053485 16.34841101901555
26.298674493616197 16.498187230492018
11.552499525842329 8.2346758732810716
4.9488559425179011 1.6405189484979714
3.9011717736989522 28.007342071361869
10.308808890667839 4.6015496040279107
4.7524367891879358 24.853812023488274
24.750411756593575 6.9831293554203935
2.2387066968259446 22.833326538103304
0.64228726388478319 12.338872131611803
19.554626016741139 22.705095658685099
4.6444362798793719 5.914719790849305
2.0615920164733579 21.853005782172946
9.1524923699166258 11.594516183463394
10.420663326074482 28.768755237027765
25.936389631022156 22.907776132858448
7.3539874189508527 21.85083710180389
27.491834238173876 23.193331047468376
8.3178430455317063 5.2629414241137926
19.354093724526283 13.779993451643957
4.6472116717427099 8.1906488910228905
6.1991499008456321 21.618520598232227
30.918123355207094 23.619463118237551
22.051031250074299 8.4183754568501925
31.142576642924539 14.056154436505562
22.438560537143136 26.190029472159949
25.381377483410095 16.425021257722744
19.019702089365243 12.826300161458962
26.634499642277628 20.428688287912291
24.39881471773985 10.652234695196158
24.411765642087889 8.7992844444253073
25.095265482428601 1.7637853168569604
13.099427262567804 25.573616779240346
17.079926229048677 9.4439960812827781
14.037852509987617 7.0533858560541551
6.3438689736221994 18.542383576005619
30.97634374139448 28.189004323173783
11.020074089790633 11.542736878629318
23.236861786722546 18.481837102922526
29.049975066739794 8.9738282444625632
18.847855221565975 23.543330815527916
5.2904834260245277 29.315822453901642
19.288344508304125 26.296084772606886
20.530080870096615 10.520617778342579
29.776049039084629 29.793379642604982
14.189565490219604 2.7343690834634287
1.0649331497399444 4.975252142896486
26.704363614575428 8.2330510349319201
24.347137695956487 13.18466150629717
30.361466494532234 20.26254169212546
13.505460995632204 5.2363381489664578
