28.825071140393071 21.920531278450031
17.801612137409801 10.826736612957497
27.20664814355893 14.198556761960644
6.696914003336996 17.508739377855591
11.52707812596698 29.52109330044529
17.553885660328827 26.482226885114553
17.460047511124039 5.2384415450452169
15.495560787069072 5.4878180625687474
28.363054083613825 27.07206853711563
15.718271425948426 8.2155950973756902
3.0626598745005653 5.3282720514592876
19.546743870017011 19.153832045043739
14.435867046283873 14.595338516338606
15.246572969644062 13.728670058728717
4.7134115209651348 21.245442147562549
11.892354146641638 27.236376414673646
7.4744618985579372 1.0867637494490641
17.849191154758358 19.564017107126038
7.2463008329062371 5.9616902329352852
7.8327236837872682 13.220276026455918
0.024196872505172731 16.99379166663779
23.656317441806255 3.0156471950643162
30.612620388419472 23.765823481162684
29.718756388102037 4.1910260864788391
10.035023226904142 0.5605153657191847
0.29172275394532077 20.482486437406006
19.31030545229023 9.5868602189498997
7.9986560635536188 31.029107530706341
0.51390875660731183 28.30746939352321
17.392022409212355 23.668796424384801
26.794629466476252 16.15286104304721
13.184459240980374 10.552491833976335
31.517446066408926 1.1867308766257949
12.802340520252011 9.1633103237185551
19.311719852033413 6.4116584679125816
27.886561705680002 24.342383763614571
8.0226684958941803 28.321718321003686
26.950922814442915 25.843213094120678
14.416182405173851 27.922852558567072
28.494223534258868 8.5348306786638499
1.639007776456048 21.682565191653545
23.142697463688854 20.1455950637889
8.6312486862614737 9.2364699668112316
29.202701957218931 27.600142722869762
17.131363677896747 6.9366582333431364
23.188855328531982 7.7230403883612118
1.5001051650144113 7.7701908294213498
29.540856905360648 16.390298168967728
2.7998182971603485 20.254426260092181
0.9554639395987311 8.6491954921345613
6.3386736451202488 16.337446776791872
16.284149904546428 18.578849947366113
12.916999047922799 18.751143908747899
18.725372419708005 11.433565590251256
9.7457797900361047 25.866962319762301
26.11320998913677 13.942901125442516
14.133101425280849 2.0818564040767686
21.656034136220725 9.2228500663851865
27.503779700332537 21.520325003159005
2.2160731823522188 5.2913780129683614
10.854971065757097 19.636251450867231
28.592009013882862 30.07767594615029
11.881729034623069 5.2687732919892065
31.364130567200142 6.4172277915921345
23.647640220842341 27.487347832361976
24.234694795145121 8.4541653816174804
26.340775615258149 11.395593774100535
19.628028209819657 18.239744894173864
5.9461809527639584 9.2408390113555487
12.006216465106032 14.427119812236345
15.737497692331978 9.3948196347906379
22.069764771215102 24.540716599390084
24.414300793214835 5.3967187902632263
15.414774130016195 14.689387962521518
14.730697815018212 20.372282253597753
14.644385205883349 23.935602728362429
10.326803154430172 20.517893178103421
4.1866447124284454 10.068700869143921
22.823981446674846 1.6929239055488814
23.832557495099035 16.249505065088666
13.512834342837531 5.6327680710665256
29.9334464184304 26.85023648488734
16.059608483642748 3.0081174117521337
16.789081406889775 9.8592989761422469
3.6976348887994379 22.639829770695638
18.993657982155685 16.275226411698018
13.024720955789791 4.7076018860623554
11.919585016170013 7.8293843806122752
23.945486217579369 11.26928720618441
29.723043349096052 7.380332533953454
9.4469986297722635 6.5087071311531384
21.11193584866135 16.605131593658914
29.078492589530555 2.2346055624006187
5.1518839891062278 23.072411063216574
17.426031488324604 16.753713348528628
22.149498575255596 28.97121632234327
12.359688979632368 4.1607170018966162
4.3933537594957333 5.9745904474558342
6.7070312255210425 26.453220766867908
13.292694408508234 17.87887578560392
27.189891802585361 1.5845183062504835
4.457076565257875 7.6705810529857761
17.934602881270418 13.966977645204034
1.5060642619215339 18.886131046619994
31.206625747708973 3.7107038845453295
4.3541055841842589 24.869153575004059
30.202287896513209 25.019890131889099
3.9674719232669142 28.539920599103844
11.096243823158069 8.648585148409186
10.865818779733541 3.6322671638749049
26.591731963214087 28.182832768128844
1.6943233587176791 3.0143201002255
25.073089834828064 13.748778193060256
25.734395744820766 4.1948242945770131
6.3463011328850909 23.245234658328002
19.598392379517307 22.81629149023448
17.679814015390878 9.7523278485164901
6.0847633737122946 24.029624181715437
25.487615422140887 5.8119054592437651
10.007502026289234 10.365209509941915
17.463710075709248 21.654605709680656
1.3103155893601601 16.101616866008182
14.608267872957233 13.047639816565633
1.9169415874814388 12.563539414629608
8.8518540534864663 12.804806926625902
17.72383597095298 1.5245280050813581
0.58440140732266066 31.596213518663635
17.129427825905264 18.999580309553661
1.1948555872452411 10.148649542381445
14.452551223503235 15.602269555743604
21.052276458226647 13.79808454735339
14.988034671378612 3.548998467919978
25.917296751968376 17.670079568353898
24.757445077459451 26.05266593368556
8.2444969336332257 24.810907307125934
18.262601139645078 24.114545362044666
22.661936023810604 9.4545984057009864
2.4351504586936406 18.323305169339463
10.603005389920909 23.134042941316363
8.8056926740442591 24.135186208171955
27.775366118757191 26.197446689850182
2.3208482203609662 31.60476850145627
1.3343591785780147 4.4758281899602084
28.910510284293473 12.017603906305233
3.592400684226726 11.804619499681355
4.7957747882573623 3.6187711513186569
21.221920307170716 0.1059848446519802
9.8717045071820948 24.778567093433189
25.0057484110575 28.578555013659987
22.756798561383775 3.5450809701225112
13.820377603571297 12.032516395183391
29.383370178127571 10.996415988754199
4.6242001521698288 1.3400439161406765
14.867312927717441 22.924968399844374
30.676733622813625 7.164783157183007
12.577575226414112 0.604797502818754
18.502316037981682 7.0802426425836291
4.7839753225155581 8.7373169497825565
28.238855293968292 4.6109394424609746
13.510116761660322 12.875132275259423
26.591969172568309 13.103444171389766
18.374901619519303 4.7097451939558805
27.9913861980408 7.1306538410928093
25.762448859819212 27.822855728882985
2.6579222088677508 11.991863715206618
6.0594241964111557 20.02857101690277
14.195696635208142 1.1221508399059443
11.950147500244874 21.330851721416174
29.708015217332186 29.53337999984506
3.7540783715110142 20.36991229134544
1.5218331693079896 22.571905728723749
3.3445007537609679 18.016810296830631
5.4953599886329849 8.1546017312114234
4.4765038335659959 19.895574118824911
24.976696330159861 7.7391730989011647
17.323729068664115 14.885376108501799
1.615963116420992 13.614903381937484
18.365061701928585 0.067349787152442581
25.723682003442573 19.844035555425283
9.2000832349703838 22.151760804319981
10.095322796464925 28.116550356531288
21.479243962008606 28.149510678954698
15.008676999214481 29.671735582522171
15.063805428175236 4.4634355037504116
14.57358071643911 5.6360805010638506
25.927687435688558 15.710988454139299
9.4168954173683765 27.041255228143022
10.13266239259548 7.6882503994616327
17.548254340810114 11.736074862011584
9.1225195892846607 13.692730107608476
9.9034714434909894 5.4870429690653149
0.093360372011167675 12.032442379974867
25.186310124752737 20.724984033580064
14.106865667556505 21.580287089104459
29.053919628234919 24.904672009646706
15.637280011049318 22.32067042670845
21.251352620296402 22.705044196526405
5.6848989245400086 26.928057056008338
30.809260158293803 29.066529671065755
0.60067294441885954 10.951867985033942
25.970405303198206 18.649966807553966
15.434860765839666 28.554909711819466
28.413028609461488 25.426801577913576
22.732059911018055 15.636735917082135
11.894629025671241 3.3131698483311394
2.9133501517546927 21.774100615624945
6.6815649894505365 0.80474809840957229
27.169727498986138 9.2340509725850275
4.7576585049909745 15.427410655140591
1.4765801088365011 0.42636237493941687
20.330732988690588 4.84646600230956
8.785192876142407 23.307544532738646
12.732515899357354 27.054566096380871
7.2093317117814815 16.337960553554353
8.8414335299887323 1.1058915124858639
0.187290552749134 25.621485776138247
6.0123229196787946 29.073959700047411
31.375334149615853 19.421037435846525
20.790359174788854 17.496449006041541
6.829795232997447 15.256992753560599
1.7256756593088203 9.0445040843594029
6.0770518888801535 31.569713651598647
6.2728558283679137 11.134490084703597
3.852097962501337 30.753625415980295
18.20012442341363 28.153344129248264
24.345591315490118 22.659900627883943
30.695680295916631 9.114871491906074
22.551954223682962 2.6229926017855481
7.7811353400124155 15.244142025572419
8.1344131941152842 30.095223663911547
24.219496425481172 18.481865668395468
30.032437183413993 2.4117207724184344
7.572050001185012 17.378333838488452
6.8869016838844868 28.044323298937467
4.71645246150071 30.081891967752671
26.201734884882086 31.570737380595695
25.225941848063119 24.213033225496368
28.002514487779216 17.860326617078165
16.250401470786286 16.234975566955608
12.506834190945984 13.21343992258014
11.13317501826203 20.942212868985973
26.388034439006347 21.899442309663861
20.383379791397811 7.5559237513688853
17.460852329609299 8.6185747486932449
21.196210620617162 8.1436719533149393
20.597500727440885 2.7078791176742913
22.971876967466088 18.448661294963589
3.632484505799138 12.903584446091942
18.802834539838631 3.2852498246729156
15.415449501017449 27.504948139352464
15.639960667453815 12.591241295857168
25.46850196134627 12.879785865373231
31.482742156185562 18.230727768796584
3.2277089653798967 10.388957085775726
15.68557923815224 19.703432987841467
21.27728098165441 4.8988080880926503
8.0563830923004787 2.921258506170771
23.995864019878216 28.694829624826784
21.696267530766708 25.527914914821189
1.1178369310617602 25.440593596752276
9.5772333002476788 14.553817392707831
8.923782832494414 3.1361335215683019
15.688013540717648 23.576228075394528
18.011230798647812 20.484545991459989
18.59191344352449 5.6602182668360728
17.693742127960714 2.6411224036863876
9.0679251783130645 27.944533208431491
10.07401250552191 8.6165932217034058
31.377093854206688 12.896032571289172
8.1460305305456657 10.041154912829878
20.172056041025289 14.773622762877098
5.6159742814530951 12.525735070202725
25.10090249909824 21.725706282608542
19.267672850455419 29.33354724612856
17.011444781772767 28.336815855279188
29.861101775880151 17.331900980067633
30.402676838590789 13.185744919007208
20.108349971124646 10.077400379603953
9.1197602224644658 20.148295009695083
3.848912780961776 15.374426030720555
12.139741572588575 6.7452674902114058
5.2750394234560876 19.397441483314733
10.207395474230468 4.5516624176286049
28.601991400166678 21.070630981199532
27.295389856435445 4.7693190620332926
12.506705832285368 16.399207136532333
12.568502808714562 5.8164602921268278
21.700733990560529 3.8835325389954813
19.135276437644077 27.830556150959076
3.2703765444637671 3.2346217191253617
12.395881408540204 12.359299084888194
0.26892469473159841 29.190914288758979
5.5945310280395368 2.9229459490352263
12.721940572517509 8.1605618238359945
26.093779023351999 25.114763571759319
24.65608785108666 3.6730781476121219
12.390326622545837 29.390766236598843
29.442527450093937 0.059057337799761842
19.842825425590107 3.6039362000598878
23.72624721587518 30.594845197513994
30.579699681285273 4.511092593932795
18.558681492277035 2.2410738021947885
0.64007251677091082 26.53527660439169
9.8570325570481678 19.49434157601646
30.893488281025164 26.818405972307545
9.9747095842574822 24.051826159779779
23.040379317801918 6.709446316129446
22.698060507818056 11.688210386792017
16.77911278114588 2.1381930729087002
16.854759732963643 24.478324105651179
26.399168963369259 24.265872363547963
27.01281609709666 23.577181832727327
8.1043168072948806 1.8725690779692283
25.774581285682004 23.376774966697642
1.2036036439762721 24.427003104069954
24.215164445632585 31.509676583885458
0.60907314050737893 6.3260126606990248
9.9718848696122109 1.4927439676618914
17.007191077928468 25.656952085060645
7.503756252851888 18.558963422864018
30.480900346501393 3.1848364917618679
6.8304708354396739 19.637721007232525
2.7618848942314993 13.153673950680339
0.87210568594486682 3.3710977393387638
21.799864990112923 18.705251296827822
7.8427696148290504 26.022951276533284
24.844231254612215 16.524984263975611
13.536082393677029 16.010636114602253
2.017394502911031 30.495633054755586
28.644714879066267 16.91310776977641
18.45100050664119 22.893746059631198
7.8835941333943342 7.1039320752936499
3.658722413782252 21.317585774874381
23.98157335372214 20.674113281223612
8.3716735375124003 21.858997505824245
30.840298504289223 22.56404457669014
0.3131939801945956 24.384415806387754
12.895835901181329 11.553393219493209
21.624022281320062 19.740521191853514
8.4010263016119655 6.4596879051925455
17.034943433427184 20.618193714386173
6.3474263435465863 5.5391455751011387
31.094993705524605 2.1251508059223414
23.089831230746046 31.388043984602906
20.106957480921384 13.735761024249243
18.649662332884077 10.283622223832076
26.610359563173347 19.956076097019483
30.474137950607066 19.15876682469284
27.695780296870776 30.603483122138456
5.7187762238051656 18.615426880654347
0.083095821022500529 15.034427074807486
13.605223425471788 16.937891432895977
7.9768134077604307 5.3998611097521803
28.621241366268311 28.382710624837717
11.9461979228504 30.611215614766902
12.390072898519756 24.978008001789306
19.044067144651077 12.27741824768683
20.820768153443435 30.709298307612979
2.1137158789549071 25.302294359813899
4.6456573710048792 6.840395059311394
7.3450547475486196 21.87369422018077
5.8295781246958764 17.43523850513396
18.864928389728782 25.019526144597197
14.871746926345798 6.5982798925828678
7.1174006785371198 31.402377126247877
26.88754622250929 10.564996876946651
31.597969689346218 8.665617638097844
20.681707662658447 27.565845936101738
17.891783074567815 6.3040182353755432
26.324104221522546 26.903514106284725
21.604853128242308 12.079897894283885
21.595697258195965 11.139740382904453
16.549672420218805 19.847457992336857
13.786963644708161 6.5629841130123792
24.034353163676407 13.841990583405876
11.321100331293733 4.459940960907435
7.459630477762019 11.449155341490467
8.5030340956625867 20.844633749326597
14.408849050531749 28.854444886295667
7.3470218277477191 24.326235715147757
10.26049033788823 21.812314824968652
4.4571127852218861 22.179415327456585
26.048722363424837 5.1200682915823172
21.256682667543863 14.759883415638756
18.562569251451105 1.0168118510945363
31.262035839330736 0.20777682998740704
20.149895778411445 20.043820580857197
23.711796489685337 15.278915550273911
14.576117402952326 7.4613062368030949
15.173908684612229 1.597589274734484
26.027915643451795 29.024320494679447
21.733453139397593 30.437313274789062
7.2396700303126007 25.419398986574187
0.67453634287344588 7.3813350685705608
1.245939646506351 20.55241455702128
26.934875784785273 15.035694084769679
7.1925008864806559 29.828381776639997
7.0321742090695922 28.926312895354329
14.833893911424106 24.80217592150985
18.919024453833945 8.263939674549734
19.259630207518398 4.3527089328714128
6.0328944678507295 27.694038787412179
21.643301115734698 1.9005531018371422
31.029539159825852 21.582776509061617
22.73356209887703 21.024162145172017
3.8876813416406089 9.0909816326463595
19.243079040084488 20.803996797157652
24.075488962411981 24.873209710750253
28.277367395854551 18.755443869480409
13.417660751995214 29.200215556525425
8.9342865293402607 25.425756452814738
26.30168025491896 0.97672563040238991
30.47280613371186 1.2963787383658243
30.698498419718096 14.810091391589225
29.919117920002915 22.903797270898437
7.2564682302579069 27.108465745343612
3.5372292039278839 24.335412219345301
16.794327162842688 5.9180287790141808
3.2558796712434375 25.319504081290848
3.1149342569046792 31.299981167973563
27.678505389152011 12.402885633643406
27.129031823477963 20.719151558107711
20.740120518659324 19.275183963672969
12.889611519554649 26.066569615536224
18.596288464532446 30.271605473023453
5.1327715892039834 11.59954804198904
13.907369656211486 26.248890408333438
22.190227606791396 8.3406219434513833
28.081185585938215 1.404128177032357
0.78298203400325694 23.216191259130348
1.7100967713798865 17.725910629945083
23.767141163094664 4.049200594475967
3.0213599842584333 28.879605402830091
22.484539374505825 4.5104829162063753
23.299220533995143 13.174730887195127
11.94525087807974 2.3863675212906923
14.215960211601237 19.545319979663834
1.107567319273657 11.995442274328873
25.133968342557651 19.00294657575856
14.730036517593359 26.816799242314737
19.608454097870339 5.3469369369147648
27.202513338054747 6.7616037748329694
9.0269552487635032 11.957713102643716
6.5200530790381181 3.2538960444803933
8.9484333559389437 8.2751787402395234
4.6290847201529708 27.796823168452878
5.2514100275074149 0.48478118185069452
22.008364604640718 10.290871517323845
4.0928221226404959 17.435404490269832
5.1330866589468656 2.1983714904753655
23.93215612325475 29.640013281315966
12.92474111342011 14.103964407850944
19.958211744814566 21.377835413132996
20.420809081681583 29.707511777599397
24.995458792964946 25.136128158925359
28.359948948809539 11.180193984489264
4.5806811692309299 31.325308341414953
6.1879410666321766 10.255515697680131
10.199715262732861 12.28305369880526
13.72826374591259 3.8205421695789159
11.375629941813536 17.529725238127291
15.499644158639171 0.66486773876252026
7.6132255281893224 8.8906648574710019
14.048538044379468 30.00082723753339
20.41239118333101 23.335467103398216
7.9274771250826772 8.0447532007130835
29.398506419318593 6.4747573333127439
12.759801356032259 20.393111854737569
23.013309391419739 16.707325833188928
4.5358267553132379 12.359428807385855
29.768905126876973 21.01736585393088
11.023511544972582 22.146762949329325
10.25233271999755 29.780658399736392
20.546860740877758 0.87720545031853592
4.2355057704673005 14.330580367126837
6.7255104715646645 22.463235481393578
9.1014257484601266 7.436638971156488
19.083621259491707 23.771416439906307
5.9849698627688079 25.855314712884422
22.148635214860622 14.782659431503191
3.382422413163253 7.1937547107832795
20.661948656971425 11.113546046171376
1.0153994157394577 14.657278805702424
7.3034974095152787 3.5606481593268153
2.8152917893673139 23.50050501405865
20.153275928227657 31.380838273687601
1.2573374998781439 27.343908922744038
12.037127389061773 11.127608913845343
13.681457758920203 7.8421413245272564
16.332988403819474 21.269284088796717
22.009313106395968 6.3425884017524572
25.184597445575186 9.7458435687606411
14.572971060488793 16.807523740905232
3.6326145829648029 29.691439250183674
24.351237456472877 12.794576006504499
23.245658486278895 17.692993273381148
28.715588092816898 31.130272568007129
10.868866678956396 27.599177819886716
8.4936423917080202 17.113216013454508
5.0080315381455627 25.922230316661061
29.574456911662047 1.3041267151861271
5.05089055548925 4.6367288198613448
23.448243882952916 22.812204744443552
31.017007241517749 20.690589472352858
19.21217593666147 26.371203221913945
16.325789590101099 27.559134552803535
6.7897527231152246 6.7296399396891635
14.814247633526554 8.4307365863628974
2.4094991960106955 6.4442764008828286
16.622680126527488 14.292497574368316
5.2931307424068041 20.667622422632377
4.5346684452408521 13.390573080240644
30.696347991194639 18.027394607396126
28.601205902764747 6.1066343838386175
14.757544955625447 25.618498252781791
19.527049410594334 10.931071808794565
12.954454915477321 30.218380310996121
0.32772310742201738 5.2318950154327615
5.3639308261428953 28.440637227959279
7.7327565659896855 19.805398774454346
5.8581451543928438 29.915971487370335
15.990194566192841 6.3929666076859748
30.219837659656928 27.875737733030732
23.111841949468104 28.37162947539915
19.936204133370282 12.818121788602898
21.77797962780279 13.265800212240784
25.062164236948465 29.52740428655579
22.095941630378871 31.478988001878605
9.342680054206463 18.748987444599187
12.551048181916903 15.389967852984299
29.80645542610938 14.371832004940313
2.5883504667082726 2.7112494404618346
31.045616568532012 13.956694699590102
25.83030328506759 14.790440628890384
17.453330426536983 29.211086254202787
6.4661596888367345 13.699401321688269
21.557616090110436 2.8921014826254332
16.526727341540262 17.285214278946231
4.3031288187706105 16.486094937606385
22.622454337505747 12.579789775271406
0.34108374389570012 4.2375449855145133
2.216965057614336 1.1327911123781789
19.415797070925766 1.5599539125090829
0.54302109906212059 30.141972204451662
26.284521951309419 6.5652351396826116
20.990846236519822 9.9959141813745198
16.196113554621757 28.869721842428341
18.111816494175109 18.121138452058926
5.3085386399332686 24.886070965209278
10.890760592670858 18.6936384999218
28.497310204328343 3.6194993991961271
21.891564312686331 17.857141379492475
23.814188513185769 12.081948613678488
11.510958977354825 28.379899048569524
25.180450337036181 26.932520462998632
14.020586433107228 30.935912065250662
22.799813597225487 23.762820550291973
15.244036920147401 15.961131005599881
9.631742720362908 16.757290702083029
11.212635205763307 24.908631950158078
14.537960384138033 17.780108103797684
29.454965488451545 8.4934236541513748
7.1722394105313674 2.2564898446026436
30.256144553945166 10.995039773166457
8.3095530538140014 4.0970455401730899
5.1150684244146785 9.7325756846233258
27.726733725741546 15.631040094479321
25.872456196858401 7.4234811606007973
1.3223971145957256 5.5124345763240399
3.3594583919308292 14.033424464630549
5.1895517963612656 16.73915001958984
27.563065395459905 8.2552689153359644
30.40740540203771 8.2501388414229044
28.733241251610295 7.503834474960235
28.213046649909458 14.672969035190619
18.409841172351864 29.062337394586805
7.4680720386295913 23.553839475289447
5.7604509376973727 7.2903813089998195
3.6032155133438839 19.135707332468577
18.399288003557007 14.86793517091936
29.537124834515105 13.443642746482336
25.107155981019972 31.536964873093673
13.998280361542095 22.56137581938972
26.905503505592641 18.995314381346684
9.3836912068801972 28.884611499138408
26.857415493760051 30.892395956811907
29.060942381053611 17.893110814191392
22.458815201560654 26.026541760353162
13.814739479380545 8.8250971732751839
18.512584167579355 27.028754294188772
13.593960127241946 25.267412421929944
10.878618421331474 2.6412355843271791
11.263001330532285 0.74403492664712745
9.2718343227206255 17.718742058934684
9.5629409885422376 9.3897657793774183
24.070338046224453 7.3226361591227294
29.609335389431074 30.453319942436377
24.784381472942538 30.426058227949802
22.13930057233388 5.4233366417344886
21.684548473961705 26.957720559027564
3.9208755938469091 2.0075715381934143
25.737587286312841 30.606557416094304
31.474239074948251 7.7192583301938136
0.85047097059919274 2.1103482711792196
10.241782412480585 18.150502382399878
6.5203071704669 4.6473298749158607
20.7682969266904 20.65644209054269
4.1999414941346709 2.9144497139028247
14.115925782644526 18.556525831886042
17.35988810324088 13.327651176871552
15.370444419385633 11.241698476788359
16.468003880272708 0.46960550916614363
2.2651521122079932 14.181058722711979
15.572706303509664 20.788130098052097
9.0647677223418199 10.48450552428824
15.770302744350865 7.274568505865517
1.7781363579718776 1.9031701543380395
29.734565999812176 18.575100966101953
31.262575558847537 10.067904809854813
0.56933650010546044 19.414158750999754
14.070475145786073 11.102809755031117
4.0452681008830123 25.928283448069148
27.964099625858555 23.226935631206604
24.129952816424744 21.56313982458504
6.0807814870166199 14.763145361866078
11.069745554110481 7.5085314810230459
22.64598886139321 30.383964835817839
28.748966965997308 0.8620952205753879
12.379184612396383 24.170989539407422
10.491414034687944 17.152692828056569
15.841327306623946 29.963524289257236
25.064351307019905 6.6238683701783154
2.9014817716304631 4.227429759448011
14.127342826583364 4.6766246274319796
16.215712548630023 13.509206585608744
15.85416834207763 31.179340149088361
3.0564288106249755 1.8191281880885719
17.471742723299268 27.449878643769956
11.302401967927448 6.3885318243259528
10.645925582854586 28.968483625141317
19.133429840726194 14.010293852938625
23.534504374563124 25.689334997328665
9.1765991431445091 15.972506900718887
7.2321184401457739 14.217351492297727
28.987327698954761 4.981278198051986
21.634381715121926 23.580625385926787
31.04964657120955 15.946593331911588
8.1894788234181579 16.18830717787073
17.952270156148387 12.507722796053523
19.584584300279008 2.5416081407449762
0.08821460876653385 27.293685636724632
25.189077574603278 11.210240772270927
20.242856379017098 6.3165116072136849
27.753669334163391 19.516566924493219
25.276011326736 8.7990751103287455
21.42695537293206 29.503918363854417
1.9874875782177106 16.797714973100963
23.29256563718894 14.487411404429102
2.3372252891321823 27.124805721377157
1.3099180637855479 29.481587291198945
22.12385674228884 17.040383112881642
22.92240099957251 29.494008659002592
22.699633540638583 0.76056623267369661
8.2821009160544321 29.129645049595403
10.438740099604358 13.943486391071138
23.673773586411979 24.023794717864117
2.269930914137225 20.975452177344245
18.762815564450172 13.216086793771174
21.904083260713655 15.949073550852956
22.481799124928067 13.884043860534817
10.8745087266325 5.4985996837740334
0.82870801776074088 17.168075861066789
11.144580758991795 24.09142020667645
8.146169700758751 27.355571142970074
4.0275093437021141 0.54377310769800347
20.520048322261125 1.7612226264530881
1.7428183148897245 23.646067353305583
16.707070540665921 12.538261852843602
16.523222745331669 23.246117317791473
13.559295920727038 24.48170216353234
9.1317560523166019 2.0667843572100759
21.297306666402992 21.470164610188966
25.74453484323443 16.724194142564411
5.6172829123093182 15.768903210117688
4.0398712968736623 11.099001554683783
17.717151615634137 25.008364573061176
13.020379161841863 7.0240883895733601
13.005629899079603 3.2262274156784949
28.97963545813219 26.327678392389856
17.290108953807987 0.74397431448094797
27.205838965900917 0.45267930706340243
6.0071171870768332 21.521880223313108
0.62765405104385719 21.492092099810066
10.66258287318732 16.09261525061186
2.6948803206420973 19.293209371315459
30.31434163396462 20.081592570552527
18.351799269900397 21.449620167883598
27.608074349214043 13.346842548679001
21.170141678070959 6.9948775441321631
10.048148478705581 15.437520813328183
9.9511731059947479 2.6781374979259738
24.161453314890547 9.4074052466909723
15.794046867245418 10.377704065115504
2.5442219374191102 11.015935660751948
17.64772727212009 22.646617451500077
6.4364762229819901 11.999453983653261
21.69027921246785 1.0512375870807402
7.8052562563193852 12.25869544640282
3.5800351782016984 8.1567044190711577
16.046322461537024 4.0239278976803012
6.6501166959920228 20.91467351518882
6.3803030109427228 2.0431469816147749
11.828679703409813 9.1097752844072932
23.444330366480692 4.8879690044149271
31.295862763522024 11.055647455795029
19.726665484188416 25.18214523743811
23.190842243385564 21.831660286622228
23.799893347427663 19.262756973406919
15.585793116676589 26.274156230377638
11.965568399823683 19.250197648302809
7.9556234947179387 22.821658043711246
12.325303661083467 10.087378100382955
16.748071506423337 10.869789188939295
14.868285361959048 12.01129412992433
5.5423332049784273 22.256776921126281
24.964776715809712 17.805535057556305
27.321737363640555 24.935813580825009
17.570108396897044 31.30488383337962
25.829139422401745 10.403998139980436
2.5450922753275753 22.631274094184533
10.002228266174182 30.827447649161812
16.265997413409295 1.5578835717503694
18.221866559076862 15.832599905267427
16.02505565781242 25.437368974963309
18.539929204510585 18.833352227959907
24.169654002266853 17.312782042491442
13.061244653899015 2.3502816219407126
11.344472317211086 10.271911824612078
9.2301121568173361 29.79507369981399
31.061409047286304 5.2671997502156653
27.792665909286772 22.322618931280651
10.349278919976125 6.6136316686312799
5.8408540152130612 4.0588166749051338
6.5414533768574135 8.4838426430389173
2.897150513511868 17.143405435574657
27.306862359293923 29.683144098546226
11.998455514526412 22.354415767460413
10.281664738308994 26.783371278749094
29.964985900675781 21.815989627535526
12.951579863512151 21.38644224201725
22.825491497025119 26.834027022338095
4.9367953539769704 23.914895735129406
10.027442597806372 13.101819124374606
19.924799449939442 27.217969920475809
16.730119126088013 30.91654385110159
9.0557261453075526 4.4976765199674533
9.7588372007452762 3.6962234119569937
7.0163755503960745 9.5793500139645698
5.1396208502098046 10.748609468424531
21.901428177276486 20.554681619668511
10.867368888014525 14.761325589327031
26.850562956592462 17.152216788632462
22.882362754107582 24.96448094994123
19.053298022915882 22.039486412187941
19.959622885720055 16.98591073628938
30.139264385600963 15.725268068432126
20.649340961219298 28.710900098731955
26.124118828539519 8.5113074864594367
2.4146313492304068 7.5749699171184055
1.2580353973242941 30.862382948584035
20.798633408428465 25.23837327087486
13.719600866393561 9.7920887854830312
16.761125537174944 29.880801097047751
27.566655915062633 3.5496727667705836
28.660117776402572 12.899876944940484
11.978179787599107 25.847502730751142
12.476106652197615 17.359281126957978
2.4698029672869994 15.81970495246672
8.4945991547423372 11.20461997869433
16.554324569666143 8.8036661563127314
31.085868337714039 28.111628229208176
29.783703079192783 5.3988305547845732
25.425934053896281 22.584493930877457
11.649301274445673 23.263697358786604
27.718000295126192 27.888856202381096
6.6036920927020519 18.6276421325854
29.091427932839593 19.307141701178171
14.257352003959777 2.9623660229182627
30.632020839189511 11.985284436884184
13.295723100133836 28.235990353977542
13.6868328914034 23.546035480943452
16.260742482248897 4.946854706688069
20.593842883382337 8.9318103488952563
0.10523908844620136 2.7282396515726681
10.699349343670558 25.613953662920501
2.102526469899932 9.9964612517576192
27.074085439277482 18.087329758958326
17.960048474834583 7.798716545096247
28.581908579119826 13.934398498349717
30.733289930385233 16.917419841055697
4.6921953485742902 29.230107091592728
18.03515717074362 3.7472596192393204
18.272693710569801 17.080394138959143
26.845415877511407 7.8268584762820268
20.905928359117741 12.58465663174624
15.567103416922853 17.076330304008216
13.234543284510075 19.593157680330211
15.1278232180949 19.013198195801376
19.804613039110134 8.6577587987085902
11.561253200569833 15.408708237965421
11.283069972300279 26.471237559118293
4.9285807134485697 17.941223716669295
14.667920140920559 10.41957743772363
27.720822113113936 10.361655372972665
5.5399014849464052 13.453085179061858
26.692762957775308 4.0474023557432632
19.537720096027314 7.4415341422315446
18.367535012689764 25.849177359091975
3.427562392934715 6.3002556090196924
30.396049068275957 6.1083574348620049
11.922238982348587 18.278561641055859
5.6908538163097564 6.4045132071713731
8.7423056196367934 15.036738766123097
10.69720270812917 9.6390321123727976
24.440157416404158 1.2580522158302514
19.560608757550561 0.56444878882049554
29.022054275513376 22.822022835078503
11.030356141808531 30.483136596571793
18.403649645646425 9.0751187305693168
3.9076238459303938 4.1583717332230146
3.5701857578398331 26.836746304843043
16.99302960524976 3.332967227699092
26.39568000301033 3.0312276461429737
12.741886444246314 23.303286176655646
3.2318523039416935 0.80885432937023705
5.473381016304943 30.813599465044881
20.84427416096139 15.652899944676546
13.435231200335451 14.962828750571497
23.168701273673516 5.778935451538012
26.092633557220754 21.07117541976206
4.0302236122053863 5.0709987883665795
11.471183142093832 13.652646889277984
2.7841422296103278 26.187101589630633
6.6859320591407876 30.557611281803357
24.577355054883668 27.653076507392527
24.833663308967186 15.543652273179495
9.7313153360014635 22.950389214670718
24.116442323370755 6.3146289802038345
29.815683108603096 25.818554223392496
19.699788763964552 30.286653568754787
30.428039830314063 30.811121960583456
8.2001503973593302 14.136515741421437
17.794547242475815 30.267810753494672
1.7382742492428633 15.131752866410872
11.824868990925383 20.138008205847985
14.789835809408423 9.4478265043305587
10.853426206385114 11.149534210644207
0.41358369576762682 13.906520077709722
27.765088195359581 16.734023875963544
20.733580528650563 3.8336900159920351
27.483471989596307 11.601013348816215
15.029154688002077 30.806121477582877
11.376037614918848 11.943740329803646
10.894479232505441 1.6475592527544181
17.162045156654251 4.3336432773948923
22.429567224869981 22.827233177301853
28.134840040101267 20.307888144251397
3.9976835318465911 23.490414280549881
26.41005377733827 12.229131517983571
25.135873052367309 12.005330247885974
17.159170967145293 15.816293072487882
12.956640720098379 31.159327025148709
29.455216979075477 9.430773268539955
27.938257073005136 0.094391456365332874
13.901287291473524 13.801954241682196
19.341864873022693 15.10843058141109
28.295821866138279 2.489490611303673
27.311072839360836 2.5945910100218104
29.353887798315888 3.3842732056470801
25.483924800554625 3.1370830528194511
19.933079224882864 24.209338515302484
1.7070483002599797 26.331773036440318
3.412451539683409 27.685616099720701
0.28294687203176705 22.266836753038376
28.439456474944762 29.245115482088881
19.119189174192471 31.155844633266025
2.9644668419305744 14.972853668191723
16.597163633140593 22.254246714985541
13.659559307161448 27.270902222318501
20.981060940945262 5.8825680254304009
28.871307434006894 10.142665735480653
13.605850008190526 0.32289718185140798
2.5695618875425468 8.5052607860909148
8.46115515978539 19.35874222378202
12.007424309496013 1.4914232369181777
9.0513337265946241 30.80157421884633
28.150343860355466 9.4405884387995496
27.350876494641888 28.822832213680144
0.42283880254919815 9.6239976913601222
5.8014554396682145 1.3051363724741203
20.124510156237367 26.128395822433202
1.5981560039513985 6.6038139652145853
20.442751273534327 22.137378734972554
29.672301565205281 28.719405158147655
23.925825681265394 26.538060162997027
5.327634555522911 5.4798094393263446
14.700255451407399 0.20101234084315328
10.723685304540382 31.510058626159616
28.655522163589684 15.793369043980288
24.43827194965932 10.490308216032112
2.421551486707926 28.068612282911303
4.351579867295273 18.690998065412099
1.7081177191602688 19.790094086900687
9.1930819748426025 0.13883169479812349
18.960840974497451 19.947703140846897
22.644782326987603 19.386278845461153
26.395357439391777 9.5167692500406318
7.3390261742816927 10.547632679531908
4.6652212158236432 26.925899332535042
30.906122422614256 29.901341523297798
2.8195362083027735 30.142072038351653
8.1403613489156434 0.37001270302586597
16.31850803587929 11.690496432195605
24.594498284944606 2.5442471010655612
22.139497026953162 7.3712674955088984
13.814103748121518 20.678878023386826
31.474672093183628 30.787512114753913
3.3352602787582586 16.311030256600858
11.225057912946092 12.822188361176797
22.071159723372471 21.932653577661874
24.558564351178671 19.902586553049339
25.321407833102541 0.83696185424643821
13.125638159664595 1.4259955184019162
31.112060661893725 24.71716075310497
9.8892710400292909 11.389946726418078
12.401175269846188 28.27049762785888
15.556168852290176 18.081910458250292
27.869536821178162 5.7791250115813408
25.310813202350911 1.9280912535573984
26.315143303867099 29.853538703492131
24.848127637575939 4.692284236752756
0.47670828744614763 15.905511576597949
19.137760190356051 17.514981707488239
1.6366663597531412 11.212343547661279
8.928380469611426 5.4810475256711859
16.49427740528866 26.638695216525129
2.0977531268185765 29.243070726875793
22.878266041563581 10.830930091023228
30.96677987213674 25.913544181158819
23.709068691705554 2.0055330305715118
20.110406316408234 11.812037996059502
19.93013106784564 16.021737454658766
7.4489154258432135 4.6093165151724991
15.893696737135794 24.518762188744056
2.0885500880964782 3.9854720729648649
6.8561160958438272 12.841528126633397
20.663373437237478 18.371111386891421
13.038949377665295 22.322048515442582
8.6369220559605751 26.458734254535976
1.4485541952498611 28.297382430138775
23.439825562123087 10.066536972988937
9.5615270073934084 21.12847024390485
24.689368155278665 14.675951442741667
16.107506381752149 15.2265525648675
29.805164015107401 12.243096229376597
11.551866808869253 16.491999100816511
31.497702463543337 23.380764885701833
29.265947855344965 20.115906574526235
24.531364896889169 23.591247778192486
22.371532490228017 27.757341705593227
26.867904235447465 5.6699359628922039
29.730109844510473 24.050428792999281
7.5610152223295186 20.814721045411567
21.043838006794697 26.424957185301018
29.268413384625003 15.053085113232703
23.237860292262457 8.7025467854106413
17.187934822927726 17.918801148214424
0.79364826820559309 1.1456977873923335
28.791013850182686 23.850656811593737
27.170080974778092 27.107291568800978
6.392895773829661 24.919992870117319
30.224667721410601 10.000739540958069
2.4376808075169722 24.460309378251857
0.83091193404543195 13.022212679440459
23.721878635087315 0.74814655500496552
2.9562567673627527 9.4047789165790707
20.981950148952354 24.316861045830336
26.220320834666385 2.0256065109106429
25.875672135012071 26.040470582565558
15.020330277855651 21.640860133046502
26.703007734029004 22.689246522909023
6.8613285142016389 7.6715327650615155
30.323930196120781 0.23900666243911242
15.351865805467119 2.472536129560396
11.858022074109826 31.568354611910063
0.72656201974227175 18.256089186693718
19.748712898106689 28.522126850293244
16.773298188080553 7.6885343327640525
5.2352204428415563 14.4535545451776
8.3340624985249558 18.27345654784629
