10.846929369674504 15.823283179821683
24.646357554771626 19.738688333638077
23.595305026509902 26.291498825155557
21.80970674198954 16.420923718614159
9.8860657316241021 13.753401119051087
10.682506830636374 19.505525373624305
30.643857992329448 24.688024320471488
6.1893975262284391 18.044344045164625
31.083963063019915 6.1620717341916977
12.628669619742453 6.1799123403918275
16.620487807960806 4.1432076957903856
15.019565257645919 22.975586656493125
20.495099780201155 26.999658947836267
31.063843925133764 12.023160577092925
3.7100810999588898 29.803475570308731
25.571831828780454 19.958943789077136
16.240884504607596 19.162448326314337
18.542689837527941 7.8669194987940871
3.0863104212850101 29.005695273032739
5.0381317220469235 25.555021624801174
27.31090842024965 23.079109259488984
0.33074565321303628 28.932562597424653
20.652091260274538 30.588233587319294
8.8622278983456564 25.19514412050178
29.25231447768369 20.114896815631869
12.089718922836223 11.092944971711889
4.3471441273852518 20.865563145986638
29.547339537482031 18.024178551111316
17.110343779251121 28.29151267233263
11.918241314491457 11.935346277202939
10.222075699972159 31.045612497757993
3.2777981967240617 15.480168598101686
5.7392311231491879 3.4777719579208854
21.952354886446475 25.623911709639479
10.777426650018256 11.309707077164589
23.997942300299524 9.1413162731264119
2.5028041685521214 30.712121629686976
23.100791533539834 11.670211083401419
23.439599957588598 21.32733177569024
4.8220516650616805 30.086436548236758
11.919101715919426 14.251555020057786
5.5836327937401213 11.108915973372497
7.1281819962283262 23.411826655136075
3.8484574418425086 5.3652962612255282
28.736110387235573 5.1182131211224595
28.613241401164995 17.838338622311682
21.139929538117674 5.4450250508403961
13.18280340530856 16.96839416280525
14.932307926577172 29.761252967555468
22.962663226027892 28.081922960893422
27.478282458527406 14.167565509498049
30.080182153094622 15.720202540687342
25.110848770321805 16.740697604638346
13.797046971749456 26.666955338023076
12.139454226024426 17.509483683804678
15.121493984902413 11.80546606914956
19.00455188029682 8.6604555337649405
12.193018869504108 25.291646031429515
14.748469407406144 3.0550672898450526
11.093706432936706 20.785562276524669
10.430395499755155 4.9396067638080021
31.319172012574484 4.8679663636708161
29.936230890190583 12.374141507622772
28.150656553864746 19.677191765216989
22.090044711079038 13.399696170927815
17.197565481304313 18.818796753006097
6.0577827710207535 4.355420857044126
7.4746757626829909 30.085921489787733
18.905357395550901 23.959725699449614
8.5962938063125183 11.357560134291518
9.147582372152236 20.693694384560331
1.5081954135768505 19.595724756893645
24.208485407649466 8.156284846422297
0.48148281225260448 22.033441757147784
2.3352117373687662 9.8085664939413295
15.325241602470985 27.768398471074796
4.5300878240945526 16.001433027654098
23.667910288626189 22.934373341652115
18.058411168945472 22.782048335570114
28.088240090298434 11.775610273713431
7.7734083159456553 26.638635197630734
18.216325275888348 5.0157864121218685
8.7958568587048784 30.381273483145215
25.065315099745838 11.650311926098205
9.6892016813514168 21.733905656763319
1.4197945390406554 30.227556552327478
3.7993177162421508 21.73409754355022
2.3733382385676882 18.099730714468748
19.147302788161529 21.352902050237152
24.576372829333341 20.876242058742406
8.1997934898629889 10.342916061851284
18.200499666483228 31.604210351373251
20.976988381125196 22.017265966892616
9.4894510250949189 15.540716534468936
13.628037280001205 15.760812045317508
16.746111787779142 12.627584140747782
6.4933304005117662 11.711551760964804
11.80237817902427 7.3790868446139797
7.8816734703370104 13.822201427472752
7.953464839953396 8.1607086187493323
7.5973727514866747 0.50726986264316931
12.356491513590637 5.1427815848287715
30.378254578329187 26.334429743824312
17.251394398024583 11.692123948507557
24.635057447885 14.72236554690566
22.423968956432944 26.442780192299406
30.466177019925869 8.6189023494962953
27.277232960362888 0.16905470405586528
11.066677605555755 17.094360613575063
25.814352944944076 22.198573612311868
2.2054693142233539 0.11611731801554843
21.956174032626681 19.798945811662524
3.3483939273093268 0.92174524362166343
26.31274468563592 3.003446159853667
18.604745160997822 0.82030545677945133
7.5619204390892278 6.8700793768824662
5.3989910868028987 9.2406212799188712
4.3439297917038093 0.80040013681846223
7.8905202746957848 11.75728505585964
18.960483440006595 2.7106637010730221
6.4323550846406992 2.8002119660349671
12.110698313919148 22.579761696360055
22.43570672855861 29.164926458137302
21.513858074127121 3.6256678151764854
13.807561098319205 17.593198847863061
21.313501915522469 14.206177658084489
29.140605979099259 12.790660419993259
11.99228752701214 30.532789480210081
30.529738915113121 5.1940576950272721
25.063808953317775 7.7649904820644222
28.963354332656444 9.0057187009955371
27.827586181560239 27.701745366245575
30.418557883561483 18.589579096649349
10.814279448151327 23.134890247759444
0.97893553635133412 14.114557355367291
5.370392683529186 14.595374554324279
26.565521734114064 12.329560916175746
21.056643824741705 10.78573397914807
28.610582881386431 25.809383380929997
12.649182362068073 0.12823039385845006
21.030447198159656 26.002394395236966
24.401999488786632 23.405589263260932
2.1437541244663496 14.155368521880304
3.251887649549273 12.365028182702837
28.048347279567079 2.2968381702947012
8.9136069091333319 13.65337090252847
8.6143748278366665 29.530226112534255
19.618239893747344 10.90670466661984
19.780301905100714 24.257858875478373
4.9688007440662751 13.314818904101433
30.266380383717852 29.276262706209167
11.827128837065658 27.665006090883342
22.024550745286266 11.318477382447416
16.20564274695537 30.366494659376308
6.9805883469026746 12.517839469614227
10.880583815279778 28.574930670711449
2.958996787724772 22.197232943561147
6.3150599367812745 9.5646478215163739
9.2502136152958094 27.548218939569274
29.277129910509004 29.587818119036587
14.117799937006559 12.052463244467296
9.3576703493526434 17.004470080858162
6.5900346041220423 28.995282080318798
28.10522710849569 17.11734142750354
20.645141891375445 0.083738914355349997
24.223239289476972 17.317260600244467
5.1285973897429811 23.445475081696902
26.318349147016882 9.1752700457843055
24.057144274352854 12.150353303327394
23.556361809460697 24.195125785015019
11.436314514669236 12.956232822999228
27.582110134173863 6.7254073257366747
21.170460847927163 18.109907591088938
22.756779482413059 7.5602861744956504
3.9261338781547814 6.5071757600263274
24.911980322849796 3.8750593133729558
19.781121436049474 27.844335710064289
27.642192275405087 26.072673008295439
1.1965688936657457 2.6846726914350012
14.454840069457489 20.917497851357982
26.933149145323753 8.3277477688418777
21.354917315992495 19.157198344653057
17.330618293951304 19.776829785389303
11.114278010303048 26.93245880071894
1.6313034085208915 5.4394701324496229
2.7400229741924846 24.384178326052826
20.075074557316761 11.718621963712026
4.1524820004270611 9.3612414442069767
9.8026953040429294 0.64041116580729474
4.2093153767323903 12.8065344493228
28.464629226506144 26.966790135879627
10.938044431860067 29.511718865794165
17.6224648293448 21.432091807868087
11.953341591774013 26.488212751528398
19.378093596409368 12.945649514414251
24.705118783775067 12.817373620112148
4.4107374658047087 1.7239402210530108
11.474760842118226 10.44930353240477
10.234976786038883 23.726179579172594
28.53125963460219 8.0352448608321527
8.0985498560034106 9.2402549171795112
31.095073111287682 15.253120169104017
0.097774380564846927 0.25095438915693608
19.617380701834911 25.280761636154903
26.378068748519617 27.398866161767842
26.45486297433721 14.651739726121201
31.266215725478748 26.619002270348268
17.2639927506699 31.284051237758931
15.811061597958652 21.916912391647198
30.137715114125136 13.631462858538283
13.242331467747688 8.8268986124149507
2.3132399093321294 10.719194394960686
31.485596708392038 16.290749367882722
5.7534929382520863 29.717150735939036
8.5590323855495249 3.2382416908234277
13.39352186998279 11.129835821022315
31.190681147851553 20.141426637309486
9.8170199588455684 30.12255768092983
31.188748061164901 3.9219838318711897
8.0657597411879536 25.574654278949971
2.5643356599993483 27.891492291596258
8.7988269643727861 4.6960427370234115
7.379545117656833 2.0387992836188613
16.284481307142475 21.203986768882022
28.276054900036275 13.188604002260046
7.1807192952134056 9.0436099264049936
23.477277325210316 6.3396303103865534
10.269612993391998 20.970141595301854
11.848512319766034 18.934075582172426
5.3362558557136444 0.34806783195206892
17.445310819606842 14.27881206436345
13.775048747744073 13.783211271224065
31.422138929063166 9.4588334871878175
12.69907299512152 13.865585703056192
24.911480700010678 9.2618307831218711
24.194664455843672 3.1377654307563878
12.622929901308673 15.127608099066098
30.212840681523488 6.4414105688972665
3.3703109150140711 9.7537464018707052
1.2804720320471759 25.285671668988549
10.795141868084661 12.126832706094337
21.391149656722213 6.995277403264148
13.455479257166031 20.56317516882093
13.892108746261481 24.418410110519144
6.3826792060291142 6.6203262279073058
22.993834219925386 10.738284570781797
27.556024023759992 10.712627932175433
24.897921711359945 10.503534787828203
8.8224510594389862 14.596373538032109
2.3791556167191517 23.416083259248133
5.2157249682634532 20.754836638265541
30.565276061614306 16.467258083016219
0.96528056012499985 9.1708688323854801
8.7817371714871566 16.196743185901752
27.378758731366307 21.425239961469785
19.223053923576359 5.3585408661525262
27.25876261049849 15.214962989078293
20.864524809504076 27.929642857057615
16.123267804000985 13.632620694138506
9.6331268486771506 22.640634102815088
24.828121430972843 2.0720513966045098
25.688539436397015 12.512366353383937
15.994846805170551 23.952936561621179
3.2524660557524108 26.632112444734773
30.806247395671367 7.5659017079303572
16.303582125731257 18.085499056785967
22.647582773488633 31.008039921367185
25.348471391226642 21.113805359787943
29.118066184620684 15.026092826940591
19.449543651151235 16.824181646253969
11.225339924846306 2.6607529210913388
8.4912296422205582 6.8281225227907099
19.231717272067154 27.006765759489721
11.983066857839143 8.9516080269811287
9.0792993822370818 10.234587170721715
30.008683691169512 28.363138512584658
9.2722154470075537 31.299115589763076
12.673901656694373 16.213921595190794
11.839846525258263 0.78221881052761022
11.67627534491349 1.8314523144873955
26.272528384986344 7.7188639925464431
10.203174879298897 12.95312092530996
4.1977804801091994 15.07731555143552
1.9633181001473199 4.4290992285589654
25.613483281014677 9.9932760753417273
3.6993661395979491 16.488782290027959
25.179698651721242 26.705561042273541
20.479375437528716 19.503242759109547
4.5341639421013529 10.810387161550779
5.6828184471998053 5.806942288835268
14.432118535419287 11.004626467929445
24.498857210754942 25.846528771728615
4.3902362708800702 22.473951291217659
15.141164937278226 30.558213579919826
16.762961078383878 0.60198707594666812
25.622201157675594 14.710490675617454
14.447349873319421 8.5767846959301526
3.5666244309030586 10.647996379350026
15.039403955476281 5.5046841801200062
28.230798833781897 4.4425691565951668
14.135674471032614 22.405919644799908
9.5178405415134009 5.4312331390606987
30.24257673074435 22.659459223570778
0.015829246976829348 24.123500798369111
3.1719652194601764 31.55259873314575
31.582389621515048 21.117663345386159
4.4283802584206446 8.4331165728699258
16.536084592197316 14.574264049777875
5.6886264224527663 19.95494829592813
8.5243912408326885 0.14431644417215661
22.414301182680571 8.9641076024159645
26.899515835038851 16.93780339646954
26.300634055029562 21.260614342390046
7.1411955419194468 7.6908631315288547
15.291582859933664 18.980637713975305
27.486739450149518 1.2263794581102294
0.73641998608397075 16.188016805985651
7.5678062474796226 15.904787991908588
7.2686103174722776 10.168430680826628
6.0242573195867593 21.611450595195738
5.4647613507842792 8.2812249015217603
12.9828974876392 11.965398408430634
2.5927481578403477 19.91760770702016
0.38225871649901882 30.007121887622361
14.462518589305374 6.1675942107412256
7.9144217534588828 5.373682304135178
18.514843272067839 22.079686881801528
0.98130461457763873 10.882208163333226
28.470994648478754 10.589445192302515
29.557298530458237 5.7803897951995333
14.105565502213963 31.135907088173283
23.777232223037199 5.3525001903010558
5.0326009361078912 2.3853828775905255
7.5246709303175283 2.9944478668589558
3.23480939377079 1.888828091624726
19.080331255831293 12.06590107785853
30.800411189264079 12.98798679918883
28.313116438226515 29.817894975690486
7.9643299121309923 23.170080586123767
29.846706141109305 7.2965735789750852
5.1187347870046738 6.7276346253613193
2.571823563052162 13.258338268737329
29.489243138383575 23.747944500639854
8.2176085588899728 1.2590213949154403
1.7408624865534055 11.500330129130555
31.141827287923356 17.707162916557159
8.3827873839925928 24.157154809580216
30.842325791203237 31.044843157583799
28.690048821276438 18.902465627326873
6.4388663516642346 26.353088528910526
4.8565342036316066 3.2977828114885375
2.6590033334027798 16.268221396987219
12.16097292957366 3.1827013576220007
5.8054330356048149 12.494574291255105
4.0064956846690913 25.303711949804516
13.189620431987342 22.670961578729454
1.3279521091167585 31.137098838677755
26.828634599634725 30.0593144299005
11.33665853423255 25.591252043031314
6.7705585342069066 19.963652436798363
21.703487681180491 28.670996509179581
19.202360361382219 23.08285054388838
20.561231356652971 3.9619296363552841
3.8222546107973194 3.5251666911258037
1.3363614082163631 6.3280501306388119
28.365183328474739 31.419594833203043
22.567208275244617 15.577558086441611
0.29698301326701793 6.1243865007677547
25.911065538591796 1.9798370751269196
10.821930190555726 5.8553275757723799
7.9852938814719625 12.768693656940563
22.18472756766452 18.424653260894157
1.3869730638957734 1.4019540821130996
27.405814119875636 20.526336733964026
2.5896321897467649 5.2304087652021884
7.5241132360415532 29.161624350400942
22.774072218083646 13.955897936108471
3.5186864448383424 18.376052847349641
7.1622243530307879 11.067973653311407
2.5861304770218712 21.216586467942218
7.3990698708445839 14.561340698287866
28.644699837683088 1.6996809953691743
17.480991659855196 5.5586758306942379
31.196947109800359 11.004684388079538
24.101698077712189 27.915358522955064
8.7604606742830295 7.8494377726082085
25.281159109620461 2.9359366818933958
12.693618275170353 1.3224800290274947
19.39478436153161 9.4779307467658196
25.415325088254164 6.8783399243534156
1.1959180525036155 0.47567690099827231
13.692923474342754 9.5666720666109661
29.733818255722092 4.6788995181102555
17.846210075047935 24.76921835578559
10.80101945604434 24.60715153301776
1.0425115210357394 28.226411138101945
5.1735265893837061 4.7473310657724168
18.850222857395345 31.010518947523874
29.348671107043749 24.754497100197483
7.5970634698604069 24.522758405650496
4.5092339324379669 14.156434008376991
3.0199906354494614 11.422304519723092
28.242194413752106 24.953841659552424
21.931247489210175 12.26143878875483
14.47875430424055 14.961221886020544
17.932015969132369 23.701429882372128
19.638065175411406 0.97654193970539604
29.464984298285586 2.4606013696205373
4.3964964489382519 27.251088775657507
11.087299046415726 9.6362257501054067
0.37676654236463769 24.970360850434989
29.217408746156096 30.625088176625002
25.840854753084507 30.71522181148433
0.90477693533359338 7.1875936002155658
21.87232347405752 23.784951399955499
30.234453916220243 9.5314960764222647
7.2642568119430075 4.6509979817752027
22.948941629849184 30.081675594861856
25.799977481895912 15.815050348536873
24.107537397565814 24.961264511225075
19.481100112552468 7.5054226312303296
21.490493500300751 20.724147405046221
22.837058762230011 23.615304935173068
15.649586674172022 9.9761532777718749
21.220191596842561 22.990475984936001
6.3746213766098752 0.5488562692556358
16.038512750695858 15.485081503978927
24.2029398692837 21.933551023744776
12.811579478976793 7.1810992224808388
28.742823749776605 3.1207436279870242
15.26985260824307 28.78574955924601
19.706540688139302 22.272229831470508
25.07174420155085 13.6872370868451
3.3271291340674147 14.396404673756464
14.752530907176213 17.156265396442134
28.960054329321338 28.691166095226745
21.47884633265739 9.5635702496153829
18.680563000021554 1.7756210463358226
24.020420127186274 13.983074826934182
21.780164223977916 6.0201914978285709
14.308984168613845 28.443015087287936
8.2374422876240896 27.684538901953104
18.184613261903618 6.8890539304552227
14.727713772775667 25.078310050641722
3.1068482763029412 25.577323670023979
23.287499590798177 4.0583345186271229
17.444217414569792 25.722247970507205
0.82681323740010049 26.925074712167785
2.1292979709166788 28.816246813550347
16.799025594576726 2.0626298857677527
21.509717251354541 31.092262442417937
12.806327833077304 19.156241547139224
3.52318880942429 13.541220193044904
19.183690091544339 15.862372993126508
18.786676736761667 26.067730079790749
15.325425042121061 20.621293575134569
23.993052849017804 1.8349731775418112
19.447245341587582 6.6693500708931248
21.888902447803517 30.126768935579957
19.563817582142654 3.4467813887851948
16.864593912700599 26.831153372927631
28.02560045839914 9.6427225123913161
0.57071232669667671 18.55065678610924
3.3677572021144675 20.687430348107689
20.677598196104579 24.026161355205062
8.4502696932147305 2.2214105269115554
8.1707520944537677 4.0670324780669072
24.603967318382715 0.90882203539443784
31.022858561262375 25.46689307696608
20.972944501944049 11.797251772852567
14.087080885622164 23.507711757083527
27.190284428386438 17.875360477041244
17.438952703178519 30.438048061421789
19.737873801257969 30.671567905734605
24.358712834970699 18.463295334124965
5.5705124346409711 24.484894585536384
0.45580154016845253 19.556351775488409
12.962696171425478 10.379192337994242
11.775544290118694 16.508532791677187
29.614092510543575 8.2890658899514023
25.378612193980938 23.401482539012193
28.453014444573352 20.674803643790113
1.8111438346300792 8.6585316959671772
14.355537120365421 3.8763552359647293
14.315755776956417 4.7850073246519145
5.5171647210845762 19.022391333181051
19.964841464948531 29.636828517061613
2.3464581835973313 17.207084726086819
17.640401406795988 15.247840100397633
5.1111449105186635 16.796882475146262
10.59696670714354 8.8363784134686796
8.6475872563736846 5.9483091416969645
16.880899962800271 15.802142163084616
20.332305113320157 21.458362754711853
29.397393957882326 0.80718641234757504
14.990138730222883 31.55236229503236
31.116152943352969 28.707237282691217
17.795916063425484 29.117761944567327
14.245910950328708 16.378831647427631
17.588613079245807 27.476473237817203
27.948830660190744 30.614590699736414
6.5621308564149139 18.990445066769162
18.282378963434663 20.763954769262693
22.006596455140045 10.277069412435742
26.453084972637654 10.59934889350316
14.993561618354303 26.768298448333255
13.402761517825404 3.5937442607689762
9.924732435672075 19.974647878993547
12.787268961319917 27.118346072503392
3.5848345833601609 24.305071930025264
16.377689587873732 25.940695788365016
15.44339524066862 26.036013918458099
23.832857995233869 15.475816488438589
7.4282033511885333 21.12536464995658
1.7110925145415763 24.339810959388906
24.904995094195769 29.692872345383851
23.403438129894376 0.082681783540266729
12.931784852248004 30.822938271456263
17.203310232010022 8.5002681134535205
2.2105840211534717 12.320295278080341
4.9445199844371457 27.95896268792993
22.461387298545667 3.5484346664190038
18.396221493576 3.850316724296623
11.78531342462623 23.377641215275556
18.32187991283001 30.135841332620899
29.055237754468589 16.121932160747953
13.7806313184752 6.9783431378854415
4.6383839413098995 24.472930132759803
6.501003166108454 30.197411257679939
6.7208783639029566 15.31758095390469
31.363449189717695 2.771534830995908
6.9833785158811272 3.7677491851009788
30.875725213654949 2.0004557303942545
19.651220506059122 14.931732663276103
20.31769612103205 17.55912531187586
11.727522305673661 6.3020356494470455
28.400474978377744 22.996095848458044
20.323783864649304 12.799914830827825
25.473823080581482 28.491715318616308
18.21027743463484 16.090392950832133
9.5361805693983008 3.3462955249337099
0.71936045004064331 8.1864557150751569
13.68582213906625 18.681114658450696
0.51042306701234241 2.073832495336585
15.614728579113432 6.6348222824977867
27.770721321265722 8.7715498760912389
21.658208355818577 1.7902845731482306
5.9924895101169664 17.089495607136904
6.913519227461312 13.445855574122229
0.89745360916707739 4.3113888083122616
23.265366431509715 14.770163584712201
25.870722413598489 11.293884629804687
26.227005642352587 23.291677434497412
6.4646598653704599 20.858932789817047
24.690439498963702 5.6061582919844808
29.501710189242743 31.473048461874505
2.9008314675789739 19.083656083780195
23.610114246873788 13.18436507796117
26.383164810635321 19.037843942625447
21.878531796430824 21.708774133666125
27.653428174022224 7.5467849911230553
29.182707889415859 3.8474582083488564
27.598650146602079 12.686848918291837
13.5360071441042 0.34539199202788656
23.825671667831429 30.818249153408122
18.495794943363563 14.009462755526409
22.49702578889255 4.7257046671334244
6.2482555355741631 23.686281785094963
17.286367357118635 16.71266967567021
26.889363801283888 13.443757052381612
12.377535637039987 9.7239831733564213
12.628520792901437 21.670509009591612
26.532836579888254 25.589436405520988
21.840913098511912 7.8807698068827374
2.5268137258233931 29.898661363756887
17.531054654027134 0.95394482169078765
24.628732872293888 0.082263111598883276
4.2067900589383864 26.322746960139884
3.4441103601176559 27.669016571080828
2.675329838020442 7.5384260454654557
23.435856575289229 17.960230563726036
0.42481623312550487 3.4884522196534311
13.81856549978548 30.274368631693662
24.103542530504093 11.14024963014238
28.353462588008718 14.298110883643055
24.830360037871213 24.357520108402902
17.098249618621644 3.1474250686637677
1.2642348909863845 15.087373766394702
9.5969595306127982 12.120126656675057
21.991436053603149 27.740837056690211
10.844928845947333 6.9276804744592075
16.132831205971712 1.4957173640428791
6.106697958073604 10.467049128697582
20.364403563661003 10.263615238208644
10.155998531984372 16.295250168464719
10.821715487984982 1.2985985475209512
17.223414099453766 17.738366467407687
18.290452869264328 13.115481539741332
15.94653413012025 22.918590454738624
9.9973301023779939 26.943179743334792
16.506131323959519 11.073517247418708
16.024015906095372 20.047832132181018
22.120009784745911 0.24511851472589677
12.375433968036482 12.933113103051328
29.439731716650321 10.849118824857777
7.6699448068781866 19.65243527664234
17.9723253272218 26.431117323980725
15.49548667979999 14.500208081132659
1.3583677057502652 29.28966923761153
29.601732781440699 19.186091908902259
16.893982363093336 10.207671897772233
2.2762202742641078 6.5851767688102223
26.379298157690336 28.888916445240497
23.138494876200404 25.474183944735749
13.427299468071375 4.9414071347518629
23.158780131138453 8.4488996622769523
20.566121459352136 15.129180272524199
0.24185310827653086 1.1763683837623287
1.1389524187734965 17.840173761002362
14.888496171056197 7.1893641046542616
0.42379884208712115 11.626422971005395
3.2404859351958444 23.065837988028061
19.215386282727142 4.3551882322452853
16.042851754618091 29.356540444685368
26.201299707658485 4.9375633841288114
6.4476950383094529 8.3937636543128527
15.539251813262519 12.981166507382634
4.3750633408541999 18.6519198653484
5.4002382557383095 15.519634874381342
14.881430686437007 21.793742124960119
15.530324453105026 3.8223084411435448
3.4536620923944983 8.3648216152501469
7.4505137399061434 28.127025755707542
8.41071784941707 18.873442098615126
5.4995685240325933 1.2639454136865187
20.355009605523513 2.8734640057291774
27.387506717366055 29.340096996838845
24.78285291502219 30.730673881749453
28.890831412486857 11.771407125728361
15.50375446620321 2.3834353464432838
29.289652830782945 22.701919663531172
0.24150956620207764 12.787940958806303
0.62144616144258069 5.1758636096517794
13.187300081451687 27.907478477089963
9.5936808366328101 11.202818848983688
25.734942657867535 31.580679977432663
2.6404575747419683 2.8768103280582884
28.480352725263778 23.993579928608987
12.020600469918691 28.453503343400396
19.927328876384614 26.230759961842285
26.99443147691133 9.733425888159271
2.3683510603046232 1.120182833227054
25.575631744545937 1.0958503407451015
26.469817884538802 24.254527564706226
30.252823851313924 2.9052667150432896
20.098733499318097 8.4284141658967329
13.978416135879131 29.331303956229437
15.483940211359302 17.802224347180118
27.199073937881074 2.7514698294015711
15.945285747761735 8.832214577744617
13.434368231108435 12.878029563447159
7.4366841373966066 18.557553899563452
19.526930249368974 13.914913738519045
7.0108451843724886 31.312670998000893
20.851235360545498 16.785969134133946
21.550734562144321 4.6212526296667837
8.2281911074509075 15.251988611775239
16.977286270799052 23.977853571947257
1.5785399516608523 26.292652714827437
14.321715166972185 2.1541114348015058
16.003128614745467 11.994313709786693
1.6859709457610097 27.575719580786508
0.61305118565601402 22.912047025760479
25.554739875353743 8.5662887008565978
26.914733868821163 30.974360535936128
31.543955726823203 7.2419654369277575
4.6110174952109597 29.128862785159413
21.09663326675831 0.80815567294904078
29.278392148867127 16.852459463189415
5.1720975157831148 18.050121072420666
11.396465141048239 8.2035890263969193
17.953799729097366 12.289932853044458
15.5917892310508 16.526186521306194
27.050476086060058 11.564266942908725
23.914394577358138 29.765513012504037
0.13353250184082083 13.740415575461984
3.6100783791950235 7.3354888553431934
26.009820165937878 13.552615075878323
4.1265945786113205 23.430666915950102
9.0876588883706599 23.293953791506258
14.215697868407716 27.523247831844362
11.442729614153073 21.820189232270465
27.783495721500753 3.5481275895115929
10.990787090070684 30.449828992836245
26.207048297515751 18.131008620066869
29.921078634938059 20.713225011329097
17.706510901046929 1.93631689547293
9.1880472766438803 1.176935874730787
17.226376854698984 13.368869828143279
8.263223274684254 17.800599415044296
14.732076609625059 19.725835702153248
3.3821835412396122 4.5757374417488146
28.04033381210407 22.120816210239823
2.0983769028578245 2.1514457461560847
12.973609535429825 23.558749176197434
13.878791132476506 19.681655362708334
17.533857210205639 7.6557914209863123
12.122093951179357 20.892184685779039
24.934734180028688 22.341213924076488
5.3184007302419287 26.484519335513845
11.525308200717822 19.851006997351014
23.733164774283704 20.324707366749578
20.465020376630278 13.960447952425099
26.651058249495271 5.9116960367149316
0.19531643543694571 17.308951126584386
22.958061046489863 16.403654975502903
21.123432048599813 29.635814782290176
0.27670763563326684 30.99933884597073
3.7672140916710322 19.738116009257446
27.296940741916654 5.0554618069518984
22.535714573986866 21.030555286483924
13.372949672204523 25.207952001593942
16.088754547498386 27.183285050613769
19.771429248334517 2.0148493358260691
0.39908977587696282 26.007390700202365
3.0029091553185889 6.1275525272694882
4.7006935303204793 7.4810248656129135
3.7161450009767401 30.641115236771753
16.310230585677633 7.8614404293146869
29.79845152794725 25.435004600311757
20.544382125695986 6.6140052714246726
15.509475034543801 4.6683415927778684
4.1469775520186118 11.745857003263884
6.0074015346824652 7.3750346877170943
13.902526633953338 7.8837155917739841
5.0747891156282439 11.991863424280753
3.7855429469495139 2.6182170192594838
18.614482217426247 14.942205082732869
19.199816264557242 18.706271930533546
13.543728849397876 1.5040571165943402
15.710484740445697 0.51272114188683826
8.0761524008324397 20.501139648951632
5.0651223820399052 21.850952659406413
9.5798540553350584 18.867259060774565
9.2262851426462849 17.990564663778635
1.3536993413054723 9.968360023140665
15.528406527315816 10.784819704773975
30.665227802506436 21.302137934987869
29.849216795816794 1.5752231632728209
2.2734927748629219 25.398233689429638
30.178789081763387 30.359636151162107
25.960834396388531 17.093450854876611
7.9102214134812332 30.890371975830572
8.9744307157540995 9.0770870700731727
24.259286118558929 27.087556852579691
23.449161486764922 0.88903555121778555
14.989721633053694 9.2806353810450855
18.65495410091749 25.042752243387774
16.158229053177788 3.0418000312448252
5.557480606687724 28.688027148592095
15.704613344655113 24.966432263399927
1.4724387179107898 13.304128649302339
10.790734408040986 4.0141031762436707
29.264362761691498 9.8353095857702879
22.833718179204691 17.346398863969092
1.7346378247976839 18.770902162492977
9.423162348371422 2.2894847989445815
19.224058081710442 17.728466348529359
9.8738728257395589 6.3077745073320406
13.07956682613095 28.781556799449898
14.574305817117393 18.362041328872884
18.153260351971849 17.981899609965598
30.131170279569069 11.424339512361238
20.267925176533705 23.097652161832276
24.495063789420335 6.6177741301599458
12.828492248559364 29.74154387434108
30.897737969716101 27.654279562153835
25.21591744393578 4.7658963710497639
13.510452874130536 2.6940706735389184
22.021016901973809 14.771209934165583
31.280702458259587 18.836214047942544
6.6995439938405017 24.627967231177301
19.626777287961676 20.56663010221282
9.8718913131119237 9.5834127057268255
23.770366858796713 19.222576735595609
27.172512424986074 19.437180614300996
10.460379911902463 18.493601449590237
15.330956574475175 7.9665601388438443
7.1830738176032431 5.9922159495475018
21.844723075744451 17.389783929040739
27.231120604873475 25.040946816019989
15.01410703320658 24.038540372642821
30.05232691662896 14.741752494293042
6.8735518391795631 1.3233833831330535
1.7828569035387527 7.6621805730880235
18.605548686088444 6.1030561444779536
6.6490648428930719 22.4575377001145
20.576816620715164 7.6939158964553815
27.795594622764618 16.312841227940424
9.4200222824039912 26.040668210519854
30.817192026293522 1.0577063926546155
18.332450174712605 17.007978642613242
5.7491601219102177 27.271903773154119
28.204530701277353 15.440777141237749
17.022695694049688 22.073908229776301
8.6240821241646302 21.514123125535033
15.066122805197283 1.4193800357518016
20.184903212353031 18.563503694165775
12.675182484284798 24.381219212414191
18.444367799882855 19.9291558468516
30.493880835564873 19.770475147986751
4.3996142234141447 17.426771201564478
25.323769059882579 18.92627619113297
26.4037511281295 20.264638468263826
6.3019597052906855 14.432591402307455
8.138732276583319 16.898608349716433
10.277843511382663 10.466302114102859
5.105576601441256 30.924554838778135
10.205195219177915 1.9085045461294474
30.381427510699233 23.799390859061671
31.122570086657817 29.925489224000874
25.802150609325825 29.688319864295259
22.599903234161737 24.747284176310814
1.7771731349506124 15.937722874691929
21.515896734274598 24.666800372462056
16.575672445715774 6.9988173535622193
12.619415295151187 20.094505470629972
6.4250416757850948 5.289415952962349
30.447650402066635 0.22636646678929756
26.425286181624639 0.61259173529616595
25.69949169789243 24.700673932582941
15.048470970057513 15.669368085076577
8.4162905282914409 22.34008066769664
8.5636327037898106 28.666906901075972
22.969968462595229 9.7114813157565063
4.6083343546785978 19.664068793709642
21.331923812316504 8.5879663082387996
1.9220249117169566 22.054840271913815
6.0291221259966754 25.432587740573148
21.346609603666423 15.587166682026325
8.8958430883348942 19.691105791848702
3.9224961358671964 28.500825006647286
28.00212856567105 28.634455393399222
2.7821482832269671 3.7890509276295696
21.5468387231024 26.925331615703939
1.1126038154215854 12.426275003213433
17.99057559215494 9.8098110190976318
30.22097531584966 17.334488681865626
14.380347358108274 0.82304513824113346
6.3786753840435999 27.992892476880929
25.175348107303911 17.881502188950083
29.252866146392449 13.861256174608824
14.350136284865588 10.143744019157444
18.543657138435886 11.307123650901785
16.342509114220661 16.918304644789245
16.314378077441507 28.276098558735647
11.336467277792503 18.198197025291282
16.189084329829225 31.217362867635778
6.9944590296889437 27.145215835189621
10.240870533687465 17.469550070073581
29.981307196738914 27.306373096965892
18.93718969343492 10.230050268746471
12.591491525219709 2.393037420667353
18.013792286353311 8.9896907835556661
7.1365441674639527 17.619160798920657
4.9283589613325436 10.017872078443524
6.1309050825911457 16.067647592215831
26.047458720425986 3.9052760441037639
21.182637809624552 13.004660141557228
12.7330100643747 4.1670356125824632
4.698616677372776 5.7460437631368517
31.055906675721054 22.241472268682109
9.6645691376507319 4.2218344347093399
6.0583490555665769 31.072808817416686
19.386312670636759 28.625470358091402
12.692779130268443 8.1262703726341527
4.4803784061621466 4.3319023142407111
17.796268834003399 10.784295734177835
20.58384559704302 1.5814682559861082
14.237339536498656 25.851952626634731
23.430759907780232 28.910226435494309
1.2078272824982847 21.423900066404777
29.05535376406565 27.725838797031109
31.014996232058238 14.245263140516117
31.479475981057536 8.5208898739070786
9.842461458725321 29.264242114770585
0.18474206294218037 27.661792269253379
9.516051140407761 7.1102221496718814
26.894641940368068 28.147052821733517
14.760099106520387 13.920567924739451
18.504677624257944 27.550545182691128
22.866906854047159 18.906641827227929
25.389420657114186 25.589725212743677
26.640509458212492 15.974388278566266
18.41717037244538 28.534138848893978
22.505904715537483 6.6595492007943129
19.446006537790069 19.677896434617011
11.66837707342464 3.962127577394547
16.732497268483236 24.951277021874812
19.659047456346052 0.12886298212848116
10.687076197038492 22.182943965883396
27.844918578507411 5.7996606655923175
16.703178267071124 9.3904745207700913
24.855380507113956 15.738846717529853
1.0032486048786071 23.870226364918086
23.052006229899124 27.174354754969812
23.937035842646345 16.464948978756773
9.5930805779738222 28.428450188865934
17.251240396264574 6.4022073085146074
18.229855431415537 18.970379252574869
21.222264736474038 2.6483270793486962
10.732564120281374 0.28530943969977096
1.6482540593177839 3.4791911278048553
20.702326124151725 20.463756117598457
1.6259787507237125 22.891300198058264
2.6907843347800351 8.8311473437689259
23.441479835298445 2.8927730890344581
28.734464542484563 6.3033605727788569
20.219915397207998 16.113809888559025
12.748410815579264 18.088128704293066
22.354925110932747 2.5895229829259176
29.662070069478922 21.716411172566389
27.697420766760043 18.521328736472867
16.097393441917145 5.8565215187903057
10.384768028999837 7.723396681964223
11.526596375020612 5.0689040570143842
9.4137366951185069 24.294482770928315
24.047009969289995 4.4366632107220854
23.926485360331128 10.115960106689496
25.649597771362473 5.8980863567093413
27.019768252934135 4.100106132965375
5.683631568919969 22.735257325243602
11.572584350048546 31.422754147658864
22.321910743231925 1.0652274583864412
20.229615123655549 4.7507686608021036
22.991280088155062 1.8658285478006678
11.622996958610205 24.29548015765539
11.923714829200481 29.422689480252018
1.8320972662283479 20.588073626481336
10.52223033177231 26.030130823618173
10.487198258601804 3.0382756818877654
8.7010413930383681 26.627130038179821
13.496762942725596 14.720973828460618
4.2448932820399863 31.462083782544649
30.266804769199783 3.805846166969026
10.856730034741366 14.752586722374279
20.61689790361449 25.162892293952936
0.33526524062756313 15.075970895766742
0.19035594925862334 10.189069096663827
2.37974310976962 26.701833128193492
26.823822171786258 1.7482668399279893
8.9085959213398489 12.652434753616006
19.014364336632681 29.631807601103798
16.959101497896764 29.541296518080198
22.824677341349005 20.01639548938169
26.809760922362031 22.296306079474949
10.548956884561983 27.810591679333573
0.73887786025133573 20.486429148085403
17.990014096385071 2.9735330930098232
23.786959919275937 7.3127395165617148
9.944134160858713 14.757385573734648
3.3950428955005347 17.39742181816462
7.0324192632069851 16.688109715019078
16.929911533906886 22.946518114035314
16.549409742328553 5.12904829812281
20.545916045353156 28.829705031130587
20.139172004991828 5.7844301498720068
26.181544241401173 26.416949714361362
22.879844996521825 12.619002745243851
13.528483585839655 5.8884423661009082
9.6368478240742643 8.3612657864984943
6.0295585266083629 2.0350317725973084
28.876728336089066 7.1467282206470495
13.550631166329993 21.527621395609113
20.45207406747895 9.3239484458352635
1.3644492967802213 16.953728150925585
26.519086357982943 6.8570037081994188
17.504265760454398 4.287632189427387
22.99576257651043 22.245952042185866
28.350375307432621 0.70780432055409492
11.04383480543358 13.781919518004161
12.919050890284206 26.05939191357616
25.38700444968562 27.63618968178184
29.340032074410075 26.439569712886097
28.771918717175598 21.514568842406163
22.212328390296424 22.701391302399013
10.016131294677336 25.123791093042794
24.533852589463528 28.727326570084074
31.253934858738589 23.259686371885397
11.731334684336108 15.384720047246002
27.252424955936959 26.815308877588915
22.756317027644368 5.5144141205450552
7.1440897189588215 25.65978805697095
17.020557140799653 20.557514665488526
7.3910332290427956 22.02297192423018
2.3675728426630438 14.997975073660417
5.928796330265059 13.486825127290173
27.465138203821073 23.989664626259682
14.59867600732116 12.903697342297445
30.510991120613326 10.340013607491718
