13.723694817346365 4.9224865550447259
22.521265132431086 22.994701271642711
20.955112350459103 18.070354958161101
9.9466406508164358 15.510501008278398
17.644121328961099 23.277254169391771
3.3032383349315473 17.685148756443326
27.489354701153079 25.781777038242684
1.1912079666016477 5.0911928247255123
10.462050273807971 1.5629706832906345
13.083128538883411 10.850587959753291
0.57436673041033293 16.542705987177474
11.780416264195843 13.964733324142497
21.436110964563689 16.949238094307102
25.711459990375047 0.71382525102070016
31.353341900501199 10.187844837835176
22.388785962533408 3.9610811310585907
17.809197779262675 3.8027400968390492
8.7703737954113308 9.2305700346353561
21.790174374623263 11.586317189007742
4.7534566956411268 16.396984829899587
29.655642370201086 6.6937055674330068
27.078432457281671 16.692404033448522
7.6294552407566405 1.3311853371074336
19.472677581343937 4.8929786488453848
3.1510952580372291 9.1749479040004545
19.929977252104326 31.135107111331816
11.776861077391052 5.1939596736981999
3.5542295943806543 28.088552779931305
12.926701837243932 12.916855054992338
7.9204584401890301 30.671053767692278
30.892754267609831 2.962996639458841
2.725252899071557 11.348635892744825
29.695236666588762 27.792027221318062
30.112391853562237 14.740720200372619
12.117644043905546 17.698637895323198
23.28660143596306 29.941269181242312
19.87988784226734 28.077363417515169
14.403637574878125 13.492311417020526
2.0107389857506712 27.000357121310071
2.9315124991158474 18.671022331712418
5.0479827201621097 28.242630972526669
20.436221712095339 3.0859317346273389
29.509424442738201 29.192389536247489
9.4422097813069712 18.400828119700947
11.714327440284784 26.189171291866884
20.553748760410226 16.61283811580827
22.693792342176934 20.757903220205527
22.078927470930907 27.622969127872096
6.0195471361117665 21.583269019363666
24.575696210221459 17.238068102610878
19.477198234540129 7.9942662505013562
8.5893122124747112 16.606092631031288
21.164109516071726 4.4295830153770748
19.539776862543199 28.918274103907915
10.783285810407063 21.675824554497101
18.048586011123039 18.044578376806328
14.337938850322258 12.621584909278035
23.613774857457965 11.026702173925514
22.336259593688283 12.366394988639728
10.914339935534166 14.598770050467559
14.421816749184496 2.9017457247787681
22.926421284391921 11.453021410261176
23.52635525882037 3.9896406448854891
12.56343123220848 23.540744575819993
19.149237678321256 21.082641075234385
23.498773170322114 15.005446573682248
11.085216311715216 17.769634081736339
24.449482908446811 8.6774245055158534
21.307972109742249 2.5999865019521828
7.3951588777738104 29.201593911536541
12.812383705475492 3.8559839977289765
4.3284048902313863 22.806866721039082
15.027757106458175 4.0608402839711655
29.532070308465148 26.75659470281947
12.584112443380551 28.795609931812866
23.6332480751331 17.192572483475004
16.891681268277914 14.005218346527572
28.922291705708972 2.9406574481143766
27.498143563273928 30.20069245230253
20.288754665430211 4.289845499267062
0.46241864328989118 10.613889663760082
1.5585861630002358 1.1074015168984677
16.600569062283743 23.369989289153203
14.365407388527588 9.145174700434497
11.770784426747065 12.160770011208953
11.228440502757541 8.6430235286673049
9.7517000592118581 2.5957371936672944
4.0249620263100345 8.3620209808721651
24.941480733565317 31.584362239601415
25.563636204455058 18.301962390571791
27.862303870038559 11.545375554418712
9.0282448598044258 15.759857282518954
21.10768410096826 24.26594821820758
2.7008977342022868 19.456286702167425
5.0392757508126573 18.435716951393655
22.680963652390638 15.710764647442504
23.333023751151732 23.669283053840282
21.532556464961878 15.901773847775109
26.645048898942306 23.58964460318029
10.020662840341799 14.28443550750611
10.857899738894039 15.579977974541869
0.16926111999249477 18.827053642997861
19.05898091497674 2.3505734301183931
31.322469590191396 28.999241507151481
18.199097247245032 28.309570295768665
24.375493309089411 14.924148892260414
17.390458473083122 25.207507109695765
13.361862488873998 23.01223513164193
26.007091337786605 9.3610362902081992
14.822899915735897 22.978040271651544
17.386043277532476 6.6654897843565131
11.367148072334125 6.2392680809877454
13.480024568096088 8.8846952949127775
20.765705169981199 7.5771838815469374
27.332650738420892 21.816374723727535
1.1477263874925987 27.371619769029305
30.969614195743741 0.90432015544213773
9.4855114285920763 12.3381603349566
15.308695097666376 9.3030081815292878
28.575338402634227 15.299338108320843
2.2360519689489893 23.092801678698919
7.4953843781901703 3.8290352040062476
13.529519285577814 2.217473539067468
30.631779412000025 19.256755680969338
10.033293549179817 31.157537830627732
23.472886840409338 8.6915499009096138
22.669064323170367 30.371306853692619
4.0010295401482958 25.888989713576834
18.952630408422753 27.719183582139465
7.9067836923958197 21.101533975260409
24.401650163738914 7.693237749423969
18.0278117771003 4.9095819418736832
21.355385054299273 14.144926224208184
16.095784531384016 24.961596932754055
18.552254315366085 15.978586312388915
27.710842956160228 27.893803521976512
14.822586933332197 10.275689615867714
1.7399682327532424 2.3781235681588861
10.87855411576442 29.571201497364559
9.006494432100558 29.074773400137932
5.0632997365196584 31.52647994244721
15.465291248653768 30.887081459387776
20.351389846121599 5.447008044293689
22.658616666846587 3.107975653292347
28.239917359058836 4.7331775993907881
30.548336397154188 29.63699548123256
16.486737930207333 31.064783867975205
23.546994016433725 19.7561855090092
5.3457149252270515 3.9349527479612898
4.1578842204596249 28.667508224488156
1.0836331667004659 11.526739827591875
19.957664483752861 2.1846435447722787
8.9783954008840841 21.502584503390437
18.257038009844983 25.980565607631849
6.7687981442999003 27.025177800819698
23.040768828355763 26.763895059378278
8.8933313267288732 2.7785059676792079
11.778024101232937 30.26413548402973
23.611828804757671 25.938230447221891
5.6330731339263158 6.5117234551165781
0.17512944664704427 21.773518130515622
0.011884295233036208 20.772451231079927
24.609184559621539 18.220248987442737
11.99589158032604 13.124822550795033
19.85893871965364 22.145660402667566
20.795930795258364 21.965482071707374
5.4699479036986229 9.4047022037476928
25.014253239262768 28.207867598986311
19.452867751215777 24.935008868531249
23.549920812948756 7.4645935868339057
23.250353628731197 12.673215515342493
1.8761116341703781 24.996881448120714
20.425183636304951 0.58870589788017591
19.293335627728737 0.18372509768042289
9.6303968555309147 16.755627041493124
20.728766519541914 28.765954379496605
16.093273856511168 4.0423510776295233
3.7833348902176946 21.045940921409478
0.50623267087141666 26.371120948717049
25.269050330736214 15.769038479335194
26.559607063744306 1.1269770574870477
21.985779018665063 23.811681552692523
3.2807335493270515 30.540147984720047
9.9507106778454286 29.264505222706017
24.13946907143881 30.808173792397056
18.106216422975152 0.52240540859207796
6.2447451790234805 11.127129776109729
28.92119406587728 9.538713279219948
24.563069400734094 26.375963553392417
22.353715348569484 9.383485415231581
29.747744261429407 13.474918845377367
30.789142649541922 25.052042016487079
21.681744007340168 29.943804034074546
24.946566139406162 29.130133232703326
6.0058716967064552 17.896338832543599
6.6004233917900956 15.169942134232967
5.9448510038219249 27.858416582410982
29.118023164876394 16.392909119419627
5.7248498525456135 5.375701212772598
10.775570866476635 2.6007846377496779
15.438293104921065 14.958199560643731
2.5171996059679471 4.6026727522963338
1.3923547341345508 3.244778854757711
30.927472762045305 4.0131468184302959
10.747040456050653 28.2997058621098
29.11586295097716 4.0068612977422475
8.2637643466001869 23.037829389194208
30.413926503420623 10.591833489457546
14.389697682717769 16.353330387806633
30.677653876160967 5.015228302439799
10.804137298977592 10.485930563461427
12.986599029637489 9.8053731369481643
17.079707839550466 4.5380807956836975
13.976080382329862 11.323863325495706
25.658046278860621 29.92189708562071
26.490812356465032 22.595140894085493
22.03314776166042 29.128116808790367
13.557808766734901 28.429495058546401
2.4920828170482663 16.756237563779141
12.592437474259896 1.9193572721151464
24.707701555549455 2.5497270132260019
0.79270785223794527 6.133351815403226
14.034371010677496 24.481455681784091
4.2385718157639243 30.920393011832367
26.265178484181799 4.1001969028390501
8.0058017267352479 0.33242734438908272
11.86879643662259 15.950718637870361
18.177030603858796 14.838958277859254
11.264941629652791 23.598229598268311
1.0206819997438883 23.246807815293138
5.8125207947488891 26.877908961705035
27.308607341996282 14.77461176199461
8.9041936715330845 13.717388380699013
3.6833176184111651 29.623758956340801
29.655232706306471 31.118762994066671
9.3822668084590468 4.0094222302190738
26.090929002430943 21.804499508143142
23.647995425088897 24.978363031708781
5.7410051594227278 8.1655185022133114
20.270122224485732 14.660183530759682
17.68371075103029 5.8500894379328061
4.499926755554732 1.5727778425304133
8.1780782411834636 22.090367334524217
16.416932959613519 14.740159717498937
30.109132647278145 7.4881476189350042
27.07163781928794 28.571357537624749
0.80223363094549649 15.469778940007821
25.923401101066361 24.094063330732951
29.279282210383755 1.3070095326412332
29.849762609663248 4.5719947176538636
24.411573381413167 29.92798266351318
27.805935859047111 7.6678448698452657
0.52157106104021134 28.416187810935021
28.152418585583611 3.6670005686791152
13.01544727958259 19.661841485353136
0.20537339069385668 19.680035008042626
5.3475536178906795 2.0321913772562037
28.667566323958713 23.676639734228825
13.755180493958674 29.375526915617584
19.268522971190787 16.786616366074345
29.871049973962474 8.9588007829115668
6.0844716805594947 23.744333964953508
14.301948134325848 27.249203610549742
0.17608867084938509 27.378443350586348
26.126118542639844 17.606334397183364
5.2941247439138603 19.36427072279697
27.576438121354752 22.771073587331639
16.040737990433602 29.185062517080485
28.537723291232528 29.864301456693145
26.807533942133531 15.55383063219325
10.498669086935159 20.595107304247598
30.22273478642277 16.534317739557057
0.86674651943523495 1.8767456793493582
27.079975824915081 20.928631111901495
2.1270543755729188 21.331896763207432
6.2733790241721801 22.765573106077259
16.869371820451228 10.687246802982393
4.124427387521016 5.2911230826640168
30.014641423103161 22.378580348049997
3.423537293115178 3.3036615678531387
4.0647253376933783 14.368995926611939
15.624181812197138 1.5637611176491195
3.9300240612777282 27.127532786945135
19.156642624691806 20.078693373111321
12.464832249409703 5.9019094346929499
7.6640689781395448 27.436427705010846
27.049328008378456 12.254313696400343
9.8983915947486611 21.674492380117048
8.9557549940072985 5.0224613498610431
1.5774563443090968 14.345192856973442
28.560585982160035 18.436993562179904
12.19197811064371 0.019115322721503784
0.40472412977294353 2.748463150967809
27.221331165621631 5.2006164821256542
8.0898651196133393 11.695949453752181
15.789672610972842 4.9955534577565039
29.605522096428871 18.153097078304789
16.908770254393893 8.6585731880397621
8.0042614662105631 17.803152203610054
15.37789995110278 19.953137310157103
3.391227489474602 1.8540274626064439
0.89801947617548383 9.3087493756450304
11.620040423740127 1.0115925125287974
21.823135682965223 13.364313226050912
2.4222695484284933 31.329897982780096
0.73911091240245974 12.663454601047217
4.729137194516464 25.203016511110576
22.622633895111257 25.535170914099378
3.9805124765545554 6.5067496937061895
12.602673639830348 30.875189773200606
27.190240410979619 19.881321339024183
19.650954733586833 6.1645877409420189
22.808784596743049 28.852184102540182
25.390185180535706 16.927642843152864
18.860840872629158 24.002053591433508
22.978008582859843 22.205771936832537
25.516067320653274 13.57509021511869
18.7799228125395 5.6241675562088567
2.363594275393857 30.303678483948232
28.626047127766505 1.9060525134735173
9.0392843571966157 23.664686988479467
26.483459677892963 13.159883751444132
3.2253258189498828 26.343249806122216
5.874699145908334 16.671428068579878
28.434706098898577 25.646659259637211
13.933590078800609 1.4495551648546352
28.506025635668362 13.406250777292243
7.5415011695322773 8.6964572828139151
11.034581250730461 19.806366135286275
27.655583160520976 31.254016306341555
30.443261700551439 12.528489345523944
13.075188878999702 24.325847119614188
29.527101286550867 15.526669672062376
16.701321720555391 5.3851416463636612
26.73982484026822 27.331663954744915
14.823506571761543 25.167209718935517
29.263610755735257 14.294850580352156
29.706680760900703 10.083448854012543
6.2240585637570902 18.863758220950732
4.4477408801957452 21.853062454358515
22.569662370779913 31.418547936041744
13.46455825503282 0.55931510232248749
2.8134079315443432 27.352804045226691
9.2618103398222669 7.7073808325854714
27.10395707820587 3.1825480240644866
4.8526405731268465 8.7485985623693701
17.892198471791904 8.9577156535059963
31.125761999259005 26.412645003030175
9.8145769383107737 28.202795779995618
2.8944231508324565 6.3766612972585959
26.078460056500901 27.907508540107383
26.789026243706704 26.289665792381292
8.2921780327489589 18.739315560748423
27.928708851994525 9.7582433572582019
10.475721745579634 6.2511271620472577
13.436020791880114 18.678583519262489
17.170463936508309 9.7525064980223117
4.6017877113951036 29.932646251331303
22.81477982546194 7.0898857048943853
0.16530909324105586 4.6558737120635563
15.000324013617886 29.90147919548097
31.591510210839289 25.419042160054243
19.601240766788507 9.0625081181199949
4.1308915981451921 17.229634014528315
25.139858142235358 3.3107225246006191
16.053599300182714 8.5233757871288525
1.9281755380080732 9.1585244364566432
6.2431351709045124 28.85183177023691
1.7224641274299823 12.141145865908712
29.150114563208529 21.957554458242292
8.9457103962367519 30.519621636077705
25.688564589541315 25.75951793008192
12.450000037290273 2.8513761838036489
11.522850720478621 1.9068984426638309
4.7591348377221108 15.138497993407693
28.916523964620865 0.18964758999032449
12.580362496576324 16.787122846170298
20.513316400518278 8.4223693911884361
25.80218055547148 26.691314517569396
12.007699759071226 19.680927583745618
12.006615771054351 6.9493901522274708
19.969557705416225 19.637731481245762
5.1973275011268774 23.321393372989888
17.136959217228735 29.975784293235808
30.284476453220311 1.7323173669936265
27.531736695006092 8.6283868749907739
11.487916713872423 25.264661259463672
7.2168156458062169 6.5616046969397654
2.4878668599734266 14.364034861983564
14.602726223477555 21.811160966509071
7.6789120853411612 2.8665526391577334
1.9177674506526183 8.2526650747274584
18.66850107230648 1.2925607374927051
11.819743864208247 9.8596863660020819
22.243975433443907 2.2784285960431272
21.360787497072653 21.181049100170842
20.052637757026726 23.084616890774296
4.7588425765478224 13.845760345615549
11.581086590727253 3.103890967748733
12.20351238462808 27.025109372996194
29.736989577105398 5.7562488597547574
17.395873522013286 15.208738036234369
0.10158027204496885 11.656589180098335
2.3939623716634482 0.56438654003453514
9.5205003725885629 1.5743237268953199
12.343699791343427 9.0280982719454421
9.6165728868565807 5.8381386268064013
18.498413742872625 12.077391318192007
1.1827537894550479 21.242313414512001
17.843489491555694 22.426072567467415
3.3845196441437886 16.473914085844481
10.088826805873934 22.94223573389791
6.9757236512992451 21.549911154503743
4.038723563734691 9.5392982311341985
10.763856130158004 26.551410010845199
2.3241444752912548 3.7459655833852064
13.366719451020396 6.0362095500472988
11.106697717379182 27.416535771583192
9.8242044860580755 10.982591760517556
18.409392736102866 24.988729365323831
7.5880677118424185 5.6211450461212449
11.774339288814213 24.299785694397858
7.7701236716273083 19.895555138092742
21.598367391688743 6.7119997244509797
24.433926329549152 16.064290010448044
23.441059511071384 0.73448233109081262
15.047303551156638 8.1933531499417711
4.8600340426461912 3.0515735767913976
22.831639311022958 1.4116067693594869
20.68129886286949 15.421815681578725
8.045992422867366 28.462481590601943
6.8482003555733773 12.539967119148928
0.86786679845616532 8.2497719453189653
30.222407037061991 25.901766625761617
14.918474043030679 6.8760033170865382
30.802608723667912 21.454345986663224
22.756055303258766 24.440167472885243
21.887025358260928 17.841055759975646
13.53258510473184 3.2882698612941295
11.86322652198713 21.676708197654865
14.195394113529813 7.9507997699120994
24.177692197732888 20.579457475376522
24.027633607006784 22.040664198861172
4.1625522604547793 23.840431968441592
20.438482802592354 13.74549717491025
1.0454764864667798 0.33941699963177957
14.766316461392094 29.083905856441795
21.984691320201481 5.0116286015176943
24.652982003282041 11.606778812097469
1.8875813776603689 19.995387124122384
24.972929947736716 12.672817969523773
29.247373900946521 12.654651453053956
26.18359461490672 31.463123589050472
0.030185362794097999 9.1438770581561197
18.640935502248478 17.36622346806087
17.498310866886857 17.144876754610561
4.9420634579785059 4.8939409403024037
22.814840229383833 17.522464869738027
18.280388831157914 20.008148373993855
10.443681674409591 25.653192721945022
6.7875442990567283 25.997753881275052
3.0108325352172369 25.112838508755484
9.6300293796797369 0.38597393569957411
21.462315847737695 3.5331578911369457
11.460328743241616 18.747819511829277
18.343052674284593 7.4376835395692691
26.633029687434622 11.40536582132548
1.0087774946668382 20.341489546722837
15.428779498024124 18.550695121499402
6.8211739356871215 24.468888520703587
8.2241183414844734 6.9079201163819262
31.371391680673657 12.658233896330763
16.828618582573071 17.925451084335872
31.205334204406785 2.0803780400684122
20.717641612505705 1.6434675465620039
4.0020563305648862 15.751823323168532
22.152642661398861 0.63669013725649437
15.380058630323274 16.724399632593848
4.78322487628032 12.912606822474311
21.655880756713195 30.969385724565193
5.6495921475577804 14.69045101597708
24.437891104867159 0.67339416343572378
10.1881883511927 17.722052953992517
15.179532592703314 24.289128935119699
22.28734861916525 6.0488893486441642
14.069956125081749 20.80178507411512
7.3161153788616957 25.279738645585304
3.3082092306576865 10.40376815567377
23.836980617656462 3.1307653751381488
23.414919101556325 2.2598850050293198
26.217275526077028 19.892009108557982
4.7923293287272708 6.1578464426966608
6.0901979083461857 0.1734165017020223
15.667465917240007 0.23099680167700315
6.3547914500572533 1.6263162854627737
27.256918662573295 4.2173220355173147
4.4929035860816997 0.6460013969739693
4.6150765096797457 10.182785856384134
13.522899016065951 31.264924340137025
5.3812458899431332 30.579328030002809
28.722507569429471 7.4241099103025858
14.886123079410227 5.1810702263723432
12.493895461557376 29.687019102860951
17.258281818663939 19.770507155565568
13.668080344708557 14.863605322779334
26.741735480380957 6.1322776832145829
19.314901438504783 25.876064383573326
7.6576169789802746 16.842582961617239
24.469781299940532 10.585884013949222
8.8898085808149112 19.377777471369342
23.567103997664983 16.17522711509319
25.523727364460544 23.006045813233904
13.068552906596697 27.649522353041672
13.845298450784318 22.164886770748979
30.663261717699399 30.514794539035044
30.892165986417481 11.398822729189003
29.890380530874964 20.188053600581281
21.601994123794341 22.519525981431169
15.50947638263977 6.1351984676866138
6.4410947123841087 7.0293522596111213
22.724106604701568 8.3989001601968916
19.961764819510826 23.962446009537839
28.111654606308853 24.701263090962602
19.806547970573458 29.881506093609659
9.9242813169951631 27.232476437112513
23.935148203761855 27.188185730322218
24.247476420202421 24.286873324505667
20.471602256300848 10.514034141741488
15.615445271564878 13.893594070802843
15.507645562439594 27.443458598528899
8.5101815836726189 5.98857513851374
7.1610789766664151 10.637554319468949
3.8762604216252075 11.086452527781029
25.865515176303862 15.0959212577207
1.7488698116271695 6.3721033387943473
9.7072514239570005 13.207415765247745
10.338309102117091 7.2370010590047489
29.585127125415354 19.082914078064292
17.766055040667435 24.155487994149087
5.8088268041004882 12.861285301702956
9.9106427540104942 9.9241000486695263
14.397784090456925 15.472699184293248
6.3260462421160195 30.802208775076608
25.502353030993746 5.8112085807678477
16.667683467714127 15.818016582762265
14.577559730964772 14.367083992525355
10.99708176554352 22.619195786767463
10.234842835229367 8.262820438656199
22.641163296200471 14.55192700929739
30.949922573057741 6.900377860589173
27.267773505442207 13.773507193682969
0.67557369126479172 17.985870719304035
2.9466870789833082 8.2641903298131325
29.947396136734259 21.206408633821212
3.3010676386203217 14.96446855547951
21.773963889312789 14.954490845302528
11.219629720763409 11.307086444692647
14.14901701119021 23.550872712628479
19.091794136287163 30.427267557421857
25.87681716435166 2.1529900732110239
2.0780055298013478 5.4704868889641798
17.60005251775771 12.421174738908201
12.06915570484651 10.723125559501046
4.0884360217931262 2.5402734317908893
2.4519806591320648 1.6635310200629887
0.14468829056304588 29.849292888406328
13.915028904819236 10.152354077783347
12.549269368585326 11.716293387240315
2.6517886510799142 15.644016475278757
25.60142069453067 11.422853838350454
6.8255873528147371 13.571318838760703
24.800169254721563 6.6415174155836958
3.2500541213487577 7.3482266244055943
11.943057780389083 15.003692339304136
2.6820761170488625 20.607620422887724
17.940593467654651 13.94474152077901
2.3652385748083944 25.929142212070303
21.219395274110951 12.611132098294059
20.165512866121404 17.47009823744369
0.92384981531174415 25.14485424747539
0.076216164975952974 30.799048103146252
28.63295013351923 26.660922306945821
7.1101819722742476 18.187658178620609
24.318517749338632 19.336772944325038
7.7878656320395896 26.394298699777426
26.198488283734964 16.371069442239619
15.12945350517283 26.55780327205968
14.560559879048441 0.030016698710528946
1.2561624976950398 19.160987426983741
6.9725812246082057 28.186067632832067
2.2035320767507862 7.2588337227333675
15.576057903752025 15.835725705808292
21.594541754109738 1.4377882952648531
7.1821380309488605 11.719869917990524
25.155438987196522 20.273281144042073
13.875308791705024 19.897214185199584
11.439912402482227 16.788085842263062
30.035483438773198 3.4472737559672009
23.529072019604286 31.373641404307666
14.296476618710741 18.480130953077705
22.929097636021929 4.8910001348402412
6.1032394871437408 29.755086679263187
19.599328762733315 1.1510135802752695
28.513219105346284 30.861886730532564
5.0867321208144274 24.359958402975114
1.9601996448934831 10.904872134842485
7.7515106230509385 15.760630502240573
31.238226022923229 24.026649036514588
19.562395407404154 10.355047027434264
16.371482474800928 6.3109696301693772
18.116893181020025 11.047332687156123
27.980466432557698 5.870016814478114
10.186000976966426 3.5402357313034916
6.7787868669380948 7.9076948203737736
30.750292965207098 6.0268889560287118
10.869950118368285 9.4429230207535131
24.786467526267021 23.454423595887821
27.642728079964957 1.4718776631218153
16.133919391270453 18.946443850906299
8.9428135023087183 10.233214654428556
19.791161260000376 15.949583558878011
26.0717548028246 20.893385494064002
15.532534921795717 22.370784876539805
17.552028120365808 2.8226144740740358
30.847749723806036 20.219992511175132
22.42428129242829 16.601095648466206
12.775045198586739 26.095846204472274
12.829624993655653 4.851592684920158
9.7239395844021228 8.9478740842736713
1.4896711488089265 23.999172683465659
14.292890917144989 26.032609092776582
25.473501113590167 10.426980951308744
31.375673641674876 16.609905095798478
26.363421146091241 25.149216945868215
18.650581849188374 29.152117005424213
24.706019952886951 5.3497689066065695
23.93172634705137 9.7069132154279316
13.214636561187636 21.172086101984959
15.676547716827288 23.613589150304151
1.3814793097244107 26.121024710069236
5.8580208970109382 13.846026171650889
6.9167596020919504 0.6960527897502683
19.466362158027724 18.094806564820754
15.796499165222368 21.402237064397273
29.259852368937235 11.133958727348491
8.0286472059474736 14.054112875752834
28.209411280351823 0.72575167242586458
18.229172248957344 18.980273032159761
0.30468659929244146 3.6700010758851276
28.488962735115955 8.6690980017162289
15.748876369282124 10.589672725721208
30.972276345547463 22.540183517577553
10.841241900603503 12.637914773276151
8.5320433366397506 3.6985563339402172
20.430249488776525 18.806591932354536
10.943099862077352 4.0261870196130873
7.1340828607979709 30.027697267910188
0.22717544983300819 6.95782941821086
14.846260288815705 11.359204900161005
12.768497161729089 14.321365184176312
6.5205986138342142 5.7298576839225168
1.1023408183758003 30.339230030925606
24.97467923767454 21.272610684622656
28.69752985313993 28.696005223562278
0.20261668430802635 13.638878281082805
26.299760054519382 14.272535952474755
21.576345347953414 8.455495513128847
25.327663293497462 30.721962928372239
10.346824299884249 11.826914776908112
22.219759393836625 21.622498859494115
23.101236392926584 9.96570497584276
28.962120124961807 5.2828490553087581
26.456644134543041 10.404257740526427
22.158328178678225 26.425122330356775
19.6120293991005 7.1659673021983554
28.234624931886529 21.48468584480506
2.2891255666610464 17.735681310381981
10.590351890495993 0.62251697341618317
16.292002100816205 0.89804146156456699
21.185716149539466 0.27041686778081603
24.341082577493147 13.4074760961143
17.807327139753358 16.291168327040385
5.7896989326077382 20.64622939045168
1.3023290433992107 10.19737472522098
16.539007327498439 20.929540781913765
5.3951671082833981 22.24400447342477
30.702536032453477 13.58890033536863
27.76976930756592 12.872376058994726
13.360778949333609 16.267815560535826
15.995199485709026 17.56905162384011
9.8669427205081366 19.522522094218726
21.424524674161002 9.4507902376092439
27.452671283696695 10.652074601578262
16.744433923837569 3.4069893648323601
4.2778140319542146 3.9467744708606882
25.893298864527051 12.36702345469994
17.163751878964163 18.808445328788444
12.011099285404452 22.742333772955444
3.5466067148130156 31.594719695209672
16.841368633272715 28.472338787361053
26.971245559219561 9.4735238642803132
20.071500641576396 21.07463907280593
18.899919755694018 22.246898163311172
25.219979804466831 24.61378331535424
21.718102613830911 20.251076442840631
0.96367618122620169 22.273835875505942
29.747215667862779 2.4684193320375525
9.1766021987992996 14.715641650159384
30.756876331352178 18.396789441717825
9.3130091910438839 6.8001115726315211
21.307904188507933 26.835751854206269
23.698472069184522 18.390726422659423
4.9230895898227978 26.282343234995455
6.9669697763367457 4.7284295366835645
3.7563022701402602 24.718979146904399
8.3002336906779597 2.0393173118049894
12.952321721332623 7.0466355506071361
31.049921182218949 27.97025703751234
28.038291650660479 20.40129749459803
10.468465604289314 18.839369905601966
19.072476405691603 11.129259567836995
0.60908482330461577 14.414328849174421
18.088432676810086 10.130732089830179
17.21816310514258 11.4988060235598
25.069441131992061 27.264486217334586
1.2975428068499599 4.2230269748979712
26.211983092556324 5.1642421477014917
21.814636490241831 25.031822158507119
4.7507624037146421 20.029236104818704
16.418636663597109 12.319547717077372
3.206226574541545 5.5252027912134158
16.892461270985752 25.928696118337886
7.1983234181547271 22.492252843634198
13.577936513455946 25.443542865058554
23.913032834714617 22.969349399726056
16.708654501274726 24.368903148157873
30.521493923717742 27.104137855033287
26.532744257869343 8.3481047578920382
16.793378241652171 1.9891252834217845
1.9415281911205091 29.509974876786568
18.676329939479498 3.179780701158839
29.205083198830948 17.301417793859528
8.8486814089671046 27.938173219155559
19.958568088179884 11.637308132663598
15.632600722372661 28.369875369018075
20.445616647185616 24.930479932066461
24.012645802325597 6.3628562535048152
17.128782078558103 21.796144779227991
0.24183123328759876 1.1906436744199806
12.672873262853368 0.9521973865856509
15.390535691488729 3.1345754273665767
30.697184680362888 9.3643035251582294
30.387954853546798 17.424451885256818
9.2810418823607765 22.594946654909759
21.020685579971175 23.228523996330118
6.4410299237267097 8.916854077857236
28.897303069343963 19.692404797809871
10.923536856577465 30.643439582116621
25.267993568924602 19.301399530809935
6.9849294026415283 2.2276796462292889
4.7690025426436069 27.311013083144346
18.863590127267702 23.165037693335375
25.37814758808344 4.4711401003858615
8.9760170429579187 17.610364191818416
19.375709171473058 12.426525636382932
8.2630173570035694 24.945744388705158
25.018819222728965 14.380853081436662
25.498592630426561 8.4645339070010994
11.204311341945589 7.5353708028032829
21.425209996635459 10.514283488801109
12.904381351496133 15.496277737435845
20.706677707624433 30.783424480181694
4.8817686800983733 20.998011015760923
18.01730230903279 2.046632193705511
10.832656999449872 5.1471633796038692
16.487398195145822 22.45383661791308
2.0178855248315544 22.319830535445135
12.770666400467436 22.062313017358111
12.546746878060617 20.612443122286592
5.9036307886963204 2.8275627423214238
7.2032655756842878 31.277600657369202
23.87214372251843 5.0966282849725415
26.665472489303646 29.648749432393675
19.16294727470623 18.869752452870248
20.330935293428606 26.025320876707561
6.3142184184505483 19.848175729715773
21.982118401472089 7.6158135805458755
23.529528839350128 21.181272633928536
28.731307032152653 27.793053142577396
13.414046704795796 13.691227864296703
5.8107939596964817 25.79369768905206
3.2116851364415799 13.678086758483492
28.56882060511391 12.046605214033649
29.948157486936079 0.61051473317597105
16.15491141858114 30.049340336088687
13.479905776701838 12.170703285569347
16.309310432331234 19.986393810474929
11.983498161962693 27.9750675722103
29.405453488714659 25.576766218730793
3.6921255960780019 12.053188737437955
28.645788945148848 6.4724158251931341
6.9695055706447784 20.542650647063937
15.20915646777684 12.284293571008854
15.680118250496061 13.146788796447407
7.9700413794886584 24.091307663330916
8.6306338916828995 20.403216906223186
2.5203774300616666 24.162640209772469
21.426855867266376 28.260607021771698
11.253780062700972 31.532300817266407
18.809489347139763 4.2313157291567718
14.75293288282856 0.89418212311243572
16.589255144644234 27.560781582192792
2.2918145348830006 13.196993749239741
19.870250735481132 26.873326650697106
6.7442584195981272 17.199506230105325
15.693517105857422 25.769883401261087
2.4593625379346844 9.9458401529476497
23.948606073413373 12.230655518353201
14.670627546460318 19.394495493176223
8.0965611234013934 10.582744851427613
13.472030422047641 30.157595601685276
20.615332896651339 20.36685597094159
14.402212366931167 30.635917410971572
23.699505749714778 13.877062108838427
11.554126069456881 20.800747312408369
22.747667003967699 13.583995227228929
29.518174638233422 30.196370454952838
1.5809739787700963 16.410527575970988
25.969374325503722 6.7333510097596179
20.729365920914024 29.693793083490402
9.5006841760362875 25.401281963836418
20.651799544850409 27.440538967684954
20.468159909214599 9.4797603350893827
10.754301329396808 13.491783189983964
27.228820639132632 18.620787598221096
29.151753411436019 24.561873117027258
16.344500510236628 26.656460940647534
8.7765039918081982 1.1137064308013254
14.906149672502366 17.63277410968546
0.046674456115333232 23.058779822006795
25.010182142341254 22.17295346799364
27.622679968779664 23.770889936152404
31.523763686417301 15.372645213460968
8.0854013179765776 4.7182019758262568
23.798798296805391 29.026446121578449
9.8242961564036531 30.205299437971156
19.318875947546044 13.411982452650454
24.157624857263777 1.6574043869985009
9.284011436804434 24.515843911901676
16.608160187349053 7.3873484794064357
1.3004795441229697 17.388222526303537
17.08466882137779 0.17576754827703009
2.6976978041798527 2.7836804924548768
26.093373506298068 3.1189368123494701
3.1227738885339966 21.762669325728755
13.11268317415103 7.991766607595653
3.2335141757496366 23.552788146755532
30.65595151037088 31.501200649324822
30.402755465646329 23.533151775444296
14.526196820597052 28.118119298094811
30.731455024232261 8.2372693505280061
20.819135096756316 11.574954758252794
3.6293870848747543 20.134371548926232
18.599589653524546 6.6192736516864148
14.879581720787401 2.0624397075947201
29.35345606233674 8.1621118377228239
3.7601238424465167 13.024797022752439
8.7899574627808033 31.501452958533978
27.759260074049045 26.915858837108299
30.226012066663877 28.558464779497147
0.11929608946271517 0.062996908998503492
8.9846801476055997 11.405560348735486
8.1342871368775764 15.03447638762146
4.1047182706249004 18.380210625207223
1.3747140084215801 13.336844595381741
18.282039802788098 21.368338954348975
29.505672891362863 23.265432309431599
18.293753094189459 13.190068002098364
27.070534738311562 17.673652292962952
10.210443362845227 23.909043920691314
12.1121045901504 8.0890961630956451
28.562161649283972 10.624151241847901
8.6756248798090798 27.035387058365888
13.202308477619495 17.641998284514656
8.5060610327579287 12.630219431261233
18.870152072675413 9.6583907047584141
27.796974809201078 29.165541712783906
1.763349533155691 18.555696287403194
27.096990208875255 24.718791637474936
0.057758551246265707 5.6131829289448794
6.7385600466346425 9.781411044259599
28.130542129683558 16.732866884326079
16.899198342408667 13.154549990912171
5.6101408561404424 15.762443872499739
19.204611422438497 15.173339232463851
15.719835096835219 7.4377375042552112
25.42944590536052 7.5360650734877002
12.51847565487593 25.110945198895152
7.2131069029590966 23.500829058100589
16.1906181409027 9.6895271430053036
13.981636842878412 6.9969399092328413
8.542711431219626 25.86861873630945
3.9642794435444233 19.267223559983986
17.481569226005504 7.8214076664972154
18.607052706263342 8.4636980297413587
15.042229185146773 20.817922590214032
24.99167759021066 9.5276881506002429
28.245174223235335 14.365823735965092
2.4451873775162198 28.346212109754568
14.137762676506433 4.1216953216081755
18.472181808284923 31.248531171079744
17.622312289478639 26.703526380999801
11.511396043539538 28.952324351682943
26.389837062747873 18.917315191808452
17.64173494711229 27.555547557106802
12.457373210061435 18.629757247933821
23.194652714944539 6.0070614503552555
14.001256999209472 17.279612028550506
27.450631207968289 6.7839060005361125
15.99664642615787 11.499086843792639
30.039765426438979 24.480892621618203
5.0130452889833732 11.055268917591208
5.8329904245411832 11.931414354523961
17.583670149160692 20.774577371945874
26.6649004276379 7.4932422845493685
7.0792609688283195 14.471599906012965
2.9206618644072151 29.160934689472164
5.1095965028485715 17.415013574188791
10.586686096084835 24.681420606461984
7.8027798056702737 9.543740112000572
13.475508382623346 26.776444671775341
19.207538126492356 14.256151901762772
18.800959842960108 26.859661093357854
24.517393123149905 4.1177810589612012
18.231501712161947 29.996396111516631
28.979964558604969 20.781782765081982
28.504660934043784 22.645978805816132
10.027133942516443 4.8397380615873571
24.713390057707134 25.45297215148727
2.71691252442124 12.344172990979038
31.550057486372513 7.998456990210328
1.1523501545139767 7.3246197414688989
8.6110044069861313 8.2731033054149901
22.914096966318109 27.846129606139137
31.438872527786582 17.603614023979315
7.757471892202191 13.037684939230616
16.557145177670421 16.677077799227124
1.0449758905097719 29.239273438872093
21.20464531537888 5.6456183897382726
7.7669961356377168 7.6612251407580176
5.957132367370118 24.911885194888054
5.2454561398177182 7.4466371061131307
26.035417378398023 28.870556699894735
17.568941946979834 30.87486127173651
22.646312449921844 19.763610968243089
9.5746953935904138 20.52589617418155
28.108200896381714 17.694120073008246
8.3911245571828452 29.675885175371885
4.7365828799362681 11.942858495159506
14.312516276062238 5.8890548681540249
28.001799665591967 19.224920997501776
3.4890214184569666 4.3941733072515827
17.440139886318772 29.08921528454977
16.12086923751459 2.5606119111221202
21.965434317238532 18.856624581253485
1.7655811518722604 15.383277399452568
23.972202633964908 28.117925805545109
21.246940586205557 19.407433769504557
9.5141116880472509 26.437312801967501
20.603725155343266 6.6442006647435212
22.899712812003742 18.669998165547707
4.333700049012009 7.4575069564565402
5.5814309992276776 0.9844497565108169
1.4170803493937565 31.122588669795636
10.488053646442788 16.58412137349859
7.2762274459193996 19.166621887818131
17.341350836010225 1.2091585850707893
6.5809641007534871 3.3346526875742701
1.5853543394430141 28.265725655078647
26.855586848605906 2.1111738884707711
25.204626050749127 1.5513853184029858
11.865434096903545 4.1657295623957529
0.43574072517040136 24.296996783585364
21.21269260723076 25.759677836336788
27.841981909993276 15.817625060464682
3.3368840971639431 22.555284498171208
31.036215209155753 14.473910162355899
27.158971579521332 0.36119928037234655
5.181308534180471 29.22786222221799
6.793526516806458 16.080199047249302
26.595450078932533 30.71942171121723
5.787564271522692 10.284740811331709
22.324375905018741 10.581164740834796
29.89377956304876 11.761146386635321
6.1754802373599986 4.3068430319571496
20.35896636474595 12.815338391496802
19.649472137086878 3.5139305309415065
30.661369932454495 15.722019445868801
27.869866040503691 2.5951924050625665
3.42733849659282 0.88399600730002625
