13.244884276668776 5.7162046090621654
23.979871976310527 31.585222371437876
5.4284992517278452 23.338854117634309
17.325570781144584 14.469577115359092
11.689408300527324 30.438843358565819
7.0689881926334799 1.0225275594138952
16.182485736143686 5.8590159955654135
10.786847897043657 29.085031678209212
1.842913276233491 21.464395318928077
1.6746143480523155 31.335102617283244
27.288585863121387 10.844815164782737
20.192259662477976 8.7068131683332979
27.209056148115604 24.1749651519842
18.612797845130078 24.743042730772828
24.961976697222195 5.3331142648144523
5.4974127246482638 1.519070376812576
31.505009035858997 28.808630058783717
9.5595139213206579 7.9207120241077744
10.322718311349872 23.45615024709809
31.111577310549954 29.805596319449414
18.074639822527768 22.959354347855296
20.58021007826633 2.9395323341360742
5.7595064536879903 5.9224945801187534
29.72413718758434 11.446385922195706
6.9952237400164394 10.406292428909925
3.6280091669772112 16.927798102933419
5.8589000068798693 17.253781475573451
10.794141759136904 11.594925882186464
21.63393086935401 29.978159356187739
11.76489276183424 29.500785363139066
8.8890913409933816 24.506099285129846
12.600820363946561 1.2447697252131702
16.377777763225694 24.589290730029685
30.52705164120022 12.73175733630681
11.507060282606172 7.7862077273838199
22.807217140056725 29.455753688391781
12.229139631097588 8.1706707237655394
2.6370358298286671 5.7419450446137246
7.7467655867345186 4.6686381486326196
4.6114439714025286 18.119779959386481
29.015309047381251 25.035579178862474
19.250000794862444 17.213529087176827
17.83316677574436 12.259891657794986
12.661483521394866 24.274145405954361
26.153417306556804 21.098784570471931
13.784214524620038 13.851115979497983
9.6481496187596925 14.427916972094405
6.8952809646888431 13.028594426707167
0.23755225663273274 7.692305936935167
1.4154621912600418 28.134425229649118
21.155799057932168 12.099578283507956
9.4283787426211276 19.796277507391345
19.379874262402854 13.173863375358488
24.073547642843572 7.1203198666563807
30.99308088346379 20.309326269173312
0.045458575684752027 22.358617760420962
4.8613243818461314 17.279923263175348
3.6230761977445431 13.244358693376679
18.966060597986839 20.383925440642074
24.18344882742494 19.591867764755811
5.8249632785623762 24.22756118105584
3.0379617560499157 21.393324704594068
23.011915384770088 16.895374088628746
3.9549193934637565 6.8272869968826271
27.099346893484242 20.981420623874719
31.574104824211311 17.579881639757236
17.291815093406761 24.445352658911798
10.84529620995913 4.5904613349445134
16.154356691250907 9.408731177461128
23.292809123945453 17.928799168843163
2.3158103833177939 26.387872124082797
18.070227854395359 21.028681368444111
20.393916724035574 13.061076962642961
22.24128356602176 11.501191682703217
23.174210999430638 22.37769248741315
8.4416968376500812 21.349763835318939
3.1913727106744081 26.648406447206117
28.116684940922127 27.785738267760529
1.2931022550495237 9.1245935767738722
0.23361720982595688 6.682999583766053
27.690687379429001 2.6703149701928002
10.46877629818262 9.956790700787062
15.490307107359703 24.105014565529913
8.3724190243644898 6.2306684967103454
20.510506343679278 28.792140226319237
21.365122464639462 4.8406782043953891
14.230482211949004 5.8335134024327369
8.7131905672749301 31.20312028772182
10.607375537367888 15.091955158762135
3.462116349371664 4.8667338544258332
22.147490696462501 22.155159338875539
21.673941785935526 26.487150597537443
16.372474688943512 10.234247237611051
19.810575459673501 25.749204508470122
10.51711240414474 21.908352482193067
22.218401710264249 23.274966423755536
26.592439343068232 11.426719420134427
5.18079981499013 2.498357915151991
0.60123002349199461 20.664989262855787
28.181656446906739 23.045626766757344
26.122941255225737 9.8529553485477344
9.5034635746009393 5.6212905587793252
3.0226557744411955 7.6282757256389537
17.705027454534747 22.04169483587718
19.625418766740193 7.6561767265375833
13.630048449606427 24.125594011354114
18.363133509990714 16.668358289400718
14.879897479383811 24.712496151505373
2.6148617602461863 2.4394613888257966
30.401115833665209 6.2013553037184188
29.596399070909108 10.297797915962013
22.559772131771162 2.9923418587829849
12.673049288549707 12.922921464630399
4.525980765202072 23.608113279533345
12.177715130508886 22.324054383758916
26.067338747382934 1.2277075857174613
27.010831405822604 31.487952021675945
5.9908388533884231 13.888780737829686
5.611525477247886 8.5656019619544139
24.80777598164433 27.008106150659671
12.317035528846624 9.2302531568795487
5.0895268987917834 6.6112790968937585
1.7692818828653161 5.9346806183468175
13.204938338541487 21.98373883743287
28.84780289120528 14.405907814663674
22.390664356645029 5.9347515399533215
12.002975559830293 4.6855726381717782
17.713259350145467 27.047404663293321
11.315849018126009 19.26308362084135
2.7004438982218959 22.270699674814907
25.768640983765295 8.2161003465187097
26.063943902251662 24.021531338756663
11.171935584462796 21.278925283022808
10.893227480878064 14.168778824830818
10.16794017479126 27.702418135429923
31.427285346966766 0.50753073029852991
18.279763379311419 6.3949066326629769
29.616169032175911 2.4454640691838461
6.6768356004230931 22.114795733473464
9.636773139880848 29.365428482060175
9.2367310060354679 16.516241160058481
23.265102821469046 0.75554803029062723
16.745599279007429 11.007320674488673
5.9296683378138209 4.866051155602265
30.366735964211525 25.578931888869331
10.028593189904171 9.0253200008508774
9.4836744161873305 12.889000975610967
2.7210157424358923 31.074618299170478
12.900972271652154 4.5802336959534431
17.10032338447127 25.88671528944273
18.496409553374821 1.1609175101802982
14.385733036498426 17.776219572964521
9.7194782573108593 28.507814837518385
16.252926457826767 19.375753368676822
4.8064243974525871 9.6473796852399616
12.696038039564437 3.3835002844288282
16.128431648200099 31.281182464928548
31.091900983573577 30.890250147027846
31.255138154628249 14.717233333226911
21.407627128074569 1.0109402653731152
18.292596977479789 8.8548512150067129
26.691575643456879 13.10563895290227
18.270452041004116 5.4551521613606315
4.8766137754240297 29.202161685388475
28.393889219725189 4.6890242472899129
22.400975605873164 5.0911013348268863
25.380850264198983 22.057776970514212
23.982401336370785 16.9187305331983
1.3266112383029001 26.177680342679796
14.739930280917923 14.860521019847104
6.8334773762860666 23.930919341103362
23.292930158143928 23.288010237303066
29.997689465155258 28.456087645594984
20.191640740774773 1.4838515876598171
31.451111913181332 5.7545123190595859
24.148741289310518 27.950197919690478
26.863965472933497 3.3723330203089228
29.353008718038897 4.4628882380542549
0.96803606116577456 15.93332363570314
16.444326585124003 7.0274929977179594
18.133033157796078 28.001087142144637
8.4886615472957931 28.371032956021253
4.6156577559845102 5.7114723496530448
0.34184183854164013 13.618397752827221
27.831626826550711 3.7660656679835265
28.696735430709627 12.369001719223759
21.878404630947216 12.643301852717205
30.543322913691988 2.2878053556158937
17.891094390221181 11.447698544512848
6.817198269650917 18.710357070027516
13.487397422956775 6.7133772660732713
11.00146142909859 31.040986455945223
24.490010602740586 26.01342337077002
24.394218527088896 13.325380087846575
1.6316727444942896 4.8387188817318689
17.767496241667288 10.557600341325374
2.4808005571489535 15.678936370597185
26.643304758023216 6.6263710096447932
17.115427515128477 27.964411136886465
0.50891159862353297 1.4184156385173206
2.4417326359706788 14.66088366404256
4.200957579726297 21.164034386856709
25.161952700621512 16.599745496149573
7.3799136605843136 19.485048392966569
15.622261261942661 4.7411917569686546
0.50757104152840726 29.801576544002785
7.6166916471955988 12.598557260657895
16.239611367435369 20.303590446251871
6.9220886151068246 3.5948398617753372
15.312685893090606 25.627532672642324
30.442895356538074 18.130692441259704
11.673868466754193 1.5668624396581947
24.655036557402703 12.337429484854116
21.999963727197514 25.0935217611528
8.54187107712632 29.258973227350939
30.158685868758337 30.543665172875237
29.034963070192088 23.762110750871042
6.4385433312857066 9.1281107136809556
18.23729412216716 13.144440192666989
1.1846324351521598 6.7978422418928552
20.887453698830623 9.4893832434606118
7.7981094390821326 27.537135945325009
15.503147521826028 18.858038840669629
2.0076402185532038 25.292257019749805
19.359189262568083 23.703675464851624
20.846784048663629 29.609018590461659
11.768481546402821 13.829563359830813
29.587008645023523 18.661497711131464
25.909074176995173 10.71630687513983
8.6265542771409489 7.931702289348471
3.220835616706561 24.445243385004325
7.3167660959589993 8.2276258527413848
16.640443784558212 11.889378142370322
7.9941235587078054 24.849411516260293
30.76048094080414 22.147726312238415
16.267902103080157 18.111182226022759
13.071001225897287 27.392088431289217
0.86454776033758263 12.791951358109333
14.745900860503205 21.738718089660289
18.160707091103411 4.3300929738916016
20.80727921748224 27.369802230632633
17.741677123522667 25.306435335078955
14.135661952370752 22.397941682729435
17.138111202505517 23.468663942013116
27.626336339504185 18.729437436157244
5.7653336840936484 12.986257957602128
2.3557344300449903 11.806995843538841
24.169322400185905 8.5936721368304436
16.663357422442825 0.3520057954438211
30.019721727003514 13.676513337351119
18.918555679662031 19.252027766846133
9.9590706097347432 20.808777236915915
16.19611985399769 25.468382069014858
4.7148967106313568 22.460918981973027
22.810583497605279 20.302643451181456
17.141644377595412 8.9225193277826484
26.607682943758132 13.961440779154733
16.739376973719537 21.482574550290199
13.601146802034712 31.262850994017576
14.36216854258913 23.638963082588578
13.108561599933324 25.261630512669878
23.856672426982744 24.343481815025484
30.427322456150659 4.0122065526914445
4.9979585622122498 26.808791422478691
30.37165592280677 29.349118416530697
21.595523307857103 19.955107153228155
15.114214972366732 2.1586296168899666
19.581713883796457 14.138461172927782
21.396666652667008 22.898317846831123
18.317405540267963 14.920536885355858
2.6507589430784715 13.839110630125266
1.3719410345833685 0.80766614421675942
1.0197557094136842 2.3074355243086369
4.1204286865939252 24.420493881867312
27.566807238886213 7.1749044420251931
29.931298926666287 26.298724560927749
4.7688212795829834 25.649388539892204
4.1067726715013482 28.792033939715747
19.029728084669934 22.78240228648303
11.798755281847079 14.945641102314724
2.5522948251447515 4.6346555280397075
29.823957833539232 21.39748302958807
3.2133023966853171 19.653721343866934
9.4536522589925891 21.501990838808894
18.14992509948112 2.7501472686175128
30.903349995304897 3.1850219120437502
14.602903626273539 29.725171954133927
7.9570458689539327 16.998872214265557
29.442355107189531 6.0993710304424402
30.864050683215854 6.9559374460742447
9.5376598178130827 17.45400337877469
20.916857529166151 2.0091594725854964
30.455708122099065 1.073365424481058
20.175128639907609 4.3077304471411466
6.5216786585773976 7.9557356633963909
24.554727588458618 28.896779809348097
0.37961975320164665 9.0913407827444637
29.856905459678245 9.041178034682174
22.11348776652855 17.39563702242241
11.051303941986747 18.398603228535734
5.295639876178325 15.154813685850954
15.835039764658756 26.606416620477848
2.9655053176372834 25.465893314797977
9.9769971419234498 24.909761174623547
26.071035945002265 27.927811206132045
0.97483625319134681 18.757210542106357
9.7064853730129705 11.938163506430623
29.413061675482936 30.026143626211354
0.62125775528944271 24.227925078460235
11.337803370897987 15.796105394472292
23.468283161514499 9.1934283766785132
4.7685719974067835 19.811277114947895
9.9549730385810715 4.7718206954130871
25.502923620168293 24.970796665081448
27.478127890972164 4.9903749848490353
21.26106573055214 13.447196362933495
15.424968550550441 12.641071687260963
1.7784325216238428 2.9236928100918953
6.0609745838958728 19.468563804493311
27.820576692117459 26.846129692095381
24.060757580393521 14.30348950538553
29.21159840720906 0.49617983287691581
25.423887657043569 19.358179698158185
25.715969256914946 2.1768320409590802
3.2959203105766823 16.063733089351665
2.8963100542172135 23.463213961545453
24.174718023272284 1.0816128688358484
28.763403106990555 20.208120515032718
25.079327576298752 21.167483651597223
27.521115481182292 17.867176155772416
26.812641755589947 4.3338449804842938
25.92645929739 3.2162396176446553
15.333642885258127 28.000874606462826
18.682352482427376 7.4908647012208718
5.792036675494094 0.5771368727197278
26.471184192719697 19.016320030907611
16.165511254524073 28.875375936044485
17.472088864923904 17.55678222808503
7.9544161944044172 13.916565459300793
3.6608948609304521 10.249771014464732
21.995165003539729 14.116266643912997
12.045601886379655 28.414004784105533
10.699063402252637 24.393806637755155
19.551569617976046 21.0722508346011
14.252751281444095 8.5970205995184852
27.372794954091002 28.604063163621106
12.202499442967202 25.466410404959461
21.774055083819526 7.8079918255839242
14.035084517196424 25.113418786097458
11.808695989304626 3.7268944868137885
9.7811086872920185 0.85367800871980182
6.2632574349370245 12.122022325815049
0.43254721157319981 25.778997468177586
25.020038147254873 6.9991524010532897
20.517766932321866 14.184789149555659
27.44939214493953 8.7231438346458621
25.887447595141623 30.849318441396772
0.80673561970810359 5.642598513663394
11.870393950537872 6.6265253794776786
5.8577249387195893 27.35371214331035
5.9710643849806013 3.7853127538331597
19.457197866188029 29.08958282132971
11.749048956503044 17.717666520795966
22.619396257653548 13.279027422085969
9.0208465976216967 6.850902225121219
19.68765319946586 9.6172168351124938
24.976227752830429 0.065564782020565454
30.852144852273309 16.152303690154312
14.762081765420934 4.9946469737542891
15.074223307226335 10.13276649435841
25.514575298438366 6.1837440101233723
19.977644737537794 16.593059372695368
3.2302713783604116 18.693252003370205
14.260609877672017 28.170199807724398
23.482936485036905 2.9841015867153931
19.382246036444361 18.35891883316388
25.21569067465882 28.046547832650237
12.733559357780415 2.2795290815590072
2.7870235907863719 27.757169833608405
11.083367742147379 28.23792855807282
30.523567722670794 0.10315387145807205
1.0296464845076199 29.092744859164249
19.380618008448447 15.150425923178883
20.38840420886374 30.637958208643919
29.906395067747074 23.653681894607139
14.64947993926379 13.35572984552244
9.4176705366462681 10.04805694097433
8.3586128988314385 19.331592807016232
13.279260177785819 8.9790834414472336
14.467685914225022 16.721250430953063
13.986785253983335 20.053764672097422
7.5683573907219284 0.21718583515566695
22.690869797742863 8.2620670852572839
0.33535116941556847 11.756262345441559
15.379339044334877 3.6772362232606333
10.382674571424294 7.6595813618435509
27.879598615659852 14.874063014903298
4.6169797605634937 27.803692401247275
7.5270834460221296 22.893610314717595
19.0026387761609 12.312181111642895
22.490416522388781 26.024526278750844
27.171821232076365 29.73565211379616
11.383212114639724 12.943337561620355
21.331904214998804 18.136940305793754
23.388687470419388 7.826804596818123
10.536246501145497 17.548365670672805
24.949947605129342 10.661171825140739
28.238860686323779 10.570070422945498
28.948026305597612 9.7168300239388792
1.1094277585457222 24.96865864667933
15.172619092146489 14.093824778059098
6.4245426859441448 23.063875751492866
0.73969722931055581 10.235210629217281
13.914414367193006 10.636511614006999
16.60184677610858 2.1795325281202524
14.301043170058215 0.43170731449541505
7.3954200182483874 25.820903860251793
2.4984251460280422 16.999732198425725
16.707283120164725 30.451338967773111
21.680075792244967 16.574951747694222
28.679077277944629 5.5977375344935654
9.0353437615334773 27.626147633623891
9.7090024286621261 31.565156449164878
13.136763517778798 0.44526351772971995
8.6005202767717961 17.628373443420553
1.9023892215617952 29.732484794872217
6.850301249322726 4.6901041733667235
2.776984346554443 12.733425519362076
21.334130899260185 11.118054445490987
6.4314440245404754 0.038738324313952556
26.317824706955186 23.113805903848387
23.800521062802115 11.857962741037392
28.839635827312854 26.783685750217
4.0721317293069159 26.662215381722572
23.557592837775431 13.032410685701722
13.281324609959082 17.733898981002127
28.630950406806139 18.314200263017415
22.034497352671405 4.0404054896802757
2.8709105892075777 9.6607784022523528
6.5037977502427031 28.448096139982237
8.864786344778862 13.863847272579278
28.604171982080224 2.4322709522656716
6.7815384231858333 27.348946973851202
23.662020946631426 30.39944559397011
21.838411764954184 15.653685394461723
28.838910617129439 11.231064238276618
15.625089988272865 11.752008312316436
1.5214244205389118 3.8592792101542446
0.87586605681643093 22.942964622996783
3.6810571637734535 27.760241902595716
30.662512878629943 17.156172134726006
20.84232127162635 8.0245510972046716
29.619617289848879 1.3994154615287882
17.246949825607427 16.679002543569521
7.7588097537417307 11.567318462676385
3.8392056205117688 22.11217450946053
17.353995690723281 13.573507242248251
5.4242273683271378 11.249979188019827
3.7142549623730079 5.8462287580099623
20.18833265749269 17.856252265380018
15.94322457714858 29.726714613443846
6.0867096991886198 10.626284653890723
18.438311099122441 17.784828171310718
23.671200427546143 15.387117792392063
4.3695593299473554 7.5737695612575671
7.7738389249402795 20.401063975493564
5.4517120598945494 28.252694494532754
6.0447867641108433 2.7198204912752915
17.462795821754128 31.161791772225996
12.280080779356894 31.410254213135818
28.050818979026257 0.7134257752647476
26.007796599101738 16.88550530246156
9.0345899146442772 10.916079464800189
1.3760517094029436 30.526411870935
29.914559353162982 5.128352144037958
14.133723925193889 9.6564565534363815
16.288824823748946 17.171572899328755
8.4998428805925137 25.737797346506746
22.047347179759846 28.929893653398558
15.230010476791715 17.819819105611305
31.363527471400527 11.073073858064728
27.44111413669421 1.6696525376591878
29.661726593852855 3.396513641526516
27.705236835967664 19.6420837952138
21.977285238101171 1.8894308341780464
30.253850080451812 15.472751540703479
29.007616295816671 22.556284440630829
13.666117439953151 12.805986174648185
26.821325802675585 19.937878174909564
8.6413940270765508 3.0573919270045353
12.658023502719447 7.0801662925360302
10.591922186876241 29.980212946484325
14.965884438395431 19.765373605012634
0.0054176893661155613 27.06713969591662
8.5321463849122416 0.43238193162132676
20.431486518735511 7.120195283245546
21.847399197391312 27.439941908673237
13.663651969225613 1.4099547432027528
4.6778365141839986 0.94912206049774706
7.8032870088491064 3.515547742268228
6.6848923472618216 5.8310077727190981
2.5593998515485366 8.8103850059428606
31.051648955834892 13.75136542507656
6.7316132598232663 29.769144151772544
28.956452252980291 21.300999939047131
10.782696080712707 1.3312677061886835
15.424113585762752 30.480264918250445
20.103529900124578 27.893426017765652
10.863307488849014 8.6140180370919897
24.052515765855052 21.54127547517751
21.28621304959945 5.8499801047358355
26.357454762058438 18.228447150888524
27.266309773457593 12.389365217572696
11.763271693583329 0.48199456146220848
3.6679722478796966 23.096197628209449
3.799374294571058 14.153531167082582
1.1000181641177182 11.027271026671098
3.4643230887035177 11.952718546135156
21.947890299655725 20.836486364788247
25.186167027628244 11.636324891839308
1.5331441712813079 15.180209626119549
4.4152531245390412 30.194884618544219
17.466242021651986 9.7289504273322827
11.81261663954643 2.6133397592937131
7.9140806435300277 7.3166428909397387
22.834735699140644 1.7810817293477264
24.11994566889523 3.6804231211726237
14.452485400766896 18.893246357321335
11.194747366007991 22.594545794518087
19.199706999049489 15.968892040378242
12.73798600217577 13.869421749617365
14.357998483956885 30.688324345175477
23.920437641836308 18.484404687195362
16.826117734013778 22.493131014669551
23.166270736488997 6.7032037005118896
18.553271496748266 14.064793369006916
3.8954392655645149 9.2201348934034399
2.8771523520862492 6.6885110220426149
16.520198584500399 4.7505190438361513
21.389096441603574 14.815498955326813
28.808714338551923 8.660012370454556
20.602201037852591 26.382344508318639
28.251986646295247 28.971472803731668
22.38875198485416 10.16945516140958
26.950647979095063 0.84539095127993047
15.965167501272747 15.060866348076869
20.501275614779995 24.871513300370118
26.415700726015377 22.105681299863615
9.1584180466133933 2.3479237769487082
13.212733902772088 7.9872711933996916
26.20673831776881 30.107020611140424
21.657672038621474 24.219508027248839
21.347878316963424 21.538739948673943
7.4481660655340027 16.098553199177932
15.149164592061901 9.1570652467609985
25.870865194772502 14.648765513976176
16.73976558090213 26.776584516267778
26.669454040747297 2.2653710638707172
13.210363777766341 19.632115747089905
25.051901145043768 24.046369699744648
19.63250361372031 24.604082271243207
19.6256856424455 3.4817691175352437
0.28170834269629064 21.391557074892361
30.870513381628719 5.085916905179781
25.715149134763394 26.856318991476801
18.665902535222479 3.4322314549624271
7.5626415837535221 29.471421957106227
20.215847750777918 11.209004493571458
9.430945267541837 23.825001359017421
13.356270686503967 23.036449713664275
16.300209921306855 14.231642971407389
5.9704324557626576 18.140791764103998
0.98116795718846772 8.0412158192560259
28.58009112739574 1.5006024775291993
9.0037404783076909 26.716506350891613
10.836079792303519 3.6537845655955734
7.2003352841356465 21.151425487122296
3.6671247481412426 1.1059115484319362
5.0883608879064646 3.7133568153483218
14.212840270569163 15.761865472767358
29.069052369421499 13.535699170877001
13.266820533249847 11.864287917459999
22.357446002060723 0.66749635891126413
2.7528841502383363 1.3559373958341074
18.039807953261178 19.936843610572193
19.087285046811235 11.436275079293432
1.7857404889524595 1.6696258159092197
6.1023177052368514 25.303451652081318
21.665572116978506 2.9121087516137076
3.4785737716050038 0.17481167886349427
8.6666601537401302 4.2081292918165207
0.9907439046427986 19.680637547595676
13.582010980183252 26.277943125489074
9.8715883780716904 22.64865838241419
10.620755405506136 12.600152297567778
2.4644623698442047 17.879004261250643
15.106696689824684 8.0000079257455674
7.1322648863752933 17.747794756523195
31.420922189686184 24.959634095504882
29.836759666615755 22.504573077166157
27.689342325478915 25.93701566110407
6.484531620068986 1.6372185198127291
27.074899942270829 9.9100807765282877
17.153173717885199 20.652731021115947
20.814563997942209 23.905362590294974
27.975729384792118 9.5013563374622834
7.6185840425361278 5.7220175788002141
12.467377739589864 18.356743777426082
0.62904956723278083 3.5291994655150565
23.076195701168928 31.211484127757267
3.9090801578178263 20.347363065895482
9.9365858611653248 30.660344096023405
0.5805267600388837 4.6926091143902173
13.239219157582525 15.801712848269746
15.742115043198343 22.441936042603189
23.785186249151753 27.054958602850125
4.6633980999210989 10.604822953370814
5.4593662299548527 7.5186686110741583
5.9123762183120325 29.256161856939737
24.691854410598982 20.334421135174313
27.273532285400684 30.710461431981184
20.682936869278326 20.186150644482598
20.501478428140626 21.081740557545636
10.256942004977148 19.37944858843673
0.36712082773542942 30.831771971538867
30.657971217879311 27.128635357822443
26.461792891939567 28.942027950254229
18.246515403182812 23.901631222977343
10.522796454269294 25.964829494347185
20.011590309890515 0.012245551315367836
31.212159561095177 26.127725645763825
19.23470363008709 6.5685452798300021
20.096443358119323 6.1706344807597793
9.4034859214397386 25.59608697586016
25.956537277154467 4.7329465575888001
5.4286696866915189 20.389509140161461
22.913166237744463 12.149052487320974
23.510385745498439 5.6681800348184375
26.597613621507325 25.803891962022288
15.042907586152237 28.947053333890093
29.657313299653723 7.1490539667305661
8.6000804780248021 23.229070808597395
16.82554952328206 7.9668788627088176
28.053226812365875 13.162683898275189
28.659772286949796 17.33350134516834
22.429673923714834 18.354231958903952
21.311974407348494 6.7150014759774281
28.776705343358145 19.31664308088849
24.931842985902282 18.68343328143844
6.3561821759627639 30.64475339831424
28.992354050862978 28.011218685722568
27.879735171065157 11.769940757148971
7.2144449539206388 6.8256924890899864
6.2862694581361067 6.9474263726994652
11.2524483528638 10.398919304701719
31.439242840131453 4.2141231724950963
1.7985974304095216 16.486335018743951
6.7682683641977253 16.876903122826278
9.5385352004430981 3.9031818743708446
30.136199610390658 14.60635245218621
16.162454065858991 23.413928594728176
1.6387241594830011 20.57833408499512
29.185554659346767 29.119332199357299
25.107647148242524 1.0843243151349202
30.879023183425396 19.006990750469896
28.018854152326295 15.781180597003583
23.576546413894643 25.938003436508826
5.4062334161478471 30.195888506858946
10.102083355874115 1.9850485645312714
17.089471190968244 15.391517262170403
28.907933863674899 25.89642981579858
7.3681570308186828 28.475846628893564
27.325050922651105 22.092232396798924
17.131265939702402 28.979386178417592
7.1492980551852225 15.146414602730198
0.78537686582626887 14.550212911812263
4.8507344567223756 13.472271642428591
22.764668205830692 24.17447927262538
21.025569918558723 3.8171350309794061
6.1775558750629003 21.193168878992882
25.328848728302795 13.83324170696495
12.371581944343763 5.7676011775814908
22.012091003147948 31.421624050094177
19.543297384869824 0.94540328946975727
29.710033793401447 27.360295225796897
1.547313524583267 23.702398995692516
0.067277986151808244 15.424163277169336
19.15151649406922 4.5336997246042676
23.662538078317787 20.675769279943097
21.390627559322969 10.254205622921919
18.920734727711771 25.715973026847799
2.751403967612652 20.572259149010588
28.18318369871529 21.85491379911242
22.84510704341298 16.059922383820368
2.1094483078290978 19.664111766918968
13.53613973258933 3.5653238744631977
13.49294486213406 16.839179545362505
14.380540737956979 11.331027209679409
14.50158430669944 3.884537466274407
12.189458987566105 10.413168398871889
23.143176851705203 14.184454355711509
2.1866681180735044 28.786799028986973
11.618942106104416 26.436666348704495
17.898275722753556 0.34535385540034685
4.3525969409046636 12.586246143245011
8.0483995490314069 30.393274226902296
4.3286168392821489 15.449498802009304
17.876210421621519 7.9738597030629474
3.0642699790254535 28.84625192579276
26.933338890020682 14.94232471249674
1.9429204138491041 8.1743547609446878
19.240030845803201 30.857378168213188
7.900034167467088 18.363687048706844
20.862794698141656 17.220851828084083
25.29770304695181 22.993154822097452
14.468193829945319 2.8306292423302186
13.770479496206484 29.044459857404203
20.255613380919375 18.957416246850819
22.959103759257975 10.854141094434452
17.524156257162236 7.0054359306379217
4.9963237555678326 4.8500288321250222
10.91290119216757 2.5978295503023583
8.011681174419536 1.4351076956418949
26.051184015633645 12.167267593498584
11.694584337181654 11.41906959176195
8.4861972891251369 12.872382462459571
22.482211953777131 30.40410874285006
28.975163593103137 16.148490811110168
16.043919921733416 13.326043199779097
20.199112156252443 23.253397691534378
16.407361900261794 3.7006025880358608
21.237848699338663 31.002019777812251
1.8315903615042319 13.055490545266958
22.341948147079702 19.257272487444155
12.654380072207887 29.366054779931847
11.461027023079243 9.3044493245409612
5.3295488424130006 18.839616656174879
2.0967146355425732 10.716988742138868
0.98710897126355024 17.170774282583267
5.0879514404922261 24.76608818802368
21.577453552890354 8.876489236250162
30.82577206856563 24.392748743142707
0.14458505950883435 2.7514355179287908
30.618527540246841 9.4267882452385088
3.5473011222310769 8.3291238185539402
25.315480001022667 15.626463258794219
7.9439876632377304 26.688854371014145
10.727253952480874 20.304399988820439
8.0639455857949685 14.972107304168157
28.148677508328788 29.949096752404024
3.0005021716836384 10.925288794974165
27.297739201863273 5.8644214278079358
15.327163935819554 20.598752366342282
31.440079886578943 12.582381128479209
28.246674907020509 24.212002922149946
21.154663375018959 25.526195470219406
25.292806688654668 9.1917895526681743
8.387704230022111 9.7927438847097932
3.5057335089483495 14.986946905127001
9.9060145788376488 18.468927116599801
4.3295681505461969 3.1539530159963345
23.34267671517658 28.519815640652254
2.0179810445049235 22.810537566756466
20.391815019754798 15.217149137970413
24.289814217573227 23.37944714546736
12.086088557896241 21.43695483599469
13.47567010432078 30.030397571180369
22.300644184669331 7.025361109431139
27.300449632284931 23.208588215756059
27.709786570201505 13.89729687043644
9.0125185055050245 18.668352627336592
12.730549416345385 30.568336528381426
11.371577783313183 5.5093037322838265
24.296118143784227 22.375776684781549
17.361196942982371 29.861540213576877
14.255403658985827 20.975067945606721
18.929163816650615 10.617214274138142
17.099498600730332 6.1027133136348564
19.653201518946062 26.822049750463115
24.24873309153989 15.970804235437582
15.428681438474722 10.892363988116342
5.6991406645437568 9.765368709111085
11.006359375420061 27.135236829220744
10.55657018173904 5.8552459312124236
12.04028643947635 27.448797929853395
20.15227261228501 10.382113378190461
2.108948777040299 18.802340246681194
9.9682570117428959 26.665445799226006
24.581807825739439 17.570184587949612
31.464386782940576 10.031117718433418
2.383705494892868 0.45999251675240849
9.0078265661134633 1.3736703039882678
30.041147330165238 19.560976500201217
30.875700764231542 28.098148573889951
13.582300376385996 18.685572479157681
24.998096031263231 29.94963384856716
3.8679320310303571 25.553320289344413
5.1174541617518132 12.104811627259746
15.318596658640233 15.763595182031107
25.975475484088417 0.14969050613336676
17.11366659985277 1.1409194737380608
25.575849502557141 13.011011913751826
26.018687880297318 7.2989172018232056
20.134076492996048 12.140144537552908
19.152134461390975 28.212629228999887
13.085213377988445 28.345191822637418
15.766832990292867 21.483866574360068
9.1089835472421132 8.9745377513645774
6.6924193320539533 26.40106692387921
15.985374320053705 1.4446374779262605
22.985878358439439 4.0549606510826566
0.14949733068788973 16.557021919032785
10.319227438439412 16.490177179242277
28.276977829832756 8.0156897362294082
0.93615813748686993 27.013878933924342
16.217415540504181 27.750062376456135
17.386849827139176 3.908225403989471
30.756052644814627 23.24351744054109
12.6441733633973 26.442886804500063
13.78776840149871 4.7043665023806565
4.1297628050604045 11.377551528876239
14.484067735734834 26.120434126362849
29.592549705167272 17.506001299647409
22.8934121080746 26.955282821649348
6.585068265896223 20.216180543713261
14.124676008559058 7.5463910529526652
29.564295309298402 12.533476437563078
28.696193711898058 3.5105716656132606
19.19938310004725 8.5873919196108179
15.988406699658512 8.3945832076319959
3.8524711056944385 30.880467703171121
25.827807540344288 20.182221806580259
7.8847200141623057 2.2872359294181481
6.9360593326643221 24.90693189299715
24.699253326494638 9.7058790395580665
18.261479107843776 26.334345624022252
0.63159985169355193 0.16429655028357945
28.778076350843946 7.1762043747036532
16.447184167581359 16.057885950296164
15.457937684744877 16.717986014130986
7.0801862331697265 14.003226319582257
31.304924614914412 1.7056051049588024
23.104802819580595 25.103828592659021
13.716525903435475 14.740132645132281
22.864411196887353 21.442191151713171
8.7178916752718489 5.2010760867415522
26.999205832237912 27.66098093551993
4.5209626309090432 16.36687267860162
10.776599689626398 0.28372517087905497
20.390161572660752 5.2406656199722317
5.5209668841160866 16.214538170204115
11.262658429550189 16.749354828404076
18.921469124089562 27.187851363582453
7.9835287918363562 10.618376892953041
29.796730861925688 20.351348517642993
8.0470612071168528 8.8265792390107318
1.3914002269469707 17.876066927139497
27.86171942779027 25.122117651666279
1.4853882892983499 13.938289842375601
17.123917911163815 18.480033956696499
14.455386511623574 12.208436816202541
29.15405787783402 15.209116743335723
17.182172382018742 2.9242424893142336
8.48327845985993 16.061417828118799
7.837072723665564 23.869949737499059
23.849968090349176 29.528954257084454
20.824057246310478 0.4083565952492077
26.287310717060478 15.741320327757455
22.680896136032086 15.010599930406496
18.14863844959504 18.725335754870216
24.301148912710822 6.0543242074862542
9.8775067241049452 15.627581266865548
9.0632087451597112 30.189782067995449
23.685574683962777 10.030930040527611
5.7168573295571674 26.140607735454385
15.832211490999379 2.8018456976745019
24.773495142867045 14.815392723069158
3.4880558360001723 2.3552688310840439
4.7131695258672668 8.5227630849302702
5.3231657490604292 31.152991238811531
17.245620921479315 19.477810617492633
12.473003991882537 23.277711513569667
6.2151283084583406 14.780400275904309
10.124847522310787 10.950918593198475
3.6194060827180832 17.803278884539942
4.1632893156011042 4.3646858804984046
6.3284646834529941 15.894706622912857
12.684509323835899 14.907592584173194
7.3441976375914679 30.913744930144468
9.8746564023420067 6.6435665173777556
1.9689658571420956 27.35033856893169
31.613796805557932 19.657486929884818
26.692969693292621 26.744395265266292
15.528826356901849 0.7504109205189049
5.109837818155011 21.327142485263671
24.424500084218856 25.015583226883439
24.704938868667398 2.137463697892044
18.200677557176192 28.95238537612228
11.20857808925772 25.381611993116771
13.081615209104124 10.050227357342147
26.86251746239596 17.216132980499182
20.637855637830125 22.295444923816078
26.271284268342935 5.588496612664037
9.9480670797916897 3.1174387899470499
7.2465463967106762 9.5022029534096752
15.371861342094146 5.97909566786978
4.8513389319783427 14.352799988358399
15.073638935164158 31.496532465560549
18.939294704806859 2.0269758289511381
29.543802356877833 31.371127073362828
12.865012472503672 11.195572804195477
25.516537883304533 17.8433607386416
30.818447975075536 21.14154021095101
0.09381859375155148 18.425791680862975
8.7861003383008747 20.400319547800933
14.669728462014115 6.7417571059275394
3.4546352195062533 3.5256706488905398
13.285997490947405 21.108464101360386
7.0072254197902231 2.5084512533194476
1.4652917217908039 11.962003281133509
15.037167807671029 27.019314953664153
25.569740334076723 29.159864258900232
12.081164744370223 12.214581710872743
15.606453365341553 7.154217880908992
1.8330314059465758 9.8263735673741959
20.733812693108373 16.027440089436979
18.245037318261723 30.637596378363551
30.603167212127648 11.695861249063462
1.1981746809091611 21.99257783418393
21.431601587025636 28.364303356521667
29.761946383932649 16.501956750610983
4.3230341453757273 1.9717756296192894
19.718086772592784 29.944097085806675
25.515700904506666 25.869584643339504
23.715381975572726 2.0463692023017548
26.644742263405519 24.921869388494514
27.941405060951176 20.742346262465869
24.795045340524773 8.0410022108876493
11.721896485665743 20.25346687642072
8.9661169311209488 15.117550129237143
30.465944783612905 10.496279954925107
5.6311872165229069 22.223393232758575
18.863517224092941 0.097522193249322334
27.067119106899568 16.163244996984265
17.359892654793775 5.1463488003125777
26.975846079717204 7.8626009129889436
8.9230578891735206 22.413997267601207
21.19808684740034 19.00681549911388
6.8181472444778173 11.513285849489993
23.553312440963403 4.7577567932115725
17.715138705583673 1.8190351688845714
12.402034886478388 17.015883658709935
19.276752673078906 5.4358268540436647
14.599913700718691 1.3930156018800748
18.011876075243151 15.823865848167294
19.734090114615778 22.103768776477995
12.605395075881702 20.452380844312966
15.015759197358786 23.016771447274117
24.796444248247159 3.0300651713260383
16.827867697692607 12.751581906479927
11.422756209760134 23.466173083789574
18.661558108315443 9.7435309973982793
4.604708063573808 0.0099157941426995539
31.218633584361797 8.6203352920656151
18.560210054104715 29.780961647200286
26.452145719422035 8.8754297816818326
10.976678316042632 6.8260720868247695
30.693248803525186 7.8770692377330347
25.42200546450443 3.9557311462844664
22.434787578971484 9.2717191724968178
14.062791006209935 27.281430267598139
24.568555314841454 4.5644302297286972
24.679015684285559 30.73108867027107
19.642897936262667 2.4798345037459053
3.517630380934984 29.722070344054686
0.43126595968268838 28.031967334892499
7.8200437141493735 22.034066098104461
4.1849521893423685 19.051710276701389
27.952828202187831 16.808677534604236
2.2016757037161465 24.307327321471639
10.160611629237126 13.576189953155467
28.153888743508389 6.3738546276024888
8.7165731483195916 11.825098151856579
2.6326888131875053 3.632368176760969
24.025918964682752 10.97917457375296
28.658643221009772 30.715308559160285
29.854399939738819 24.740726858516378
0.0036188064074647694 23.523413725213207
2.7105053522926572 30.188802041748129
18.694185605398431 21.750506103232258
13.658536681792633 2.412143362199223
29.731491988188761 8.1020236377225743
11.74281687337664 24.426190487593011
22.721587780384475 27.947120511008254
19.811530799682554 19.796644626532895
12.292141449279478 19.216184737693208
12.344006019008409 16.098257213781807
28.171902552283832 31.463877045801038
1.9680929365646158 7.1765350284621547
23.291954479933363 19.361224333970224
