31.28855844336703 6.5904053948323078
16.696426424006802 5.4631610337801586
18.268966553665571 5.5543275679119839
7.668438776890663 0.24745312913650605
23.630332254545536 12.033008110834308
13.078139055990908 16.526672934044925
9.6120595275337255 17.443561946196883
29.904115005676488 27.430963403538367
5.44263985947312 4.2874155309766433
1.5526569123508098 3.031338383141108
18.524954441607569 24.043866813314523
30.030528797270712 22.849449378463493
7.4212069101927414 9.2023707366214271
17.341744293583673 19.279011897424073
6.6788797760307137 4.7307987092301866
10.611703279370831 23.448862165727938
3.0970255948120569 9.6233898292469959
5.5658190331636632 9.6923631572620721
25.912904042438893 26.837254672306649
0.70057988853965081 29.470052563931535
24.438862988757855 27.950275702452192
18.528231899767231 28.786952657626319
15.531196921002167 25.971019333805721
14.3258041883525 26.957018933989556
24.737709673736443 23.913699165926882
13.599973929835731 19.127813262204036
23.968059770021799 24.823720594266049
5.4591186823513249 25.434433457563017
4.9849431841592562 19.560942353637369
17.154289344358272 18.270919303209482
31.172006821914227 8.4259077118014165
27.278525530603957 15.832335635334509
19.426537574566467 12.507425478234733
29.297497000994483 20.603853633715588
17.148580503353937 2.637513951852295
12.645131239634447 19.308254900104718
13.80178165102015 2.6543812440669377
17.434300793399576 6.2119237091309234
14.720888718758214 2.7443805175578428
9.0738953994033924 8.4709662610705809
9.061765598438523 29.259634432487449
22.341365128354425 3.4981748734627054
16.601468899106639 9.6388870700939773
20.121770480644518 21.763067372111486
15.949266748037152 1.42868399305569
14.457718449729139 6.0424921191595624
7.0216052158339091 3.8328155328607489
30.422027542260857 8.7720411946093488
0.50463063866806268 28.501637362280899
26.463257042343432 16.911397409764103
8.0650384189486441 30.739213793490226
24.828758504362263 17.714397457560416
30.309079562451331 18.495966728601651
11.686164555096314 2.4331573116199592
10.319308771284385 5.5854618824582696
5.1017356484022294 11.28085977885231
25.393637391778991 20.205963929533876
24.685676585428329 30.16052032570364
3.54556423241561 18.041240262430456
8.7399988721443833 31.374338808891913
10.711669511998551 11.281321344435055
28.98998173888965 6.996147497468173
10.755182171296152 19.806261825882359
29.34829258797545 28.268825878893818
6.3351749332741134 16.27306971438168
31.009609399719324 31.337030461910818
4.7445907586687355 18.428942312702357
9.0887505715028531 27.113955390718214
1.8088302329587054 13.631056853409634
29.381298775889828 8.635338093436312
16.598158128922918 10.708010332304235
27.670880819476718 8.4384333429476257
24.20776683924511 18.416407811961541
21.384973035669731 31.432096234165378
15.191329386237982 23.091779147199283
19.71394468552743 15.273532009582246
21.914965891549656 11.977579874503835
19.401727572122585 2.1413377140024665
26.252628898310174 27.852833348274466
6.909706109070032 17.756028480843952
4.5468080822600072 4.6372755443795839
10.099018525650598 19.096929157706754
6.6755953489041326 12.442384835585202
16.712239422804736 14.247758756377676
24.974948017860367 26.609585445597673
7.9681821324634159 8.1678190285981955
1.5620921539173405 7.3681044788802952
5.2022923903554723 16.93215429803422
0.75341552567138736 1.4183710620381
22.829687920861183 26.803348699518565
16.493762489191493 24.696357011332005
19.590674147234438 5.7752232591695698
0.088472613773454389 5.6293146092301134
17.752726881512842 20.122215988332933
1.3044848527816606 6.1927715937347223
16.954160508958548 4.1256554571231927
30.529536173380055 19.749808593793137
18.413208686368378 12.895546282132861
11.822485948235547 8.5493375412514627
21.759962622846587 17.916618978811147
29.866616863171227 26.223325521663565
15.265044387075035 3.4807095936929739
25.810365687865378 11.163913435849301
23.514992089214179 5.5660030628229578
1.0568191433826042 13.014436214676513
16.367451786986653 19.351507435435845
3.186986300035215 7.4569360370938123
16.345116525050262 31.34057044601569
3.2323052108872332 3.203713255902997
11.290589201199188 14.706143677244238
0.42053128852917149 3.2791127234930073
12.977458698639921 15.603270012985451
0.68648208546687428 4.2654703481406822
9.1458896592354009 6.8968428853402823
3.1849373182652925 25.974744087912285
1.6111522620624754 1.7974668072280768
28.401562507923824 6.2426746146144305
16.127005818767028 8.7544608563576389
2.4300752791152576 28.460751432481874
26.731087963917197 7.7602100083056191
20.607334113427044 23.86551658544462
11.270414775424333 3.4641484750541629
14.655501160493476 18.93019407430652
28.218991011557584 24.559020231297303
15.287195229277522 8.9174526540808596
27.639765719415141 10.141593625513158
8.4362155307024143 0.81890446119843174
6.2466498446977559 8.8990462823678183
21.433525038190222 30.433213493292861
10.445499507675763 3.0765006914580848
14.286324035525277 25.088071612278988
16.822730987206921 0.79745704785387761
24.522630164745976 5.1196260247225203
18.859769566968197 7.5387740034390589
15.415200029344966 25.063209429334453
19.549494457646862 13.407566963526669
30.820592707837523 9.8053887899961616
21.108078937514737 22.083254884643996
30.462670899473423 30.424440292225217
4.775012537775905 21.991715634789035
0.87575044082701403 14.189321384143675
16.724256983226397 29.481861691154588
17.704709954111184 12.196891026049723
11.659968709448766 0.33277222857759609
18.320619431518551 0.39570662925322475
8.8920239540034753 19.455170097653831
14.22239776074961 11.352951766682187
20.962328420462935 2.8470676814388969
10.759863752165296 29.755436230395134
5.8660688200215816 5.176902841445977
14.080232965446262 13.680250784706864
6.2305731402892048 27.614916848436483
28.125125949369366 16.211218761066572
6.7139261954131984 25.828231464748342
12.484788440472776 2.6497119614901457
12.080055360466732 20.145798833782415
9.5928464549404886 7.8588673725578015
19.128211988269577 1.318845997872778
15.801183002574792 2.3257016169828031
25.03241437076947 6.5078560675738686
24.883181758861991 8.9669322376228973
18.175084982500547 18.683780762805331
4.8441876072317474 5.5724696742511837
7.8066664393978966 17.764238878219022
21.08374154821146 11.513151091034569
27.775138024560114 28.40593877960201
19.227277801559609 22.082036180331936
16.731725804667718 15.41870580102365
3.9940548974074868 19.028203866196929
15.97080473203853 16.325812528004445
28.357991792944976 4.423527257557474
0.40785781336320859 22.978805778218241
24.541249019362869 12.163655251060039
25.438364541692739 23.067836144859903
30.286367191435396 28.517827558691327
23.589147800016288 17.594436379917656
4.9203267148229397 8.8525926799904493
1.4658383144433687 22.642484619985844
31.363327811809558 4.2689193877268554
22.240884521803583 8.4141582408368922
13.464853194011026 22.404928360785533
18.892114947404302 19.159746171103134
21.698326748980133 12.880269774152687
19.921241695023799 2.8778677731628326
20.242678439179983 17.20551362703748
24.508601653871608 13.202595858334666
26.742684308223431 10.986309846638775
25.810535471869017 9.3921199995201174
12.708997823169115 13.734670886390234
11.492189636684113 19.281423051675556
0.033044277454766603 9.5758434041750782
26.125671318348797 3.5668479426451301
13.939969667361447 1.5035603966151885
17.923927696681424 7.0389115355586309
4.3784789012539598 30.589474855626914
20.283170687588264 1.0333383109076553
29.219513322829005 29.571601212219946
23.542487766823061 13.164966620101083
20.56131655948948 6.961983511828894
1.7662714579851071 8.7975015163860579
9.9648275947074474 6.55928056341891
16.1863614410005 22.977907365556469
18.516345403559406 10.968319455364226
15.704676037453504 7.6951088264864058
28.407681146477678 9.0834697201472832
19.8529155311602 25.956904791454328
23.26083687375894 1.331993327291898
28.466051161527577 3.2552318741497377
17.324951975170666 30.65904828098089
17.472497791987131 4.9450897700630092
16.22676551037593 21.945472039093591
29.667791789714759 6.3758637908664753
3.5062019924461549 0.63353566742421497
17.592644773763038 9.6147252867028357
14.130238219449359 7.0194949545285192
13.557405479909967 14.439198115731211
28.920218758772982 5.4051789538942225
12.741032006735523 24.421866743034514
10.176417235144692 14.396812031042654
14.553246494835388 29.680423102421923
26.959431365366328 19.118016367299656
25.454793480501245 0.94908498273463027
24.921281823211118 19.119216682194878
8.6460703862000354 1.9326222977913701
2.2074287948291231 5.9714340977538152
24.855857803468073 29.197246174871363
28.581981993640628 27.681475130698246
3.6617659218176732 12.256848292575478
15.833821127210133 5.0634200779988037
29.135169080674682 26.751941013450789
23.829338298028969 23.808811315756468
24.43639867314586 9.8902668716530702
17.991133628508106 21.321691105779703
26.103636413991794 6.063543818966572
22.559215874370746 10.690432820230559
23.869404059199606 0.6839557765145815
11.633719513992588 17.347038988812937
15.364925015528931 29.955216830396502
23.327968960312933 3.7337595150198997
18.904795564291163 21.112483106818384
20.787600930510148 20.968086427361076
5.1156282255973906 29.844084180576672
7.7924519336961939 28.645859371320537
5.1443364662622146 20.575995446624997
3.2185435967303433 8.6700619037295716
25.612201561497649 2.0524728496040154
21.159291770525584 20.128322358393191
6.1376158190181958 20.433380568721866
22.983965240989235 7.3358898857994177
19.116408398504564 16.738393702915829
13.093304248509853 1.8465551559014266
3.8905879762061066 2.4110313630715354
28.567216331545495 28.950377176445173
22.090655369543899 4.4016190797681389
3.1937841987251963 22.586176905542224
22.385855874453398 31.139530882963001
10.948431015983807 10.197227602449335
0.46349204065549904 27.434914671195948
18.316225541075376 8.9034316669832894
29.278712980581794 2.60163285336127
26.534497778436585 13.264408694619815
22.538908603385419 0.45400416416043815
30.164681849467385 20.607754703990164
10.517699045242427 18.254739420649429
5.9945396352083522 13.265236777473113
21.982312128886264 24.603698225918983
22.579504441619651 29.137291383339743
19.059359522338671 8.4921985964576887
15.033428072631725 12.178852971015411
10.901585936290431 27.113635193249312
13.776202526881027 17.298685289329082
6.570641376394752 18.754111983124474
28.375821656363346 11.834012231290647
22.804612248208514 11.587576221992375
21.522102668909042 1.8726228966948839
28.03792585600986 26.894231897468636
9.6669910587420667 25.593722147929945
18.461708590628547 23.167497218571476
25.611743870392942 16.533121164602502
4.9251495060970116 3.2704243559310866
3.32487796525001 24.015906694294799
19.796152110095182 20.710973733885599
7.8894651836340497 4.0708987101664187
22.054523346508113 19.630568860048072
3.5193524819810502 16.086124605544789
11.724020604969512 26.431235671554052
31.208964146026332 20.801207922323186
27.231170628382863 14.833357643864252
9.9945596977052293 29.405063969182638
2.9685158130583287 14.992841538676544
30.539475465153838 14.298069068739274
14.496742232649444 26.046382742455684
18.095063778230916 26.586884278122479
6.0168047504122537 10.652987131647004
2.6105533807621213 27.398952998269529
29.90243685456813 3.3041131502154362
22.310289749073089 25.790163080444959
9.8874350437232259 9.2635501272010838
25.247835573955506 27.749351447230435
8.5230369162121722 15.31937949014608
2.054470723296189 17.84060394259037
2.1201499710409979 22.187301392012614
20.732632785055088 14.798023582491034
30.930057862744153 26.263234600254837
10.873042726843194 30.872322539117924
2.2991053673809714 2.4577467365915342
23.790059812408007 10.928750722413708
22.03269764773728 1.1686318442799626
8.3151179169369449 22.424280156233621
22.847101149861874 16.35025391785118
16.329909036748958 30.337038542357803
29.897487912042564 7.7026438055109141
22.42989997574545 13.821835172772378
18.740828789857709 15.706923419148447
22.132821527809302 2.6566612076086282
27.471188727694813 3.7577955071967271
14.359373373242716 8.7635689602941209
3.2848814438384792 20.480271984420835
22.815280551562978 17.933171105767688
10.327924278152135 20.811986714489478
0.18538079634029775 10.636510356979365
13.303444016182386 6.6878929428511613
31.168634160440945 18.344969287550413
1.4999515052204788 16.498639712540811
15.589398247058956 18.872052394169355
6.0417116995637272 17.37887250982719
23.226331556369846 8.3143999383931408
12.774491163143876 28.756545805432527
26.602241666167885 14.217716709868105
26.335739413037874 21.936737907954569
2.5887064489919291 23.263193725491249
5.656474716622153 21.436214458405932
21.353868943915344 25.40021061158706
19.615377332867538 22.938742108382201
6.3880958887282588 31.520888732004995
0.27972577999268394 24.438476736681466
4.283960270768385 16.402906056088973
17.500078611229853 28.954516124589329
14.889170941191846 5.288511195669173
12.67731323118193 17.503556721191888
23.888371502145361 28.755350493271795
9.7473159631440467 23.905450698731336
10.662830043180106 8.9510039134144304
17.647560027051266 14.455854912259186
4.8576117081661101 10.283974624664566
4.2657463755057679 11.468140215041387
14.804098368028725 17.954362065565558
0.61232572025678889 8.8954721495745712
25.441282365127233 13.139148404104199
3.8526185069929006 6.8350746296603635
30.407773868068094 11.784597942652097
21.311063690604193 8.795134945501248
27.498817473519452 20.115901748080596
0.21942788065813054 30.95695005572075
26.409792015215512 31.395293791152351
9.9286749695253924 16.444063215839542
15.737591334845414 10.121572186323714
26.630827409931989 20.606611174006662
18.439259851389405 17.747080535380384
2.416264636220852 31.524185359683315
30.089325567578094 29.473201832415253
0.71837852427039783 25.605492272389107
3.1183203799151875 6.0594342632140314
19.940563575203342 16.240213364738775
30.001420608079222 10.526199192821766
8.3420958766693243 7.381513676709015
1.142859536607014 0.05494054592283084
21.595482974872866 28.20980339357817
27.211727258166572 9.3065039561122589
5.0408041956845651 13.579432209579217
21.546583635940639 16.207147725449442
11.97236495722391 29.480144814318255
9.5296112051139836 15.403619081784448
30.449082488014884 6.0329909042553336
13.238328440244764 31.083990137755588
15.582094132964935 17.430911184241303
28.117531513727009 22.57878181136919
18.205544694529618 22.319561571134063
28.444673535609986 15.282542135863233
4.1389492415988167 14.13053106766167
1.1772325279411353 20.160760593296988
30.156062012193736 15.311568093526915
7.0018257400840724 8.2050411044155123
29.487263032415672 11.652624239435601
8.9505067859417693 16.330013179827748
26.430571876247338 12.356178000413784
18.286369678424172 4.2362620329226388
1.5913488975937784 27.281456669840722
8.4016832707816214 9.2037170327743514
29.323958047880332 14.81658563555728
25.624501410770893 30.33894517788497
23.57987446759039 22.747020796470736
19.723393014023522 19.8322609128649
15.942264695241921 15.000977347264891
26.475785855962453 10.070310892703366
1.2838009041396217 18.617769755888204
13.227255780514538 10.718185132166717
13.86811166516517 0.41990006361253673
25.14489436237249 24.912573168519003
7.6287573583369728 15.448126414328417
15.177492683306689 22.095136124299128
20.628717829183039 28.312471176795558
8.1893798348036064 14.27224746687207
28.232420082420635 17.366763228311893
17.776045374489382 7.9175898067678148
2.3856861666562703 20.116089350046739
26.860599792151813 30.421212914141691
26.490495389703444 24.712197707142288
27.553499577766271 13.500191054950147
15.417518699160858 12.942437129916968
20.088372097606069 3.9148124519498029
0.16152005822514232 11.677169710288418
30.85432649397168 21.714125709455871
31.338456996505801 23.716961813631492
26.499277981582122 25.692195955898434
3.2668855382034732 11.030391485757093
11.284302021909395 20.781890086753041
20.742591289471015 29.604344027236596
30.902511167309246 3.3999064297394352
13.997842757952492 21.262440723679912
23.326313581186202 20.958320604367394
2.5308444341565886 24.894078579981677
22.327330449976767 30.060526035625205
9.5329324593436233 5.191928079558938
20.963602528415787 7.9528231056009488
22.144414609969072 27.497106750997247
26.432511247393847 8.6175436999656672
13.6721721024101 27.989679429349668
14.778387794171588 21.115239651961659
20.10679370276668 14.148712710067359
28.737746008495584 30.579016678382054
3.0511184311696438 29.028634701734742
16.26275423724827 18.11477811001566
12.035580334353433 16.47297904786863
6.048973136155352 29.15196002894162
4.1815308580092303 9.3530928819007642
13.948624491438133 30.441962774593364
27.818371413855282 7.4587207442700008
27.169781729272994 21.334255030256934
2.5836784572807647 3.701655449583495
6.6918508312088223 9.8444576540522419
11.850281500510746 23.979110920969326
12.161257841121273 5.1732782332242628
27.490317374089077 24.951300943529485
16.721467152376974 12.985542486287878
14.077030431700727 16.116430697574138
5.6094717294446959 1.6199096061444334
3.9694980123689345 15.022427456995402
12.683936606441371 30.200899198650333
8.0669540756039435 6.2134539164246521
20.00026332379705 7.9927762748699216
31.148144812674268 12.421347041328094
4.7172385700013919 6.4890603010408148
12.555743527149378 9.9903366312936477
7.7907177861402568 1.7714694441460632
14.221739976086646 12.767154800402622
10.621606232981929 13.635993558617622
2.4995685794723816 26.40015896831629
17.86742413124831 29.943785373400178
1.4122210237654398 26.358939335539102
25.408806372401347 7.3032834895778507
24.002087915699644 14.147288705888055
10.372109371246243 1.1340442256676573
20.547375967621843 10.560391759513818
13.113177351279127 3.40399923168955
8.0313923805035969 26.088118541424056
17.948945313538577 1.2385106006110693
3.111303789452776 19.319900825061687
12.363368244048617 28.041763618425303
8.2928118872185195 11.784632833246704
9.2819572478955088 21.97514492145346
30.246144286313111 23.763221018983042
2.7711838518567125 11.961134250819905
16.595691258443715 25.577693309000733
15.054469182193328 11.038069375463559
8.5271070444425572 10.722693140389762
12.705121107269068 11.508905706527434
25.379854710303558 2.8489501600596694
0.41747326976757559 18.134025867371346
31.183872878389298 15.148614347941681
15.077000222043846 24.226297803412461
27.845618784101607 5.2650713897783277
30.928610942137524 5.1176243533082779
14.878313196173524 9.8986534533431954
29.547262000667718 13.911411769194439
12.521097327181456 18.38028634489709
7.3257937249086025 25.199890197524592
12.451100849910235 7.1591976706055149
28.531117197774186 25.868090519130838
5.5129988529800622 15.918678659079799
16.682336142417228 6.8001437726555407
30.551175029494534 13.301724800233817
7.4655731214074308 18.928847158157993
17.251869676433405 11.54055943983151
14.508905028336418 31.236630073910487
26.339639387483082 23.03370845127467
28.015128200648583 0.9053410599848104
3.0594423280532674 30.232575653572884
19.72305898005472 24.856593899278508
7.0855187150416219 10.853712768856736
12.07012527221876 25.201556522361308
17.277978758867711 23.199631729045365
6.936573175645786 2.7696648242086059
23.389204509091179 10.062114819917841
29.048421577212451 21.710813749379973
14.71289031087961 16.857979692033648
19.897787305188523 11.578357680584435
25.072255567345852 15.667146177479678
26.251910584133594 4.9332955832582668
22.853554998560799 24.055026226944616
21.955955315047785 7.473991173401342
9.9777613375745506 27.108436172812191
1.8580418157404115 19.344322835015586
14.786915880413234 4.355857443533659
14.319786592084434 23.711991316568476
19.339440911080736 17.773455448248058
24.247193554338057 2.1938898138339251
13.705738234927363 7.988813195665827
1.0858066072694794 10.623688654806845
5.4509497407132033 26.371875583987613
1.7817570217578524 0.79174368823356145
8.9591578798581963 12.325079519288455
22.998194080605302 25.064568026599204
19.362928012254841 0.40473540739156944
12.340610436610207 22.361086275519842
1.635461120377635 15.474838924930031
13.576093096993239 24.779837785201153
9.0823442404765071 24.634480244939006
2.9059522090059247 14.099702836125417
31.508135294173812 14.056153332501106
11.286030288519687 22.071526855348594
17.374230691849483 0.045025961030647314
7.3702530558534756 20.893477474931725
4.8909097415866958 28.968583383405786
27.533666494490696 18.140610015567784
9.8953691083730693 30.580659369766845
9.5922855391632815 1.8617591102839686
30.800997955793953 27.177138257761097
11.618661765995043 11.570835032813962
2.5610051134354355 15.895701904580822
21.675514798235934 26.525169713091756
26.93883470301094 23.796988149929874
19.271343470400549 28.271232820706508
1.2552808571029588 9.7389260026020619
13.832967532232631 20.108686470382551
21.866624088700522 9.7026461094501997
22.161261328310381 5.9758451377636916
6.6816184785661408 21.501810808802148
26.852218568840829 26.711202769005748
0.57561477904591185 15.079058045424389
4.8017925903181435 15.409264146739135
23.5454136693285 4.538936953681211
20.675733152123804 13.224577765149361
0.94744239786070095 11.997686723863374
25.356495949787931 21.975262740673884
13.704462894071064 18.198517043680628
8.6614004781696963 3.2657571896989039
23.825051886095668 9.0149989426833717
6.4800514082123728 23.140045424650268
26.226635357306186 19.655512402037804
3.4237109049350205 27.71993039371408
30.017945092869539 17.376668290558023
23.726550583980458 16.647934204913128
25.58487631535743 25.724337740654644
11.419789653596746 1.4270107297364729
29.104489132861833 22.784928032644217
3.7810835938461498 13.290330462388123
5.5949368527994077 30.723212121166874
8.3838803072296031 25.091775162689828
18.724287807092569 11.777851610069971
0.54350773068211766 19.333269223912179
26.663965584618676 28.711614806933781
17.633937025846169 10.578620529503484
16.670255920706378 20.35721436107815
18.200317566940821 2.1201587688647643
16.998902042827538 1.7509072987700955
7.8697959870843723 19.819798072583303
30.218652449378183 16.366632142279528
11.459903066048645 27.820141619363572
31.189830844566615 29.132430108415495
19.983087218809477 4.8465065791706436
5.4712707770656959 12.331792073266957
5.6431855391563053 7.1236310368976845
2.2527241413931267 9.7879104944663329
0.60062975038245869 16.037573764519983
24.121871311760088 6.2679236025202831
8.4215032340421718 18.591470501997652
5.0910928875409827 27.204683079429074
28.116196895974152 21.518852965235649
21.76196566937972 14.852521855954842
24.43926744740433 20.880380345573887
5.8432387234492449 2.6370502030246392
6.4145768896084512 26.663484968071849
31.033384325445656 0.79423537415257472
11.666498752880855 6.5710276667169012
22.291306380424988 21.952077386902598
21.024831605678294 4.6332363445571616
26.416221036733933 6.9422201872646694
2.6193996893304825 18.501884966635835
5.6456186653197511 8.1886757490562001
27.046221341275487 5.7447454645498679
20.793196602450379 9.7000073416871135
15.31925542451391 30.956480214217184
27.310550359690982 17.001586772565428
0.32872546502372713 20.567166955698841
15.214719853441601 15.941042817045242
30.132147756450749 25.339869098379044
11.47125296524935 18.362952718713576
3.5320335383790638 4.496104344664519
16.591638183930623 26.541067982514662
4.2103261728381307 31.499372497701223
7.4127345438859793 6.940548903052572
20.962872935845944 27.199947349618572
4.1083044635911117 23.74340086659587
12.99688837780441 20.452086924417031
15.128640149528895 28.589997444416152
10.528414090192545 4.4219216391616403
25.553214313534809 31.328138368094876
24.11293305400012 26.816380842759212
31.383308803747394 1.6805363990808606
1.7065666580341166 11.379220054133715
10.738421761760975 0.26290503176017704
7.0898654736429778 30.995255939196337
21.182380476621415 3.6544790943779892
24.556838653796863 3.2702405594534762
7.1272774266371606 16.675470561752494
30.99564213482342 22.713035657934679
19.919688273601292 28.937483254533582
11.65670707471871 30.504890200446301
28.901471027592056 12.66135130776555
20.611859062096347 26.219832359473074
1.440888009891091 28.193385476503003
28.553044118634727 18.470997310884847
3.9414497338209378 28.714384708682115
24.050341490260664 7.2592477119760579
18.852295238457113 25.963067719611203
4.114898017002468 22.773136656802585
6.7941322370784221 15.295779220899119
1.1577066611710933 23.580802627121027
19.196676238544299 30.900479279323662
20.817295192009606 15.796633782484621
19.599675028958004 6.9396334536833653
28.950696906174112 19.628665517385002
13.502380713035548 23.566833067930961
11.539771903860688 12.965055945032761
6.5955753406281739 13.848875231935136
24.605412815511251 4.1286377275225083
2.2253008411356796 29.919006259037815
14.842930054809402 27.724917000892198
7.2310872148632788 22.261793159521574
27.990244211715552 19.253202859363931
28.822878555034983 23.682028577745506
0.14114834093939924 13.123062180554005
12.861799418047339 8.027553418367356
23.417805134867212 31.432597195810839
22.744703501885379 12.79640095336087
28.102153378157034 14.40737637408164
6.1873494494459962 11.604682054505112
16.59630799451956 17.008412504555839
7.3141347546020246 5.3986057144489132
25.845061475017701 14.992815268962485
25.767816994995396 24.129762359647593
24.593599733220294 1.486528106623433
31.328531191363744 19.45100429361786
9.8677515535908533 11.884724681941119
6.8535272173074384 19.9584424253711
22.418396189178221 20.496580704557012
2.7728886806467754 13.151918449782974
18.592490868927452 20.127279455688409
9.0156433486901228 30.276036545283059
11.100636315256812 24.513084603018175
20.10314147660128 8.9724323387891189
8.9724675358801189 26.169006403839614
18.769771445121009 25.02468104222557
30.757076930705047 24.667370570288789
20.563605267197794 12.340134757523446
12.599240220569119 23.235706145166855
2.4384796220541025 16.918423785403309
7.5286386795959048 23.187138132011846
21.800131762443019 21.188495235832047
7.1580806463624649 27.779499793079943
24.135588172290682 15.618360350316861
27.941996297272528 10.971516200581561
25.304888198737665 10.290570795538839
2.363126497002829 8.2580905431281888
14.867176080839087 1.7371117640105842
15.92793534611728 13.774285426175092
8.1536125952808796 21.505618604997132
9.1328504471455982 9.812761174832545
18.546861075059539 27.503517565665806
9.3672341177447791 0.80739509228611739
23.206947054422717 21.858398365687595
23.419045918385088 26.02809633837261
29.672334050065853 19.201619982808243
15.534793940265292 26.901712623022171
20.04559062184617 27.449949146024917
14.745107656490926 19.953309978153605
31.192881664112136 28.047184882496836
2.7427678576243353 4.8363316924269215
1.1882919045886113 24.629447310550717
3.8271055265872178 26.833457636154129
2.3856782311075504 7.0308133459301105
17.23922447217435 16.140672456801251
17.159884456586227 22.252835722778503
25.565220692467051 28.814915659993179
28.718372522005488 9.9074661357605205
2.0827747582318601 23.980152264843483
8.6399302318418414 17.353525561161149
13.540272475055398 5.5794649131793301
1.6325232008523267 3.9722879503872655
18.530886293437799 2.9327926870469008
1.8589117923407945 25.438155625999133
26.36787785568858 15.737465397856303
1.8776214811881971 14.618961004841299
22.580334354534493 5.0747813432942115
30.885287462583648 10.954356827864
20.162175939981744 31.494671762031622
8.405218965451116 23.765376007567987
7.2289048496020092 29.889720959914914
18.66699326131236 9.9209618244773576
4.4017239127306782 25.214355759453689
7.4584214478263373 11.675556863172513
6.6754478145522258 1.8548159401940087
3.4835458618561357 21.666741807456301
10.654166236101387 17.249399240539024
5.5260617693752625 23.823433770160282
21.299283135389786 5.4802341843394595
13.698354330688815 4.7502246886957957
19.518333633322307 9.6673154144517035
11.551880888454468 9.4655107159701082
25.662841292016573 21.060507159799066
29.026883380337697 10.827526033021075
27.419890816623933 1.6839308190296187
4.3780043514166422 26.189587848833639
5.9632548660034477 22.390705579187983
8.7315590447226157 28.312106468560742
7.1091207914355685 0.96874879073577891
21.636609373827852 10.704689572572271
3.8606141387722714 10.34499534402366
30.184969765949671 4.3226529376884226
11.541979330948701 7.7292924310871376
6.0809329613265222 0.76469605742825475
30.124570949045626 0.12066293246257567
6.3232507947664667 30.136609804540111
24.388402854996468 25.660247290528254
15.882228780720242 29.000269896218647
29.731065449360933 5.1407920097211637
22.84543501048503 28.334391755138984
15.277388156042457 6.6992555238207148
26.774897439120373 2.9947250622207919
11.898047563383217 10.648709057629274
12.049058422236632 21.321069887171994
29.936176901854161 21.725744104351755
31.600037715204195 7.6490182197022722
0.95755965202243365 21.584915836202921
5.5851564983496536 28.224260136297239
21.527058690434512 23.846108679889557
21.523247991289928 6.7177537171789687
7.9657842377681316 16.485529072349983
1.8563731710010902 4.9742476637464046
6.1103450829263197 24.901549929119138
10.826864790033762 12.369717395190605
25.582528150805341 4.2593076254906546
9.447540770191452 2.8419716657452203
0.36855299146935439 0.47709777638549156
27.270310362469942 27.614066637169085
8.2077881403834994 27.468884637697535
4.0246769855954323 8.1624600403090568
19.555630865674015 23.860961186744824
25.508346608257309 12.052248470879853
14.824031990555227 7.7652284251258905
20.586881243322885 19.435191614558793
0.62689337770965914 2.4653388006314723
13.463313802509475 26.140050380937783
9.3636523345364964 18.373762465764976
0.97033344484027695 30.38826824748665
17.524714394995268 13.388648499568522
8.8956008191952822 5.84771611710363
0.93398520045930566 7.9969345050116738
29.152415302379676 4.0349537055196771
12.363417326738132 26.928823692806855
12.280376738816814 31.337458993008479
27.770536854717871 23.565970657737683
17.161110203301888 8.6135291859924372
14.030678518154442 3.766226876464513
4.1107639588545108 20.117676261567635
24.372319931761862 19.914531054055601
10.016427185174136 22.67761428089025
7.504723362076299 26.782093785060304
3.9122812164873744 29.794130207343315
14.847552064718011 0.71433021692410292
11.194687839624423 5.8291002375268075
4.1203726234172482 1.3340386882937558
28.726219889534814 7.9248449679366235
18.984754765676435 4.8171490261512977
0.87270819502923369 5.227956272218754
23.357220582203247 19.976051146882401
4.143435455366566 3.6248142241554127
28.673849106497144 13.606460032747869
23.665431601947912 29.608789024981878
22.902480745934078 2.0901816499749111
18.79353022735646 29.721168402900858
5.2974000107718924 14.458125961488076
0.62028947306615811 6.7595139924593921
9.6993930791733121 28.198030719776302
10.703229702337161 7.0193775568599266
4.808797792826458 2.2366819767689283
27.213708312207508 22.469712420431215
26.62482091239659 18.108843449853634
14.083269653433421 28.774660495137862
27.187663709137002 11.816126598959162
27.516411374966019 31.039405465116339
17.636370357924214 3.4604039356704397
24.36152538467157 8.005440398071288
9.1288372908222275 13.434171789974542
29.843100018831198 12.759249026492041
26.320553761696711 0.96102714568887637
21.531197680359135 29.181389177802384
1.6775368007707088 21.004786318929099
27.738312358977588 12.668031348972185
9.3759573338723445 11.073512170802935
19.734941827864322 18.643493779687866
3.3034010470994128 17.199620483306457
17.090485200756891 21.153508950327865
9.0565184792016069 23.12890597606955
29.187222858335478 0.21584610587035258
12.551893224726683 14.777763207631361
11.739384629074449 13.909241613175624
19.026539275770745 14.628403342517943
24.662197980690777 16.763072917196499
4.6376499532137441 12.617819472681791
15.927434719911576 11.420091152076106
29.721879267441228 9.5950984648179762
27.053778254350622 4.4924892749395493
8.1715845995123217 5.0014519242734838
29.107846938993426 1.1942302586832336
23.347176700129104 15.298082203273813
13.252283073643047 27.209807723579559
22.587850333605765 18.896365447666017
13.634030115048848 9.3297840907238374
10.522267812088126 15.401931852671652
6.7561760090676328 6.1849297251336663
12.288829296170681 12.426110948112347
17.366273237929068 24.028437707758638
10.980584866192972 16.247541998273526
1.7890605635872758 30.837863075047153
2.3756676065093885 10.752668128872441
7.8687545152313634 2.8582060171751222
31.161158321457211 16.114348267792085
20.637482580119759 24.900853238905306
22.70924212846522 9.3773716999662984
12.991957107848025 0.5811456863774721
29.042429878226926 16.914467243938656
29.619384557400846 30.765419945904625
5.130673706358361 22.981518469200765
16.336320624331517 12.229555961376565
14.280907728348572 22.476436628826427
21.801060338504005 22.890721748739974
14.994319904734873 14.908706285533317
11.342675298672683 28.883745318820598
27.798751548041203 2.6346726914442957
4.7251130764404303 7.5994895048524107
17.711738234757934 27.959859322653706
25.491368456653596 14.048873241292574
31.015007679260993 2.5091427223222222
22.321141827427269 15.452382259970349
4.4371845295148988 17.46815842010545
23.531620039942112 19.051478719624907
15.603296941526043 20.130624607541446
23.038959423783655 14.385799393105769
6.5591347996760918 7.4065489016241814
13.102995850270892 12.970914971236777
16.306888085329053 3.0874420413865806
18.382121975560995 30.982027889696461
19.347596584614642 26.942456324739972
2.670070839755029 1.0620039748664178
6.0623488623900696 14.831858428806513
29.503604943567186 24.32543254765428
17.193269358741144 27.117436100430496
13.574615831834542 12.006212341221506
0.26038929156347079 21.94761730467183
8.4867339122646666 20.552319179257879
1.6520278593643092 29.248987049877318
21.094667099209314 17.132372412053069
4.8539415998117255 24.388120175880267
24.682617889385206 14.625987761466515
31.414933314977134 25.449120069067526
20.520416503059835 1.8671255608746629
11.809546563969015 15.523077192876967
9.7556643678318782 31.525089521954012
10.645969123944552 2.1525439646366844
5.2207299035666939 31.58046193195813
4.8947721586156376 0.87163778374220902
17.615103456817394 25.790495166563261
25.709182098578797 18.777032033533445
4.2925732378081509 21.196169928869537
20.574751254684042 18.233349668685474
5.6001175154747704 18.216234622336827
17.731260833612041 24.90264041361651
28.281358430196462 31.556849342598916
21.127341586703295 0.61058810926223073
8.1753864051205802 13.121373543995388
29.271697182760647 15.994252251578883
16.04025459908344 4.1397280297737868
22.674286177727993 23.132827621641653
16.660368925450413 28.219238405319754
25.296413354174597 5.4706744307663637
13.031999819482985 21.464763011534867
12.589502471557505 5.9349015899772724
6.8380875686829494 28.791234469169634
9.7859453337263105 3.93143250677665
23.293023822099851 30.395112025005041
10.456961010140379 21.807525157080409
0.21519537834989375 16.995189189765085
1.1454075384216631 17.403229642208732
18.574767720904308 13.897284645517971
3.2322856203657708 31.173253534689589
6.5762250750995932 24.110293719790896
10.516359756320504 8.0077771445966341
23.462861223605703 27.593490218942129
9.5906799098441446 20.026151842444509
21.406580077092979 18.773720018938334
17.919424885074822 15.267331572944006
18.753060766241799 6.3322819433108855
9.9503303706102209 12.979581310768841
19.154632693568693 3.6336479726977653
12.053752864048199 3.8002969047358395
12.756079291647287 9.0537550846981247
29.074122958412595 25.216154524836554
30.530072282674329 7.2848895539740033
10.27023579885649 24.787511209754328
22.959107405693032 6.4765805446962563
24.672357308181308 11.113179155246348
28.575983901511233 1.9069949811737534
4.4752580791577357 27.836526169414167
26.575908469710676 2.0273173367186996
9.1977327533005777 14.372652370910776
2.5874501521381124 21.305542819663824
3.7997236110411077 5.5637157854592347
23.53431784201732 2.8470099939018336
24.306142202090552 30.941424061069878
14.008077734321963 10.236170676162123
28.309489733981678 20.559749352395524
10.071622024022714 10.384134822857467
8.9541393180379547 4.3423331393869775
27.491257677369003 6.6237407819039955
1.9952824962001667 12.46632019864782
11.321279286319941 4.7115653296990194
11.187369424793443 25.614118731838282
12.782812411481556 4.4204497590600473
11.399479545950911 23.041388818591397
10.495995469155956 28.339359593612489
6.0437498583989893 3.5901217354139856
14.074322700900636 15.195413799898633
30.118041274204568 1.2230073591807509
24.50863347752399 22.758915519568273
27.383066261788763 29.403951416601899
20.511418617917155 5.9607218171767791
14.957664005104013 13.97091915046331
20.411280100047769 30.650397980304202
3.5099469372215184 25.020523755202575
31.349775756050352 30.017162449888499
5.8534645312978206 6.1592085387026545
15.701584714678162 0.42560666947755382
7.5588114207082171 24.259771249013017
18.145854260974712 16.564855581571525
13.365104164612129 29.521453025274411
7.8379779111633159 10.208846379648076
25.485718612734541 8.1674875216705072
30.096690293369605 2.0928221778565059
3.0611484381851111 1.9382995916356205
10.400815713177071 26.133875662748057
0.32425818168870896 26.62100267651741
16.111921582759027 23.88312922090681
27.555828090017791 25.950482643491345
24.759554446525573 0.21841218441742638
15.891022478667898 6.1685896499467976
30.963719715081162 17.287016260061129
9.3415430502292054 21.077888014754954
12.321879103534982 1.2559105485717945
29.310772575307542 18.044917190286345
19.660345285139702 29.928779805821989
26.220939002507276 29.672785267302356
12.794441457002717 25.74095520013443
7.4304872838400042 12.916149036610976
8.0869219759439606 29.606760238681996
19.588953378174992 10.710910532573651
27.123076745683079 0.50226851314250465
25.729112793187173 17.737891549324779
7.3624900197687575 14.210983889007849
16.039357427849311 27.686500277484345
15.824041903533816 21.10548297887847
20.624565607241614 22.867410615963312
17.518354376948576 17.35252449583782
16.645509372430507 7.6673363137598063
21.419184795238948 13.905814144970742
5.8407014116335851 19.327746591088843
28.036701990974578 29.9997870745696
22.263204915175713 17.004769496999138
24.355615702831887 21.718603477756734
