30.178265453322535 3.7181085479984106
9.6172795256925561 30.699045839873666
2.69338615320427 28.153239530832334
28.563336934715618 16.568622701395949
8.5133413081393403 29.271994535791919
22.324934130630716 1.2168568224233545
1.4292415334686854 26.802169219512503
4.034520729956097 10.493300129557953
4.9693486455517641 19.594600042396859
7.5110324654050302 10.315219246512322
17.599454005662075 9.1818362851583402
30.548888141593192 16.089742447483491
10.458854841902589 27.714104281677844
30.02326813997572 19.735881970483518
29.760990502110978 26.462329284838724
27.042642404849914 1.6454918710215352
30.044760485014187 8.726444676343375
20.732519136930147 10.819420277008859
8.8378474372986755 24.271615311031482
31.338690589092302 25.84876606699353
6.1091363178110578 12.037295605072551
8.5018107326697088 9.9817800289628291
25.445903194066982 12.898942843989097
6.926268305324994 28.87258683962499
1.536810930060212 11.798791600147116
19.24229925779138 24.340119447925268
29.609378851932554 6.534056434155942
19.072992906209144 19.232223047017857
22.962602195601907 14.336284750079493
11.438685358108867 7.7992535921293165
22.443372022217048 30.086087208905635
15.711489822922379 27.421971974331161
31.406095794523377 16.482040163802711
9.1585873619928293 6.7327910697096431
16.826653466886839 8.8889658824843494
4.9932630622282019 12.494276472180314
28.589217428776184 11.955875368546783
1.3236845384217457 13.830970553761766
0.55887537191758119 30.988382086092404
17.716896151288161 3.3083900351017372
18.373041675458847 22.606123715624289
29.704428540705088 15.039117470400935
10.594289513521616 8.1903444905376883
14.810517306514097 29.802460888728238
10.955783728737831 0.85590583129435527
13.601580902813245 12.637442191826606
31.160294753163658 19.701939294336711
14.40667077943502 12.778649389778431
19.071929785526972 7.7684553405272725
6.3443366667656091 19.278644789023325
8.1232060867023073 6.8169119363921382
21.250846224895689 21.01911763071654
4.6285372121926605 20.613326900008961
11.423587766180979 24.530350217628264
13.547864534313787 22.082305236488128
11.032788436122486 2.2470803981401919
30.658887115699859 13.967823423626736
3.0740815744993961 22.629767911470822
5.5142627404288183 3.3827423986424057
31.558975811769731 29.409348890625854
29.986401261269151 1.4963029800060335
21.797446387337295 28.998578488147704
13.710824163503577 28.320194821713422
13.560866106604726 10.401476936799966
4.1407487911064695 12.965992375902124
19.395573340312804 22.057145880736144
26.321272459988759 0.95252195814258089
10.018408125584893 18.626867128777853
4.193360643615982 29.086002352913429
2.6654556517684931 27.129653993271923
27.404415940198117 3.2421844664413668
5.4421114018324657 18.719330648914227
7.4028678011417925 16.647316678114475
21.587664311647174 30.08505101737742
25.493903361639422 5.6125186671524645
23.679012691333291 19.304722265481349
6.7977384472012252 1.5129444720669394
29.287617159552113 17.120613961673708
0.49151006968625505 26.254576138586923
5.6003293573466033 27.96613613049584
8.1986712921724845 1.5132813137148695
2.6908379668020381 2.957171194171015
11.916422345747398 9.2290642357461561
2.2945794518568907 19.146594697061076
12.1396997112672 29.461006723145605
24.298894778503733 4.2683069540161451
16.331862241699113 20.943488176171737
19.160110081341784 11.667004452193675
16.052716779899654 20.030617351483734
21.675738055815014 22.911620880589084
5.9033015022129742 26.101475994895726
2.894121839708641 18.14599399351729
28.220724558897995 27.699454859495955
13.370117952901914 31.226500996954773
18.389945929062488 9.9506714715954807
0.34010972962554126 18.368607562085678
27.672239957155423 16.137925970718282
11.641495175037548 4.3188462197728628
1.1199553194769756 10.196239397708208
2.373836277071506 12.677495774765974
1.4071454826688401 0.49488748460474774
16.713647903827017 28.907992184916885
24.360351125350189 28.780685314345945
1.9818401200517568 9.3603745877615943
19.190271166432627 21.051810443902159
20.515458903596844 16.527057033306836
4.8492927043814316 4.1734151294152975
27.415218110818959 18.554543262485137
27.402228501379135 7.9779854258104406
23.528739526672563 12.201020301154941
30.497414272565209 2.5147709062752077
5.5812547839111382 4.771389538323878
13.679583083818887 4.1609572065337357
14.569338259384331 21.605089210119196
17.37332278190819 22.70786287752648
6.3108485191063037 3.791166530912669
0.60498913026342638 11.714104746050262
5.4308159807687568 7.8352329394559153
16.288482030863861 15.897178112004676
17.688223133302017 11.306712620699388
8.1913938474247594 8.8313479497344378
27.12450393508691 11.750786463114499
12.080936706917944 14.88468585398873
0.088909270185947492 21.778211394031796
0.96843619550337257 7.5600074283688805
25.072142143072732 30.974280239511327
9.2978026529400566 17.822092513985393
26.533785720335182 8.297415458622222
30.630909128468922 6.981919623168122
26.592882776588944 20.957851337501847
25.055095516234204 9.6836854301212281
11.913521666907963 6.9471237488637598
22.162856070845319 26.72587286740789
13.301888077348016 8.9541251596730884
3.5828137365630952 21.464276218114897
13.886851868338553 19.046557826858219
4.8579033543815271 22.762414350096311
20.832680668370621 17.301788831386627
31.463001367172751 15.387253694891099
4.7747286310724384 14.647271260460817
21.306439783413243 1.6283891252857217
15.807067946970541 29.782929112098557
10.703325842822359 3.5141737463617146
19.653800630975915 10.60637211081705
26.614607648148883 2.5628128088302167
3.920385966043114 13.991231999213111
10.510162123706799 5.8077664914437337
27.010279488996602 16.823162793263887
25.31835183828753 18.380363615221778
3.6348932708776664 16.74467163809468
15.472536786179802 16.779196156303392
5.1017540134297237 5.59633205185074
5.1302762982337766 8.8255764141876138
8.902162718916399 25.812892305187635
17.594462980260428 28.136363054893227
28.795517105842666 19.004959658030611
4.5578672020946254 0.23944918460800926
16.100788569574167 12.366308228698839
16.944218606066713 30.96867570670485
3.4163012059407087 31.505878515362927
5.6352128466806031 26.940861864106417
18.255309625700157 8.3973561439406232
3.9014552216880398 30.799934147439831
15.722636824174202 3.0560058212211079
18.910136513739261 9.1774079896446921
2.7166330015408455 26.190810189046729
22.164021655696214 2.2906410711681837
9.9864847869293225 7.1384946143875139
26.8786055005639 24.018642638634883
18.24015740480338 15.226623095003996
30.614632007775711 14.913230099472587
28.75558352343047 6.8224005900225411
18.404682516343311 20.553108964573344
17.577529522306044 7.826431376769631
29.470094275623225 18.073582709586514
0.75301199111823303 15.641291021240722
24.274052018945948 18.190609375037671
2.9735976284603365 1.1355000092964969
5.5525322930588512 9.7979827174793694
17.442116424318325 10.295003015004104
21.329128993479909 5.2087173662382318
21.8157474560536 3.4152530844413205
9.6587226652641274 5.8176330317832816
23.933677024798321 2.371307206620588
9.042225622948644 11.912751296741257
27.918899676770145 11.207568736502898
26.216189440831855 25.650701706723794
3.0520777837012774 13.406298527854009
15.780231011815243 18.243203351038257
29.380248757284011 10.02663697445241
20.485790305323405 4.695472598942537
7.9876941523247211 7.8061671463922959
22.072392729178539 27.872591728053568
0.40656029947565647 0.53474271608096768
25.878039502154287 11.510027443711305
25.779283557340854 19.426416315023534
20.58585597646529 8.8575937624545915
22.907742582994747 2.7722769449099114
18.239379948083002 26.477742898544282
25.528051524191685 21.519312387107608
2.3522069231409479 13.972308574044398
22.762479017480981 3.8156076735980005
5.6032572911268295 16.756464111415092
2.9817209426344768 8.8814281834476638
26.396827544808083 28.490354158541244
17.540483908258221 15.86641285368956
23.734847495478807 14.923206279402761
9.0528327569144817 28.367289293497759
5.6443385964145714 31.584751803139103
17.616086181155516 6.8265603833740247
13.526570375900041 0.58607813466340597
9.3108261213886365 16.911849147404627
13.356703757437423 13.762556958143797
23.239392949112304 1.6840413058249837
12.579805535444354 24.432117511636797
4.9944088868562408 13.633150510453442
4.9132901450336384 17.385000537139351
16.669912708185855 3.3487433183723851
10.295090434231415 1.5794601261294781
7.8397949898281389 26.71050230041687
24.32935808693297 12.662065730158218
17.754183149347984 18.670887106207619
17.670494575729908 25.879093267801299
22.442370489907518 11.19204401361862
17.578530222804787 14.382405849929848
1.7854260521499101 1.3669870640602961
15.978935737116156 30.821576271643224
29.123225890814723 21.987773071077147
22.573683971169036 22.66028648650078
23.564424890731459 7.5460546133174118
7.5115164404626302 2.2064418871556839
21.813819226190443 9.0949360283783971
3.5950750823583806 29.924590241003933
10.918689799166073 10.146077357926615
1.4843887709278814 18.844563880821546
12.858828012857884 18.775166730739613
22.544867034621095 10.065264124973812
20.344585294627706 23.106096401715629
30.217026959654515 5.8550854192599493
17.755841018565544 24.565286474018311
28.423422048092736 18.042584282644693
5.5755744521390831 15.788245410545578
31.469049940826466 30.497015569611765
19.985516949597454 13.366830752456906
13.827181209199283 3.2980159021725317
7.7707498712533187 5.4919719029566059
21.97545705634327 14.057712365639148
26.927921347692095 6.9494822495283524
17.146503746082995 0.23864962139645982
18.520910552545452 12.973938024263756
11.49654199938079 3.2097870615437976
0.12881056812420599 14.403911018307589
24.180989558662219 10.070664712932645
9.385439803562976 12.922275427498796
17.009387087860127 5.1382887271063975
22.413040021174822 18.882575298777887
30.288438948840163 17.101558409989419
1.2306742822662089 2.1585512641232989
23.537334308646024 6.6457958164372277
11.461764149946314 20.16086157088527
21.722550842517979 21.803615023099223
24.623112605627988 21.066726106343324
27.897125378497662 17.401366324845451
23.312005692256673 10.910701303184553
3.2891468757020901 19.086958052920046
25.759585430431606 8.9856087671765987
14.556292027930201 25.97189951578525
2.7469884449870516 4.9484255081611161
6.7379878287361539 25.225163134306676
14.513074005715383 15.979076189146248
29.046835127851907 5.5416905804746799
21.919909206036891 4.4584054533708457
6.852692117124616 3.0084314815559061
14.86090412063462 22.457332001185723
25.787815939822032 20.485513562219861
12.292601960105022 18.008060372290721
11.242466850117623 17.011214219301216
2.9990280321720668 29.036172309565323
20.009254002955132 0.0086663475615860013
1.589480170385936 3.0144723836070386
29.669138442099818 22.968241805380291
8.7489068781658315 3.7032126763916557
15.740732227170994 25.936365511853332
3.9655770788806732 8.4648608848562645
21.26327278228981 26.444974003955153
16.972500046591051 25.234868391821237
26.152575178534153 29.460993109620706
1.3495332164525227 28.591097475971623
18.514277266613707 25.081285053862793
28.626562403509705 2.7385952400426574
24.659214529292498 16.024462427998657
20.38241663381676 25.88003882555077
3.6582871770310961 25.187640406958678
9.6112444441331313 29.2950826795152
26.507569426884459 3.7089704672546975
29.469571453030024 27.675202106104404
22.908632182205192 17.551550969045817
9.6783225973028344 11.137922112786862
18.254066328151019 2.4416172881896694
30.400156547680776 9.6638544791907535
13.968445130543147 22.975443587961692
7.390494013307447 9.364686710826831
25.809563777150398 22.295929083736873
29.976394981097883 18.805053107916844
1.4589964264419562 31.145233192109707
21.164227913867762 24.68387339382782
22.303579928583613 20.552158072187545
24.394456775693563 6.0728754930153235
8.1895373587851896 17.486935670013729
26.788213016746464 17.781409888332576
1.6685774797978619 4.8122131531213537
15.198620507211858 26.752880172666533
4.5150348112750871 24.674983880860196
1.1286064048380009 14.681222571117514
1.0369146368665507 5.6984681491364775
14.846768149274347 4.0015592344153132
24.700532219597207 3.0992093759756449
15.063678124401562 0.63562896054801354
22.175657840293258 13.11124339234682
5.8159784830179868 11.154054420429256
3.6921093968325813 3.1015255376326625
29.587355520064271 28.665208329106434
31.128723882491631 23.674695967299197
23.467644449610258 21.051634078195889
15.264904431382716 12.165717202992942
10.159737060614329 26.90887260058793
16.627319122024844 26.275279053942064
2.9842058043082842 4.0122969795435903
11.114886812207084 15.961826792261606
5.1130644057031747 1.1140297614456478
6.8590228013182468 30.125192107766733
26.482339833211107 18.869487515502993
4.6198349552990665 15.468262112760662
8.2860083689297976 12.698637503605331
8.5065588294409977 4.6348162407215883
9.8423459928057309 13.915288766350681
25.258684302625028 8.0833531398757508
6.5179127119156739 17.354774911429654
11.471530940041726 0.15489873134222526
11.144909566120003 20.888450745507541
10.45760081821185 17.824189888365147
18.598573188348038 7.0392164519017815
20.197452533517861 5.6177208689476945
5.9039780900552676 17.989947319683441
17.250008225207967 20.398081846230738
11.501729478433822 23.608558682381251
5.0712648990793703 28.789127179621786
21.248967903085276 23.768419499370385
24.373013274114037 27.242609997210064
22.706753831889628 6.2240930393150133
9.6859693149632147 8.2889730425000394
14.890436225259482 23.58525026133082
3.7836491352346044 28.205786886611907
27.044665939330592 30.091103873890518
7.610584749392606 22.616492467120857
17.151422462866847 1.497768514659604
10.462046215276045 23.036632934421998
16.607751910527018 24.251785970180194
29.384002365067403 25.531853287678718
11.477552969741485 6.0471143958370837
6.6104005830917165 13.549567311197761
21.650678644462253 16.245455351030536
30.711552839998877 17.853852118047126
0.64351369936315839 8.4600542330313946
21.386080980212885 20.017836178708581
24.971135731090715 10.849558626426834
23.746585757239824 8.5622614631411533
16.900436054187704 16.643443645728965
11.514031139919078 27.376799904728014
5.6730392507790803 22.250403394529563
10.421825453663599 24.122592687701601
0.8476615504078705 16.633503626688565
19.770071781382168 28.675223064101235
3.8800990073642909 4.2600388934524451
19.534458264403433 20.06450908078806
26.574142626961898 5.4178527373032432
16.118180637316986 2.1836559407322227
10.03334099190651 21.175445926586615
27.730717000953053 22.930177326310488
13.810781104295717 11.416037596319217
6.5864898831710184 16.23526325937765
9.8465584484052471 26.112592444631634
15.842933037651022 9.6648436413344516
21.077578599909756 13.353326975649164
8.8368877454418957 30.185494250554139
31.188223792197228 12.154452465964726
30.668891299204187 4.7003143163964562
8.4666028885080333 23.232818029471563
20.200304874662599 11.60959864272438
29.065280179136767 14.294375967119494
2.0520447234968588 20.16203250869702
23.227434393804586 23.482397548194022
21.146698147732522 31.124688178089087
14.661767292629952 17.241770921793112
28.826661767511972 4.4427377589871933
28.486130663933157 25.877696429919936
1.7560772650410543 16.677807181573026
31.490987348341058 7.6904099554642213
14.206116846286209 14.020537382733448
10.996667693947451 11.984539091393605
30.224375711499377 21.964874887885156
8.7486332381411351 13.680359594174991
15.422095154781969 15.697806451311488
28.255601729641029 9.1927457266944579
20.161054804447332 24.082544334227244
22.972285337583372 31.47471113768469
12.702223710670571 6.0344255112842804
7.9173795530569313 19.068909053405761
4.9836892232540766 30.91636053679218
25.198846835364577 0.84549753209063394
19.505658119877491 30.790615978207473
14.854554707010099 5.7655470429010451
24.400254531475078 17.324346563906083
9.1216348337986553 2.3880817096059124
2.7633213190613435 25.088795570385177
29.821356279997438 11.748987701073807
1.2771606613321278 22.894657225151352
28.293545213125999 29.439145800035028
10.497873066398602 13.160591667121924
20.818981049678627 14.241914892923145
11.332459190166244 26.568398007922326
9.9406264382658254 20.345148551038431
29.356953633685407 3.5545259731860672
27.071511633488647 13.13144210991884
3.0552462732280485 10.901222967717009
25.280529479550577 24.745511529459208
20.062320605405059 3.4574168531337799
6.2992420041484056 30.804672660698447
0.77365363344425908 29.6988953630193
24.524306941708492 7.4758730951302734
12.985025142906121 27.650311215382413
21.525422032243689 11.342323509086427
1.9986096561842588 29.183461036340489
2.1546768007301638 23.434188615134417
24.120790688193477 23.223896585261453
9.6145485654535641 23.617129424139971
27.792324012011743 21.301669491087765
3.8132005385880796 22.986778359063692
5.7075065124867912 29.952706148611394
22.683469477187082 28.842854759113816
1.8201806332240305 21.187176504965887
12.770051998535594 22.701141342555623
10.900788616546901 25.782731589819925
4.9564419365128121 10.494214550134245
27.832337340271007 26.633091215824763
21.744917745903575 14.97998129737323
28.597649330852452 20.683734384244357
22.418270151176554 24.731696149143147
16.926996229051756 4.2741470039880403
22.999809219816843 27.683750996089852
8.9290642665840725 7.795916138216187
4.4373832646279849 1.8871360328387392
3.4308205957793287 9.6937533397627984
25.699777146837359 0.053509376468480425
18.752557548528024 31.596486423581329
2.4507260585263295 0.36685243817352858
25.338727361611749 3.9115856294561846
8.0056384622820609 11.690859214910317
15.2645912539114 20.93648205053459
14.126873187728028 20.604356580688439
2.7236362982661881 15.990729550904662
16.886904777203945 15.046478511808317
14.43563829880952 31.523501355707364
20.432863813051039 19.461650083532536
31.13763454699362 5.7267573319411431
9.3963314827632036 4.8710267643287768
31.028711663980214 18.782125620772206
10.178300935098898 4.404796633729978
21.405405309316244 19.090019398556617
12.022402610120654 15.776631134550714
31.380408805978607 9.3044824170239391
27.119708847233049 4.4685452993572632
20.598919651834976 12.421930288512597
31.069003783824705 3.2812272107496985
1.7933862291493798 25.972847675376514
28.567660939470407 28.540238732242745
31.24654185674401 0.036231516889040312
6.6077496611601489 22.262911322331302
9.6146725845146346 3.5124776897665018
10.278012685887282 29.920244486422625
13.560311869528043 19.866432231125909
26.438181747328571 26.585541444950195
0.12467770975867754 13.52779611039605
12.660886953934201 20.200724098743716
15.853196965500249 11.123717365921113
24.831602880744079 20.134830077028496
16.423548541444006 28.063582318482378
28.174597517299357 3.6933946571140872
28.3292767321859 8.1206482980135863
3.4479119541668193 12.333306895016648
19.432415200359735 4.2643509177432959
23.447118782242399 25.472174098862855
14.800375992686082 18.148956209461826
0.17790080084168605 2.5175802632927637
25.7128143192365 2.9303394836007639
31.048098579315244 24.703683635594935
8.5776447269452181 5.8234304690648742
27.988449039572256 1.0974882802684494
14.217442043159075 8.125969471689686
0.59914780425103276 19.308895273002999
18.74232012883019 28.209071608589944
20.79651655649268 22.302523769029676
9.5993142790416233 10.23074097857309
2.1016307609413776 5.7822906417172879
0.13585356668229229 22.680486638918655
10.106583365428421 12.154753544457206
1.9540430465633487 6.7012922761720493
12.196898513769943 21.923955826092762
28.38213953938493 24.90377109675633
13.667621018746699 6.3434869032965464
12.790719621484707 3.0387924407162168
4.885172584568318 6.7824145322458049
4.1921558727946628 6.2978882566192613
19.756090598331006 29.661575114475877
8.54673405706842 10.876972834056748
0.52319530322146535 1.4279965053662182
16.479926448927575 23.393076732108558
12.918188722695904 11.959008471704019
31.562858133438848 20.438317005108367
27.639781337486021 30.893314150760826
6.0446936788880246 29.08582140405483
26.824726517123089 22.715975825575747
6.9453770509406647 18.702206366498782
5.9261780150605565 6.0407896832191463
20.744843831223051 29.457476087325219
2.495313572286344 30.979095941358633
23.309638971851506 18.394913439146698
12.659015579686926 30.387673436672422
7.9210963321501273 14.124059571895536
7.9471803255409714 25.629353123474946
8.1040722837403347 21.926261992959862
25.2901352639342 23.678549355013171
12.121258793171371 16.986574045908181
2.8021395952303516 23.978727690019824
20.380497086503645 1.4233679266902479
12.400618180216373 31.498127406858387
28.906295068585354 12.892666420429327
11.760839324061996 1.4756799346652401
29.38495215229506 29.610086464794936
24.552746731253723 14.712238900622522
23.988504874585491 13.658475275669273
7.7045240383920692 23.849182429390961
27.346102835047621 29.226090077466736
14.18246311744827 1.1882961801936891
23.52150135206502 16.906458752850529
26.320020131073182 12.331783973430293
7.4890578871440221 0.76173525231687433
16.089158303003856 8.3970589553584301
3.4172651359726949 14.71009280023002
0.2829222304071885 5.2159758411852826
31.293116125352213 10.312500102458612
12.776641990990692 28.784960478506346
7.6067639417372215 29.639507464767025
5.5929135185050063 25.173682925710661
27.274210726051678 25.813486587625452
10.042651768742608 9.4372021060444453
30.184082330064381 10.661122615370777
30.181811738500151 23.809925865219768
25.060103158663441 6.7318787681659051
3.7193958868953851 26.189830394060866
5.6727109484860696 24.249800825223673
15.83441518811107 21.854964215472521
16.393111871377684 6.6793338489936991
24.438936382114804 25.413080511690818
15.219441609162679 14.590460952400074
18.006362172396546 0.69524504548996169
6.139875126472349 15.068126990867597
7.8088738166038523 20.954840259443184
10.218493711902891 31.564321578755671
24.912021254033068 2.0165898571926628
28.886325226558675 26.909017838507637
16.692956093083794 11.249842214879928
23.500607776502122 24.502894652271682
26.655571011924618 31.260685363099849
1.4850951255904885 12.922831598257506
2.9736824734547564 6.5750219914412007
16.571941405313577 10.076876414833071
19.355293117927946 26.563692446670498
10.333672897833685 25.049918973234366
27.26361709432237 5.9408995745953499
13.146922454884432 25.138007485576107
20.068671997967602 27.824700879041171
27.365882487816496 28.255661211352098
22.512265727255627 25.73900405947359
1.7086118445245031 10.858403466781875
10.091029219718752 15.771948667085759
19.640917928309378 17.748373329914557
25.332230261156653 28.885110722937718
24.773549645741998 5.0098097435265556
21.773561504063384 0.54061122432209863
19.020536515898659 16.09100545395124
8.0170877054639682 30.697805034304455
5.3165708509667775 2.2879509961606876
27.18371191477323 15.360048864512843
2.731195036019721 21.32340433142776
25.810445567257922 1.8144136183336308
11.160181843918135 29.629723770270992
1.9679114075511535 3.8688884645691766
26.800993825037864 19.880008353500969
18.365601219461404 17.497549854491282
21.890565446586216 18.04400115948296
30.542687650426643 29.974710547857974
15.532012121613109 7.1807527906291053
9.1791564658344988 22.659831085091351
29.853803061612247 12.620551749229966
23.785192545614404 15.951493758895662
7.1568496564098165 11.250379048554185
27.872974957934503 19.339797084754867
27.467282524999479 10.178797143424619
13.174093335913385 17.396742850291282
18.211377115728695 16.593135031375144
16.760193530980285 13.727532321912296
14.588114380516664 4.8645381319734913
30.779399254903481 12.972997291746911
31.451150075610073 4.2262920787519693
25.363550931730352 15.464239452379037
30.746396033899689 22.684814716181631
18.680159605235662 18.345876669728206
19.875245197508875 6.9620634873761276
4.202412015594037 5.1576262530115491
12.96068700368019 4.7908503893542163
7.888328265530399 28.418787676734759
13.037317314515597 1.6749941573297618
29.475122994696648 30.492901307260276
23.164459755667835 13.343245549547714
12.47337458151177 3.8835551381226554
19.421568850344503 23.009949278417192
4.4123741411605915 9.3932152477762241
14.231023162918053 29.091441380027362
13.75032796784371 18.056999436616962
28.900427083731117 24.129316167131961
6.8204313088950332 23.324285156669891
30.057694908518926 7.6634164467284176
2.626729917163471 30.117989257377104
29.57309747345473 2.4613461732040629
3.6645093606435277 24.010815840186325
6.5199538483761366 4.7807854028638106
25.938614542479911 4.6173905491815139
11.214449837537208 28.677236515383921
27.487524818821864 14.092978033439259
6.8057951276970154 20.214057615782338
17.195907081700064 5.9631721866778431
6.7980371852967529 5.7433581851044444
15.922362086592415 5.8910807596318771
6.9860002584923535 12.258640781473176
28.215270570838051 0.16242411891196282
28.356717343072592 30.370782310907757
23.675181214612763 5.4693906082711896
26.046632473345149 6.4399533801470481
0.31528457409521143 10.870345758971801
2.9761784415923311 20.194463758329988
17.814984790866646 29.052881633116932
10.19768601306726 22.182635954090568
2.4627765461799487 10.150888330772602
25.104595060691853 27.910501021749226
8.4328253272922193 0.42621620180463254
6.743180020470632 27.115262675261654
23.261276266132551 0.64874356700955538
8.0684525489744292 15.457335361603475
21.166023537972176 2.6671605946004413
4.471113220388407 16.462044147525095
5.8801027369492394 13.02124645199901
1.3734564067581254 24.120415938237194
15.179558904769303 9.1169112916110091
6.9705480836837239 21.389194068888511
26.05521885854095 27.621052655435907
21.648267291373873 6.1654348217416572
11.924280725847014 10.24549449586002
28.129075636017969 14.854125927522741
9.1647714933475957 15.827741101043562
7.4446733979857527 4.4846917552783392
25.360131064179889 26.793395382152628
14.793072283671927 2.9514167154767685
3.6577048061802473 27.227860061457704
6.4561385686127659 10.504315253260666
12.151928588611794 2.3681395954331568
15.559515491267819 28.838322157678263
17.353811248141255 17.465248507919117
19.941801698295933 18.649287183418011
16.778011331632534 27.076799278755242
16.109699558616796 19.129813060354319
8.7865352556754726 19.927274556638942
21.561039871216686 12.285581543080282
8.9411151091340706 31.443222402458506
28.690453635728485 15.522272483033261
7.4739720184184675 13.088755608267414
29.15507243568219 7.8156800300461873
2.5661610401808725 11.674631837343355
3.3472237335178021 5.6331364118546077
4.1196221906259485 19.170119582736561
9.1114848246182589 21.728779738676895
17.734041649012742 30.057843071439596
5.7871098786346309 14.2690771864373
21.23730364169726 27.528224635611792
20.138975187569525 14.777483621419432
27.102069754747472 27.274779486433577
24.219241519360615 29.877924099369867
13.374615221259818 21.220347800430236
13.820902387978936 26.827139833345914
18.270433940797815 21.697951667660895
9.3487033700729292 24.949576015890674
28.204155736304013 5.8170806802809896
5.9359739942594256 6.9795896269641169
17.107463250565946 19.462071929709637
11.724445146027776 30.593257294433574
6.1681968105516418 2.3064080268261198
6.7507056268602623 24.383932492981291
6.6225752304594314 27.941977216106519
25.833527681926963 17.747152184261353
24.95894541512321 13.739898706697211
2.2756667863076459 22.320508851948105
12.858407607175241 16.291673016940909
25.183043878672006 16.887494165746272
16.060914464090065 14.606248098834119
10.837189507761174 30.858831437963648
22.643413887149428 21.501163705848644
19.384024641947477 1.6307821563343774
31.616448923494087 17.388979159178493
14.928508030463494 19.142130165459918
19.719148937381746 9.7616190063570283
19.221641293460568 2.6483720998574891
15.189798881563693 10.570390040046503
13.398177973613009 15.521365533433388
21.510196229135587 25.46278935738512
1.7820062193687054 27.708459276789547
7.4569798029124863 31.246527883659191
18.155696206619268 12.082316770477671
12.172268803351427 8.3615720965677518
10.959626928700043 4.9149023983567748
30.383249819315015 27.712517138877125
1.9569461154474186 17.8704307575744
15.792208811994151 22.884816956622242
24.033172856106621 26.431525951906288
18.653179202982411 23.665421443309484
3.8185651594241281 20.327277561211798
6.4303948809006011 9.4324303812897856
11.986203784160793 28.129850663698878
13.87048622973923 16.664512469196332
14.785803722782545 25.092283729795057
15.16287206369025 8.0324535828988424
4.7449038900389011 25.686703829933954
4.5380843078106343 3.0997740956728603
9.7210799785850472 14.768149258754789
0.52809062652490191 23.633724240635285
5.1340021610663964 21.385275034903227
27.825659773030893 23.868131101780676
12.810475812082727 7.10863560272493
24.231502296280183 1.2326718357392181
24.920442362985732 22.712858495228041
4.2589761393072152 21.919270701454636
11.866410030398024 25.319094802274609
0.44016292549057395 28.47216191546778
20.91218896531046 3.8477876740850583
20.771243878817558 6.4027487667156819
23.261084808890097 30.413614231534613
21.280792672197023 7.3391984344415251
26.902656282311703 21.788692107195697
23.704006185353425 20.222430881761497
5.9599042025458058 1.0559707542387833
11.190961002528969 19.06586441473867
9.3080309007526409 19.229950616545118
7.6168398986631676 3.6194217643209026
13.628590325645256 2.2877288618258138
4.4968477670255433 18.226542070437528
22.695170808187051 16.208700713962156
13.986294137483092 7.2712681513493829
10.674407525340762 10.971561760587305
30.447362867597761 25.451348183475378
27.87816130022474 4.8289946277045503
0.61977282432222847 3.3580010053352689
7.2473159648366003 6.6108828532264496
7.358335244817134 17.88251206174052
16.884191318744804 18.280978091172138
23.43418154295302 9.6716732790379396
21.45603857270514 8.2772327982041034
24.096370394345477 11.292312998168081
28.434248544287673 10.261695407759918
20.843669309822559 18.1885736105136
7.9195958481133211 24.796431635270594
20.360375651108885 7.7302999157130854
22.602560105693481 7.92442989526237
30.763735114746936 0.87818229433514006
26.737902569103941 10.805121514461383
14.309203550984346 15.007798062969052
0.86868140752565848 4.2796818302476716
20.765890241739449 9.7611600620139463
13.728841864805403 5.4149506788702002
7.861114862758467 27.643420555681601
11.533531552760099 22.756103227963699
22.676939309771072 12.203911134797979
12.634034231779697 23.558712538202006
22.641187330569185 19.776080265204886
8.5591774198336168 18.460335489950378
3.5708807667073512 15.587611466950694
13.916606305392332 30.43016604382138
12.100250574335741 5.2997188285813257
0.51882012523587251 12.718869233231638
8.7298421098561683 14.783982519670557
12.498248787952717 0.85345835158426286
31.111309203329085 28.277852630007608
14.607848813285347 11.523180688663796
29.004226354189388 31.334929672339442
2.4714072627912325 2.0805115343178628
26.604953445471324 14.516394008778828
24.390750870632498 24.248668312098147
15.834982003069763 5.0387937734542083
27.16053794285483 0.4265298352800968
17.652804169005162 23.645307098307843
25.856735642380784 10.381741394894886
20.751013799738928 0.52450266690578851
23.281946341106806 4.6500987694952629
27.620625083135099 20.277810756971576
1.0657130840616673 17.707048415917594
10.435795182345743 19.636825318378666
26.191577226021337 24.720298465466783
8.273760911188786 2.795859827500411
26.072565939213188 16.598250565525124
2.3667294402277883 14.864386805086784
21.016668467605616 15.512723376295165
4.7414755635596944 23.724344393496434
18.055930667564176 4.2314919238637323
16.769857775722645 22.076735338250035
7.0755683552927522 14.429857321985823
7.1176937906251148 8.2966653875703802
23.398630661933193 29.26373553286053
26.498280327947079 9.5853569517362978
30.991355867085904 8.4059651164571783
23.446874329842036 22.277135701016796
12.700604134120294 10.968653221213421
19.060497445606494 14.923762451209292
17.439817620422154 13.091180452615196
19.477727826284411 16.972409728137812
9.0650935872007192 9.1101669252725923
12.185694357633515 19.348592193535364
20.289580712664986 26.931519182302686
14.223123584918479 9.1784582789214166
12.632543093134609 26.877088491195568
3.9318764962037971 11.557677035715525
16.674619929353725 7.6106687537822539
10.055789011905549 2.5882911442791436
6.0571165829884759 21.074232181685773
18.341511448428804 13.900719961961467
14.944418093838204 19.972607854297358
10.961076150618556 9.0887663921817285
14.056854624929413 24.619975792393717
14.970256544413152 28.24333378894849
14.361116206705709 27.490781476436307
6.1462656134104767 8.4799440209258083
3.5185086395472132 7.2277399138792768
15.403873319733703 24.158341850853155
16.408099865039233 0.92534675697468571
1.7770163275122564 15.588178805582944
8.8207814691028137 26.816495670720258
19.336325994894263 6.1883666479555268
0.71321378675653324 9.4340196656551178
20.48772966068373 30.494053125447124
28.813769438576966 23.164874455629537
22.314184107156354 23.885930055280056
12.383230177316458 26.063024317760565
17.758632412801067 27.279659010960479
23.74062008269755 3.4719920915076563
2.655277453880093 17.032169008091508
29.737893321250372 13.708768944113867
4.6527739331716669 27.681943831956318
30.833967496282277 11.38463522324769
19.426912267034766 12.588301254312508
31.438257284346914 27.16978330070658
4.659657590974585 26.641484972550693
3.5618676352767951 2.0424483437785814
4.8680824338676336 11.598106542727022
27.331637484261638 9.0929247833728493
17.153979899489737 2.3893401506537524
2.8652316324788738 7.9775063710582819
11.00060189925463 14.18020840369276
20.234305890400822 2.4823284821536302
15.936043443314446 13.387598770946518
9.2148933133140414 27.587768425974708
11.756845018707391 11.268468756111938
27.766515217306658 12.563975433055193
18.29995117073938 1.5197539360029666
26.125958593480021 23.417294363849891
24.050320589727235 30.993324310499435
11.130718631953012 21.797933066160013
30.449176676332019 30.958639508335359
0.64663238609913387 27.462863202315649
4.4102285747586691 7.7122288735843929
16.126764780762301 17.357277506630126
1.1149164006446759 20.065725025657812
0.76769737280765904 20.992570684712319
10.236444096278895 28.569467876452791
30.918049925821222 21.27193916234588
18.009525986890306 31.054943664405776
19.321991756771418 0.74858511068404943
20.3425697616386 20.572824198863007
27.799988793498862 2.2348052165981112
19.149331492359227 25.660658543352806
15.520133272431057 1.5522877724915587
18.964731954664 27.424889943827317
11.404076911169815 13.121829078761818
0.33959184369911166 24.690878234097536
25.195823465864468 25.93331241517118
12.609579824016633 13.157848316768469
24.525479017783642 8.8073260344669322
22.26008427231066 7.1342569530805235
18.821251574328144 3.5472589599785631
1.2024661017042833 21.989340436895716
25.660018118745285 14.509528315237093
3.9015415220075993 0.87377555190942158
23.138673621657638 26.681781172340802
15.909507668896087 25.022619775512428
24.696613564249947 19.19864346978342
17.438104308430283 21.3190001525968
30.617985658212536 26.659080101391474
27.87578978265412 6.9848356776925007
20.217632556573797 21.575272980030697
28.795443572662258 1.6422276611688087
29.617102953703075 16.046575251874984
22.111258998500727 31.213476186822184
21.977459927323153 17.090040964680878
6.7677730869191128 7.4114278925582306
29.175778338335459 9.02150711500264
23.768032043026352 28.05781041358107
22.481237220014865 5.2954564980549996
28.215944184092965 22.100963199421091
18.192854595794152 19.673969012002246
29.754499497458355 4.8477520760974011
10.766549406894125 6.8954939493390413
15.813062486649127 4.1503965659575659
24.975078149525753 11.955338282878271
18.34606724013285 5.9784841242478359
18.777466267299697 29.226928131501236
9.7118335192259302 0.68338206726718509
29.254051292847098 0.80611140061070297
10.859923925623542 14.975989408555465
6.6529772503482603 0.21674924691743008
3.7119933158726464 17.741999547482415
12.073832751251196 13.965820138781108
29.103080573592695 11.1052072698205
26.015034311885472 7.467480072397497
24.285943804760937 21.928230085855329
11.38242049002171 18.186148889799437
0.84704690354182688 6.6221261341586022
29.766454976196879 24.606121011357203
14.429305206860018 10.147986297242436
19.346352548702875 13.965002367717226
19.681707512894459 8.539084838193693
27.383411145297053 24.948031715703767
15.860506821155621 0.13296868765005357
14.799172929718289 6.6544271832304203
24.312868684870274 0.23616848636459001
31.177551302426561 1.7233987729056286
13.058615465638027 8.0034846770849963
26.293720596848463 15.693419219200951
8.3467522182063973 16.469877042209379
29.447036168861874 21.126296747098305
11.998814056281402 12.309745178290497
16.79058039426361 29.8863071278844
8.8113512132059437 20.799344151206522
26.200852998605139 13.53403527918074
15.063234946584503 13.468629757402955
19.915902321447 15.745496557409465
5.8740130339627203 23.32759060456674
1.5213539464714176 30.119516895248371
4.7670040136078509 29.968781266457132
6.967479630883517 26.143399519966884
13.077313815405827 14.705388840042845
18.647996047019507 10.8443335115798
13.538897704905155 25.914943644613221
22.674064518805434 15.336990255828459
30.498741621498638 29.05230902217129
29.987629542030785 0.14654658631181416
14.665911336608415 2.0342967443773547
1.6868523776419628 8.5949920205324979
0.9255827523808825 25.36333578626607
10.263658759359737 16.807825037129973
20.087528848097147 25.091578014216449
29.010128165604058 19.887699692685718
7.1908710402553435 15.416098801471927
21.658249981585435 10.165439512678857
28.301640699283091 13.595706076302948
12.869285679987838 9.7291882346762417
22.752376233959712 8.869686353111442
13.361097660663813 29.647142507293474
18.189698666877579 5.0720496645417859
7.6531924378843179 19.927896659743617
13.704234369590251 23.83120751718366
2.0252796737590502 7.6269684806862079
17.010667761691892 12.300009597705396
18.754879141075872 30.246158797687546
31.534199423563958 6.6185292777600155
1.8873645733502551 24.867752170272162
19.245642013559966 5.1046433916082243
5.7303697457879137 20.146788739427784
25.101311658226837 29.944650812947732
12.352457718502436 21.058319528885555
20.933309517647182 28.494835095636578
14.986014167459061 30.8048884349943
26.046583486410899 30.482806188551706
30.249576019531077 20.581429724438497
9.1558281958507539 1.4255939498635717
