19.558101830937119 22.351223977278746
23.271281050949952 23.05952941264589
19.971808097256368 10.104191961245769
1.9688788432596744 8.722478455299834
29.75412003034161 25.297813097108023
3.2739622361749707 31.572963657690842
20.403659033853284 31.049308237077344
25.117894471998415 18.979464578779083
12.375758134705404 22.53740068635857
12.008634693120888 23.716342669241339
8.6926573282829143 21.681621485891039
27.237724382459298 15.00788775974398
22.52733931100196 26.743672836937048
18.435919627911904 26.337736530277976
29.635390860620696 13.372628627700516
0.22210426481424339 24.124996044029054
4.2030280717164556 13.508154132684112
22.562626803928335 14.58741296149382
31.378157097397509 10.093874657314117
16.003955980617896 15.243073947001443
8.4635485829808843 30.940580595271868
5.2164574501948842 29.260357514445552
10.860113628823942 13.201181276933383
17.241789850497945 26.365722331543907
22.44515322274809 1.6104074237194062
30.959272975282332 12.717895583896171
0.61266415894216297 16.995141020806628
19.271587073509011 5.9118567176589378
9.067994470084173 2.7171864981446356
20.674964646099887 16.165103704606057
0.88412255665505324 10.043777353497793
17.899062587147831 8.2128628400164398
13.415166099721896 10.506729548305874
30.415668738481564 22.414347815376914
16.766000874966615 29.739908461803392
14.783421692864129 1.8398471381279566
4.299490571108632 30.437028141596954
19.563004554693105 4.8378446540882809
1.0395993470075278 21.28804526216987
7.3658313263795678 8.6243197094341433
19.948260085355916 18.960370148416018
13.779869282908662 26.97810559787224
16.314663143516846 25.137300664799895
29.524537192116362 9.604928784277428
15.32147689113534 2.5759588650841052
7.2667589952289635 26.933877837298002
30.834148078129527 17.61970802726907
24.566986247333283 3.9150066043505607
16.108172423556876 4.2079038926366206
19.394685769932963 3.5991835611489149
12.233253160881194 9.0158517886403153
1.3036667758059666 2.741940490056221
8.7265083769785701 6.3231682027734584
1.5847788415718145 9.6500918918306162
7.2248353375858416 31.571970209615294
21.713428273558009 12.749426378942246
12.779266634731377 10.000034245786852
22.942168656255813 30.506210660160228
17.243583383083205 0.83451187674964344
29.054137447488063 11.830021600521114
4.1596555275651808 6.3176100186763229
8.9657473557766316 26.715683982290219
14.968888509707348 5.6578418121123857
2.0821073857685146 25.206418796002861
17.068306253039715 24.331240131083192
23.029198896873606 2.911858091586045
14.817257373428216 29.359598669560274
29.983101475169516 5.7638328927114042
1.596462428174461 7.2630931663353655
21.823977076165598 3.9003027136150155
27.314940328919004 4.1759643149513055
2.8237994198913183 23.750191222398811
14.582145749252305 22.516696428871569
15.0666397958988 16.587673966536023
26.266248152855038 12.275176922046418
1.3996064251889422 1.5567576318221918
23.909811602979527 19.46943661056531
24.418145217286224 21.556749023621528
0.088000480837507333 20.410875798124266
3.8878832928786924 21.97823313725419
14.799901172865757 19.290494877305836
16.378783781327048 8.3234989812795206
31.002764977642798 6.8165343658820294
12.389644987625148 15.761908001447415
0.36594239742486628 29.170544413747528
15.741210423390841 11.585601304728637
2.9981399001984306 8.9095529243531963
21.989251631343603 22.910347027684807
13.844810060848033 18.811613249848971
8.874987637673728 0.89077128668684658
23.67822533552236 14.781787838262828
13.920672158959617 2.5338438079822225
22.873433737430741 28.394850401788101
5.4238058200368044 21.822792123131048
3.9754093967243072 16.145457033732555
11.647175126024623 3.8178079246424992
8.473993135710808 16.410960173306279
6.2826365873484802 15.03389135269539
5.7082663194392307 27.218610413459093
8.7506557757196859 28.680809487546632
18.446891925763374 17.701969384712925
27.24301666858841 30.158042586486058
9.8556968115672934 24.086478109006883
16.262802393134351 5.9569356765899544
23.519294644935176 15.58595476239069
31.457739179788348 11.959144622553852
29.797448629225464 21.422367854695526
22.627173769895609 6.0564925142189328
25.250185234297337 22.153074966155767
14.612008694843334 23.811529811669079
15.218415085002244 7.2092611893543674
3.0863713086061275 21.109808862218845
11.893481181463565 26.782957734644473
8.1124818962509515 15.006598115671547
6.9424482119378919 20.071977477034338
0.42674205827693162 22.654784035306424
7.058997302053271 1.0707141191543654
19.547343929888459 8.8159467390373063
20.875088759555428 15.788321693913996
11.22681838473242 25.100966913938922
1.2022240421313362 24.938814500840849
20.777116239986483 3.9651642431220973
18.820292055028066 3.0074125016041222
19.624738704707514 14.903199005458397
1.5409834608021427 20.367734049941969
11.678929325264463 1.796601048589656
16.328129472866348 9.4487988439573822
17.837252449359625 13.367683550739049
27.223852331538644 20.967695649003975
14.040977563912859 3.1971067266882338
24.02315669172232 25.113355606698814
4.4200627772698722 12.618840535998222
20.2797882676571 24.180950222737675
24.630803193659158 24.037201570616784
27.576637989614554 26.020838716688345
14.198163309165805 15.989026593137607
24.522596166722963 23.143323894907969
21.355532046844246 8.4675033559719317
9.5838604646563503 13.862946167480375
15.183605500078762 12.285873599190245
24.069306338019285 27.709530563056578
25.834761741318886 26.603771259392985
28.290831967695091 13.402869022608026
3.8029970391039898 16.821740361128654
29.887889831119796 2.5633785958541369
29.738404893068591 23.674368308929992
14.322589095013319 9.9679565523759575
25.103176814887323 6.5906499240133796
16.519879168517765 22.138748754323014
9.4208279266756048 27.443243666430167
4.482060712744186 5.6154826379753642
3.2294153511507351 1.1725152790045035
16.359520561499586 10.652515459468871
21.766746282976641 6.8182648113185254
16.416907302222942 7.126352904373733
15.294792635471216 22.43832085686179
5.09977988632376 2.9496346637811364
9.9104054562584221 26.217253709955404
1.942785374880124 15.140558884223026
14.359638674054638 17.890092492207142
17.427316686398822 4.6493193177855758
15.598245551781158 21.440894313542351
30.707408456700239 5.9076110913334361
31.343990608702324 25.323709921048422
2.6913723728103416 15.996387730674639
25.846338352291177 12.865109316264391
0.34163391144172256 7.0485575763981503
15.268986695650852 27.769960117423757
3.3527774456378752 3.033947145360099
18.164371702343878 25.436968597476334
18.898207186761905 8.314763582442847
26.536305364295167 2.7859739758545565
24.877988483727311 2.5190845539814588
16.047985811152806 20.089780183073273
21.109380310978551 17.389573848694848
17.052562219140249 6.5945130870903617
10.438803366357082 27.577408268901799
10.069639632788636 1.2351062353226134
6.575595808234187 11.809982764520464
14.686441420850086 3.9851582044492009
19.353774006616227 25.501441547783436
22.164469383422791 29.924223627517865
10.345492556934854 9.9212625896262701
7.2139785326187891 4.0981337889951712
20.43795685708184 14.60206826498573
3.252492779256825 7.9953554418471651
16.693398954885488 28.214448989056688
14.259415553605059 0.080013318977142325
9.6557658469021064 28.40269697845898
12.252151227389888 5.8756714365480409
14.94854094647477 15.356296091943982
24.299758764174946 9.1773462423249139
27.178926631977379 10.589671826066269
14.102476570423358 7.0055849765219058
13.718718707955423 28.805482162235936
13.404681862166079 20.508428328547787
17.542122999752799 3.5908871302756271
22.428506972103364 25.539416654495643
17.246173437724231 14.040547641036252
5.5910733748130994 20.954015984657484
4.0280216582023813 28.00235711258637
25.9348440836023 1.4835159692200404
8.6111695171979949 10.929261487932658
22.426304827861948 7.4495227496457534
5.7555212809517622 13.140903620710453
5.7070009197705893 9.6816503629363151
13.714488718640954 30.881505024892366
26.757666465253475 8.2115659749812142
19.008533280574646 9.753055276524929
13.167635334649171 18.50620765160954
16.320506325491866 2.5437593794412341
4.271643144379019 0.5474512443952736
10.227910833067151 7.5409700124163095
25.285247825526113 7.8693439712179005
10.142262326765486 11.079862185565101
4.2330816928177901 24.700798586303979
24.107391408802933 8.3403303383281031
20.011558118542297 27.156287829229342
24.135392797087558 28.48133333942549
8.1026861504846828 9.8832766089065611
1.0813168230767127 29.584210112743946
2.0157219456478535 22.615320724596597
13.609187710213595 14.44586476928316
8.1211988132319828 13.029239983317217
26.202640068723408 14.7769321155327
5.9950436606813575 17.081960251578888
29.063074717360251 19.856208511538789
11.595008889911179 28.44119073280023
19.092718311007161 20.940217247888487
2.6407143995219839 19.714051685536933
29.019414318630968 10.767446829655047
29.303135755322867 19.15521869902858
24.770242311113417 12.443187717523946
9.7891999072652887 22.666696659342225
23.938987987234377 0.39080877034513051
15.206359891072708 18.418129752730128
1.179185915041383 4.7088307972633157
6.498240413308765 27.845194655662343
16.136191055360147 5.0577794319445166
16.281930287114577 20.993836957364419
26.496369464661104 28.165834283143337
18.58264693241853 24.163192214890174
10.211035902751499 16.604460098828746
30.563432120100476 1.8981673268339949
12.681758738879617 3.983459789881898
17.426856461468539 19.292559292855106
13.16137823778099 16.094203244008984
18.977613191411493 23.229631011409001
21.459750600349285 19.775757422601064
2.2592978129043808 7.77780681043253
3.0971569108065111 5.7282722286298604
5.4096412517754393 24.665835803316053
21.83395753094327 17.008044168298369
2.4811261331526189 11.348644762622204
20.900047247897955 11.897408680411425
6.8913651636873663 21.057903451916872
6.5326864432731773 21.704961539528625
15.803784319083974 26.745581198963041
31.373456776769203 8.4151431950535969
30.354578584755743 11.558661090636472
6.7493047810349793 23.879246156195951
4.1740927947166968 3.0923690348843458
17.94337682699533 15.042477622572623
11.775970496009911 31.615915975922128
13.828687662414271 11.471315268018074
30.522888625257497 30.429163707477876
18.171177579487516 16.737258427955169
10.739067874888846 2.1131317453258962
23.23929639241241 12.06902502576871
16.074324715135013 13.123212715423977
18.205589706635372 22.534357450200169
29.29574652773767 24.408929765307104
5.7975326242329421 8.6266204499454968
10.638165393275353 26.5564339225803
2.6196726395446239 21.910568333121709
28.30184629332733 23.704013950711513
19.448157416838214 16.388198516836852
27.430791525256399 31.478401481041907
9.103141088907007 24.301590742627535
21.337422133081542 14.748814377979095
12.489991138751188 27.307026514018407
13.314497811910082 12.798714515538805
17.392728492545466 21.020083421935752
13.460955125373614 9.213496017242873
26.210997430831863 19.825311150392508
23.96571169339305 18.525467714277831
14.333824957275842 12.307637011313377
19.870682507951908 0.39030968522933762
4.7360607338522698 12.027425489401855
13.253461945975614 8.4707570841116393
30.439506367207564 9.7754300671901486
22.632818680194131 10.430941019719567
9.3767360490848457 7.099714798103637
28.913135919669404 20.649514858061107
17.130906663689853 23.067856206919625
31.506401728659601 15.485444051151813
19.533838718405434 7.3309194271723808
22.001957245633431 8.4665583936902884
2.7890075856583376 29.713091768319867
27.844988946308529 15.947670906314885
14.732695570700953 8.3724725449500781
22.744569230699682 22.365441427502915
26.760713652190656 18.251804466254892
10.659530960107771 20.360745917661195
19.670275875020238 30.648056976614978
30.548620167559402 28.007458332651648
28.80457435954462 23.099191065242181
10.43531291452917 4.5888564427749214
18.083334067811784 6.6650238833194431
21.264302663436123 24.230691332450185
1.6494862724076547 31.328368339378024
11.03185647983975 12.038217974673085
3.2949838956273205 11.843430232284007
0.7331395067676858 12.220921482059435
18.486715644439411 30.382485098953921
2.8822549861706652 25.376058972040543
4.6074084300213469 23.657933486645025
11.048390391635699 31.206285729844691
27.372571031778794 12.207839398490139
13.823056654668513 24.997546161470691
2.1016577865142256 3.0048822286845058
26.164395254523615 5.9212950211944051
0.6515956290194691 7.7906934400463763
23.228345521168393 7.7457950669961022
28.870861462645689 14.117250660293298
12.790243118157106 3.157977255818845
25.128594426830261 1.1765873130576217
0.34684327615475918 14.365614983619526
7.6375694064820419 25.508973493346478
24.971862020619316 25.209684436342208
7.042189324682492 18.900519578418283
7.7473765635501426 14.087079151263513
5.0389702857285439 15.688566911794398
13.729828142737443 15.148349365946206
15.482002424077519 24.990682924799298
3.6676220575154028 4.133720373331955
27.221929839903336 6.2587720333026393
27.915409655520754 24.735752000413022
28.720817163336086 12.637918197210849
25.579501303416404 2.6040528387824957
19.966983455920381 20.337875282569719
28.248299075365907 6.1580235632176201
25.579230347578893 23.906797998747781
8.5240106399426256 18.201395535492072
19.443396001350568 17.237272943975377
7.6493278345336382 22.786899602470751
8.8603366900505218 1.6475609265626041
9.1290902739284334 15.056704830467101
21.738273998356714 1.0953552111683813
10.788578619382285 3.3573761103373099
29.353634431100421 4.8656987814633688
2.1365236782985417 17.929736195718689
25.602136581858449 11.448556411339773
30.628445757670544 8.8054446947291964
27.888665337104403 7.9397952711960658
11.208591606513988 23.016138264047111
5.5146328368029289 20.203299844507796
11.18185801658017 16.218153605035031
13.762731991506534 6.3265720988514058
7.1980086447185068 12.641447315257782
1.6794163811980001 6.2611665072356946
25.544391230738025 25.765971669484237
23.911525490209009 29.348587300835639
29.583670937763927 30.474117003269395
25.246094707888201 4.8470671580275555
17.425899736521131 31.47599903072539
20.360079786491983 10.966703504381234
1.4018091369251953 17.106502572404704
10.804215366275052 17.478699315214733
19.080742919328546 10.857587279546429
29.266883482117695 17.132330102328254
12.371993702002591 20.947467947859849
12.233464138936435 18.960598050140447
30.600443184632645 20.103121592097171
16.448237399747175 12.169899570282052
0.51182423249311859 11.090334165090693
9.7400196688887579 15.357187440076132
17.277731181243407 7.7401983200194797
20.589510168550582 12.83246991626638
11.036924815317853 11.123595800962486
28.513919729895861 25.094333852291825
8.615705144590704 25.663471923477655
10.515317632411895 8.9814125025186531
12.163454455102498 4.9545416665393054
25.876769847655428 13.929378970644022
23.051679934119541 21.445969984919273
9.1552942400941362 8.0059665123936856
26.077336554929541 15.714274324804554
29.926947831471292 12.300167232223899
27.265688905289213 18.675303622760254
24.636129861671854 15.857557455832277
22.276659546844552 13.162629703761912
5.4203285472881362 7.8747567394481877
13.032906515094277 30.211212068299684
25.117197132439106 16.464458745726724
26.270298370225301 4.8042137409189429
17.700800021366256 29.613918158328293
9.822730465558104 20.650796553497102
17.504463332255085 9.9784695123462797
8.5464018980407133 29.822940547366468
7.9717499876859073 26.623854252537328
0.45397210774002184 16.073121793237455
30.984187627354046 14.432461461740001
27.730657853860244 14.395346957323019
26.57068828700373 30.954402353969037
25.201198473855527 29.138172945497384
27.998501707440298 11.699017708230963
12.206146359234609 7.5678482994068119
18.449996084407687 4.0613976019108531
1.6667108361438681 28.515223456231549
24.079519956265749 4.9106422534451744
14.10227584866181 21.342254360824619
15.81232781455487 16.326091975405514
30.854826928919376 26.983716078690296
27.658354903073224 1.806024671136081
28.172385317633768 21.080808271672467
27.890093533542974 29.34419900473171
15.450951284744875 3.3888457646681114
21.286071159327239 29.343329578450859
12.20019248774331 30.451383764309853
13.616581890768527 22.113717354263567
3.2603382800741625 28.289747481696665
14.672346946526904 13.245806953124639
25.706838941307407 30.826457367891742
25.941859484491442 24.678627507657019
8.9877333205798724 3.7033609910306384
17.669506052233142 28.802155175592951
24.126269465384635 30.154434306685623
5.7287930755478929 25.527193603233762
28.423828345958245 9.6799611402290893
5.9171243886409242 22.941255297156289
13.723985249218238 19.857047996698029
1.9540289799198365 12.875462235726346
21.756888116953064 31.198063185765839
10.345138409043997 18.551017160122655
30.488270729803741 19.259039820313273
15.525674212390031 17.544534234421597
15.026639224230909 4.7844379004002686
12.793728139679812 26.01006023556268
9.0364465234863438 9.6165183627594288
23.312670665274442 1.68749393002648
0.37327880288179849 18.32678186909132
24.107398771605901 11.025367328035484
17.321439515003966 11.796822772379654
13.996701968211795 1.3472503945631602
0.68748775239613658 27.22467903028333
26.797070301893594 1.8701724149048753
16.47605642235095 17.336939273725051
31.586249474691822 21.272911960376288
23.969991059214102 2.4262759593624215
24.935699615581143 0.080282548785534397
18.287703732395492 10.764754429690019
5.9775952161797763 1.8220079181036029
26.157143239141934 19.328005750057311
18.709122370333304 12.475922343841109
5.6674010657678515 6.2831463217314942
7.850635841696695 20.807263889821314
11.317109378634685 6.3331491572862415
16.261799032406778 23.877025502496377
23.18512637648238 20.222457054880461
30.36041317343615 31.361219328162647
24.480792152287734 30.973213130751795
3.4949437110328527 25.682260185813561
2.2247823556341619 13.960040041584485
21.006652922556057 5.5064484536699148
12.773109101342124 6.357023440582183
12.642450530714781 17.716311182124933
10.017850284914866 6.3870005338192701
4.9285279866106393 17.802554218909641
24.619182107738748 19.984695386505482
24.03671996863855 22.469033216577831
3.5839740083485951 24.279885368445829
6.6865313805641149 24.707265583462494
6.9765043899044317 14.248559407912243
25.784972196227802 8.4850912285167475
26.860506182864963 16.10169334876127
0.11977365270147615 5.6520271876928039
15.401840085029727 30.771586924485508
8.9309323909167464 22.708076939636495
20.908482332272609 26.042134965498651
6.5465436873114626 7.3160116283965619
9.5471644091803203 30.546723245500043
5.0957061001835475 30.497238040741472
6.6617104649461618 2.2185531082738401
29.843747656137364 10.684513877087664
11.193834874791875 27.766618517072704
17.378647332114884 21.955093441046692
4.144128527918717 8.4079170123080917
3.4248546607168673 26.925535125706372
6.7403861070097353 22.713863667803913
6.7378069024643592 25.65261473048999
7.5023396294304261 28.070811896556418
2.9197405707159558 18.733139202376698
0.73498770683426407 4.0586983656609057
7.6599306342915447 1.1900420190239365
7.6542568581050396 23.913972290616858
21.137370111772722 7.1634086570186097
21.33788624296762 21.961111592464938
8.3582351489240736 27.732113462032803
21.645541943630025 9.6496316185225819
11.099479334577946 14.630674729875288
25.990085049150323 6.9825701105877789
19.328471796340988 15.611341821493761
27.869619542951568 7.1072258514915738
7.8230362456295763 15.683297416057943
11.714620927112133 13.676681521005269
1.5603076739108872 27.534257613481152
11.843555902777059 10.435657644154922
5.4346864451816996 4.4532028324056281
6.8572487157962492 6.8850543272917539
28.549540317382199 0.16680314923542164
23.261735270881545 31.114048969471682
21.386396893748117 10.359749302385506
7.3989943425163602 2.7258155859983524
23.11228551262365 0.61643303092011381
9.3703127590665485 29.595106176059151
0.57248434940988724 28.255282268970394
24.491375044091193 11.854993577372687
6.2237784114805432 19.62902065978848
23.100978784882646 11.065454540545796
6.546689653288114 3.5654075492417947
11.519552207380743 22.115919996208017
1.8703229331651854 18.959262994064115
12.748749266344342 31.459318957421178
19.883999018482708 26.204926064287523
26.290748354883998 29.746383596260237
26.727816350850834 7.24318023840791
21.816984843886935 20.577316525402612
3.4275284521229268 15.339846944651068
24.332151124991114 1.3789862173291634
22.188582043957997 16.09646334284475
26.909817191225759 24.708599358411075
10.204872597351411 0.36606092596939843
10.372779883321339 30.633609442465954
7.2701854786407942 17.581901466125096
16.477570922861879 1.2427762467252534
29.509648562101368 14.786629562214904
22.23984369991858 5.5907182585171622
4.5905380733254866 0.02002393292665287
9.6981152764369565 8.7828851223526314
4.8706662813878889 17.075666230143423
20.558890065259259 9.5212460429648473
29.470880489247424 15.796389333403734
4.0409920370398611 4.8962885159861642
12.087830081310324 14.965672137966299
13.545967167231428 26.155620124068829
6.8166449160143943 15.638181488839761
13.935994747148944 7.835808863423221
2.0054973952396371 3.8756947896593341
25.747555794987246 22.942313816488614
17.559998912941012 30.75769338442116
11.454841603965763 18.594160681405025
18.431836659575399 19.613337750564405
18.800750666001747 13.636578652954418
21.405057163248404 2.9742444035735636
23.958438600811807 3.5165086300057014
1.2773305786134315 21.852260463720505
6.7650919182439049 16.48695762074081
2.5021107451399454 28.07323925098747
27.311828146725105 23.613947853936214
4.6561544320741168 14.991892057622676
13.991932585200347 5.4216724469262081
24.68000072569847 10.361192954740721
26.367358012485816 22.17525340328714
2.6972165118267029 5.1834823527630691
8.0385235938239656 7.8342993015906375
20.75994770211538 6.0388684181218162
5.581285246707222 16.180535914913406
6.694244269795413 8.3978524382010793
12.402998930212247 11.209665178678566
0.8139756724227023 13.147973797313123
1.5493281095005276 30.47006198913693
17.022557088725165 15.602262036722449
7.6395838680049621 30.401340022726533
30.526595039056115 29.181965252684726
19.543263046506841 1.4636265261854609
21.979117051934342 28.603846719478355
5.964484507594797 30.443729851249781
21.290730893998205 23.204376002331013
12.940201180643221 11.877666554452057
13.216591131551398 0.49250628491253434
15.630421724011512 9.5557915110185494
25.503005153337266 27.541713078840662
22.93654713511912 29.354209056483999
8.5700451499782222 23.466696661135117
9.8895617018756088 2.2455006041446737
13.820430761986204 23.231450610827714
8.7125492704510155 19.632310777591584
26.019288441806776 17.743138522532242
12.580039419991282 14.35765482618331
25.946145473163959 0.28368091952331043
3.5331054803698714 10.515785999307377
7.3181381110955606 9.6661064116912314
22.136446891382526 21.363489789066264
22.957464398190101 3.9585018622966048
2.6104228199344992 26.91778123570683
15.628013844697726 1.3728073156563276
9.6539402180338367 19.625598102624551
1.8273566835269184 12.144670045943634
20.179355521274953 28.946713943570366
18.606839633510422 7.2783255810699057
8.2630158706858019 0.13407146538498388
21.248458224053508 1.970032973471409
31.130908933404598 24.050023108549983
30.461099269186718 24.838020069873938
7.9676605990032296 19.763204007925633
22.302921483876368 18.858358419491662
9.3380231368325877 18.693336680937595
31.516711001889067 13.428808773550733
4.0217704637802036 23.01658142247976
16.538861613206272 25.950062523679669
22.223292137913322 0.17187004304345174
27.038133482079225 8.9473807144163811
3.0559650658010549 17.554277203748338
21.650931801308037 13.991230856974376
12.611442941988967 19.762615338120792
20.286829351480804 2.3431146268404905
25.154546673862633 15.048884127296171
7.7709552807347961 18.606905489244603
9.8591200021588783 17.611406096793722
2.5928066312649087 6.6387924246230083
17.588993967880192 25.055318773987779
26.748675873958138 25.549624798172427
2.2734806287424698 20.851098104247619
9.4824662326715856 10.440080945742128
15.146587568665256 26.012469135981167
1.0569332221838024 8.5871770466102912
18.27673110248622 9.345989179619357
17.534076999563691 27.152959848675966
18.104046228284282 1.772101410027821
29.635865096703107 28.208657649243033
29.586476182753898 29.34423869082746
28.89241737662007 3.2994821029128047
12.926130963413497 23.231526087259141
1.1304372569280661 18.242015269412732
3.1362459442885768 13.449552913081046
6.6700371023219933 13.383740660956567
27.456706651993358 3.2022013965640568
14.57439885787732 13.954519361652656
28.785117030480244 5.6448168159792944
28.485051353517914 15.17282825186656
7.9972288158192821 7.123842300982127
27.850194624277936 19.50982395393007
9.4374116993135626 31.573989988584934
29.251874670011766 31.49969634390008
9.5739934121877202 5.5605460657301728
27.187903032978173 22.085331150466743
15.6257494344786 8.1148018769866272
3.11774449926429 12.658944298095937
17.890855164606151 27.905700888383347
30.23109461398095 4.628343530906756
28.592624158065579 18.571318691911877
7.7630177567159322 17.003612150925782
19.501719615766426 13.773566441409068
28.12008473806269 2.7919822260748961
25.13567440854932 5.649917028822629
18.182475152525882 16.048243883459396
21.320512544080575 30.401199491424741
30.142694534147854 18.439743064271891
27.529966009734267 19.980238859654538
19.176742923620093 19.677001879333936
11.172324188864479 24.170161600094865
20.551482301739597 13.544700228584023
17.305567700722502 18.410933632492295
2.2462816701601516 24.150789170327652
5.8501851546081056 3.0799331088273161
22.752986872311396 9.5211980465758828
18.855654395615034 27.902149558352292
13.115974785088799 1.525741208986513
12.14513260392147 1.0037260268924972
11.713256084023723 8.7112553907365324
16.403219189635468 31.424339619150452
4.3817979581471187 29.247595959628267
25.911619086060352 9.7853893371405132
5.0183417937243373 18.875726255660002
0.16495335795074914 0.67395854047458703
23.043351465801273 17.038671395248087
13.883673763715574 27.885154415612092
25.458071370481687 3.7371260427938577
28.68374266888743 16.363061366466017
5.0042848168175782 22.593106914035033
16.317661054616231 30.364415015153099
31.481343328877777 4.8750253008287983
31.147242486154116 29.595057001535466
18.230512702408991 20.713565329790676
15.376420997514369 10.629195779316836
28.604106625817863 21.881336702876574
31.063470252427802 4.1928093869953971
20.652574865131704 19.899518913592665
31.29556198176866 28.090058475213819
4.3846118911277472 21.353232031733711
19.115516757648162 2.0262724857231906
31.433570629465255 1.6936795315483695
22.185019853770598 24.277551985552666
16.710852617826113 3.5752458535584699
5.7142474884914973 14.465857511131409
29.075385990799603 7.0629241941792573
6.3066221970912562 4.6484200066497534
9.4875292805191247 25.372645000519725
23.047750816054172 8.7687876142203081
17.851873028901913 2.6582127932938033
24.601288778325017 14.439498394261694
8.0898938784233287 3.4951088313481775
23.819938968652476 21.019925518310824
29.272053775533269 27.41696911356205
10.393538686241476 25.048685404212435
8.1449332790504538 24.719275779669353
2.5187016202285859 30.815099698955414
14.777317946585487 20.948663912671293
0.56871590088955115 1.8964061766437674
26.357157224788743 3.8163705122218121
29.850001889160044 26.725619564351422
0.45669815871556718 30.571996989088603
5.3873526692816194 1.2026091278885327
3.5074491229437088 30.659425534583342
18.315439640264078 11.778972019329528
27.900873932665597 17.155992503919965
29.429637409877959 0.90106150378228644
8.4788617368003045 8.7976381114610707
18.929296042549822 0.43086170000157342
4.6172068788984362 25.581451421311662
6.7931500826325939 10.803719219735772
28.029095445950265 30.659398647713488
17.338538813891248 12.79164138139158
1.6381480884201325 0.69675678990126511
16.371529518550823 27.363867904067156
4.1564890487742403 26.599061110127344
28.414906581516771 27.857711575546009
14.128701792165547 17.119066916325433
15.246946525705056 14.550982681991645
22.914698405500872 4.6494375773754566
20.596245374306083 1.1982561812660968
3.9015885464586315 9.6004717025222046
28.856689209623664 29.018993286686818
24.318099870525998 26.19774612440736
19.214784230811293 24.648313234584442
20.913359080790524 0.27115272597116508
6.3893109568532092 28.625808078039555
29.612078957138515 6.7261770569666695
15.201703343430271 24.03085159307496
24.452464661315492 7.499591422216966
6.4107858022607545 26.566029333445297
10.380231535190989 14.303301526186825
12.51242869560294 24.5047856102818
20.41498710576068 8.4971599105244344
11.661764238120231 20.008683383610784
12.807898469479767 21.627862810737803
0.76435851293147095 6.1365073039641009
3.5561788926713072 29.314361951412408
31.351922273869533 2.8963153757624296
1.3313107667117561 11.138074715852015
28.694309450742988 8.1584233372173784
23.997220391250554 17.444939318557253
24.010171648570029 13.464957321737222
7.1868013392103762 29.654271868055815
21.655901153220974 4.7383309631124719
31.554362554239869 30.836064309564662
12.150657916789497 13.051221518328814
30.920986030007125 0.32447711208377283
2.7716142910831802 9.7836098831560498
26.953501097467448 27.557429154589205
29.628895585333851 17.72111515155618
2.2771035680234872 1.8541397852359389
26.813799000260566 13.734923807309963
10.13305603354307 12.910975752798656
30.237738983204153 1.0435100649634794
27.326231361363533 13.114293067606956
4.6272987337097646 19.712957222499185
19.783448905314067 6.3095464168665698
20.504397944395386 22.594328009670306
12.010441887944632 29.128269635115821
30.666266875826807 26.047063178626395
30.194993642158284 16.482365422801614
7.7508992379204207 28.957252585608369
10.776215043672517 19.353589133794209
16.106118485859035 19.285948702392574
27.108647958681566 17.119247039473219
1.6809184574295557 5.2729771356999997
14.685474438482217 9.2238846977683249
20.319970458329383 17.365066289495687
2.0357499123551732 26.383545228902019
31.372261362259184 18.794473537975726
18.450990393787933 14.655331794006408
26.721205729645821 11.304138854349711
12.804186792955001 27.924523256524118
11.993889422406729 16.666259063664832
14.676485528859883 26.775960819185254
10.68024579981504 21.793083622185652
20.199040142380689 3.1310024551353917
6.6966235967853747 5.794760242299021
17.179842906322374 20.088085000936459
5.7709485572268679 12.294361449945361
23.53344447278284 26.455582243191348
29.160543019437586 2.1025960428407959
14.876111494104933 28.271033858362557
3.1112283306424477 22.798285708967533
6.1260592276402148 0.54870249857886344
2.2232018996689815 10.537044729454649
9.3567094759240561 16.322107350856847
0.093888918001858057 26.639496290875609
9.5646690623340866 4.5384947502274642
18.162479649940074 5.8503042835154204
5.0424121380258979 10.932053911358365
21.52971839743963 25.264471451416835
28.038227407231208 9.1653845113077619
17.232191725158678 9.0568426464834086
27.967774468299112 4.8813084894399141
16.194548137827738 28.732100157451949
10.955878430320473 8.0512870175668994
28.255937647819021 17.947348864249264
5.7994957472492912 11.109735692036104
11.406213159570427 26.055388643553734
8.0657165589918538 2.2617699696042117
11.266996688954057 7.1199562210798213
20.836175503820066 21.197107719732525
28.118477171072779 10.666015946213045
27.903682014634239 27.231613116218551
5.8516167375180528 18.624746917847371
15.76492489255314 0.26893263094674552
3.9673687920329499 14.391990233532631
27.796355568558489 22.529744446954602
11.86545299410399 12.131176779617427
19.563945531255133 12.522414543443183
6.7146491985039454 31.005955012472302
25.61990281183839 21.231667911756936
17.209277376239349 5.3928472829191012
7.7966031807155121 11.94759060473663
1.2201167291904251 26.21754176080189
2.8835401059374957 14.613258161783822
26.013173067805486 16.861848922470635
19.447944597348719 18.297600685619312
16.646472356274678 14.550482786760393
15.578738492511803 29.43450134166822
17.370475621541324 17.419809282407403
2.7367291118751802 4.1423950968993255
20.016130258538073 21.461442939595976
18.659631553395421 21.810323565472963
7.2702414442976986 5.2959433313393252
0.49638473587945542 25.532248540990654
17.135420612199979 10.840702745268224
5.1792009692950085 26.397189924725495
1.4372354453906804 23.179124416209941
11.679158671310692 17.593974797879518
28.583683939358746 1.5289004202052101
12.687464353914349 2.3100564585786518
13.30000043880179 13.462767016191277
29.645771902881734 3.7468970425594361
28.480867343270944 4.1916354554300881
5.6089521131846771 23.882475855194745
3.8890784294930354 18.027436346054973
22.24718280854125 2.7180621445975657
20.334216300369661 29.870319427525622
6.3966074861401339 9.8515739770587558
7.6648412505173669 10.982708497668813
13.22894090006298 5.0104672473421239
5.2356340567576654 7.0165385152277189
7.8688301007967887 6.100247453617067
30.718164703362437 7.5299232735422539
27.733298860766723 28.590318206020068
9.863678074732114 21.663478687078836
24.740930733870226 26.982830676784793
30.487586277190868 23.341145985293142
25.26377226308216 9.2585903465613697
3.9228181540694362 18.913751666604377
0.69451131736876914 0.20248696565007165
10.370028187663239 23.343540293545871
10.678825233637866 29.55047391315631
2.6009743033253683 0.56774778275272852
18.145704712740113 0.85843169375268935
18.427448655708865 18.558074909967051
10.740472386289099 5.7060157627727799
26.635934191149317 29.044953900586172
18.768104776268085 31.251950119580755
12.838726038293652 29.082046522510204
27.059624535148558 5.3716846590896017
3.4122325776865181 6.971786547886893
31.574691341055903 22.767836796131853
14.47764400030333 25.336771431278517
13.949593994803456 29.757231334776758
3.0840087610176923 2.2618603320526414
31.29403583515618 17.215992633533489
21.601276073892684 11.259301717925371
4.7660065126242124 27.580943006451101
26.732617971383014 0.68826115852635039
11.62955162457782 2.8030754224443335
11.474501508416845 30.090505621621809
2.4258222022848854 16.81552057092015
21.85326747926656 27.625807038111873
8.9410216925195023 12.775355646509722
21.508158549880687 18.574827106812972
22.666499217142196 19.782922945000401
9.9961536398242323 3.4364005719151645
14.729932574630354 30.60004374972122
13.710983773122368 4.2226997418917822
20.220858574813686 4.6455110650665334
3.3921889538384451 19.968358117882008
13.488301462113116 24.283018571159722
6.2466731206174337 29.566535564756016
23.084394378276073 25.402808379721446
4.3523351845833282 7.4067164105161201
16.998616581085731 2.1565710747628581
22.428266902338596 17.734302058865808
4.8260829934389236 4.081807383158659
25.641605845424237 10.718313680183856
8.1292166781520745 4.5669285236270154
23.187359191373439 18.449582775451148
1.098960270589183 23.957101628941871
26.658461492893455 23.453148083810898
23.094121649922993 13.889954969230338
20.422961812762118 25.124316105467752
23.781932743750115 9.9129659596632695
23.599180079936378 16.386024686190229
18.927054194467658 26.90412768372677
5.5997209162123003 31.582955047791629
4.7483141483391362 8.957099091298991
5.2701474681527936 28.371556880370413
19.674260252475005 28.180948795500608
1.355951706052287 13.955121829173741
12.349996481218104 25.296518232316753
20.341991588716986 7.4958458303183635
0.20920050878968327 9.2415861786892108
30.126354106208161 20.64101893267922
22.243138465179616 15.521781394204515
5.5421043165087038 5.502574911115178
8.8838090481023517 20.804363050751352
19.937136701276938 23.457812649860774
27.755315103335892 0.77049191692433183
24.751305348764088 17.363838131137349
29.423303860844946 8.7236075225454357
29.431552380404558 22.332639233454394
23.108652555439463 27.461178437673304
12.771108582951744 7.4388360359777446
26.420729423547442 20.85223457085922
1.5894248552199515 15.99263330887827
17.843585564615076 23.62436997997596
22.238681488128513 11.80441523778231
8.6394092546665728 5.1759719956549883
3.9740670820987005 11.215302267705706
4.7193714113534835 1.9758760958884456
30.362952345552735 14.940435979668774
15.312576306667673 6.4573331521543187
15.975332018445112 23.045102732486026
5.1569743617340436 13.811570637688545
20.926551351739988 28.298429769455947
4.7688729368861811 10.079968151222918
4.1690669559208517 20.535169515848228
11.418650080700989 21.029900977771899
23.380589293739355 6.7336110199312316
7.8028319460467337 21.94234828150914
15.980901770523236 13.659153233973907
20.816691944100146 27.324136992006807
29.182280337808436 26.094024897516174
0.50400463543251262 3.2478482689377497
23.389810292244015 12.770624245608907
6.3411470427772967 17.945926773509623
28.362788908473156 26.331875974760674
26.718610938680843 26.631031912925266
25.215634689912939 29.992224291067235
14.82177024996297 0.54849352443530941
10.819216002455093 15.540727377088308
31.047679538316885 10.899664182715675
4.0976177591192533 1.632421170798408
8.7864147255772895 13.93191813388265
14.943517079668837 20.056883035042972
23.696793689574267 24.23301574558386
18.78508834285665 29.007756662609534
30.778928414498047 16.08742972372993
9.8235925784029625 12.035067769018907
8.9085407895109743 17.419010463492253
11.281486599177573 9.8759980578005191
11.284429651056676 4.7931516389220583
25.345251729459971 28.376682347340203
0.27855893753488331 19.665309854156138
2.1051072703837681 29.372619089667612
0.99111151843787826 15.036309920442218
18.577083264858164 4.9397657012812592
1.2182327020345007 19.600706417121277
16.302639624783463 18.449583782937342
20.720825575233384 18.544533261473198
30.294770547680216 13.590975102853891
19.784726026273123 11.635846249200544
25.229271072374171 18.306262932289638
16.872457000946351 16.36623853326677
30.972084694174058 21.640136634921685
24.131518041740168 6.4181202658012007
21.639763694425472 26.552658399593021
19.183120613402863 29.645184464901927
28.738682953222522 30.258725762049522
25.087685610182955 20.477334478549977
14.586984917187777 10.990881647862279
24.946422824436489 13.484093270979139
26.844029466536984 9.8325857702226802
13.217196246617412 17.096739663973061
23.728651603963321 5.458481044453527
22.845027943512761 23.968773199603064
29.892307889826128 7.8964711248949442
11.107390898333383 0.86645208697419884
30.596554815326247 3.2800624407534817
10.415658611227922 28.941258374466265
8.9291682351621002 11.764650441509525
