6.9576645294738384 28.859078424086739
29.089533801596676 26.055094099637657
11.225041173460653 21.3883212732113
25.995262813394639 17.811647059295762
13.847018428156844 31.221152181327735
27.044473711686539 15.053476531588984
22.876625853237996 12.409827090014703
21.478202431005815 26.107776694005327
14.734681782194025 28.509136405253603
26.931319593794797 18.40177810881886
9.6521566549830684 17.581450215363166
0.64855889352558449 3.2350524247337216
15.208927479718309 7.2573826818776324
2.9678704238033338 19.889207074595049
13.647035814293075 29.432559540258207
21.629762706624827 3.5845077925772717
27.405877173310397 17.92054234618249
29.722129773630844 5.5498652072490398
8.1429892455012371 26.448973168564599
15.423127398278096 26.964440701123788
20.579578986426984 15.508785865362986
19.283396019178426 19.719426329273052
14.14054763789396 21.612572082302226
27.947721549342212 29.230650445190143
6.4225631706596582 14.909429681907687
23.269900938214132 3.4715735746595047
29.089432016027864 27.184676874844001
18.369323112225707 9.1057164041504652
26.347104372212481 13.968692894418369
18.258149489519482 27.603553611674073
0.50813641212159477 10.925095329527249
14.682170831236638 31.080781543741779
28.55270105830418 0.65377623552373831
3.1736401842985678 3.9557801185080521
31.403786871111599 26.628003058688741
20.553512529249474 8.1129036557232528
20.493605353515456 10.237622020989702
2.6164826967610741 8.4093899234392708
13.051575752574783 1.2027248510886219
17.516016791486841 25.449658131066528
25.117145835803999 24.816293581912912
16.35326020890783 15.472002322207732
30.891999567198717 24.985895621337097
8.129287910138336 3.9212031624364649
30.538311011002566 23.890484109181852
23.980386092090008 29.549565771246723
18.931448869384919 7.6847244387581215
29.445735568638948 14.094723399891842
16.531259891963117 4.3964344946927163
13.208159363750603 22.080250525478078
11.134313388433933 9.4985016393308896
23.837261561516602 23.637659941706442
7.2636685103964043 26.159025268062454
9.1294524396153172 29.287621852904628
6.8440980864534655 20.704828005066872
21.648359015823473 25.12575321257717
21.244995148889092 19.33933238770663
14.331246623802871 19.569166430073938
20.055933448112647 22.114708559981608
13.730938267639553 7.0501758735436111
1.6914951091141766 27.725268610799439
23.139271923139006 2.3083881684708172
12.921234110876041 19.825933736907889
19.007875845929956 28.342995678058234
9.0302547114177187 0.36976407004043454
11.77810741750358 12.749499885218176
31.069129115748364 28.125130600813296
11.795875703185757 14.301312520601016
17.569168024101987 1.4273602684034639
7.3634829988213193 2.097966529533728
6.8061019732191088 30.338866501599703
15.198990403008663 5.942028489365609
26.304403380735931 24.008884332789503
28.558272233213899 13.796977222703569
27.46328346662288 31.039549632119993
14.39737194737026 10.770986656696843
24.992671752280774 17.096077545587008
1.8019090902655022 12.880309641183871
21.680710607759988 12.773083340215404
9.6199986519036358 10.999725767526169
9.3277983454410993 14.960646549891976
1.2164887388797259 10.253193774139371
23.209174148032833 6.2616143383170026
21.866262785125787 20.185549231896175
24.590946864282955 24.024571674942099
11.941501307857363 1.3390775106123203
3.4435172928024533 15.189503248041161
21.237986522472344 17.401682860254642
15.162194597628302 27.577586350848691
29.447400554765075 15.005128341772883
18.678117013356911 17.169632676772657
27.38230428037366 0.42698026572978909
5.7871001758065805 21.082506133950176
17.362579495806997 29.337585263858951
22.481054761601108 25.200870339312754
17.411396411533936 5.4489614691463757
8.0538163342574549 24.680007619831308
19.097760002051132 18.803175405604893
4.7641006800191121 20.738942313638351
3.4877130745532194 21.378423972687493
18.08349503191323 23.198798381761183
19.47438399992507 23.991318127983732
22.013581206591027 14.254894803544341
30.144164855585451 7.1719914879409554
26.175752718419073 15.172392029460994
10.338989419961997 24.639592589961932
3.3697391803210959 16.612824429410043
10.907444188406188 1.0628717112975838
28.053843862578184 1.5007229786590166
23.976753317977497 6.2778099767479354
4.0271300376572361 26.467817060737431
10.910451848086051 20.288059485076328
6.3422119671448289 8.5814362544020693
15.11032535917686 8.8553382078075131
14.500211302173316 6.2550105796431099
29.37384471486909 22.190158189204983
4.5654500333062202 30.569678797868537
6.1710975072776248 3.7458618925204714
16.662000706040345 7.4920004303926904
24.232621327412915 8.7746823938434204
20.336805433430676 6.687713269214802
15.69052609480633 8.9168902189065591
3.1532432284935994 2.3494372263510108
7.2130404658428748 10.91997508283662
28.263200183998766 21.973416659210237
30.681629360679672 19.644685637102913
24.555132899336773 17.214429230817494
8.8756977415450145 19.116255918077776
17.451637345706622 13.602318163657005
27.162555926815575 23.90229693003695
25.948618283549042 16.062764284369834
0.78155460043529923 23.847739646842506
26.190858263749501 17.038367004028547
6.9987031386575298 1.2884666482116762
7.5413631546775095 3.2013626431715685
13.635598647792676 11.328258688217618
5.3912591681533737 17.155704136796324
5.6168752254089602 4.6059375996564729
26.681081856480567 22.807309445793997
24.632407895991996 27.968416353855076
12.46887835859107 26.856510502782442
30.66732177093407 3.9114513691727142
15.338741889202662 4.8345009474840674
1.9856054468892514 0.16022677901846233
26.899939752614959 19.755380177517168
22.763761702408228 30.065771598083838
2.1670932697766419 10.400122394792986
12.821603432375866 0.098221394850259963
25.144845321577783 15.835391783543777
13.130916381051714 20.582569977407243
20.197979671501141 1.9115798533431114
31.121117042209818 5.3952286653250141
6.0885348598077753 21.951428423290633
25.606227009018561 1.302851358997035
25.924896766971276 22.184997226166914
25.33027762146294 28.102888634286085
28.559034547331304 22.890513682956993
6.2122109276028992 0.48006693760375063
16.22907737042436 13.270248585645641
24.43431030700377 0.49853224426414561
26.397436486682729 5.1742994227870183
10.714020572941816 17.476002371601425
5.3706959867287694 27.030338393869805
9.7422791507245243 11.936947077519518
31.221108319980729 1.4468124984838595
26.678950821865968 0.59247813171034647
2.4950061355450188 31.068271741465256
17.786638091623573 18.959012929524693
14.256904869515518 13.988606295372383
9.6310957751684345 9.4848795684521701
15.768138111226344 15.92377269624137
25.180729536191979 8.695596875401904
12.774688803516694 5.5453241245910974
19.502199450840443 14.931004497516419
26.901067293974439 5.9724399495520872
15.204919666176581 24.07573727352084
19.763062458709488 25.577528251902347
7.2034058046646567 7.5520982993966905
19.776940867255174 5.6317088517428058
25.151952478676993 3.7021478114211148
23.635962133993715 13.166094151464472
5.5196398303973426 15.625082949326092
21.444228214966017 31.401681555694715
24.994944755436567 2.3351819663390003
30.019999988254121 16.858042887952546
3.093155352578572 26.971792114703597
29.698567739467681 28.047852352066904
22.371499230873656 19.260002467635736
24.894725285057685 18.660359558942069
7.5493999256448117 8.2289559736169693
17.199158916950022 26.400174192396094
18.226094842022793 0.49344419587547811
18.466500596637879 11.633766078325118
24.830439619716554 13.136055824752567
11.93469429032373 19.165135977588584
24.340343379897607 15.770237244656103
16.719702344124922 19.024039057478053
30.110675910910146 25.221896666352603
22.283805436179012 18.372498898871719
11.890480643764521 28.439270230651704
20.529605253874134 2.5149974174211103
9.2937166451132782 20.235726679198887
7.7723475247198177 21.001553736144619
18.915491671122854 24.291025126450108
4.4262454270075349 17.819098064288838
4.2493949650192411 16.812700392755779
12.088266951194381 8.8341630420752963
7.1026431616405903 27.588732160688178
18.340898368453807 19.871725940725593
14.983771248153104 20.920697388157965
21.159865380241182 5.243184570889472
22.004627189186593 29.150397572375553
20.088076084863083 18.268195847872715
13.603980598902082 2.1268657071835473
29.180130999531762 21.189552588387112
18.118070324718136 26.609773584644408
9.7026532180831122 6.849131177175555
1.9512778585168615 17.011111962303225
27.811424349369958 12.194103173438764
23.704947713006966 22.486314203140655
15.282961212735817 17.02447001271819
8.5750664501424971 22.838569808205989
27.935936728492898 16.890930749639519
3.6208855146837844 22.608296463860665
21.359040282856121 9.4975456172532624
6.740321140475209 23.146839056249998
17.623108978946835 11.764861784031391
25.559359943915918 23.717971165646446
2.6023332568478099 28.449181753888837
28.183926066776426 27.648868368621294
16.396913191730228 29.195378132165672
0.94273406254353509 29.5104065137823
28.391268424950269 29.853496129990475
2.8883937225856084 21.026860304558241
21.30176429912181 28.561351716656166
29.925704914906007 18.552624918586037
2.159559417498226 6.5937069057125539
4.8278803287537668 11.535418254437323
9.2562703035887477 24.458259786608416
5.360415325440929 6.6831652659837184
11.149513317909115 18.227523893698088
30.386342077202602 12.149798981160369
18.359137788568017 22.100256804125554
16.471550769245464 24.059018412960381
18.417003132016561 31.140542537316392
15.47321624934092 31.26056132782972
8.102518601339062 17.866763229671285
28.348416706113166 4.4846930709281345
22.748587994236562 22.940944177569989
22.603009738002569 9.480972544775474
3.4305650409053832 29.384602237525879
8.6084552875494449 16.577026969411389
9.0448231934402408 4.2357774254364715
8.6286233691548073 31.247972483747439
31.269301351207503 31.069918297631098
6.7099588224459543 29.573693642278339
4.5557250384900039 6.6290376111120972
1.5943840199418395 14.437262047897514
2.0914796235124782 25.83084877100633
17.532589758428362 7.7440571719002707
9.6228088458774312 27.760148029051752
24.655753458841001 4.5408858150468916
18.196926455077296 8.4197629289784768
25.934408176504235 8.2835791064833035
13.437735053005854 17.011560855855397
23.38037125951568 26.157412552871676
11.765959711211977 2.9834135606897223
3.3815668809677919 10.173548055285584
15.076701951073874 12.710486067471708
13.485974525560604 6.1952237437449655
27.265242981309751 4.693013315109245
13.117949450281007 24.919677218368939
27.249496825168688 11.473290972438898
14.483591116585728 24.546326966310122
26.385888057712446 28.126229758919091
29.317912153684283 2.2054871626091579
9.4612816985249992 15.839915771193413
23.191212408371563 13.984021601087292
23.129142136233146 4.8144203302573416
12.190086889438501 30.907769973395109
30.416028312334092 27.490096320572977
19.385692536784777 17.719278883790015
25.457664026278966 9.5731737099005461
4.0221699999274989 7.3346412429584076
2.8002293091946568 13.256825791902671
5.8241638672087843 11.312119338373487
15.082096026674465 4.0194138583050787
2.3769417380771758 27.086036662488794
20.236168249393561 0.79146807833787847
22.493653780329772 8.526065645291256
7.4577299347765358 20.008806043725212
25.564478053827369 30.232651077491663
11.114818860814799 22.514434077141697
6.7518860809988217 15.819449476469682
10.796505041473143 5.0140799968333587
0.0057636453855374253 9.4076625603842352
13.923533505494525 28.096077186366333
23.424455875391875 16.851937595537947
18.96898723155703 21.299414517768881
23.535035917742434 7.8280197679133128
12.673462955778593 18.295867137892873
2.5957629539161142 17.589439466121654
21.559527959571106 21.746344268721725
17.33579226984892 15.875517403882089
20.705860307470918 9.0760509456951173
21.175232870909252 7.4550391337913098
28.925685218132468 28.513935903876458
19.67607351682129 31.199211367506546
4.3788536115586965 28.169933994360736
27.365631888406782 15.858413185773358
20.492190493616963 14.503683381590458
4.414709752493903 23.150239757967256
27.105777725819063 3.9149456395971365
25.627553406210563 13.053513587574537
8.9242236567782669 27.943254440113215
19.277972251215044 27.259662104591129
1.8565896715319021 12.165821705809543
20.863755732984071 3.6171549228670874
0.7666935116728405 19.684974597566193
18.724106938317238 12.559903568249991
4.5716431854192807 2.9496066647328836
29.083929719239716 30.565605898282641
15.977613790632887 30.165114529594284
7.1569154765072156 25.235314758781339
23.185127385012169 10.314129055109136
21.668212026947174 4.7319094972827589
11.892919650378685 16.955037878083171
7.860739112187547 4.8839090676891992
20.481605470613797 17.082712473964282
30.569994583172907 20.796846909542076
18.4614669109143 3.6618047841402559
20.939118920410603 21.187866250210902
6.5658390700124976 10.206880196794643
20.367169068137162 28.943825002537324
9.9942466860574175 6.1797109500596523
19.594813507886382 8.6422043052790674
22.502501870366178 17.442843080095997
17.767874362450296 28.664472158674606
7.8414514808204503 18.561352270240498
28.547728602221248 16.005636637086685
13.697063430855431 18.249827835750324
19.736099116045818 16.638854255553049
13.746930492033904 3.3212473241675626
26.124757028126812 31.271210325068733
30.957510402608783 7.7981597014758002
29.95132090447127 15.737101622364902
28.487619284156899 10.638222390956457
9.9533742000699306 21.062242502896691
2.4906215037431223 15.251650064967054
28.427591870674732 8.716875201133309
5.9442849397029951 13.648567502989124
25.469515727634825 19.99898585566639
2.8959480752852995 30.495781813042719
0.6299480219336786 6.7950145866644514
14.950787882614863 26.088724575856087
23.364574190037359 24.416628576164911
9.5686014387185505 13.852316076625765
3.7785555889924014 3.1286153030814319
19.849623326979614 20.207294604846453
1.2748340765642148 18.678443933861651
19.733136706153189 11.829161037933879
3.7729383303509754 11.196398307934745
10.403711007029358 2.1970172945472108
19.16988165226611 4.3312090688380502
1.5796646773868641 2.8882556768452261
8.4402423246207086 25.484303268213111
29.812864269334263 8.1965753173072322
5.1690118260465612 31.412908364933553
4.2958299140660392 12.420896893650594
18.262807608688171 18.314785993364247
25.519564677653722 5.7871607659371307
15.793579079250227 18.998279906780041
8.1827549773116246 29.970813225324459
18.81595537316878 30.290155641280545
28.416454344557788 3.4990022597199402
7.5936924622757562 9.9383463053880039
7.8801074578690358 28.306399164321547
18.353844899899467 5.7805727164754446
5.3636748236081075 18.901515574107165
7.0368765764152386 13.936431299173561
1.3637265622975596 28.509056870980562
0.34257355376952031 17.903747117195692
9.9042046096992475 3.2346985156539136
5.1211818498909505 12.590784648305608
21.584245209262978 15.022654030471593
0.65910642430200883 25.252769320928731
9.1556158287799985 1.2496255298897132
5.1652264110080566 26.187364292293228
2.4905279944277736 11.145629419837453
19.603467509691143 3.0653661884174905
6.9881051305299913 21.878323932530098
29.985951098169721 26.613700827594137
23.641522581720306 11.006805212525366
0.52159012767708024 28.44043028298756
24.504649015309731 21.451127339256328
15.874744997365957 1.6243926508806421
13.747353503447854 14.419676965858656
13.077834230760544 28.772037936194995
22.001171679733119 16.629570016397533
1.2521030042672012 6.140034760772334
16.540645349333087 12.473789438882598
2.0566522960631972 4.9939597690774438
3.5473203111142313 1.504323986158675
21.021234741608875 6.2606381573911136
9.8044165566707999 18.950098315148651
26.213926095127835 25.661180923873285
16.815209728457308 16.605012560682304
10.974260657655105 11.968814784864982
21.108543717159677 13.807047607892891
16.487987662070555 27.536589835481703
6.3561287394270085 7.2361185483386175
29.40526410834741 11.479265222567054
14.673153925838369 18.346210782935533
14.28477797033592 5.0735901521568234
12.900946293424287 26.15593688639478
7.050564428358137 12.442383199017854
20.118519006179202 3.9954427455641262
10.797998624183318 23.904861813611735
23.532800966819856 25.282406072635371
2.0139351445208908 18.806703984356609
12.039732820939294 27.629556549751591
2.6521438107096214 23.564110009368022
5.7500148582087807 5.7103062676852607
2.1544192904024415 19.976557663824881
15.9067231191407 7.8307011868852738
9.71853636382356 2.024430976358039
28.304858486034238 24.855988406863069
4.8464351741606091 8.0204500817064712
10.263510837638947 19.87248667828511
24.149153261103748 9.9625318834774532
28.952133425015454 0.24205638107456862
5.2929248150116344 29.009141035900086
8.8835722412054974 3.071521564132436
28.103474535067505 5.3700813410142487
23.39594765087466 27.936853445557539
26.906886583624775 27.468511181119354
20.778407909464519 20.269128183383859
24.515218182992115 1.3581709294345403
11.945429387924067 24.438887819596783
21.025286712546944 22.580430619991031
27.436771848136157 24.910134032840737
20.972294060325783 29.788498160392869
16.532519517962072 10.16397936035059
10.207866764964521 0.76223073488262438
12.22876095555794 17.859131222360165
24.386424629379178 12.447719373438767
19.379640169698817 15.843192944110836
12.498829884182458 30.154430211249487
22.494516563131047 22.068189772426802
12.881794957868903 10.379395449342061
12.601966395214504 21.367043157739246
16.000599046094564 6.4844723107375071
31.605076047116441 8.4271519754798092
24.518550850120416 25.345451946496503
2.5951513532997188 14.142394751133256
19.730082360782699 7.4751639656798732
30.419950580048624 17.74700343214726
24.40976855575391 26.677635918720611
6.5508198348439732 5.0380947041350987
16.089859336963052 0.76113356674611365
15.320691614439497 18.121798185027444
10.754924419962467 30.665628109870358
14.410488473664042 2.2735605449705489
9.9721228948300951 4.1290484973418273
28.180210329496909 19.873990152554008
16.804859639631349 9.3025894593069669
4.2863993864227901 4.4353754377002588
0.17989091431010681 18.990355689361934
17.565846252990831 4.5898880761389789
20.270766806833059 4.9358250319464005
12.046381817896531 5.0907897811826572
7.407503640410174 31.60246565664853
11.332721024564623 29.896040970383019
8.6664910014480583 21.795807499033696
7.0471457797117765 19.030740359980292
23.796268322719623 20.747528435202792
4.5222219581663561 10.635798127304524
26.194820049591897 26.641700470461398
4.4519505862783717 21.789042658971638
31.303290713394027 6.0596405441925949
22.278336532890112 20.931602303461528
22.843279993225746 1.1897186572487546
8.9084890887727362 10.208663344360531
27.784719853650735 10.358512395821485
0.89550752938776568 21.495936418383451
6.4303146314145607 9.1811855545620809
22.982346634546687 7.3525049949345034
25.87561599335859 10.640662749890277
27.718673951896022 28.242800110466487
4.2212278161300212 15.854320423990652
1.4645078454304608 0.77965648776924867
9.8271387826990075 28.810208032707067
20.98726573328679 16.08157104405548
20.949904772617195 10.807312646782462
1.016997281408675 16.629791871737112
13.14355522483708 27.687055266802229
2.2387165399735522 7.4540090535280328
16.845167158035657 21.608756811925158
22.721581251920789 15.123855571929903
25.077213395117688 26.092038697685357
23.507338273350026 16.143995872105794
8.756968166889612 20.921286372234814
20.138825353901105 30.348542285114075
26.563663063369987 9.7922734405707885
27.077681654542225 29.830848663914797
16.139040802500084 25.575999775741415
18.954054709000054 22.785499642877109
7.5629181973997479 11.641457905494851
18.739603301616942 26.048909567577279
29.802234850417712 31.03460177525584
28.848362634754366 12.966355861057526
11.988072007704266 10.095552368424206
0.33544749054871975 4.7688930323641445
4.7346088881105581 13.981801257492785
18.788211127706347 25.168946524206696
1.3795276004017591 20.258784200641678
18.357408130368377 14.415089463049284
22.885379681540925 0.17704996829670622
12.786660623386846 14.059673582040322
12.156171347666364 6.3079772599446882
9.2081665323482671 26.53071653388939
4.8870891459111769 9.7887756399802566
2.8036030743234757 0.88884147803310098
7.606605554837957 6.5464184621682939
31.12998492207451 21.850623931512825
3.1826112238956066 4.6351951579134756
12.185589025551382 4.1616536379815665
29.674567740373558 24.153381846149962
16.738848867794079 6.1611477604145017
2.4111994422490821 9.4727628244659066
1.4356172574916457 26.284078082930865
10.209913492849493 21.754095210508165
30.064181068721243 29.940862691620154
11.863802424973017 11.624535626365928
5.7340582303815513 10.324871030067918
20.420024065911985 25.290184112100761
9.3888485864625704 25.417967788223162
8.861827108560739 5.2390028675585825
17.952845452443572 15.160490547882596
22.491576893626771 4.1642257851603217
0.77325950152084921 31.175351642358017
16.005727771057135 20.02588277277686
12.735990299377141 16.574418547065601
27.86528653578608 14.455151249525558
29.779923263036579 22.973467219449677
9.7250405126447461 30.06795521196165
5.3560094944148648 29.735980689398644
30.405706693779301 28.983727086420323
4.4962427392148543 1.1604209898430564
6.2544127621259964 11.850568830520611
9.1998361427989011 18.032017063671613
29.122608989126263 7.9402287356029628
22.217203240099128 11.130637535052623
8.5379085131542514 7.7306510508267232
5.0591495752251978 22.118269574069672
5.4668369692663097 16.414227876417936
0.051217807231383909 13.130035391702213
0.43308353319781701 14.618332021599603
23.040887921705188 20.228786615927735
17.089799460085171 14.506400057123445
0.66857356469330376 12.874873768083797
18.706482238565034 4.9652662879139831
22.39146577334629 13.348558610909528
15.133600918830414 30.019635423826415
5.5441790636073254 14.563956165010232
24.264653620563042 14.111227094355002
30.262411674982424 6.361012530420286
5.1415462955261386 0.64328473242615136
30.945917113578165 18.762842121984288
27.591154629215374 8.3950655655960738
5.2223208739445512 9.0908502784149334
21.636815095648704 23.112314303112896
27.166253117727326 13.71220732259146
4.5477871466732864 15.07651200335925
26.76968349426836 28.970815896557092
5.8638375262218414 22.992697367067969
10.175259871484412 8.5646124474833236
22.257734593808895 15.952534571485115
4.9241370331843637 19.744009085766471
0.96848338095167119 26.983219774978178
7.5095974044435865 23.402199687500627
21.550481487406991 2.3852798316373542
0.87617663329690765 8.241451724871089
21.884261898010532 11.69033034091577
19.814591213960817 22.955827530449426
3.0937558911216412 11.78528106499264
10.949414986348565 16.641075065601722
3.3704386005773479 6.0456049878621503
15.383392659632074 28.876760203242956
5.4951594269977386 27.81545730214205
10.68938231531706 18.809729927364472
27.399540026872675 20.564313382374579
0.25940648536275185 22.374426331331833
18.529138744995478 13.418589041554265
11.16653278249812 5.8712765049343538
28.446004140236425 17.681638310204075
27.223977120965266 1.6372770858904255
16.364918158042919 31.554268086745051
29.460864177732891 12.591693137033658
30.51321342320777 13.149744098098276
0.55183077751278387 0.67405387141747619
13.389753346732133 15.577362354038321
14.583978828726682 1.1930067520124759
3.1072112494750788 25.849903817680858
15.230562978345974 2.3789739328921344
2.8087717063140492 18.578967628671617
4.4009307042229677 25.598956518507499
1.4405228822803124 1.964527769157828
15.291999284134979 14.566842794598511
25.558322817684274 6.6991617331152442
14.936625322529668 0.65816180701714377
6.0993636410570433 24.314232785644332
18.369670768497372 20.816177636268957
26.746100342483192 10.893147064984925
28.259782272227191 26.551430706015097
4.1654713596758164 8.7667068768940197
7.0216738815095132 4.2124132812021928
31.47427764995096 14.08892528964895
12.721673222169573 11.361455347760442
18.672766889802087 29.187694314608962
29.083815734560037 9.3053909383966769
12.608088321029884 15.081054323477279
26.203916608785232 1.8106623958656534
10.365052122311377 25.689606552943829
23.61974668857842 1.6621106240501964
27.745108059069338 9.5207293035673608
8.5475183945144391 2.4543674060155678
3.478067856720878 0.1940442490712998
30.507430532915734 8.9068130143346647
28.430636929753739 15.15650256142111
19.857342769817361 21.292980703609999
13.902415089262902 26.331515571587488
3.6359561507167424 19.318487501941178
28.654217706275528 20.643365813940374
21.74595182242637 8.3791067602542526
20.82216625846937 26.42799919266454
8.4950185190895766 14.263248831876286
5.9080561999619894 25.402275996668045
5.9316950048314325 20.201929546440031
19.928395873848295 28.259405047039458
29.948700189865967 10.816825678347476
19.546195102424011 29.640622157390585
14.33458893093133 29.73531299156442
17.588668324155094 24.806714587380387
24.459429392871829 22.678501190309184
6.9731769306540032 24.35243447201956
13.9084000187174 8.3191506374377457
10.900089502727338 3.2968537722760636
13.471929725026671 19.14063368550779
24.051229811782289 19.591887254883105
3.9616700451664926 5.5238428784882734
16.614795043901815 18.074118242137242
21.996354206498008 6.2550219305764108
29.177398217241517 16.584557614570159
1.5476215287177342 24.319623582814948
27.585823557028736 12.98113496710136
10.480224140106658 10.982759960103811
6.2874132875688291 19.329338558444018
27.667462401926631 3.0276170529094388
28.707141580791934 18.83328723931492
31.451566539541595 20.259971663823631
25.665470753315219 4.7031895118750917
6.8458869628801988 17.390579520644582
0.3217538402556519 25.732648087769693
17.610714830274009 3.6637284826924228
24.816746311042959 14.727030716457209
14.884569042938464 11.562428155222195
9.8911052973493661 5.221829634313532
14.98184551552081 19.73244196816238
19.213144957484541 0.3070607865975411
27.560257083430592 25.768104801146404
30.236354579648125 21.584247789409869
27.021240032550647 16.70875460962295
7.817340329988629 0.60406773138589231
3.8495021767064665 30.231708353868626
10.282249583747383 23.028501582683138
23.70280331227471 0.12839946432793375
7.4171744384170974 5.6769637390635417
15.745665984662457 3.063771360819882
23.297399995731073 19.099344216153845
3.2874065164066817 28.121814239496953
12.771685517842691 12.459464919533957
29.221899955741094 17.79370082449697
18.263505365727781 10.416555987579079
8.6641155524716815 11.79181762728561
27.271483151232566 26.591316745899494
14.530241040809235 7.6969263394186704
10.329875447241053 14.839018853332378
14.118516462301965 13.008949509623454
1.7924152199653809 23.128690588592217
28.143986527931279 30.937943300540649
17.207501061493886 19.897824706165355
22.881207532355752 29.097350556602454
11.34525157857353 15.179430530700202
30.91168780324448 30.356462169429786
22.534406321523768 5.5782336108067243
12.133602300877557 7.6896196805511137
29.184436134997569 6.5803266577986479
9.4030760348369427 30.689380276245743
21.300675100144346 18.2602719134916
8.5073073160904773 12.518298825528717
17.338082733245798 31.192290175442306
31.597466055164379 24.372006203926404
1.8610197914810396 24.92216864866079
14.076619491131138 17.265007600261026
13.665484356856103 4.889183985197727
12.712512052362035 3.1579845831494593
25.491071795907988 27.098701197869207
14.272159036932859 22.527072992633947
26.333034581508322 19.369322444217801
21.5763209371401 30.254072983980297
7.755311891365932 15.874031136844899
17.237623105144177 10.916902183155567
11.89777916889544 0.41353000940823786
10.110722940028685 31.516638339800775
31.104362613672283 11.934823857399492
11.392473863816562 10.719572248996924
3.2061987549161515 7.0420582581893516
8.2560310270239565 1.5247109104739025
23.539948964208843 8.9791795013423634
12.78788346211212 23.697240308244258
11.844554108262134 22.454364983541272
1.3509527538131538 11.476692697964394
29.647288318241678 3.1133906365663657
14.202075956954259 23.262685159098712
4.2851946347448182 18.809468548746079
11.142221866733077 6.7244901703424196
30.246150332166042 0.97624789810634027
31.333708231575365 17.461650453179534
25.348196341785666 22.790467425687833
1.2643497337115293 17.656431540818488
24.366215418530018 2.7023704307553471
25.584250597909492 18.633768421113249
0.29067612198378556 20.96800043379184
6.5570626061301018 18.063146415654128
14.158664957902097 9.2775006437647818
11.40926272302192 2.1006965374208799
1.9873953265942856 3.8771619880261068
8.4160712791915628 23.769677206743125
12.018728629202032 15.85314161265633
24.593487685748642 11.482279461148114
3.5320738040027271 17.842643460125011
0.085022067465858234 2.6234345418937166
5.2452514533378745 24.684738149400715
24.406401058516444 7.2246704289518737
26.490044947135583 12.625487814893781
29.370124100792673 29.293095770705452
30.321497865890258 9.5688507090465365
12.224413326797011 29.270449930007562
31.300302422326073 29.156473647343276
15.101825082713352 10.073791345695836
18.438791402458222 6.8856936600274761
24.945257946451108 31.098868606989168
14.905293051650959 15.178394552179769
25.864301701868133 2.8739818017332506
14.470032962090061 3.5872018507409624
13.701407325805029 0.65149395367905705
28.534615711312028 11.65561785050757
26.71617047671673 7.8147258355877423
16.37313932392286 26.445712031964558
8.3146872887968488 19.708932156359641
30.796511646238983 10.838418915191877
1.2377291138906825 30.764863355963836
16.421826085676287 22.683576059313175
16.781991373404004 30.43800949986089
2.956012692759856 24.21097437803623
17.480725185708788 12.762009210621931
3.9779830460732426 23.86930687630483
25.027935340873611 29.435589293014385
26.248224084640636 25.064251729927442
8.697814952724281 6.0135317479091031
7.7210333254186434 9.1268397372199512
13.861509127431757 25.28136675633549
20.969552950563813 0.98766773414920872
26.195896060648135 7.0450526969583533
10.641689018336557 15.841137350748422
15.382454139992138 13.553962120701382
23.391317987031737 17.885593719675718
28.896987799197653 23.916727858912559
3.1832655966074701 25.090063858266809
11.867786566712535 20.920391848362893
6.53762005142418 6.289033463479373
2.5490905364444254 2.9849324936816068
8.4358649990224048 13.451054686312828
20.538017744322449 24.437646835582321
17.56369598847542 6.6939762992616201
26.55716628331524 30.44880636038658
23.911719941007508 4.9388730769029445
8.1652939357186902 29.086211664238146
16.341721690152546 14.379870868200577
25.552480352135873 14.262047781005082
28.458744128583412 6.0043667335894462
26.183811714726431 3.724209643744548
4.011898384191154 20.384169626644194
9.6089326168328437 12.967490480135128
30.663073557562694 22.798943213478356
31.280542106990467 15.405271472640733
27.681029521597402 7.3861135905137143
20.250693897456365 13.372275270070567
16.349819556035303 3.5194477855744823
16.170502874084558 17.244401196419005
6.0463598714353273 1.4807193814435804
4.2485044045451188 29.093264891669747
27.300637050083388 22.496358593556504
1.8580304043056264 29.930416624407698
20.389524370488598 19.040764041867519
16.924811350690181 8.674432958892508
17.792362002043614 23.919210420338544
7.6736693841848505 22.236795915454813
26.061991665098688 20.782762214748168
11.68139757360535 23.624665590333123
30.646059158965809 2.9548004108845789
12.747628782264144 22.73472446418879
16.176563233601307 5.1923170076226794
24.871315139383537 10.276937060018637
13.074834777637028 8.2414348814349907
8.3995394396689811 10.759717175854021
29.333757244696859 10.011404777428538
30.599093297553452 2.11653725415754
11.030765440291612 26.827386296941558
16.97454529061201 23.169245947051365
0.15938180149585873 16.439885797075036
9.1553156367634951 8.3212883840647507
18.953682523502927 2.7211922301358018
21.8405789689381 1.7209744838388945
30.877236641132189 16.38001463146346
5.6738650597634113 3.0001163175463508
15.729381469092802 10.424538986846116
11.215323230241621 4.1948692209201823
4.2073784613863401 27.369310671507485
16.338747920964352 28.316187888508281
19.234163635068022 11.018846318736834
15.142379475495162 25.320021318496163
25.121773524854895 21.372995625738348
10.86317031499688 28.45638328854708
25.56141886424113 0.35878607400030782
19.747442871889611 26.690505927778876
7.4153276310687746 14.66967257726434
11.773637420003707 19.750103346421955
1.2869913821454058 7.583746258515168
16.306414633162223 24.745073188324064
1.3234232869492073 13.797678856861868
10.018364287456444 7.6187059687032805
17.270713944623612 0.6543655638292416
3.5810322458292507 9.5530020518623839
22.51140495334602 28.070355284743219
14.770750940752951 16.402409684752627
11.117910289542325 7.5416715380996902
17.062535858479738 2.7532537916061623
3.4222820406880854 8.265632986668292
2.264074757656215 1.6712771976418803
29.727896315803882 20.179049464613271
14.049872624330538 27.046351624497195
2.9082939112035175 22.5061534777169
0.03445404386030787 3.9058594412516334
19.280189937298918 1.3585023294143859
22.442972639894904 2.8904064321642604
6.3067679441040863 26.183931372125915
22.090410155416738 7.2196808881254322
22.574079117487237 23.811529803724678
30.227375421657715 0.11097136989576065
0.35469071543796377 11.851345704734397
10.50909575854836 12.742197654129775
6.1257033642388743 28.442086277329857
24.347938018359653 30.574408673545204
0.54629778595104705 1.7449968172632417
30.359146594796364 13.849889544805086
17.826041457474993 9.8873499149573796
19.345776554118952 14.120088316306129
17.847081918635837 30.176248163050769
6.5998434681195546 27.192718692932466
12.263571580618986 25.345665352808169
24.030524062222629 3.5982176095768255
0.17024112170852673 27.422702805060521
17.93048411635613 16.869235133277503
17.896293847618391 2.4713113824536528
27.956136698962226 23.58319733948646
24.656384235367163 5.7808170005202761
2.3282225527177025 29.326682138373336
31.519280627980702 23.344053785861927
17.485626355082147 21.97870686905301
18.640949554046962 1.7089137216742478
11.220945188164118 31.368375077184641
15.355492029637718 22.390043213862604
29.326187984995094 3.8764917717990532
5.5538322846015724 18.041188319493308
21.926789131569205 0.71345908480069764
1.8530153309488751 21.236419662724067
2.0560542821793182 22.011447735933103
8.000819407155376 17.009131941547313
1.7638585980018329 8.8379532980047824
20.53489436614095 11.606065074687919
17.33595490989806 20.715501372792701
13.142128717547559 4.1508651802007579
18.529133044085778 15.917127435386019
11.197387463869795 25.256251955430606
10.332452242897979 9.9127024801165167
11.553129074597663 26.218442957032739
13.888414939197146 12.256410665123719
8.633960028372158 9.1241740669734188
26.888076106566533 2.6225559126683518
12.913724997893917 13.250751399911671
24.914414451418718 7.6429743189375818
26.121053646574261 11.993913485430987
25.302806667034083 11.533712377128415
2.6332289772742539 16.230160060728334
3.3029636719135276 12.662042573014428
6.4702016583958581 31.286746075046644
7.84701120910219 30.584856117440587
4.8381952899172775 5.4414800214962957
15.623112210251913 21.684736283503181
12.71445557150304 7.1259132586588523
10.558563829472236 13.973460001124742
29.100497170894759 25.248199982871594
0.84295773005066565 15.507735658963989
16.429565205219316 11.422284354472762
29.389973780322414 4.8937642311751715
21.7330249097385 24.228835386480032
8.5290983628948513 6.9302887510082352
12.823521170061774 9.267272947207509
7.4269335924756925 13.145547221753217
1.2805328378081784 4.27096014450842
25.779023477647947 29.159013652250206
22.492599212024967 26.409108865335035
5.6064562156073032 7.8149361265720669
23.716383521769462 27.148193781494786
24.019646952764447 28.781571514902964
3.5455537162156845 14.251584199550623
8.1860515364188586 27.266065128562847
13.744072410354615 9.9298877006693846
20.585009012098975 27.414146061279951
5.6598335405608688 2.1036119966191706
19.659161007372607 12.876598595675743
20.644501656449048 31.29893980047715
22.310820573827971 30.987192022328415
0.94382681908192312 9.4527482432038639
26.694481382950382 9.0581533540514894
4.8950202540486973 3.936435141171466
23.549933558165602 14.976965837209519
9.5526384655957965 23.593997980936383
15.638588101062174 11.802284529530983
22.032342054478146 10.226923286835436
30.590345482946503 14.917801870582526
12.672133466887288 2.1817902381466183
14.058506537572438 15.727747032752518
29.502947606448462 1.4055644531126754
14.083442546393346 20.720157908939086
31.344324729107843 10.264426553649248
23.447377267244878 30.615508893849796
13.419544437409776 30.525961555119807
28.440646586062492 2.3377478363442874
23.278046234820938 21.527587313947638
11.405229584807142 13.518178522214074
27.602848532752045 21.423881744402838
2.4815297667846532 5.624030426172455
30.702444150691946 26.104846188693266
9.9453364354467908 26.662768612021541
24.778534058470605 20.046029851426319
19.479613175176407 9.4018652610595463
5.7086779879682474 30.527668890064138
4.0012404266900994 31.535772348724358
31.34252482180127 0.35354225660925459
19.452729748983383 10.225976892489877
9.4756531876628394 22.389049734558458
4.5475387220110006 1.9982880379018293
26.523538237259327 21.353828873865023
17.42458848726497 17.700700571902278
28.468563357971234 7.1941591681076176
23.337000760952645 11.829013535985462
27.859520386005773 19.010392197489843
4.3111378112443441 24.707486756591869
30.458492358096557 4.6513035542915002
5.9541245813805981 12.963286076356253
6.7620251881218181 2.7836655293575281
29.450450237348807 19.435612878913393
20.946237024396282 12.461563197093872
16.114694121507853 20.797703329937768
1.1112694012828797 22.719898800598088
22.268053539987601 27.145160947008623
31.480256147011904 7.0932402502517427
27.284447854312262 6.453481192157934
4.2161455065909026 13.485247540679305
1.6590338546736154 15.664104850001138
16.628847725312891 1.9145888696235109
24.100976417161856 18.322626556582211
0.91979867382449976 5.4387927414275454
5.2703103991378422 23.543594431612227
0.23377489114032585 29.972450659291031
17.393242036164544 27.676275720694811
21.395612801335425 27.642793299639674
20.662207219187341 23.655143506513674
10.728354665564444 29.416892615256181
13.560809626513704 23.877849826636787
19.30432942631457 6.2958220389522719
9.6768384876550559 16.640656779919166
8.3165960657610238 15.275406162705304
15.481942409301954 23.368309107582665
10.72155961877645 27.616925177829305
6.7136867120971315 16.612687590748617
11.151095878246199 8.5244360027142054
