25.33423721 20.62926483
21.14261781 31.00044447
24.64884763 3.690467652
0.7681885666 15.22704472
29.53312912 9.058112743
5.427176244 19.15595229
16.8574558 18.71339106
28.60741937 28.8702527
3.070131546 18.1914282
19.41753 11.6808953
12.86136665 2.923104799
30.1127778 8.481404678
20.02648887 27.97041206
28.90222627 31.02666551
6.804900684 22.81247906
20.8913915 4.22878161
0.5180095846 14.22172349
22.67465624 13.15358181
23.73552491 5.360248952
25.23337367 13.00086265
22.79768239 8.513922101
21.36028931 4.745722234
2.875136309 30.98720407
16.49480017 11.33720238
30.57798059 2.96349551
22.85764752 4.97156243
30.55625069 26.64851842
14.88180417 18.48642419
15.07817178 12.39413613
6.881733371 19.02916277
31.51151105 18.82919074
25.69172567 6.027038071
5.708810163 26.43303876
18.29242417 9.715300977
8.464836865 30.57781103
20.6655045 26.81113455
27.89808627 27.08663236
22.6723687 24.12701273
2.212489453 13.75629288
27.93652169 16.98735872
16.18629498 17.58578047
25.98831806 28.9256159
29.2265696 27.28439561
30.76690248 20.35588483
14.21211824 12.00680054
23.39303068 31.44420197
6.882416976 3.337272419
16.62238553 15.36576487
18.2703213 21.19531398
30.7370875 7.881410468
2.04025472 30.2181921
12.58966464 7.796881579
14.34712103 3.60356937
0.8446154688 5.549698237
13.33732102 23.26700413
7.089768004 21.16131696
4.395512014 1.876605432
22.04259654 8.79797058
22.0457493 16.103569
28.49671586 6.714670594
29.81861961 19.029491
0.7440620285 8.245323196
1.592671843 19.1157476
22.3030242 23.12997824
26.58315121 27.25549833
1.466988173 2.36428824
17.13089229 10.21404739
6.734238409 9.839500021
14.29408831 14.35999908
30.92617857 13.82845235
17.65059898 15.63657013
7.371084323 19.77311782
4.903583302 16.66192551
22.64492901 18.43140695
10.59483589 14.2907706
26.67308406 29.62422977
25.49015411 7.188901077
19.97774735 12.62062435
18.79951501 25.66811281
21.1976269 0.2587828799
18.57073626 13.70990266
10.59704852 5.096041316
3.64457789 3.037389063
13.74797832 15.90419288
24.15919604 14.56111368
25.68198286 26.84759128
20.85280336 25.30120195
31.21833755 27.79314327
2.507883586 3.509163841
11.73334239 15.23714392
27.3732818 24.23896872
0.7135392362 0.2619442539
6.333481068 18.32492682
4.039522096 5.513230578
3.564365155 28.19765008
13.13608122 17.76045389
25.79319277 18.09558682
7.654790076 22.72651188
7.573858481 30.16284091
25.18764361 19.05195712
24.53075212 16.97984259
18.45932039 22.17563667
1.196348695 30.29053721
22.38154851 26.63190075
20.48150658 6.913492148
0.9700000069 3.742211577
10.06049655 7.893948411
16.43271428 8.696253153
2.139896174 0.1452242565
16.82161781 13.39608731
16.86533307 23.26988023
7.240284244 11.68282422
8.744872785 16.94127738
19.61331549 3.007304636
19.18091734 18.13708989
4.138371653 8.214300392
28.13512622 10.68723009
4.68867797 29.6953716
18.10112183 31.00621367
4.741066979 25.64517759
8.635148419 22.34564115
31.00167646 21.45635682
10.5306136 25.10733579
19.3330852 22.28287634
17.90239641 10.78805019
7.808327806 16.91152051
16.78722263 7.164565501
26.31977197 22.56058585
2.369253469 6.176208908
27.2525101 10.37641611
6.488020679 29.61565526
17.62931762 17.55984094
28.06804858 25.99406787
6.134896269 6.539256412
2.439696791 16.13926545
21.98788878 1.990311636
11.85034725 5.761456516
3.620867268 24.62232758
22.02858061 28.31925428
29.60236282 23.51909272
31.0210366 18.27187909
25.06807118 28.56802711
29.16108912 25.25592558
4.192095896 23.69039482
11.98726602 28.11057539
7.77646262 4.377781946
27.59242152 11.64229736
24.73755033 5.694749384
27.06787008 23.10975443
0.3774275304 20.85538997
25.32477869 25.12034564
22.15971402 30.66721399
16.13514671 14.4984259
22.9960455 9.854577311
18.82575422 5.118571367
7.842535242 0.3836066135
0.8180774829 19.78668463
25.69840535 19.66272717
15.94592083 1.791428226
14.67575318 1.062534828
22.90475681 7.25248226
20.607477 11.89551197
29.1853467 22.33917831
5.743040187 17.86316738
28.38722341 18.49881354
29.86290366 3.489518497
13.71131706 0.6915674125
26.16670516 1.974068161
0.9301478089 13.35435824
2.747078976 4.705621636
16.77461702 28.05248516
23.91829603 10.37081048
26.35139713 31.24786471
8.36053247 7.206180029
1.157974388 27.9397805
28.6385929 8.306179099
25.13354836 4.820314536
13.5246271 11.34155034
24.16828761 31.50475034
18.87071654 23.34375107
5.091334886 11.2334053
23.07333836 15.92955177
18.54314043 11.25311996
29.10423317 14.57815269
8.696226489 23.57073471
13.27566699 31.02379844
16.65136625 24.54298409
5.926242578 9.272208085
27.43178024 20.26282158
10.2822952 11.3883716
30.47569228 24.07508984
15.26033062 24.46782031
16.78256769 21.15679038
25.5985732 27.82915044
6.323497511 11.11891675
3.19334678 26.75692194
18.65197048 24.63298011
5.257900141 14.73939917
6.021036078 16.77982017
17.57062138 22.26865548
10.15294616 23.87759942
4.793720055 21.89177742
24.09216534 18.35940673
13.08673186 5.147022565
22.89836257 27.97473733
9.894076637 19.75053769
17.0341583 25.49161378
28.68408781 4.578518293
25.4941016 24.05319875
21.85357302 21.73555642
12.56676381 25.26934733
7.892733099 18.36704661
27.43907635 12.86825622
15.44891556 29.38251082
23.35068839 20.87794272
17.7472383 27.48704623
3.049239618 23.86234524
20.6942738 13.11370891
28.65559149 1.783421861
2.398246964 2.595771152
6.312322055 28.55263075
11.69665997 10.70654442
17.12910706 14.52784129
12.00195006 11.81267809
26.38398099 16.25945734
8.725766002 28.19315797
28.2785251 13.62459569
30.48088126 6.516466347
2.285982647 1.329359986
1.626889309 26.27354445
25.53089084 11.49276733
16.51248639 27.22782909
11.36536202 25.75706193
31.54737261 9.406278776
5.649621173 22.4637413
30.42988127 19.34556068
22.14861553 7.516200487
31.35934431 24.25764965
23.59474967 1.089206791
15.42302875 3.435119116
21.24440254 15.53095319
2.011684978 15.21552922
14.53170695 20.13822455
0.5624810588 24.47075283
3.439305572 3.993296743
27.29845262 8.224229695
10.79303632 16.3892754
5.220524773 28.89581822
26.0340398 9.913623982
6.566816421 20.43555964
11.83369395 21.64416049
19.00870867 20.18890887
15.10954265 11.32336585
23.10646766 30.22638866
3.082490219 2.09958326
8.517578263 3.803706719
19.07019375 9.920397529
9.497396952 2.877533284
10.3472022 18.22399441
0.7575929939 16.01590389
27.64621143 31.40322415
27.69362073 2.596675566
28.82881965 26.37547271
22.64083521 15.25353006
5.219312576 0.5377695392
28.92370657 19.65371629
17.30679414 2.019580369
24.32523236 24.59219313
14.83566565 23.69980659
15.63340556 26.09056358
31.30356934 0.7588003985
21.37611281 3.106304806
4.386627822 0.4584469468
3.434353915 15.91015881
26.25030739 8.42115328
12.98638942 8.957485945
22.46438373 14.1936
9.606087957 10.62642147
31.41557266 3.921773652
8.812022993 20.70401947
1.48004376 14.39179083
27.76224912 22.33744312
16.66103683 16.96441772
27.96792349 5.024384423
10.70761616 6.478356429
4.787469463 31.01167795
29.56768056 16.76981412
12.69346248 0.3538695683
18.75917815 27.79800782
28.37668506 15.46737688
22.04252068 17.15881687
30.25530965 27.67801105
3.25744199 19.55400472
15.82913165 21.48651548
24.17086303 2.262256181
30.25685706 4.250793978
2.356473027 12.88848391
26.30574049 7.368934448
12.8757015 29.94624407
28.13770851 23.7524573
1.86564117 21.45480994
19.16158836 1.120030704
23.95695701 11.82002928
19.28114584 17.08258971
2.722380661 27.58956711
1.964384171 11.30494593
5.547476864 24.48919785
16.05779323 0.2216015223
31.48939121 2.939146379
25.3480301 16.73998574
18.40063767 4.138541075
24.35500448 7.814310246
28.88873336 16.29619614
5.506871644 30.83560488
9.19775714 12.99930066
26.71307783 28.2885958
0.3532372644 21.78163163
7.173940745 14.40101778
12.9420935 20.91718527
8.871950527 24.81412155
6.716843506 5.555588842
23.2375776 14.31836952
23.07936964 6.21442757
9.226476525 4.231633073
24.76175359 30.72049782
11.05891925 11.83856724
2.551260462 7.758355505
5.68818117 21.38195328
15.90599359 22.81134695
9.187159623 15.30565426
11.71236494 14.25972146
8.017886344 20.68734236
23.95751667 22.7097386
4.463630405 15.40825752
11.83110945 24.85217702
7.637743198 15.11400285
26.53000479 1.135858273
2.557464204 26.26304409
4.488902256 11.50005505
29.69751279 15.40293582
13.35668933 19.09411471
6.772829173 26.36681157
3.931411691 21.5054138
31.16311586 14.70248314
8.905675817 11.79920991
0.2092010691 29.3297225
26.71956114 30.51760531
21.36018425 13.91052424
3.773184231 13.02714487
12.55011346 9.524033655
9.689251045 26.97121315
29.12462838 9.744112057
25.12176419 22.1050501
0.9947331258 11.69495648
18.78279193 29.51739281
10.59310975 31.15183331
17.31669695 11.61173911
5.294415482 1.426459244
12.48705199 10.77083204
29.31405926 18.24412905
9.737699854 29.22627589
30.78717078 28.78835919
4.78883717 17.53336577
6.567025787 15.77360495
24.479771 9.349176015
24.90243731 29.72357932
28.20529596 9.140398677
5.611402052 2.320011782
7.732744036 31.49655094
27.82914941 20.97318151
14.50979009 7.731351008
5.571752047 5.742395036
6.821292313 7.374977204
26.53785889 25.75260051
2.457368752 12.0313208
17.790336 13.89950299
0.3353210354 6.32275278
29.75851145 7.291765969
9.355879447 5.237189616
21.20823532 19.66776801
12.34612979 17.01530866
15.10099563 17.19496423
8.531794221 27.22616419
7.755290339 28.19421331
29.03905351 20.81451881
29.99335418 22.34427225
21.25377248 16.90849275
29.4418452 0.2775035975
4.340757784 6.732162714
13.91299989 30.68439001
7.048999896 25.61893197
24.27060556 25.42638851
11.49213345 5.061286907
22.14881349 25.53667071
17.0471067 9.474758814
15.13836072 7.657539882
4.133873109 20.63358475
27.94916683 6.217560042
4.253314082 27.45705595
1.98236235 22.81773697
5.478544953 12.85596348
28.62043969 17.48095621
10.85113748 7.721894752
2.493468127 18.8513344
15.98387173 25.41222055
12.35880759 20.51643308
13.85705371 21.12372448
12.24374085 4.431641454
31.40136348 26.26914523
13.2912987 10.27535127
21.6900242 1.169301578
3.486035232 8.980190784
25.78200147 4.056061749
15.30750276 31.34063283
14.42780118 15.60362682
24.17959656 29.05474006
16.96176931 4.123179635
0.7791671489 18.59465817
4.906925814 6.663251979
11.38545721 9.746396536
12.2113735 23.94354605
28.44107605 0.4592998436
10.51939614 28.51899503
8.531173222 1.670856007
12.44561389 6.688472072
3.785700407 29.42539168
6.720466157 16.95209939
9.386715967 23.28146739
15.63963647 4.081852253
8.964453342 29.40582698
6.75883784 13.55469609
23.19784132 2.68940595
13.77698906 3.50234919
18.12367814 1.008797248
31.50052817 1.911360075
11.57868683 18.1036975
13.22931129 24.28196328
16.72450394 20.13169229
23.11075867 12.51633258
26.17035353 21.5554363
7.184841756 4.703216928
27.87023418 1.065962671
1.471985247 24.36391144
24.0876561 4.567543597
18.01705985 28.37839267
19.38585721 24.11075367
10.24984394 3.113611719
21.70437581 12.95160123
17.62963729 24.10674624
0.6106496169 1.283938033
20.28226741 30.99233958
7.351459132 17.83215304
29.99038319 10.75245945
14.20580676 27.99737247
30.0322181 25.22837102
30.82094095 30.32826731
20.55275462 3.179217619
16.07483669 7.367665811
10.50498968 19.15258565
1.493646431 1.226946563
3.945859487 30.42036761
21.02062019 27.80554324
19.61271102 19.40604452
9.840353739 14.61134989
13.66004538 26.84681139
31.5410374 19.94149169
20.56350793 11.02364308
15.21847018 22.57985931
13.99147629 24.44017904
14.71379905 16.85885838
28.15539158 14.46809434
14.35400601 28.92297046
10.71622017 10.5072444
18.82377686 5.957719029
14.61680258 4.828460772
22.27479843 20.3554557
22.14010338 4.101583927
19.42986877 9.048386376
21.72725519 12.09702882
22.98570962 25.50840118
19.28481427 20.96915145
1.144845869 4.92189021
3.871921763 16.62916402
9.658710558 7.030238442
28.24619351 19.65095953
27.69764878 15.83524077
1.118174551 9.218312844
8.098324061 5.971638258
4.173708862 4.387266455
28.03660157 29.7969049
29.24855456 24.13658396
3.109902359 13.81737225
9.490273391 1.689289975
8.683347326 11.04112694
17.59230666 18.31220326
1.714368662 6.325240829
20.68801525 22.20160823
20.39794035 10.04155757
20.54312174 17.86747497
30.08244841 12.12928463
8.889618819 9.920224517
25.67974702 30.06276381
14.35338926 5.929938267
17.94006815 23.33119291
23.68963405 23.46806236
14.30697626 26.01014413
2.142377382 5.019723742
14.51861206 29.7978493
17.60897334 19.59989239
22.4190134 29.2311242
13.5475642 25.45583289
24.53090463 13.66880456
19.40306654 13.58558276
0.782672801 2.6286936
1.11027777 23.20731896
5.955299972 19.75322621
16.32010941 2.704901088
3.639638845 31.42471239
5.033937449 9.061355501
5.034635438 13.78413763
3.36595704 5.635386996
21.3377301 22.61845644
4.946365553 3.959545132
11.70533239 29.57854722
16.07367916 23.90664104
23.25233617 27.18009028
0.3052565128 30.21719719
7.733417327 12.95906862
2.100077378 25.06612749
21.28278634 8.757654944
5.018450643 23.24334833
4.15773463 9.710977909
20.17425645 14.87037634
21.28996811 18.76489592
23.84329069 13.24407066
19.1197995 14.87841216
0.1735002291 25.57666411
3.061135551 0.6760353391
21.24911979 26.1346766
25.2262527 8.205315028
12.1309085 12.58093246
7.657696411 16.05623906
5.346081687 20.67947251
25.16945529 9.151818095
9.793035077 12.21241946
29.43723645 1.250213868
23.55123699 26.22865802
16.92852389 26.44997114
1.071551348 10.67740037
31.60252387 8.324887548
11.0985702 26.50982151
18.66451525 6.89605863
31.2116907 15.50724985
19.75786058 25.31195746
7.688531562 3.065111218
6.033375784 14.01776048
18.74122417 16.06010427
29.3614858 13.23739563
24.75367911 17.94385985
10.10966483 4.16324588
10.71161713 20.44334092
23.38991301 17.49673562
25.35786637 22.84447807
24.38725282 20.3701393
0.03037652673 4.537398154
12.71890817 3.877011129
23.71985489 8.034918581
10.14240284 0.439559717
8.448564591 5.289349286
14.38229299 21.91965695
23.05845042 10.96937484
10.44914164 27.38047511
14.73724518 10.70030327
29.76947753 20.40832054
11.1934134 22.36903348
1.422104664 20.73819859
11.44613761 19.11606042
6.238427825 3.977408753
26.68071861 14.65256946
22.13769143 5.534530838
9.537236062 28.04522178
26.14391414 5.015105168
27.10612079 6.837679892
15.10148899 30.55375582
11.75415922 1.68551482
0.2319495272 31.18871969
31.19685387 16.44030131
27.05869537 16.91989673
28.94667983 2.638385711
24.85323782 2.382871439
12.85647753 14.76179329
14.78757586 25.25929355
18.69713793 18.54468196
7.224281005 28.85322875
12.55533016 22.10845705
13.84602543 13.13155822
31.53058492 13.12286655
12.98041613 5.966259074
8.830834949 0.8315514414
29.71873995 6.096699908
19.65413487 0.4182449343
13.39221636 29.42744197
14.35282622 0.05641699597
8.985110318 19.4763995
5.360112131 3.268612694
13.76684817 4.756736638
15.52210676 13.84150632
28.45869805 22.97137411
11.37543003 27.63160372
18.87550488 12.56799995
15.79063113 28.50195075
4.748566568 7.962880044
28.91562444 10.61737348
25.80037811 12.19167319
27.2905939 17.94662084
8.282121973 26.41686637
13.42253788 7.266444759
27.23786467 5.324162597
17.81105012 2.938251448
3.055929168 17.11854203
2.810905606 8.94172494
2.154602192 10.36299127
17.14617011 8.171214453
2.897867025 25.26916008
20.17294873 14.11390072
4.405194256 2.794721351
27.02938435 3.49975749
2.76973111 14.90488424
5.898651762 8.260169505
0.730963318 17.60513883
0.3654173586 17.08104714
31.22039511 7.076495874
13.13818068 12.01259092
8.126160175 29.3513654
8.473952587 8.668720478
4.213349373 26.60117737
28.56972827 11.84452714
29.52364749 11.70000587
28.50727476 12.65537878
14.68307547 13.32627452
30.28455443 16.1026855
3.240583708 11.38356002
6.448632639 2.534877346
2.914856348 20.36906313
21.90549537 6.375733008
22.12078838 9.997128963
17.72976777 5.650904044
20.2101638 17.07648134
10.2034885 22.72611452
11.60979625 3.323291001
5.720632685 27.87465241
11.8572283 30.48322163
15.13835232 14.84848418
23.05307421 1.76876727
14.34622649 2.318641981
27.47512782 18.78998634
26.89121724 0.4913461644
26.34605079 2.773096238
14.59604631 26.97675079
1.543240637 31.34579278
20.30871755 24.46799627
12.91729333 27.43010376
2.969274448 21.24668115
5.276877255 15.85964735
13.39274225 22.19650773
22.20787209 19.56637787
4.59353828 19.99502401
16.3600251 29.7046648
26.87528202 15.41714841
15.04185065 21.21909105
9.314069063 0.07476937466
31.22270648 5.622470357
1.067965426 25.51112646
6.43994856 1.418258045
15.57256571 26.96895175
2.036777453 28.86940914
27.57529502 28.0103633
30.8095796 12.60416721
11.17231892 13.3386424
2.695140027 22.14576447
27.52430282 29.09738301
8.176132473 12.56255872
10.52544208 2.117783265
8.131496315 9.720028708
23.80178228 21.84397584
1.590526687 7.256704411
9.138766168 30.86038943
7.800559402 23.75957587
20.20304229 18.62407213
18.32623229 19.51779712
8.652124944 2.732884641
13.669792 8.301419595
17.93529576 7.398546212
29.89388814 13.47597862
29.90895948 2.184832632
25.54827177 15.78191985
20.00330132 21.50504336
26.16779285 17.47072055
9.51224033 24.76327079
24.51474671 12.22128486
18.42235444 17.05653681
20.18050443 1.811295634
19.91889357 23.0251697
5.707095883 25.53468481
2.236875377 23.8104831
0.2624184141 12.07586726
25.43844001 0.5912514813
9.92069912 30.21426603
7.622913911 7.358888891
12.66299962 15.68190083
4.704789858 24.53059586
24.70883524 23.61093934
31.06496742 11.44604872
11.48281695 2.566557345
7.233243534 6.198216128
0.5004486365 10.13525393
26.81043647 11.74351101
0.3686059277 28.50895919
25.51199815 3.175325094
16.65042184 5.7293756
30.06863922 14.60152655
16.2422219 30.50279779
20.6619668 23.57417006
15.4704105 1.057006813
29.22743264 30.13203773
27.89342939 30.61747104
27.56747257 9.499847774
8.027647164 21.72992794
7.410830872 10.20567306
18.52605738 8.209540788
3.872199425 25.65798057
10.03455473 15.93331218
8.1906314 19.41870334
11.69563467 19.91444803
8.597668323 15.63389003
3.741393444 10.67161136
4.879156439 10.09693995
19.24255218 2.181942621
17.78263311 29.42001365
8.793430439 17.97235626
13.97134194 6.572319635
10.06626045 9.650933667
28.82516214 3.485685822
8.967413256 8.047251857
21.82669262 18.07101848
4.557539863 28.3782997
23.35437584 19.94018202
3.86695821 17.88845198
11.17390622 17.27902701
0.3233567858 23.30546995
19.58946612 27.19574882
15.23418245 27.97160796
14.19008261 18.64248831
29.05351237 7.571716397
10.06172851 5.861121525
31.32406018 22.56008848
19.22123713 31.32284206
13.9033128 17.59126077
10.87142063 15.32309722
13.82694538 1.905018758
6.317370384 0.4629382149
12.26799956 23.10984381
2.026920602 20.04126116
3.755628574 14.85152082
27.07372131 26.50593287
24.54758229 10.9115791
10.22456974 21.72952443
9.764646051 13.52701512
1.05190843 26.8270363
9.245158588 26.04223206
5.940401479 23.48213787
9.574238347 8.947680115
7.536799806 8.608955252
18.57185445 3.359406283
6.906015716 8.638752681
1.368200117 29.13683365
8.747278345 14.15392121
14.17908275 9.08797825
28.602025 27.92448202
15.79672951 18.29791164
22.40619532 31.51538496
6.908102137 30.63405674
23.8066701 6.651169938
6.652019777 12.65223621
3.2593244 22.84908266
4.09064281 22.58460029
21.64960261 11.22713852
21.68747331 24.71600866
0.1996627484 27.19146583
5.928200978 4.71241131
19.93321468 30.08702768
1.52513227 16.39099442
1.846060178 8.258401983
17.56882656 30.23790975
25.53779743 14.32939715
5.756056635 29.90650703
29.73534277 28.37109346
27.1840715 21.69712867
19.63711491 15.87852646
14.95239715 9.236453291
11.89288289 16.36604763
12.7707608 2.230181339
6.786231434 23.96997878
19.88666 26.20010212
18.34743546 2.027008168
26.28616355 20.78434642
4.783018383 12.54550664
30.36117835 0.5441401054
20.63351841 8.052750717
6.018119297 12.01088895
30.0309456 17.66291052
4.946230452 5.198389834
16.8968397 1.329976753
16.74031092 22.13642097
12.6959491 19.3666613
6.233138342 15.15924154
24.64631676 21.3639534
17.66152946 20.75339521
10.71982653 12.82225991
18.98056318 30.40098729
1.860275477 9.426024865
13.74576295 20.03177613
19.185311 28.77065016
16.17414847 19.33350371
25.25807663 10.39639317
24.30844071 19.44959717
5.766428882 7.42563561
10.69924377 8.859066682
2.852085063 29.94538639
30.83500595 17.37235742
9.361090743 21.86305485
15.16684849 6.466922205
16.01579954 12.98105162
3.984784286 19.14411753
30.85708099 31.32899431
23.14070632 16.97863991
15.74625027 9.855093797
15.3509103 5.131027925
11.68904429 8.867042304
24.37927642 0.9192518504
7.588156876 2.060873541
5.295431755 27.09385862
3.601821214 12.30958316
26.54836761 6.098032663
12.41940833 28.84273353
10.97578026 24.24575654
27.39412728 25.21748092
27.20101393 14.08507741
20.50293565 9.285364436
16.88891684 3.312110862
12.10888801 26.75092178
17.48982397 16.4047682
20.6269815 20.80982935
9.06973438 6.483569645
13.31939591 28.25961733
2.957150932 10.16485951
21.4676981 14.72760525
15.71500381 20.38538941
4.737344794 18.59332143
10.08253737 25.95580345
23.30946769 24.51453157
31.40174735 10.84485357
20.50572354 16.04267489
26.38369839 23.73721443
1.795986275 17.95772045
18.09582733 0.2568850891
12.18355593 31.18290133
15.88977083 6.183051366
26.90535799 4.2895152
23.81970458 3.468322123
27.41605611 1.976405469
30.78987547 25.19921257
9.32140584 18.50540773
26.01715524 13.56288035
30.17237387 21.41355731
21.06237046 5.940880172
16.00402043 10.46269165
6.633615197 21.8910636
11.83576383 7.895432454
10.12421288 17.44872149
24.56792228 27.34113948
20.29016705 19.91774879
17.97507233 8.812631615
5.863936279 10.42690122
26.56323047 9.171962218
19.77922444 6.243582023
17.46892137 6.447539814
20.33701768 5.444551463
1.958383729 27.60570813
23.78141063 30.22003574
7.402348915 27.15587595
19.5091514 7.345522271
8.071857359 25.59419512
6.681486353 27.4690124
30.6242828 5.217270988
14.22134981 23.05500351
16.95134805 31.06816644
13.06723825 13.20669956
21.29578614 7.349641803
1.324220143 12.65169876
7.698054758 11.19168572
16.07207732 12.02025677
21.50267278 10.20098312
30.75256418 9.351828766
21.13244722 28.7635695
21.53268664 23.85822464
26.71492939 12.94509677
17.86215676 26.44787625
18.72119771 26.62621566
27.97941163 3.712105319
6.557255718 24.82687682
8.169855137 14.03198681
1.160501808 22.12020431
16.0901208 16.19736618
25.30753599 15.0527752
17.2962266 12.69390537
1.654438398 3.795674993
24.11250151 15.39440496
9.642268414 20.76661596
18.09341665 12.42261318
0.6617483222 7.168419718
3.22712969 6.70821639
21.75239788 29.84526341
11.00167923 29.06363607
13.36850082 16.61277307
24.18938029 16.15373286
19.72970538 4.751957531
16.37967441 4.868341827
3.71024391 1.311683834
11.26541149 0.1356772506
11.2189076 23.25794422
29.56058631 4.815718147
24.02653965 27.97779129
27.73470962 7.648974105
26.32562532 24.78962913
6.396549911 31.39221983
2.03511 17.23740223
9.448547832 16.73625744
21.81535269 27.18812304
22.78414878 22.6081033
16.96165149 28.93620696
20.52685175 0.8142850518
30.42359171 10.19233639
11.41977283 6.75436964
30.52514947 29.55948962
12.37830234 18.28941017
19.68732482 3.964113803
22.24079551 2.96210514
20.89734989 2.024045806
13.52558088 14.48250529
26.4901179 18.82395784
15.43630816 15.83021425
12.75443955 26.2163123
25.5024534 26.00115305
17.86450207 25.16122925
24.48994644 26.46195178
29.0324218 5.754632522
7.818944624 24.65382285
22.53736441 0.7289358767
11.60538649 0.914140165
26.42217172 10.81158307
20.10322074 28.99752893
23.32106095 28.99637344
28.3816732 24.86191343
22.69698552 11.52913143
19.62425737 8.238093733
4.165964169 13.98103374
2.947350784 28.83586291
19.52863472 10.72391072
3.359323414 7.505152819
22.96952211 3.925695816
7.29852579 1.264517668
26.75698749 19.7810823
30.60438726 1.647598856
29.43509964 29.33607112
23.60131535 9.153706336
24.69542791 6.670421042
11.05167872 3.960755562
20.83397516 29.78834431
17.68063641 4.687135437
15.63788026 8.619803534
30.69358045 23.08537462
25.25463681 1.469017063
29.93006068 30.84176972
29.84882591 26.34019672
18.3271506 14.94785173
25.4262518 31.38338801
11.11043736 21.07318328
10.73653163 30.25920283
12.86196061 1.224992216
23.23628698 18.91765457
12.34121002 13.66417622
15.14194762 19.52751417
22.74811042 21.52357214
15.19563622 2.456087423
10.42883543 1.29082679
21.46029081 20.95504306
28.65957837 21.53767411
16.93586353 0.4333321163
14.11902783 10.12809251
