10.928832897655065 16.2445833586732
5.8686201095571038 18.202249568663248
20.023731909574106 30.656382181367466
13.062919723883118 28.431274958125766
9.777523352636555 25.828749798556156
8.0810849347583531 5.7441664136712864
1.7415760918175318 10.783344948107267
11.011947020773338 10.293194810092226
5.509508542170412 14.193633055766989
21.693827231906145 20.90541137969975
28.393571733747862 29.111450024624538
26.362500411209975 18.412861219374495
2.016887379201306 12.087702906306877
15.091899539968168 26.206308353479308
19.632970119747331 9.4003532533001728
23.962076503292515 17.379768533043489
21.74352882291014 30.624964681838446
14.043408234387698 7.4904200943837038
12.223464813044417 7.064552480466423
19.379633388715572 14.458392936673766
19.738333102443125 16.578425691410391
14.620322774917565 13.496498004958699
8.3222627913260219 10.704133691332945
26.500348320663029 4.6838845508485107
2.6844897628940378 9.0090170389029183
22.165265882035047 4.7320238832776553
26.750112615423589 8.8048473159913243
21.941794662778168 8.3787052202232211
14.432279566642304 23.726013425484101
10.8342390564857 18.223275213551293
13.027589888357301 31.472302774594908
28.251857549657867 11.767018449247075
29.936145799141475 14.086413647343285
15.251673661538613 29.976636541967938
21.504429188981973 4.7461159673544566
22.154495460102453 28.428438723815503
21.470749463284225 27.333155384574891
4.4935610170875631 13.395330582640316
22.23057589696246 10.143710113876629
5.2716514262702709 8.1638411832229334
13.643364027453034 21.898389551622866
15.464330612158216 23.987317114208025
20.977219851580273 31.588160146423885
21.14561467967172 29.323749126316677
23.19797246156066 2.2996425691337219
5.9215237659280353 31.092391079695805
23.278699710649239 15.948395326623723
8.3793209943582738 25.887415153628563
28.935956334503111 16.323548797022937
25.941359711822852 15.228009629236547
3.6519411406939257 9.5375647954473415
5.9316387934018557 20.377674724676186
31.065057504093005 29.910018720821935
24.717722131536732 30.359404756344205
0.48200391979894036 10.033582128778534
27.759999240206128 7.0196932082698131
13.231891515550338 20.028474243883259
17.565091150643987 13.025843875860561
11.739690012316292 12.515100506081838
20.64535989470458 14.995288988667696
23.326902004596025 23.907913005458848
24.227149976185228 29.052085212323455
25.797751414678768 0.8345074481216449
21.347216263073214 23.679250926798137
23.203638279186702 18.416501735463918
13.102315547150289 3.5762773157942558
11.489402188364728 15.667393907960706
6.368606997335954 21.395030383724581
18.133762653883704 5.4207847894002095
1.7115583857290375 16.634240116172169
29.281131144428393 14.589740749844633
18.379750162700528 2.2100238719532133
19.993041471639067 3.4686544868532914
4.745617992155573 18.075930404246797
25.082617095223473 16.056263427471134
19.574952951188163 7.6701296980961535
28.360157987650179 4.6179873741111415
27.207106871637606 0.69575838938698109
31.037050631071221 2.2017167706192708
21.432952751047281 14.002138465025995
26.128620476859759 25.984533077326844
16.494747993171831 1.1977408342679379
1.9405773099965269 6.1416991009068536
7.8932619584775825 29.70933756710194
3.4964177344228236 27.986564994913117
31.319925999780224 30.780039623754423
8.4381319994915334 2.5707437728370079
4.1965716100066697 19.497837961030019
13.393737235965276 24.048750706560778
7.5510110366638346 1.1325991639437911
2.0434236058081017 31.284120046584526
5.3986094255712871 19.838843093495697
10.478614056943066 5.2036952484106456
7.042171342603976 19.090819087659671
4.1597515187550149 23.534705557664644
29.33476349534163 12.184064395699755
11.960517156866771 14.979029008440248
16.215725083576267 4.7643270957375643
10.144460836448637 27.050512906603416
17.172569010894353 19.336762735236004
27.900966115783614 8.5089896043955502
10.865512152661246 24.094453996474581
27.266172822818522 20.549276877687017
1.4974879460240036 20.297905356296962
3.9116518345011784 17.394749623066051
6.2604166645285027 26.633268112329791
17.750405426833058 27.469834285695427
11.258114419850816 11.499999695199167
26.721108907739133 17.541922793187588
2.9931757842449334 26.966110110090291
29.743274187048449 21.995667446342182
30.79342691887112 0.071368899278205195
30.988905870867558 10.768795417371358
2.8574985008939535 20.253803452193591
23.734236237467773 23.317170319073167
22.911671726480883 16.985517436147376
17.430928873744119 11.418651397282607
22.177450517245159 31.288819112270957
7.3464990380364217 10.162554928215059
0.70804742100281015 2.4579233861791021
8.7320252260485187 28.944129423553289
13.914806281754212 4.1287727662589928
30.284406144801906 19.927372676062092
23.312037209741497 21.179889143100148
24.193421976151598 25.99907427940277
18.272746083177964 16.908611501409244
7.7034747515242987 25.402537057676415
9.3368888051434826 22.696934302702648
18.610287289264164 27.782064756605074
3.3469175705866117 16.178162630507344
25.231213397843796 26.099339310390448
26.447178283165691 30.03597837220596
17.653116714511871 22.780787640130388
16.468727326078152 8.6676815792177955
25.918751104263386 19.936568679381853
9.6547737750234592 28.825232141990863
10.139018518894803 18.626400254490957
1.2930217323362572 0.98118380911527858
15.458690005754031 8.0171226133990974
23.955026238240542 29.721769171220952
6.8339993058304289 20.16469488246295
15.508529164563869 1.4470021129464921
14.307207407669056 14.390435401918985
24.712606884727705 13.011292433867373
18.357541371191843 7.0729552922451955
3.7699528744438116 12.057795981471193
3.5561601292680551 21.670756190585102
26.271470597305068 16.818393282317583
23.682784888429513 4.790281805558199
22.161671586287177 18.7664052343675
3.8049681567113534 0.55707980895408227
21.047301820199387 22.712610286190635
6.5780389543698465 1.6458120600095674
6.8653112171408086 24.091364323442516
10.643919879873762 20.019744361662308
25.489766326903467 3.8213046229515779
29.841196509640973 10.630044359159285
7.7950898384844445 13.002243007304623
2.7584795138743927 5.2345715536992845
24.405359476468433 3.3184189093891336
22.683166662798669 20.899113696649728
14.705017561603475 18.873835579428082
2.765254741536034 13.589630014915601
14.011605634279151 25.50131903855927
19.354236583953252 1.3136081063589564
30.828325402411561 13.655084429587681
9.781037157474163 19.551659316625692
5.7457652300067732 4.9127953669715518
10.29303708111461 3.7522542983253366
26.686092793499473 1.3702823779062909
26.511056383589345 22.894894486550989
11.677705890127587 26.391209072433949
21.212666149943903 18.992548816747011
2.8475276895756729 12.548602181004862
14.809258458189579 21.86595073095566
27.625325054388099 19.862894282394134
31.071932947028003 9.8840470324164365
15.313136340827802 25.207671537809592
23.667667649500746 9.6809168578099545
9.2709823627436414 4.960011162619355
24.280318398268037 20.977887612018485
18.020990198228738 28.647406224819189
11.992593710795799 31.414671382898018
30.155731729877399 31.056834982422245
18.728402777227867 9.1566816874038111
20.8184519324166 25.008613320384274
30.841518178495232 22.614629813928591
19.309083100449406 2.7801352413885683
15.795906633194596 15.219515666420167
21.590743760002535 3.5423422080865015
21.693664905549657 6.001401399785081
30.89518749225082 5.5846807832977339
23.036865468416032 8.5417973076866875
25.594040645918167 27.202503797584452
0.066379295018121245 5.557347254577528
30.743093748538218 6.8564075892310967
14.349972529499668 15.877501903935325
29.53640896252363 17.363644085128296
1.9605009994750764 8.9179609693958586
31.095901673960054 18.672309029051185
21.26877026799534 28.298103488256302
13.567071585958164 1.8330474460884663
8.7091047627746345 9.9794143728183311
4.4972230133332651 7.8412492527634896
8.5788821318044928 18.963116049845016
4.6890786120461057 27.891747023845507
27.681522826811211 10.341660542245231
17.118491810923771 0.25273008432938421
8.4350486000759961 28.005497434317466
0.99789355349169462 11.571582088513917
13.43820692707285 9.9468106116618884
9.5282201591953122 1.0581500372207626
28.358985977083844 22.938547962179889
22.280761891057601 16.235725047933862
0.50348981735458764 11.024716148477488
0.43911970346068097 26.783602318643556
21.733301095582018 17.177133082345421
26.567391452412775 19.514482714498055
11.765546081602572 5.8017947834837234
22.94712057893102 24.811537042150068
23.15897587963601 14.234496882853362
30.85908910642706 25.460988608461552
28.100887846512386 26.604048381546665
15.987577839717263 2.4597042076958386
21.151149651168932 18.117914176749363
6.8722536748622973 15.261614187130798
24.236672287410531 12.00097843668201
24.817047074883039 23.512634504225247
31.60703304247048 15.061350726588584
7.7751238621365646 31.57074334895615
10.271552278268823 10.94290243513524
18.579231443218944 6.0989113831264161
10.446690446941222 9.14141149493177
13.005009421847092 1.0141913827818516
30.060768278830817 5.3345754056699413
15.783234342046851 11.486847333024297
19.8983433606926 28.276640336566231
13.963130569833961 30.230074963041911
12.802969004105451 14.257852493236808
12.679035713920177 23.398540002711432
12.863456520664309 15.445943404537836
19.225504881787209 10.424738197078456
14.12923787844799 2.2732689635491363
28.83153132709467 8.8295988586332541
24.583742362817855 24.416536255449067
5.2280158411938134 9.2726436474561069
20.35756871294037 20.044284009617865
2.6162951743513312 23.05621961329965
15.956874689933279 14.266143100080104
14.965681908186808 14.878773799706639
25.229850907643563 4.8647232109688137
5.9067047832484514 16.162255157142692
18.570747395615289 7.9621674179220703
28.164238736785212 18.945314490639838
5.4672566759252454 29.721639792974294
16.176572492920616 25.17436764276712
9.3458178093502777 21.3040705305337
27.530554510380945 11.488047105560112
6.216605982482597 8.6917957284958174
29.167620088731706 22.99501105099462
7.5758007723738325 7.0546846291720584
1.5651879683946963 8.0669000123163492
19.94769501703092 0.89234861426956713
21.040374247094274 15.813766282287242
31.214154402790815 3.0277439926307479
30.704856459892067 16.214024880730303
13.052679850493501 26.171367399470306
20.612976341528459 26.015551204190768
10.280669179143974 13.491739234265991
2.3742186853517699 1.1194995050461305
30.29781208832377 21.202374104465726
30.363748671927738 26.686732125250927
2.5145650539654714 29.227137511713998
9.1677840420984698 25.164148523311241
10.065501515231986 15.657897889593098
5.2562432499373619 25.73235180906363
23.852202307723569 8.4171119682696371
12.459037628817276 30.507772278111958
28.927266317902202 13.196785792778934
1.203764012189654 12.647643383190127
12.749034043994195 21.073231959380138
20.460063770278946 27.609919907471649
29.481797805795274 26.908913378451867
8.47749176894078 22.557808614060693
0.16034407912228268 14.111234054921356
4.1238132625912955 25.488283052562831
28.396696204960133 1.7170380562881526
9.4053063467864284 20.238685108730348
24.858493665232022 20.467816108747613
6.0662120962488588 0.61800077547642163
3.1496224704804394 4.463613348695544
9.650553084267937 14.641169110182631
27.872594193939541 25.103027440021602
22.504312961394248 3.187890428670118
16.78636107856569 28.086550578215029
23.324371088331858 6.648553400239364
2.7498585098267974 0.53097818644836758
17.884523693844478 22.013586634740719
6.241955543903984 3.4000326902694811
7.2269421952706097 14.801201827769207
19.981702962127034 2.1563973074698461
2.4331002085483897 30.70480697998017
30.631220500844524 23.919470236543063
20.358782839034571 29.233976305878162
12.894628835254581 5.9618380175116412
18.339297074986234 19.179820295847723
17.421465227053215 17.062182875086346
5.5073608463995143 12.269633254986715
24.314528515870332 15.454796635295901
2.8800253940530012 15.197750686218683
24.5292539998355 5.6046394089483487
17.593171409179238 15.691057160617813
24.455104220566181 4.278177782034482
25.303621405071276 16.902996913414064
6.4170910737892406 6.5392314726770886
14.70314278253665 19.641571129796315
2.073149006342907 3.9311871256619138
29.136021374819755 28.396370532746584
22.25632209651052 23.83277451261522
29.914336250267503 18.931393710310751
15.358669382785191 10.463169204471573
20.764862210680242 2.1109339295460408
20.491962816040505 6.9999908912224704
11.564600981861183 3.7510257103523803
21.19857575187303 10.574777352383924
9.5336822999290582 16.558303566308027
24.217738210450559 19.187906052198944
17.819230821390924 8.3694384244270115
0.66826736202739145 29.144446461068885
4.2114383806708 7.0395576298824567
17.47616132001745 20.033465769217056
16.633069263615997 26.029342395265029
4.6971095266371323 16.60441973454871
18.67992680798546 17.968053998264431
10.670578821823774 26.400881317477165
7.1375433383418345 6.135625410035856
14.79416330838408 17.81852135128457
17.547973275315531 30.282151812409186
14.115968605950826 12.299241194828555
16.954518402800016 28.894423703218351
13.287921646963296 24.823821276891966
22.088601234727111 14.633209740375843
24.709979941854368 31.05736519793351
6.9987283137050431 17.634656244458121
11.752974052786659 5.1952445208892932
5.4201986334266703 28.312025099584019
2.4914557645793991 16.545663474506611
29.248022905080923 0.74192314879735499
18.721871919480737 0.26734989906088819
6.6637024129786218 7.7409518862268465
26.401330371137238 7.3926177586530466
22.234299836595643 0.55976398818237805
22.421319585217645 13.459881342718619
28.170394266441434 2.5286288079342616
0.43978615798556403 25.02904346578509
17.049945506859409 2.5327305773881541
10.08444466151164 30.118875843625911
7.6421627284560145 18.424312992846477
30.230967477819615 29.841308243366221
30.884421084043616 17.961671074840279
28.731938514883669 7.664384629436845
28.748309175065394 24.294254749021299
23.252285130130392 5.4892742894146904
30.381153695030889 8.6862342146553448
1.1579518165038862 17.520664755694611
0.54470527505327493 18.990779202604113
12.158282963830203 21.702802282893259
10.609968349113704 25.204252221310817
30.404240723048886 7.5137981001178513
14.614894294657697 27.267079205595277
20.380842958513618 14.271614539356062
23.020619317315319 19.549707644683085
23.628932628276655 11.287843095917882
25.224615962487192 1.5670066505526699
13.209333822660929 19.279884353453607
11.362766840648463 0.0035696342006157219
29.190585711714736 15.644187251953038
20.126097822243899 10.5275437964196
15.890423404613012 27.477561242954721
29.431016476083457 1.9618529545729531
28.502196719685092 21.105386505694607
1.9161014740746434 2.5219242074293313
31.614081052176473 25.816791449418719
9.1261195249728733 6.8452507056230507
2.9047476341091043 10.136416967553533
16.404130026980699 13.557651412070143
12.467167486948744 10.443883421892229
29.927509116272912 25.744414643556564
1.2060420946782604 25.899851284218428
12.975807754212822 2.884439486100336
28.826569416690091 27.393420282852759
4.0300435800897656 14.439337702840305
21.450288938437566 11.308774864147939
1.8409924981661223 4.9285535716448097
22.507645445676111 7.5269462705185806
6.4108869078175754 9.5103127655272104
6.742966846762501 5.2057137234185538
16.25252065574395 9.9431087666312372
9.0139129517374776 23.769374038462278
31.132883676418267 26.937151142041881
12.374702645240317 2.1226543984605586
19.613592021281857 11.696918152561365
11.01688743888691 30.341718858552362
25.851585936580406 12.752670942700863
28.156771287450024 12.739938004102404
10.093651914909774 23.393479099449955
0.67114526923445361 20.141432449824119
20.487995611044479 5.1729464678987327
6.425999416343962 30.472762747709563
0.33304540094546997 21.400489373010561
14.74154839044845 6.0150868514363962
11.475329708303493 9.741490252312575
13.854895970985984 28.819065724487071
22.663458640251317 27.553382711279365
26.006339712759679 5.3675663899717971
22.882937424095743 4.1611492587279093
24.528848804509785 0.7671611421263258
18.342870736131985 4.3037626907416398
10.088386128085356 0.29161244964683886
27.169183946913698 25.481559165685461
16.60389853398221 3.7796116488992677
8.3499677227088505 3.4405243334419509
1.7712996195417983 13.367125238294951
6.3940146352662692 13.794404365189246
13.25858116554347 29.937840280131134
25.154305352202886 25.137060921409173
11.162401911508729 8.4333549853316505
2.8211565662169225 6.3409643888954736
12.888840447029889 12.038697556573812
18.122592084272483 25.169266236038037
4.6627331880568468 24.781618262284528
25.260558485599727 8.5705591699696466
25.484545722086185 0.056684363532963078
24.120359599917872 18.258257482388643
26.318490628997601 14.268292018584866
11.216731043628775 19.278014810713913
16.43125126137085 10.94869484674866
25.307775307879226 22.080309181546347
6.7398679184214512 0.41839083755714163
21.020129317335702 0.72010557904149908
25.558790892937019 9.6344958725837806
19.026906896914959 15.329981212076266
21.513010959779972 26.480350904407729
8.622191683067113 13.087913232890104
2.2950543856757593 19.475740187507359
14.585288983419309 24.692019753987672
27.176738713757224 15.00945360210212
15.557685351775625 28.301089398851584
14.665718348646212 10.117538893262028
27.359549597462021 16.44945838278036
1.2467989478028529 21.403081555596728
6.8469789966731955 29.621757002858921
21.024531390884135 7.6350349733719813
28.888961000294888 6.1028632877814664
1.0831128739520752 1.7938310353372946
31.299109505135185 17.252436773594628
0.52587085273180323 3.3942789773501274
17.757053497179722 23.641829010913643
10.924816985402263 2.8140008610252294
3.5658245942092592 20.647175208771234
24.111468446850171 16.641779941299273
22.632990376047932 10.788733790745672
20.126741300616015 19.036713481875577
11.383352668216272 1.3683523618239892
29.182865858341575 7.079858787699945
22.480503288624615 17.83348238676718
29.657596458068266 8.2372685880740839
8.4516761255863173 0.7815238290061598
31.400186959537518 27.907285379013082
7.6605616994930292 21.696869308643407
22.350023094034395 22.925228016646876
9.0490475466803435 15.787729855345846
1.4114882658612358 26.784419203884759
31.547375704216286 1.3966776923485993
17.448072201269682 6.9401164133965452
25.397544430654662 12.091314787053166
15.665131658449855 29.092031145216914
23.102503887948103 30.368079492128544
8.3131796604743151 14.255378203996125
16.139649851597067 30.427506357927491
20.163997590669201 21.107960617138364
18.041600874582734 21.144212801038016
23.0482555449316 0.68903355661246557
23.929949860009383 13.983571140448399
20.791720719050275 30.432601597746729
12.104214910182018 28.251155111988346
3.4950726085074555 3.6249769058621557
22.805168247591851 29.335679672771967
10.754018067761542 1.1163861152675596
8.4185011563026944 11.638438912936794
18.469657313810377 10.533596613694529
20.897294521934295 6.1350692668855409
19.295208518219606 27.206989492896611
31.558070235811826 24.181808100839774
1.779467200678748 24.013489629943198
3.3958916948369877 10.947207440444476
15.350671746403432 4.7341052620446824
14.107904187181388 26.388222421403398
5.0262731879254439 4.0154574561116316
22.556223851844326 9.3461600327902978
11.781811844274701 2.6535235995184592
3.3883752060469856 22.994175608474482
17.944693285718476 9.4580019854774182
26.919320522451624 2.9470758051970365
20.307350579996079 11.630916894034984
0.3349797603451431 13.328472040640666
14.266993520997378 20.329657892998622
28.823648927107676 31.558137556411165
9.8908942452081856 9.6448798423310631
30.172299989760749 15.569327811377601
16.430961412920755 7.2451480680737168
17.432291870569049 4.3482963868294373
0.12790341797670388 15.898924965209062
12.177912555749337 24.613545824367741
7.6758654654482967 4.8361505265797016
19.078948311413338 21.442717485860332
30.710716694147465 28.444535296934657
9.8214765946531433 8.2294244057414438
29.005115623632364 11.121491691483973
29.146351000818221 9.6137292511772294
13.255268757333043 6.524648276595455
19.31968165280966 4.1684832248909807
18.766161796397867 13.156319185962795
27.172474523957145 2.1256410319110359
13.350208417409009 13.819351070656012
7.2650958995864032 3.0884081700766752
8.7310611161046285 6.053477351002245
9.3700136390134912 13.805107563601979
19.210444571106066 5.0571934708992696
26.477754088318559 22.261800430785421
26.681196083023654 10.554207981257191
11.206825671081928 20.729511405794771
19.087320160178145 19.330714494280713
5.1747115101040126 6.5966126136035115
24.958479357573289 14.860458214427627
31.131025714972964 11.65508425433192
4.2110427147919927 22.218585710620033
20.739036573200536 8.4851385662214547
14.348744958792945 3.2380884716052214
11.566136488819328 7.1592330090773739
3.8799385557816914 5.166312858340139
5.0276117804141034 18.936447066371056
2.377020572494724 26.224841653425923
27.237564994249624 13.237599266097661
17.490697891660009 10.548486378034418
12.431754329719439 12.911751280775517
28.816886579749639 3.4249718188001035
28.019962793911159 28.261871772549259
17.901214126240838 18.208112319488027
16.670563270582136 16.542242048003299
23.252358126965287 28.470518846867325
30.055584590808095 9.702871391123205
19.416326683082048 17.336183669503125
20.119417856652792 13.336337130786351
29.841859396904344 29.04915557434833
4.9914726239046656 26.453668459678241
11.345703320181954 28.827554223899693
23.944705721607743 25.035440408167879
9.682825613805651 17.597544762455442
14.9982897015887 3.808273409632132
0.76165022297238938 22.37528236929732
30.355890168487715 4.2833168481666801
7.3919925906866881 20.830162149707352
25.027852205770905 10.262227797535191
19.109214416497537 24.992623478055638
10.908398722440719 22.815351232378696
19.826846835452518 31.537832472604315
11.956709767111381 11.236393761521235
26.074366475135136 30.917090860567079
2.7340329378729518 24.182410236743607
15.269075892560826 12.258907084001283
9.529994863001976 10.686550618231456
17.40262077412703 24.701687093450825
19.714252292709759 18.369074007654667
7.2647073615329019 27.935202043745754
1.1244693862074142 14.783515502926212
2.8345755865784659 14.450410407590859
22.533817245720329 5.9677540838417018
27.587891543342419 27.555051678763622
19.758493489936171 25.403552076018652
11.727988243327664 22.794943311885508
24.457721936650103 22.012595267409626
8.8582709980472121 4.5167068447407921
3.5168127683802144 24.367343445767098
4.2696634325958742 27.135927527398483
23.645329976910617 7.3736100019371795
23.919424264343522 1.4262609608976493
27.806632351728013 15.866583003290661
26.464742560524744 27.126116757522841
21.020514833995787 21.498158221376883
1.2086380456665859 0.1668355641168863
27.956729718628655 31.41606681187216
21.985557098131405 12.096113714041662
6.8724625630385141 25.790633663354857
5.2009298484447717 15.61298972596223
28.636569027488498 20.245379003424674
29.167227083622254 25.363576047593245
23.350536006212455 15.098633768249982
16.990670177116268 14.640224908827975
24.87894745710113 14.017059096335752
31.429048249246343 20.481024126233557
9.4154219606244514 12.620377107164202
18.127450260614722 29.439509686883998
21.844428324704108 22.033014816599479
10.086113559345209 6.8408119564984897
15.586722472495342 16.771721157403459
21.758441077536922 24.737258165586685
10.567296357857563 14.830140887411009
21.893424256032539 25.635721384502109
24.317459615257576 6.3549955287169126
18.994682598871751 26.190493948296687
10.803718240002457 12.886139489507658
7.962966833801346 23.344320809212064
25.706783087724006 28.247981309963368
17.555979875648102 3.2256474884513611
13.137167272032581 11.263643342816847
17.033375030998574 12.187942908507054
13.970920759886301 10.85541500603987
27.428210668434392 14.104227190751375
18.492769159127519 3.2506783932814445
28.254209919952892 30.304603647230234
22.220279539311122 19.863933642893674
0.69590724716737706 18.117766818750219
17.613558534231831 30.962781875956477
3.7970994607053226 28.762921852436797
2.5973044403170689 28.247809643259714
8.4793156897817425 14.947063127115086
2.5816001110940152 2.0045084323314302
9.2039482000542137 29.860210244299623
22.834707466020941 11.789830029527584
8.5446875841826806 24.436514483472802
12.514503509885529 29.256172450763604
2.3535140135376462 18.476023085275216
15.078441183564651 31.529481302190916
10.568623493797977 17.101741492564873
30.052959004486265 27.84607883542326
25.354997274458317 23.072268666424563
26.75288201167908 31.533352795136881
31.047058107106416 21.549856154147445
0.67434794089827754 8.5316851482447138
2.1576649752629069 17.820285011368579
22.922945884184511 25.683315167438614
9.0019312583955724 9.0923624491112811
6.4175408172195914 28.02866930222244
29.939113701556089 12.992037926703302
14.158769167348654 8.3023024832859278
3.8618866982085955 1.4423142294561779
3.588979929779867 8.433275389115046
8.1690881661426076 7.3950308245108456
23.761209047002016 22.422516444115065
0.94972211647948257 9.4472414190759828
3.1710080193831742 25.357005557099775
7.6067469219770105 28.761761083859582
28.941305044917193 21.739691034117602
12.250568569389108 0.98621948489770517
20.951465251966415 3.2065154733622179
31.279383221646242 8.9340250493927407
1.8690076558693611 10.087865367505966
15.77777003574352 23.22799224112612
27.668741422549573 9.3231944209353586
1.3746474785186682 24.808829780287056
8.5133903533245849 21.507913337555827
18.379438467289305 12.293031761544785
11.172603545974122 14.165086827636625
16.709731843035041 20.633342040275842
13.797548588716882 18.562794080920789
17.543451038186731 13.825741843621557
10.584805830361642 7.6408837525018241
5.7459221220579009 27.209498518045002
4.5959439072752017 4.6635211181941356
10.083379356312692 22.147139912305732
9.087802753626379 26.576883406002079
10.435890625613721 31.186694413368809
30.084541414142848 0.71612545989388798
18.33034354011885 1.4823359602487747
29.358073392239675 24.139643217040174
3.6838634397081838 18.424603068465668
3.466978677784355 31.2825417929932
9.9336152702755367 24.423606167709288
7.3194871275953393 8.3477120457568592
5.8987547750723746 10.252878189182251
14.597330483486996 11.504126308963391
27.652799214775488 24.254926906432253
27.03445021265691 5.9316105467478275
6.2607341938872052 29.048097352447755
7.9879459597988909 26.902095011480839
6.9066065099820113 2.360396108538712
27.364769619341374 30.638487669638458
0.41411771689960136 16.790063515052807
17.451359423266567 25.942268533614552
7.1273965366205854 11.016851743745116
10.425063193449775 2.1449200514098972
20.968871955670267 16.649641489560079
28.015590882057342 6.1033049582741388
28.468546285305752 17.115144734734088
26.127343280278094 8.2593628336208624
31.162350515723876 19.618744300857522
27.741378373382517 22.193366234642795
22.606967771462145 26.705557162770052
14.694485626976522 1.0327620089077245
28.614693733231537 25.966531383096342
24.680794541048652 27.062292112539502
15.831273994535618 26.616542172585621
10.69576781724591 4.4504027637154735
2.212959490997167 25.301995614501916
17.159108264640079 6.1799057533893427
25.570667899995541 29.820468198286523
9.9019419981916474 5.8210075040634246
21.212114743788462 20.037959831478368
23.791768814940724 12.849562819671059
0.74884145532428581 27.845258897531139
7.5021627446168901 24.470029170211465
29.056969281399173 19.456130595344295
5.2626765614869173 11.449984289991859
25.851345758237134 24.1822368341759
20.299987505630721 23.025097139267263
12.070560368017087 19.437274943996911
6.7514941865876326 16.282069857818581
9.0677127713611156 18.510170074425606
1.38888726917782 30.269256991759516
4.9417318422715271 22.682974834795839
11.766059959491024 27.225369613210884
30.16144506099295 16.917869941689361
9.3141666589498566 1.7761550343519477
25.891934234163841 13.674308099301655
23.601943323516167 26.600052259932223
19.769152410608381 5.8389417974499613
16.569579598712533 24.377463110636565
4.9113597182545066 10.406639674282191
15.594060703199169 17.877916700396117
25.237353747605106 17.763282728371934
19.492705981094947 29.706399568913042
4.3899256575285017 11.980075380196515
5.8069660237922971 22.785202010803488
4.8115599130070477 21.251555771332466
1.887827498633903 22.288489220246898
12.826184493161509 22.491008824717333
29.557243772768704 2.7686299087084918
30.295471875138549 1.6214747995897769
14.549400706720085 29.26192238938107
0.45844997610669896 31.410610161103275
12.683360785398266 18.269447032032648
5.8103494337654791 7.3428048813386368
14.339739136170177 6.5886514781890897
7.3025496270584371 13.733965321301079
26.58468373942177 11.620321200835619
1.724596918961153 29.320129868928131
7.9480806712397865 19.752439732585849
0.68258683310879165 30.34898023153519
24.213670771697029 2.2859910729480539
24.65854833644222 7.6529175348498262
20.494827267652603 17.554836929523397
18.766448594559112 31.1270941364835
29.428016364847082 4.1319197176983353
9.410312969318726 3.6317266160098449
15.597627055981263 9.1058686021968658
9.0780320515089894 27.522257546435952
5.7733168806167665 14.881826359931662
18.488439516150414 20.381499328555329
16.557085379484384 22.272361424113562
15.316677352486622 13.300089488568455
2.4722100429248965 7.5177625614034831
4.4430931829984255 9.1560108104923135
10.599876488625721 29.169763244491271
12.127763954772847 4.142460551586522
11.420594041921285 25.363801980511926
29.070603190786642 5.1235256761789083
4.0251308961898999 15.893451822047727
17.031015127271708 27.075961314518619
2.8113742911956145 3.0946308202315116
14.528822051994421 5.1085421352306435
4.0296980860339744 30.776777691246458
25.666243158751431 21.183284758404167
8.9221719429532786 31.576041720097788
18.510725373239111 16.146349316549063
11.894369209825907 8.471020271902109
20.675890288422558 9.6844985537132349
3.1372933495962725 17.420694464510934
7.2709314579205362 30.946724975369072
1.397786231930358 19.11489852400306
27.217671316975721 18.67773025244669
6.3184098153063077 17.287121511732146
23.338188191572616 31.004807819529507
8.0511189312043889 17.541345931834556
12.470367422264987 25.624280763413687
25.204512561241863 2.6613460758519136
10.078646354247415 28.03664711828263
4.5429994031373075 5.8392016488581673
13.614029292153974 5.2096270903656974
21.925822306741484 2.3656196657810868
23.817284508564349 10.287877164378612
0.53019322438599192 7.3519930267651565
12.39707429445758 9.4829180081233915
29.401259383828339 30.793201494630583
26.905062846824734 12.56189824469841
4.4914142416810412 20.462486592535164
12.780769935318602 27.156247678395157
31.534562530075348 0.73369275028585645
12.413152212056515 17.107001614400541
27.597714532038356 23.369720505739885
30.067137778653343 11.597083893938297
30.766399209168128 12.587015350858048
29.695223699163662 20.515560341225726
23.884229480571452 0.099176237677045004
30.679946600362896 14.79671839786154
2.713822632684971 21.820334258549913
24.618312845184338 28.122641331326037
8.0783485508644528 15.944267593475677
16.674762524175822 29.665348039952171
9.0851784193106209 7.8848906960303218
19.646803417712924 23.910225908438235
3.5974398140974855 2.1970709528551513
1.0456087786054737 6.0980069999071072
25.970503877337613 2.2422145137908434
0.098336825528278396 6.5809313455085299
3.5691192015840327 6.3628402958292787
28.144417835460082 0.9769326367591683
31.177551226135428 4.317628417002382
20.490218005673036 4.3406808097251552
2.1753235474064385 20.996042591951628
6.7683735417572111 22.263708758691742
26.375079741137093 15.829523935142413
24.76692453730432 11.125984806797144
27.901813887790759 3.525986148094125
5.2396909354758625 17.197967179707756
21.923714495321128 7.0699908764322377
15.242517190178388 7.3906133768942723
28.259082463458657 14.985421154898658
26.401979817872444 6.5125704595382929
11.851658808640595 13.748904495222227
31.595274967927768 22.821858403329784
7.2456589786728482 26.870560943695335
7.6900526091119774 12.007332357578754
6.7210221085778619 12.109465261136997
1.4774856315472118 3.5412141041811087
22.875309999039811 12.845923387118701
25.415961235182355 6.2634323482056473
2.0982678784963054 27.469404208641343
23.490281947900367 3.3923270029309727
5.413259704572277 3.0491222024642921
26.298426495297935 24.993758639238386
17.965842925741185 14.892199937145771
6.4080101300293881 12.854872656082687
19.853156584282225 15.765710403005734
11.723946788042298 29.924919098744869
18.620866700964037 11.593461267797085
30.340462057318607 24.650804496898981
20.112286899266689 26.67684890425798
25.25836541798212 7.2299464618176685
6.0581219214623481 23.563709604998564
2.6113187578444053 11.429954591439261
19.999959564278861 22.079531978663773
28.445329898621331 10.299908047973153
8.0787167223067691 1.8628069382810539
13.008303879606833 7.6662906051435273
3.6741408605314247 26.392874411674171
14.058993929529175 0.69031981601239634
13.867830893423593 21.107160531024448
15.881568122236024 0.3992370643733858
18.271369845392847 26.455192094547861
12.835876932290828 8.4802577486884498
21.430429677537404 1.4945560587111357
7.6051044939315382 4.0725379876002954
13.658591503547182 15.209334673940212
3.3480131248098761 19.189199940094642
15.241316200944473 21.009269271052972
14.517408773062366 28.017399217376848
27.402501290808523 21.520068030067709
9.6098940957464762 2.7283725834145489
22.040041520577951 29.699230097664415
24.562388994620079 9.1130507794238937
9.2203442212569229 30.87394081279794
8.2304466982383886 8.6326250968016822
23.790684346833775 27.678246581554376
26.790880470384064 28.990350557233711
11.014992406087959 27.780688700157452
3.6530040909407768 13.260742832890298
6.205618719725428 25.30164624506433
11.212946873882245 21.730609140408212
5.55336284006016 21.608797166900302
13.738187637193393 31.320967747402822
30.094176006165739 23.086257390248644
31.548505383846297 29.104936312469178
11.47368969091038 17.282194918749276
1.0302887762785622 4.9948842389310908
17.050138680633886 9.5413308852044612
18.81848536599658 30.190012585524194
1.1542139589111775 15.852034209375454
17.104382952093641 5.2839629219326447
3.1728208833601692 7.676761571708659
19.143851867978483 28.721306330620564
6.4008753191981329 4.1795472964668852
11.741967367492597 23.91753932528567
11.887418639103071 18.321473165579789
4.2604243357030338 3.3413146966986971
23.749392837709934 19.987910658871396
29.079961901893427 29.855399569041467
27.136283078832275 26.48935435884075
17.819457546429067 0.65725073783137977
1.4923531059256192 14.112883935448021
4.9327274730361461 23.917171576351151
27.406833821642916 7.6559427679446745
26.168150585704165 3.5042759284371008
26.374891940039298 21.040331724124673
2.0086875706164649 15.348718395047619
25.784752195717282 11.093206622776753
15.990395944288593 19.550310753908938
16.512204650593983 17.629079388960182
28.487425684284297 18.208493060458128
19.693626522036112 12.81425942242932
27.454850497511618 29.505495776157677
18.568471399868283 24.100209091249546
18.992809413925865 22.407688776228117
1.4360788008686627 23.189105261408098
6.260125968526947 18.997542342014455
16.981407599106426 8.0056101347101318
16.876816885464805 21.375074662724103
7.719465304241873 16.531043781838232
29.610476584297519 18.259177953400169
21.423102939924068 9.2356907017224188
15.87282949089199 3.3921680517506272
3.0331008068331453 29.984022548990136
25.371776471548259 18.506467261886471
20.409469104407584 24.233145037539789
22.823759303048508 22.172881273700238
13.497240472913562 16.480188517371101
12.87587915757908 4.7600243585157145
13.659751727992935 9.1946240077382679
12.134868885488769 20.375036805426831
16.9936137490179 18.369178876504122
13.483726343973631 27.429755568391233
14.798147920345839 22.736446015550637
17.141956739236701 1.7236803104372362
8.1870730617283751 30.437692022807717
13.454877599897078 17.621104719962549
27.601775748633692 5.1160547963523824
14.796346527461996 30.844367582311339
16.565303688778521 15.697490073564929
19.456399008556154 20.362910976726418
13.626620748192531 12.89556352485323
19.462372043738494 6.7217021933988983
30.328162987291339 3.2363082667157794
15.096867974985667 2.3555738422183135
15.188093117669871 16.218673665993641
22.607818461974862 1.6247582459498029
6.2313959066776032 11.117345057785201
29.911109139236356 6.3251359374237381
21.327246468589724 13.119836920167913
14.21584832941023 17.074429832391854
1.3818043821447004 28.271558925326985
13.80690399244839 22.943982088781166
28.470462407220669 13.97125990015212
8.7983091117604175 17.245037884142505
26.739136122518193 28.177301029775691
16.358789848294141 31.17670709131562
10.270954502866546 21.166605542922774
4.7988135745194427 29.16428566751166
4.9212932468624082 30.437745540737705
4.5284484586559968 2.3558688977006517
9.347462032546046 11.778622105980375
4.2236108329700626 10.62420900481537
12.390339604835656 16.357705058614577
5.1962093076669937 13.184980720749966
15.843344947098336 6.4711447787199496
5.8199203322557338 24.577260983699883
10.941918641321818 6.3532674542549028
7.5627336970225825 9.3713543768836374
15.713754501466951 20.484114706080746
27.692841398892771 17.521327112552125
16.715312029794987 23.373223016157233
25.396625848718575 29.021503566129368
5.6437409905315068 5.7420233222733845
4.3665532598540615 14.867550937746293
0.39453222786031256 4.3533164417098336
1.5422865374137411 7.095584968304701
18.983851908288354 23.16233051339524
3.8763309153807985 29.67755344726471
26.481616648879548 9.7387890720890553
5.0170815415324581 31.448615633456207
5.2340423529884159 1.4052122132235452
7.220391374575974 22.948127678488262
15.962106982906551 5.770836938494007
18.668956714605216 14.049518616709623
4.8238163784529835 0.64951162160271148
25.157020851436933 19.450532095486839
0.17773153016364646 12.420019364775639
5.6445748701472285 2.1338422630934271
27.200629193891643 4.1136690848930844
16.286523754294713 12.565473995813601
8.4763194526334651 20.316222433275961
22.002582302902848 15.370758806069775
15.939665008297935 18.895081842693614
10.420677916718018 12.047279060001628
20.979983540854413 12.394256844331704
14.757188338334089 9.0719910634197909
26.629236961267608 23.920103955198421
15.818016614705556 22.01326539009214
0.544552725554037 23.725671805659267
19.738932669196593 8.514980313021443
31.44438753478666 7.962743261970691
