0.5915662416 10.92368437
17.60628399 3.284490677
10.15104005 5.144171529
15.11485683 5.896973151
5.328933222 14.93202501
7.986790577 10.95703621
28.11063325 8.363385489
13.63636239 1.799084063
1.920183711 17.37460284
22.29920791 10.56695934
8.858284808 28.90975463
4.669479391 17.9168009
18.90371609 0.7036824357
0.4615985846 2.265829267
8.26000473 2.233401334
6.580279149 17.41234758
22.61936379 22.6449629
14.17252151 14.30640594
14.60137807 9.924823506
2.582255967 21.08858773
28.06203736 22.54660753
20.91354503 17.15531713
3.482498994 6.592767714
12.91407457 11.63990837
25.02388944 30.71852901
8.83167412 15.76495104
7.979111682 27.06259857
15.62814831 13.88139499
3.937890269 26.8591235
18.21185582 27.6505463
18.64952175 29.11729023
30.77242177 24.26878514
28.90116719 13.1661242
3.011180278 25.02696377
5.344390517 12.0577803
11.95907367 28.16284083
5.546416761 0.5429272853
22.46943393 31.39151707
2.692569715 22.02689147
11.62850457 7.782379055
10.48298211 29.74228014
3.542356551 15.12382104
20.85434295 13.39781145
25.63861261 25.0213201
27.07931299 15.45352806
6.8264903 23.32630597
19.53247266 30.79194177
6.10390838 2.255349555
20.02251094 8.677195716
19.99722734 10.37439808
0.8560531067 8.523106154
24.81799682 27.98962833
14.27757016 11.12444368
13.92047447 27.56234422
24.87166569 2.14896841
26.46037728 16.70164623
18.44623112 30.25693945
28.48684641 30.02519968
28.17106605 1.949652872
11.65814205 15.31924927
15.78987287 28.34056634
7.367752126 15.13196178
25.76134502 6.564864502
5.341168055 24.52329159
25.11825829 19.06312347
13.51616348 6.660153971
20.09652636 13.09140446
5.54064416 16.09727903
12.80047027 17.12228584
29.77834965 15.74467695
21.64669277 12.69532922
2.896482676 17.10385121
14.2152209 8.281229304
15.01492073 17.24637736
31.41379527 3.312207134
5.3257542 18.62326943
3.847127999 20.52825485
26.32030533 9.747036531
12.06155085 27.31376255
9.202536516 30.110068
27.38054719 2.179308326
29.15007229 8.874803701
29.02442081 2.839298048
6.566886552 29.62668424
4.170226243 17.21395635
21.06710899 27.45536988
2.561907647 0.8263351261
14.29042845 28.98510621
1.327823714 0.4863924222
1.802465734 11.48043598
12.52163044 14.54933873
25.19498257 14.53134344
7.527051807 2.563748356
13.6510927 3.78224236
15.53673309 27.21722278
15.36235147 10.52943653
14.99479423 19.66400637
14.70473485 24.45267984
23.29293493 28.74662456
8.634013241 12.66671134
30.37550881 2.796205915
7.40641038 30.09522465
4.58060522 12.44764148
28.70947877 6.572642339
21.30033528 26.54397866
17.58989006 6.192971232
29.56044635 30.70923174
4.237232655 11.0754568
7.995059492 7.851143545
24.62699445 11.7581873
22.09693822 20.57697759
27.79957152 4.770340049
23.59074733 7.843835778
26.88880487 18.25358511
13.40429974 21.97955111
7.00206551 25.08593004
4.297272348 9.392530332
22.42745696 16.33632575
18.78326106 19.43082423
6.258375611 24.42248361
24.12540318 3.090680339
29.53955709 2.292232818
25.42960635 23.62225835
16.94323635 13.72179479
6.336236173 9.076062448
13.05967905 15.62198542
20.75229238 4.259583031
14.78795731 22.9015472
30.36741851 28.07786045
15.19482 30.09223632
30.54784105 16.45842428
12.28439054 19.59962834
0.5751133297 25.79812263
25.20117978 20.57475984
25.24821725 8.122794923
5.369304813 11.24000136
4.24950875 13.3317469
30.65405608 22.70275271
18.46234424 10.52912355
19.64096181 20.9546476
23.31189172 25.29588027
31.59286643 24.32549864
3.389563301 28.01851084
12.9611495 27.20951778
7.134295741 18.05921866
16.15161603 26.20249333
18.33816701 5.007987592
24.94348079 13.27941273
29.48242711 12.27105048
21.26130506 9.566234288
12.44227382 10.63987026
3.830375397 30.14476484
26.09531722 21.38603955
26.3498223 4.018549684
4.727748723 1.874614275
25.02455268 15.62236555
8.164446143 19.8699689
2.793388372 26.84222321
17.59154694 13.09874868
0.4351526349 18.27052446
29.92467781 25.55652076
10.49123902 22.26496035
19.56325541 13.99194085
5.904615639 20.49364841
6.92291095 28.7197722
30.98315196 26.87312447
14.73090244 0.8906111257
29.18492146 1.378571179
15.49860599 8.374977443
29.1100157 20.95834785
5.672738006 25.51207094
12.14172341 3.385240402
5.645961244 23.50163815
0.9149136727 15.56354763
24.67550573 19.7174596
8.770367116 1.389488757
18.02294889 26.90810995
3.286986149 13.44147157
21.37481272 18.9780692
31.14006542 9.072452182
28.84592111 10.71830036
25.98717477 13.53409315
13.39006991 18.81249282
0.03393451925 9.911264901
30.83844509 4.583258375
30.84375062 11.83511077
4.684369968 10.37423917
31.26881456 16.21082915
28.55218693 18.38966835
30.18285017 27.20716681
24.13631139 21.11938947
1.07567056 18.86777236
26.03670473 14.57218939
13.66442993 15.06594233
10.8806426 4.326967967
28.21364639 1.090991256
30.32303501 18.56799013
7.705670617 12.72750997
28.1228299 28.78246255
27.14854768 0.7575063654
26.66419425 27.96271815
8.820081604 14.81048
27.91252537 9.244882053
8.206801154 18.75288848
6.011684687 10.44821636
12.49562201 13.06656163
16.05961914 21.54626185
20.33598334 5.824908719
23.51904073 1.235698696
14.35657076 30.27512326
6.614720961 11.05175899
15.7771107 8.959546277
14.53317451 11.94866455
25.14114385 6.2374576
0.297267788 22.2525493
17.84935307 18.85552798
4.093648434 28.02665986
22.3416008 19.36748933
9.508002927 21.97313182
10.12011158 6.604018242
9.809642703 15.92554356
3.716955678 21.52495361
17.97886687 16.13553089
17.39809083 20.47322183
28.95360356 26.10213697
16.67221166 0.3699831779
21.18950707 23.41915066
23.49124827 2.477019273
7.132675442 26.57499602
6.021835508 18.84543484
30.44316237 7.430529967
25.98427022 22.15993176
5.737064787 5.43645997
17.65199621 4.355721692
3.789597189 14.36665789
19.84907382 28.83270334
8.361136348 9.430156314
2.303950032 29.91552061
7.998020958 0.6967927796
10.93933956 13.39392591
4.204765042 16.18708704
12.35269605 26.21200794
15.7637751 13.03018441
9.067108996 13.43325527
1.601731205 14.05120412
6.40970989 15.93460943
14.71505888 15.28334494
18.21521536 1.311606311
23.59076018 10.19009542
23.98133927 25.09017432
2.391241126 12.93220286
28.17710835 16.47722624
20.72602397 0.9833899062
4.864751229 19.78423888
11.70979717 8.83177584
3.762913798 12.15511741
29.63927527 9.660285966
24.20309101 15.40136446
17.664539 30.01829948
29.98378044 5.021380976
7.851301964 25.30616473
24.16007945 4.55496531
9.601617577 19.80678515
6.436444863 22.52567067
17.37739724 28.22723375
11.51042601 31.33943695
27.25649832 25.58142635
3.551762757 26.17019768
15.7566979 0.6442915819
8.176953196 26.11972292
16.94750714 27.04040263
14.92605853 3.346753116
29.46437122 26.70321496
6.032092741 21.76763068
9.573942909 27.55205102
19.39324496 15.63059622
2.772388145 10.08897189
16.70659987 16.19967745
7.385994778 1.341758833
5.213792037 16.80866423
20.32050308 26.60165868
22.45243936 24.90446547
21.84965105 6.801710166
13.4715505 9.163267955
11.00728636 27.60448187
4.986343559 3.809780798
16.89958352 8.073417284
24.079697 8.613098858
13.50951876 4.67610397
3.283696561 7.408918107
2.4388652 18.82796828
12.60022441 6.411094802
22.39871398 28.91914419
6.097006229 12.78523273
4.361956016 19.32234215
14.12844435 2.911009193
0.1203857847 20.64506754
13.41454445 24.73887855
26.04728957 7.674429091
4.779722548 0.09534864417
11.31974081 20.837159
12.72354064 8.683562071
0.1432203143 23.15042376
30.43196052 15.07703312
1.345160542 14.95254396
10.34048212 2.295966671
29.41798999 17.61065338
15.25454855 15.96736339
28.41857467 27.35060299
4.660395797 2.715637142
6.972554399 8.33390907
21.16626118 10.32582479
30.39015312 8.932558543
14.07786337 31.1579591
25.25944208 22.58681206
13.16072541 13.8726902
24.09504569 26.28956034
29.2653551 7.315213456
8.770099763 30.90284817
30.66084144 17.70414661
20.4193976 22.13194403
21.20784644 14.62298166
1.874647827 3.463173178
16.89772527 31.04868223
22.6971092 17.65257301
12.42850175 22.27583899
29.36643964 5.789587712
8.098769343 17.94729604
23.91547668 12.13785815
26.73504981 8.380677154
4.254537797 0.9580026872
13.31081819 28.28519325
8.075965995 22.00519297
7.153789217 31.47686324
5.466372988 9.664152389
30.42424235 3.650508081
24.07053818 10.82527056
10.81829116 15.47620874
0.332896569 30.99290443
25.0125754 10.6747719
8.213535092 23.94079422
3.183829863 4.065236985
12.79312083 25.35489845
21.54726647 21.37961507
22.07116764 8.696153896
4.513141316 24.24250726
4.629161629 25.60610571
19.64763864 9.809016214
17.00921199 24.85736909
8.375621289 23.13890393
22.51519179 23.54756768
8.02002478 31.28952594
10.39251252 25.18103613
6.506991609 25.9085714
14.63266742 18.13677066
23.23548915 31.44180752
17.31868803 0.9340724129
10.48006906 16.90099734
17.16638932 21.68248592
3.790653494 23.84952292
8.771261716 3.230721726
0.008832394796 0.436263233
27.90335834 11.58550935
19.1538094 2.565448513
28.92530249 4.537310745
15.16203806 26.36652125
27.3245497 5.798225827
24.43309117 1.568999675
1.775966075 16.38643389
1.648549496 28.99552546
26.47932341 25.23635568
19.03187368 21.89594567
16.89711196 10.76914357
14.4869684 23.67536563
15.83544251 29.51467768
24.16326542 9.389522121
1.166304817 7.144511472
2.972723268 23.54873739
22.28579367 15.25376146
0.1193680234 27.70991547
6.707641876 7.298621821
24.76425684 3.5816468
16.12393507 22.53199612
12.93049652 5.439770519
29.90015843 20.2490735
25.52100535 1.044084091
31.50847318 12.41218568
7.190855772 20.81859613
9.895337718 20.59322295
30.7266239 20.59471243
27.71537851 23.85322063
25.66656361 0.4645432562
30.98094298 7.950096535
23.4606696 17.36210888
21.89145479 16.98395154
7.055221315 13.23366029
6.169282974 26.97415217
4.348714871 22.10105729
8.603536592 17.06366873
3.734003622 5.575809116
1.743036409 7.708581402
5.585466231 27.85165525
12.22535716 23.07087171
25.82354681 11.72686411
20.85770931 18.14179766
3.151354974 2.355896186
5.535768137 1.543456886
27.37123921 4.213736299
15.63950081 16.76825117
29.47682175 18.7936693
27.58321475 10.48324416
26.99323608 22.42070861
21.65206694 13.98438417
16.45945166 27.7529893
23.70430043 22.81002821
29.16261447 19.65283625
18.08214951 9.07826319
0.5850469417 5.530825352
29.54731207 3.966070875
9.572576245 24.64188998
23.84568827 19.85126807
11.83229939 14.15425272
20.6828447 3.444319937
23.02505545 11.18016812
22.64858642 6.844353645
3.959733754 8.141783593
14.11376545 22.18695061
20.93811941 2.220930905
18.94446444 12.60435347
25.97709864 26.65442024
19.24181572 18.37679372
0.2707980545 7.930107932
22.6402975 27.41739286
19.43646301 29.82338223
13.71713874 10.67793666
16.40182469 20.69943211
16.94691048 6.926762119
1.422933819 12.38862319
26.69997052 11.750238
9.950255078 9.992964554
26.58272371 6.612840422
2.056767912 6.08754625
4.552498658 30.80454834
14.13318079 5.32549224
16.74003728 30.30176122
27.0256238 20.90317235
17.19364093 5.456221934
24.18350402 6.840707671
15.74612171 12.04731897
1.941774293 23.41516574
23.24854758 3.72416461
27.60878645 28.69574986
27.36874795 27.44856865
21.69576492 24.24892244
25.9109288 31.15962929
25.09289491 17.62971545
10.72289704 8.677864262
3.805071054 29.25333896
3.904467862 25.14117505
12.54357533 0.7414736263
27.64669436 26.65426545
22.36202136 30.34814692
7.513903566 11.73204346
0.7759671899 29.78770095
10.50346288 18.81728326
30.62736604 19.52051919
24.09336889 23.77796781
22.0176178 22.06643774
2.797840702 5.627591443
16.17851258 5.457934628
9.326710554 2.322671837
24.98031777 26.36224449
13.76801557 16.75861882
24.79668068 21.39489074
18.49362194 24.80341105
7.503717742 14.08105963
14.70960228 7.490705518
16.13202514 25.03503246
9.848446144 31.5817074
24.71813554 7.4936427
25.8379804 18.52807486
1.222958283 13.19219302
27.73160331 3.113068532
7.775486149 8.774368803
9.783274699 3.289360006
0.1798424794 13.27964791
18.36508952 23.35669026
6.584705549 11.97152525
23.00957542 9.062876439
8.925045554 10.84552823
4.0125133 4.013975846
7.692020299 3.618045579
17.1661825 22.70029402
31.39037668 18.9267345
13.61897241 29.70167311
26.88491841 23.12675138
29.93066134 29.87314593
9.842692941 4.244110398
22.27407761 5.562619518
9.842809253 17.88170504
2.931962076 29.23361331
17.03839836 23.50438818
18.86674028 9.409046886
7.281700794 24.0371717
14.52908055 12.64694859
12.61694363 20.57023371
20.17070181 1.480190448
17.52685343 24.19856512
28.88964223 14.90298228
26.13767332 28.27754408
0.7317829682 9.329407121
7.849951508 16.77988211
6.88701737 5.994526353
19.38481407 16.39384292
11.71787309 12.83425682
20.36480828 30.18743036
21.52028744 31.59692999
18.53282172 26.06445181
5.55518313 30.00515205
26.50170391 12.97633792
14.68166279 13.64077228
27.10950296 19.26961817
30.7472959 0.3839985562
23.10613604 26.417308
15.75963154 30.91043114
31.22116674 30.8106708
22.41532954 13.09113504
29.48159513 28.52475486
19.2496847 19.86326067
7.931029577 15.64709216
21.65725413 2.666979574
22.9482629 21.11643019
21.79115562 25.51469078
0.3069292773 4.008698254
11.00391146 17.8075723
25.07454641 25.4235748
0.2055634803 19.77617007
4.834573326 6.142725357
6.32782425 14.10190808
15.83244087 23.42929524
29.18269931 0.1120746427
1.760932717 20.93488641
18.56977453 5.883085465
22.0193338 4.895578291
7.531346187 22.47617343
24.66784629 24.26217189
21.25127719 11.22016511
20.72120851 8.939726538
26.21828427 19.51986172
13.1017967 30.96199622
11.15036446 16.46664222
17.62510881 14.46346001
1.224054596 19.94366587
24.6581878 16.86552966
26.88239806 24.36349011
28.24577635 30.70731565
24.36157775 14.16169353
14.54257862 9.183133814
12.10176316 21.40321001
4.281654311 5.054730948
6.580903836 30.76144059
30.19089706 31.20353859
31.3071315 25.28891227
30.60618441 1.577417887
18.92700406 24.19670647
24.0298455 27.22829754
3.413723585 11.09292053
19.98895651 18.60214038
20.40637171 31.59064699
22.30354919 26.33012204
19.6799505 27.58953063
15.25526524 4.877264088
10.84917927 24.31667015
28.65503947 11.68022903
0.7465263252 21.21126768
28.53850182 23.2545669
18.31111736 11.66254865
2.437147317 7.043172341
29.75688583 10.63354939
30.09167054 14.33268614
21.81175239 3.976703103
8.800073137 5.034031709
2.516873043 8.413785598
16.70740762 4.471184784
23.28598973 5.505234284
31.18820482 2.08474654
26.2445541 15.53749383
1.406073894 21.95609394
29.98646681 11.64793787
20.48214169 15.35721001
23.35191288 21.81539016
10.65891437 1.441661566
21.66789071 8.015267603
12.09510969 18.93763072
3.130933988 22.63390799
11.57088141 12.01951212
16.88065646 9.716517153
1.240665147 4.349032395
13.42018589 19.94003008
14.08850309 19.37568982
18.7917049 15.12053056
9.582425287 5.755322419
15.2574997 6.970509633
17.56748827 29.01481887
0.1867930486 26.58268108
30.4409793 23.37465322
23.1647157 13.5618454
28.15329223 7.595992145
5.706190656 7.250396868
20.06905222 14.48701496
16.04155743 1.522691995
15.20598582 22.00162726
27.564612 21.44271281
29.62051198 16.97605907
12.66862912 3.872022958
28.16649254 25.75058324
24.43523486 5.588986309
6.349840599 3.912277418
14.90333491 28.7152883
13.53978528 7.654917838
1.301705901 31.34508386
15.269055 2.271495625
11.14631104 23.14233277
26.3020311 2.19741972
21.46746618 20.0515994
7.054981068 21.31912214
4.724809034 7.766668811
20.43598064 20.28605473
29.00427286 15.9670319
9.790096545 1.217696349
30.51835255 29.03133684
16.62164136 18.25774493
26.7061888 3.200423015
20.5397367 28.16511768
18.78645183 6.919346639
5.183963257 4.765169304
10.72541163 19.39099479
13.46060149 26.28148922
11.09181699 30.52843966
2.870126792 12.27316377
1.66374636 2.352622354
7.964891469 28.8671591
12.42896449 31.348875
1.805857843 18.23104839
14.6915887 27.58318692
22.164027 11.70803201
25.48872082 16.33099024
20.51871515 6.995765429
1.902836722 8.949731054
17.54703412 2.01304412
3.779433542 2.961129376
20.85480472 24.72924426
21.58316459 28.75792516
19.6461039 7.581746814
11.49251437 26.21921687
19.59778283 0.1571503074
10.29793993 21.13470409
26.06798397 23.76666291
17.81871548 10.24401247
3.812628124 18.49268295
23.54376516 27.91276564
18.76104085 21.02033006
1.689426004 25.79065403
9.284391136 22.68927528
11.477404 0.8257114487
23.52731406 14.71393223
5.202966519 26.38805884
11.08360015 9.916939674
5.032071497 8.793838709
25.33987495 27.44547724
22.79848703 2.289926882
18.17818633 18.16315361
20.16684138 24.09164088
19.65822999 25.08702687
31.24988982 14.38589137
13.23667302 23.83741558
10.20198653 28.21912946
9.206051598 8.532384281
18.16034043 8.074009978
24.35530938 29.88732585
1.955983281 19.7909267
31.61377849 5.032431908
5.306314821 21.55255009
23.08606691 29.80110162
29.43491315 22.75964721
10.16913647 12.97878571
8.752814549 4.162494158
20.10949915 2.780874807
19.82642103 12.21010415
7.314886729 19.77168112
26.99582923 29.55797804
19.67660634 4.478287828
30.62591206 10.23337817
23.46596488 6.327815604
28.46502628 21.67766707
23.78099647 16.57707605
19.42261386 5.235899923
3.511562946 31.03710427
25.53279918 8.954861616
5.593209558 30.8731697
9.787357009 11.08518416
18.19635952 16.84023461
31.55535249 15.35460616
4.322871096 22.97465539
21.12421407 30.78874248
10.30897681 23.49382374
20.8856751 5.139865554
28.93200245 27.81934139
1.50151906 24.40279696
28.21780405 12.90512812
19.07284636 11.26127014
19.96953796 17.29463122
3.370836094 16.26528447
14.724592 4.264983984
23.69134099 30.51025771
25.34860197 12.47805493
15.87233362 24.13077359
11.27547815 25.37053757
28.42676982 20.33538154
29.93708822 0.9062156163
7.7184947 27.93606225
13.19477371 2.64406698
8.54025175 20.68354277
14.1121647 16.3016905
9.108143261 26.63042724
30.11433043 13.11470505
10.10974162 26.25576363
6.080019017 19.94968408
11.77648472 11.1513451
22.91695292 18.83489436
0.6764985405 16.56488466
15.87574574 18.01473661
26.06032985 17.55073026
1.252385914 6.014553974
10.65231782 11.78983572
30.71120417 13.28026243
1.249401616 10.41517115
28.11006786 19.08024754
3.494462552 9.819554355
5.79984924 17.56864742
15.81741318 20.21317847
20.37832055 19.47450628
0.8655079385 3.096459178
31.33360108 17.44580984
2.354810542 25.86376945
22.0024866 1.658316748
20.68878428 25.62346573
23.99211948 13.17419403
0.1010876092 29.33643614
15.26821788 25.35475808
11.92254904 6.806975136
21.49329308 15.7803819
12.80867317 18.06930244
16.13103288 6.330946919
2.440697925 11.18366581
6.692839411 27.71197018
29.82827441 24.58253149
6.699706473 1.339952682
9.057259536 0.404973626
22.81252093 7.798045434
2.462547568 24.49583271
8.742885471 21.28796317
7.293919924 5.333711709
23.75414653 18.58694098
18.88384668 28.35418729
15.99496709 4.097216386
2.530697619 15.02417454
30.63005646 25.84854314
25.61940442 2.548304068
14.21127198 25.25100288
16.53218911 14.56758768
4.741122583 20.83435261
8.63980713 24.79461116
1.720770603 4.813508715
11.10269215 6.263633709
29.51126309 8.154908947
13.40412467 21.0385379
0.3085474799 1.145837335
13.15576075 12.11295643
5.848845408 8.17054807
19.28338722 1.617720053
8.28845244 6.609430143
27.72274613 6.546223274
11.86089916 30.04128183
15.7021991 11.28544222
6.346599742 0.3088145753
9.858201291 12.21984978
18.4428491 31.22795153
14.62311083 1.747476806
8.112155832 29.92212463
4.543669575 6.800374046
12.66067087 7.752052317
1.319760595 26.77323172
21.62775237 29.92626062
31.1663074 10.93713605
18.5366778 14.19650706
20.93960392 12.0784904
6.997030079 16.52790902
19.57643602 6.42390295
20.62544664 16.28267838
21.32606812 6.161639228
27.13483629 7.52961167
11.65008072 18.11962924
23.2621212 15.8261028
15.27534463 18.86343629
22.49567626 9.723059234
27.5018299 13.62815415
7.541977378 4.308037455
17.92513046 7.274977342
25.17865633 28.95374237
17.67013712 15.3966455
15.21377116 31.46370834
8.186166867 5.539920069
16.56836296 29.1474603
16.33224129 19.31281741
19.02667712 17.37884775
8.803230891 11.85006766
28.90385751 24.85397336
28.47439601 3.551958827
2.686621124 4.661165243
29.53848434 21.90618058
26.64399379 31.00042454
10.85437965 3.343059103
5.961782994 6.318915906
26.60191568 1.269883541
8.307988387 14.06029931
2.531350797 14.06141796
3.285146298 8.778503616
15.97644234 9.903642163
17.88511454 21.70338375
25.10823507 9.658202263
6.918497164 9.767380679
24.37413754 0.4806249945
6.401731015 4.638462975
25.85120753 10.69850624
21.90275319 18.11666992
16.93490131 11.45179923
9.761259028 14.0334131
9.300141193 18.22991481
14.18484478 6.286986756
16.60712606 2.045335248
20.09973341 11.280238
0.8160946556 17.33939978
25.53201641 3.748872514
3.190443843 19.32577251
14.41239859 20.69440211
1.084686503 28.51668588
4.835305723 29.50050132
2.34233291 1.654549662
2.416735862 31.59981906
9.441497431 16.81297416
27.3338564 31.57974302
1.353703565 30.37678589
18.4391208 22.72780919
27.52366853 17.86935655
23.14286744 24.01595845
26.49456404 26.47501366
31.46019758 28.38717738
5.247429196 22.86440394
11.7639458 29.09466571
30.07199118 6.569120858
16.60753605 12.65507846
8.935237463 7.816058851
19.35715652 3.637118365
12.35667143 15.9884482
6.377179981 14.90747419
21.22660001 22.80596028
20.88633722 7.69976725
22.62467894 14.42016817
23.19930309 20.14801855
2.530950504 3.164177492
10.87513074 28.86221825
13.87491157 17.85563639
23.04482336 12.23423261
10.85994307 14.34104158
24.26089955 28.98936198
11.72170486 4.464995747
22.89891328 0.8813059737
16.15537453 7.542457897
0.6102466762 11.82830967
0.4447222698 14.19768898
13.21463229 0.9892610705
26.54044406 5.272590637
11.96664881 9.697613859
19.14340805 8.295654337
17.00420582 26.08428599
9.104588487 19.26059962
26.15170751 29.38490544
9.289877804 25.69016461
12.11135298 24.6992066
1.910280456 9.879321991
0.7579474008 23.54232228
9.458143936 23.68571402
17.43593486 17.51970966
30.95330286 29.96854174
25.9172591 5.150582566
12.00763658 16.96834657
12.74044643 30.02876867
17.84359637 31.59461425
6.947190052 19.00208355
17.59153197 12.08672519
2.376004572 15.86909116
20.7539632 29.27389569
4.863761909 27.18792601
29.19018 14.04978261
14.87155178 21.04003998
13.40063384 23.18842867
2.29291427 27.44055235
9.051589258 6.64361299
15.8963404 3.06218494
29.30699472 23.80712607
16.70669162 17.10118698
5.552114999 13.43792151
3.559341564 0.3474503044
10.07827172 8.980850388
28.3613636 17.32009386
28.06114273 24.60743762
4.898147442 28.59047717
4.892704038 14.02382067
28.43665978 9.879662283
27.2017771 16.75239719
10.66402391 26.84824971
13.60203143 13.05956493
31.20839943 21.75292256
9.937954376 7.563392887
12.43117111 2.205344542
18.01430502 20.25704952
10.79813853 7.513415598
12.18374853 5.223992205
11.9155699 23.96312375
11.14782577 5.578567376
13.09963483 9.943876004
10.78383155 10.69246112
9.038682092 9.758896444
17.13508554 19.34769987
20.61159117 21.29408059
26.93462085 10.68458922
11.35423572 2.692842781
10.64819242 0.2187194644
6.710947112 2.879765234
3.038261433 20.20391975
28.48212474 5.476820208
0.9371139028 24.89031831
8.841255173 27.80209324
7.45897261 6.918034331
16.44354309 15.51861655
22.30682568 3.364330246
19.72721179 22.61322727
25.04399945 4.864516215
17.81895885 25.57267051
28.09281945 14.43076393
24.34929057 18.20409489
3.555766995 1.562692059
30.65185451 5.782364224
21.98870313 27.76199992
1.283295046 1.453068866
27.6013415 20.0816995
11.25928597 22.03732773
19.27819452 26.95815974
3.15508801 17.88211511
10.02682729 30.63789034
16.79070868 3.153618393
2.559546163 30.65233815
23.19123211 4.489606355
29.06460089 29.35865813
5.603330156 3.208359274
2.41854841 28.36046509
28.40123469 0.06786443358
25.61523758 30.02126769
7.585002591 10.18949419
9.628065912 29.13708681
0.2430821634 6.836824855
15.51324154 14.83545885
9.919541681 14.93528176
27.29357444 30.2466439
21.75866362 0.9053143827
31.29401947 6.430687095
4.635641523 15.29182454
11.79817682 1.711141537
30.32542891 21.4997047
26.90799183 9.203103107
24.45001266 22.54144915
18.5717092 13.24859924
1.188097383 27.53070123
18.53625778 3.900578112
27.31197415 12.4283267
27.02912886 14.29697325
24.3760474 31.42410364
19.76711886 23.43643207
18.31034846 2.625967053
13.96841204 0.3302244371
12.86058564 28.88222362
17.10179559 8.845815568
26.11612915 20.31588296
1.636666525 22.68709309
19.48744788 25.86325761
27.8857903 15.51187351
14.20145916 26.32119945
5.942473491 28.81858604
11.29754864 20.0576888
