23.050883609669821 10.695369338437333
4.054262126172393 4.0507162818570981
27.834931450006245 30.136852737645974
16.716550731792097 22.800654312327108
0.40216141611596046 9.9844862744183427
30.96160080169005 28.413512823184043
27.389563069339388 9.8973444853272134
18.434509918244622 0.71147469450230949
0.57615751897169465 14.140365911919522
1.680296383376086 10.210680825742353
30.328050799341888 29.648678027072854
25.479823582489882 26.866388959178302
6.6817820274735089 7.5857165311670425
24.674789565566783 27.884314574622191
20.944148480754137 1.3815358015726671
22.706761979036017 20.882862178533284
17.48592762073207 18.06515397440495
22.603168285415805 27.909372226218487
3.800708165479965 21.069205737595333
24.876273694296192 24.136247334890435
19.69078085762413 30.02138403730677
19.638769394221775 8.3828771248614533
2.2984528230914392 6.5854850486224175
3.7376992410985301 19.27597265628318
25.765940918310466 8.3775389574323498
19.557661412644219 14.801128414888002
12.460286028697004 17.712236308623716
27.408593641625476 23.269854093294107
28.806203706123341 11.563237872597655
4.2544132787740381 8.5616574836194239
12.980806982195858 5.8910075134499778
0.52365501158888217 20.597790763490295
8.1934215644604329 27.988224869652324
3.1399638725141998 24.70355233007092
28.046314978106547 16.808615028748509
16.175698198405755 10.666042393067654
15.408082727500691 0.0094937404925584026
13.440129381092813 26.358978759482397
25.025133496703521 9.9980316571597623
15.475149773098359 26.898773335505574
29.108834696779468 10.084348260819091
0.49415272988418718 1.6680707662905851
14.225833832636487 25.44889772965761
4.9045247687381686 26.771220098236874
17.349830834335862 27.092325731943767
12.585162026772247 0.34801445141662013
26.023316709379912 0.16365785377131561
13.792875683530834 28.484491904560191
0.054378852441767767 12.45311003626909
0.16506229640312026 16.082679805658945
9.6539282150841288 28.600160352282902
11.945406522041923 22.666939379325349
14.713457525911505 2.316589151824576
15.796729303106346 29.341422361700388
20.735288074750091 26.524424637015514
17.548445408953796 7.9269390014164598
4.4558334930881802 11.359185509865174
14.944500226201672 16.476334459842917
2.8840821485749273 27.420911978413972
3.597046215546122 27.952167981586978
30.08337308448969 2.2730130893058131
13.082350988227919 1.9754520271421725
27.562771197223739 12.065921462896386
16.02483197445687 4.5311962801985946
1.9539140337296608 26.075094188083433
0.047312896251898169 29.398782783470882
16.03384080425986 15.569188681886164
30.953235429686963 24.513235524281029
0.41426087565285075 3.7598587698510317
2.0441805170974168 20.333856240004774
22.835279665919504 15.407468269757981
27.012812148245182 0.1166842674269121
13.597908004876954 16.923644609070646
3.8102461544312649 30.796493084260995
1.2161724459657579 29.133828053569768
8.473145220267444 9.2252798925132495
23.742612182764706 7.0634027251245879
1.9091230125372989 17.363326522678872
17.875447778083771 16.679028967953876
6.6945466409242194 31.015854634700293
29.962263878507532 0.53632395388449861
11.698374826963935 20.175376926609925
26.687368001081495 20.966357149111445
28.155266860072313 15.571698078486657
20.634594561676902 18.761376322736488
9.5979549499334809 25.217562071890104
10.536872673823167 30.49516083905112
26.169647254778681 22.052757776704812
0.66287600704834992 4.655737805023846
13.008580755080636 25.457908573799031
13.045244963785331 20.359392834970315
24.619713521411043 10.805106997422081
2.801120374983348 21.978839297124079
4.6463341044201405 16.243194674840474
11.151416494117184 0.022934334856795826
29.410454773390821 17.472391134486575
21.485430581420271 30.717668088968242
20.483018460843486 20.909437317543393
24.31133202549011 26.178271686503987
29.098202581013805 9.142228272013206
1.2040772142541016 18.525951065575782
27.083751927335289 13.862723106641994
13.208583896374158 14.046791670647146
22.551001077230868 17.797972059990052
0.36524252986610417 6.201451207298259
11.164251940592941 6.6433836214540083
16.782391408673561 18.990674184572022
26.618392043011596 22.900239918537139
6.2489242741720723 22.078817747399288
21.343800974605951 12.181737489982147
12.729176346210037 10.955229283008496
14.225248294827823 16.07634201114265
30.557777783885516 1.0483098187961146
27.692030981461123 4.4069683008680212
10.130051476473856 31.317041921886641
29.884034455393859 7.2470611906620963
29.104961208810593 14.539038406836484
1.0051150960953379 25.597498576150148
29.932580258999536 24.181258158796794
20.179345722460912 14.387972542089813
31.142377577706597 13.596759516430952
18.296994677203635 21.270541060880795
4.3775103475987818 9.5007064318513876
19.650358321601676 6.0308473011763679
18.971895330834666 19.920961761597816
17.549054213309173 10.306050184245365
24.306010861543179 27.031199665432137
14.364188364189955 12.105540122435999
25.688277337560848 11.910979873478412
16.378754835715394 13.756665524787069
2.6251695837186277 8.1729158011121541
29.479423829242108 10.845383055560808
14.505675055157459 27.493252099795935
5.5221494723004003 1.4976066511697927
29.893288086421755 8.2714812716887121
5.0715820789277481 10.262335301633071
17.436057449830763 11.005001374970181
30.258522237816269 3.6715495737833743
24.049203378159827 23.833446712037095
20.43513535978526 22.282335676564752
18.005062322462315 9.1029652481023255
10.498960454185353 26.876935836616575
23.936643884593188 3.8935461752725513
26.088581862126109 14.030685821145241
30.858490375652 2.394177231157832
28.01701965831294 13.61824529535301
0.88244401186259669 11.012835413997625
0.46149716543984737 2.7837647495952753
4.3361281307538473 1.9214306162645969
12.729457656559935 23.560205255308396
12.485084014723467 8.557581472035805
21.37275821828603 25.938171584956713
30.400572080728914 14.680427445496578
6.7889431306971426 8.6950579359984825
0.18596936473401096 17.076619232409509
5.9858653874506889 29.085603589139399
2.5592669479222243 7.2899303561938202
7.4993443998528244 4.5770658369724133
0.73536838195342891 13.090577980629988
4.6527649616859295 13.003450946177587
4.070673327866599 14.83244038993014
11.457470722764512 24.897023585056719
29.694989406764371 25.137905414108566
12.853774536909143 16.715165659121645
8.4109923807413729 11.793892255460619
8.3200881624500287 15.021653086681686
13.728605095594014 4.9426401883885278
12.388382754859119 19.601305994354817
16.367844663364146 14.722618624025348
28.271045095271379 14.648690942279204
17.176556393447786 14.940469797208705
29.890804111373495 21.746141880696886
15.403469930736872 20.331274863475347
20.390118652724457 27.393845536710568
4.621219304034935 6.6480583247307976
10.412772742533713 12.144058543387059
8.886306749926149 19.919039255952818
29.289052939293956 18.344806751974044
24.751169946435944 0.35396093970004183
16.249320604326964 7.9411362227888507
8.3812929454800127 25.563976422624467
6.7297641944179762 13.841364130143674
12.428668350225459 7.2312902181126724
9.7260236463307006 19.564546165902094
14.303257078610637 21.500637232234709
13.640495866565454 29.702500896494168
8.4512002031089786 14.210155121443069
4.3947105670469941 29.92606063909712
16.234942327776981 28.527204969749469
13.826282071295866 0.76243205657341262
17.531267313473162 22.233349448410188
9.1228772601060886 9.6357215124287148
25.542024904468626 29.154942282319791
15.091556183828351 10.612199212651154
18.314055917147243 17.705335317452697
17.618135348844522 15.69070123978536
20.140382599098885 4.6305526180231338
31.119908918208569 19.185160607054982
27.763413326530078 29.140671778522886
27.954783050926242 22.476751348839937
30.29345537975723 28.641332054676294
29.230972500133749 16.736545576770617
27.164035662436916 14.850006607599999
15.02365770442203 15.229867119011919
21.911722136007104 10.207097493052798
2.4152164289428608 8.9697493510027311
18.686690509821453 22.677016341419886
6.8215448123216742 26.941945010243309
19.496813846976128 27.224225850005332
25.521296173669878 23.325353337166359
14.286069935433471 13.092794991403014
11.334384368240698 25.997343880043573
6.0761998412123104 0.58974568670756478
27.361553044710806 27.761086486558554
1.4666803329453788 9.5072856628731905
18.310529203535388 26.04362276540574
31.35863221843514 9.214666531325383
25.308813139599732 6.7880301211237422
9.3026872535094061 8.2574675044400454
21.492312385495008 4.277800055996595
12.145633679796299 10.069105560368271
2.889076021323957 20.017320284046026
7.9803075366968361 23.774279220260183
18.234167227615561 28.568573665814732
28.236932435656829 26.661883163515508
8.5281033321682163 21.69927039810721
30.220573748812928 30.848071491662747
22.374688159887732 30.737712526861987
14.460554449674079 19.450928570436535
1.0709593601570777 30.343327153394185
21.962966743480742 6.9915248118137345
24.45064065818962 28.623422098596293
22.869115416104393 11.486817197739256
12.22136010366672 24.594295905230105
6.4953960720157067 6.9084292979794917
8.3339468486947474 0.86987020588982222
15.548405470925207 23.817305768915375
9.265689820135373 7.2982576044172101
23.115501719213665 30.304226129383974
9.1797468650624001 15.926039459986999
30.429901704743884 9.9220866348386973
8.516789684112565 22.411287181124493
26.581165013757872 24.744962272812383
15.957389663753101 5.6566549314564956
5.3310635215367252 7.1682816076307247
29.519751849436833 29.904887693550254
14.626480523026466 20.942124795973683
29.06312518599216 15.833571677997236
10.27629541996399 14.375418744743342
4.3851721232001744 13.973488380324133
31.337800769325536 11.652664500129623
22.207717012730324 4.9440512951874993
8.3384980837525333 20.607918256231432
10.509096366375392 1.089723972818188
8.2428175804957515 12.917326680737549
3.023635967565995 0.25497018476867872
13.293527167300899 24.630027235182229
1.5033821567898955 7.8125522236899831
13.524579540652526 19.096552500925316
15.375040557991296 18.695645394687318
25.271197054285615 3.4415426704806054
23.961446721026917 11.407073151793002
23.35113207582728 28.713184579789814
19.582435241471504 26.266477637819374
6.0980746410405695 2.2919877975297847
9.8903959118806668 22.087852379249643
7.7218394859336819 5.6787815221682552
27.116493697644948 19.108675241172698
28.326222531064513 20.179174466056111
24.041294547898747 16.601985731255823
13.194475057466958 13.058101702039359
27.359337558162725 31.110673453528889
17.01525418806165 26.168792199290046
25.697363848544619 26.263157896635391
2.0190704648043396 23.176947281022812
11.889301227135947 1.8253805451199678
2.6742344002236949 18.947967415586149
7.5964220216301017 7.8358487201255214
2.1756190945500999 14.702160164846823
6.1425544263572398 10.431083911314257
8.3251021682395177 8.2079834862721341
1.5137402981503569 15.944834930139431
1.7010395864122387 31.479654922854056
3.0851547267150043 30.631639179241496
27.544923095732496 3.443994416556651
7.4498442784120149 29.971533500530207
28.469357535534943 4.1892338273253893
10.679309922840664 5.8898646799947798
12.380907451488707 12.060672326863646
1.4727706226447241 4.0131222882815676
2.7994586713344112 21.067847154652064
13.243994010580282 4.1928815461219573
5.6204801067742229 19.998645489527696
6.31195332331448 9.6971160029002466
1.6841402964660337 1.5911906130649134
23.000633310332912 13.417562023486211
25.185604517336753 17.141089270200673
14.560428618293956 13.739764149754482
17.511903984411518 29.09466351360506
2.8393058632623562 28.616916139581335
10.45954432699925 18.242575266908943
10.163938434980704 2.9486582776043821
9.4719740908271302 6.3537524697772332
3.3392145468613612 22.505807438987723
26.333719635134781 6.4226273608202469
22.178092599800635 26.793193956287617
24.519856598793343 8.4419444154340173
25.900918616987155 9.28466629425672
15.381544155617581 9.3066390536854247
10.981356995363651 3.3593063927681666
18.911593516223405 13.977947008570068
31.212939362780602 3.2845997040029453
16.517798282529611 12.466553158167816
1.9942416212552068 24.532687392694282
23.274312057934285 17.561848901624519
2.9340690001479128 15.022475477355185
5.6654094594572326 17.030046319468845
9.5167238631438771 1.3952559646097347
25.253598780764346 18.826231961644481
4.9138939556726067 0.87050845134752719
11.250443728745072 2.2120118394158044
1.867169399421903 29.780453352131925
27.144416809514944 2.5544000656604151
17.379850223078027 27.955754627108384
12.971122310077721 9.6210770868846005
20.508601256345983 10.293453353238695
7.5092748611170794 21.131562361224407
26.740273735702882 4.972435661794063
20.305240547172104 25.454245238799679
20.105467367186257 11.592250130528553
2.150224582958931 4.7762741605840544
24.108082503802454 31.573944126061654
12.080454429324234 29.052032857376737
25.11910681141271 16.299960035864824
12.208396199973162 30.165653632319149
29.364152249695859 4.4957130842114692
5.9242141723046231 23.970255186565836
30.280419640322062 20.673597878196745
31.249514290445514 18.260230141895732
7.7210297373250372 3.6903276653609409
8.5336988873002184 5.0002161469053377
6.1050003447547141 12.905925214615902
7.7489943377587016 6.5207973832390689
9.2332454117785794 11.219235679629181
10.903992530635527 10.531844648953653
25.540198596462385 1.0362194925336179
20.340086753478758 13.438276395569307
15.622950318852894 17.466865336881696
10.182682226804257 11.440081696681116
16.691598889127281 1.3552960249627095
11.748020716585534 21.026078345068594
3.3307594268977851 13.877437219557615
16.839812141536754 8.6341925570185811
26.591344445625971 1.1671998822322616
19.41096603318385 5.2142184007181962
30.914354450795933 6.8284391398859494
3.2859915924652912 9.2747508674347632
4.7737811304500273 24.196753840034468
6.7552349060973809 28.279611800983563
11.475569739964858 11.91531895951781
15.404855410493534 3.6978792156924798
19.567945805176365 28.40759084808224
0.25654960719765535 8.7099230839026678
25.441815351793984 24.936218523837475
1.8306111998575441 3.2133692578337065
10.576335477058324 24.899813678324222
18.887957857201005 21.694250704083874
24.612549031911325 22.796679476206361
9.4791462710039003 23.994942369112241
20.975572502361736 3.4649921376129402
23.261527620485271 21.613486343301844
4.0364786848871326 10.487043688247468
1.4852573841780325 13.30802657569383
29.249108173175031 1.0524441283065209
2.6914649807763564 3.8993158823338394
4.5579719351327084 25.369260831898679
10.971746701063635 21.390941007815783
2.8065295341104846 1.7061077490293106
15.319651795078743 27.966971788236357
5.2083871376795932 2.5798199992515114
24.443264985066261 5.3954731702866958
31.077439492108063 15.550045601634334
0.43278921130336329 26.985048391195317
15.843619961784492 21.27041808037788
31.568135216574799 10.617325477772937
19.339462012396691 20.588188903617727
13.408177985796801 12.086971463212073
3.3155505393551867 4.6269763831597484
29.924951376529631 19.707718826230536
20.81667874394973 6.8844065342117053
22.542557310286455 19.145492264383353
2.8719386575052233 12.063468550309858
26.024810505700632 20.419004743136544
8.8847281121353028 18.228648715923953
10.690631398043829 15.700675825258665
24.96668947947369 30.326884684115541
8.7416576427282457 0.19583456781963285
25.71464923069966 5.7361377655484391
22.383498022653267 0.30131414150349761
6.3764731539287167 25.966769607474532
4.9048344134046653 18.695321628345464
27.14256501858296 1.6755779889166531
15.854102711141206 30.201014912541261
20.47237377342579 24.566070125514301
24.639457911382486 2.708593938230651
28.452265597578485 6.3137127888817606
19.28258738807579 1.1987644953270042
20.104546196829727 1.0371997430356148
27.046306325661973 12.95059085821371
23.263921648515669 18.885736473872715
11.584004654532455 16.932116505656939
22.150646949834361 2.7244120201259454
0.57688182171958535 28.552739030072544
30.901515050000253 26.638883263798871
15.219806301923073 11.872587639113616
13.869452278934142 23.880728527884109
27.807462359853599 25.331061838316955
27.127376940261044 8.2023366354981313
17.426980448805839 13.073502354146864
19.182395482209358 31.570127033450092
1.1034421707145368 16.907494583524716
2.309692406698475 17.829618963266135
10.832970304950338 28.178182490212571
28.259653557046622 7.8250207882617815
11.36614709723589 5.2897283130507331
11.354985126766897 0.91254242819571929
7.4738896649696338 10.114413900994178
19.445917823246756 2.2883091013777057
12.202774257765958 25.959577639001882
23.988207252586083 30.671862477464245
14.423638991171682 18.337326851732122
5.1480090494540764 17.439394360980955
1.9350071138691816 28.388871046884116
22.220607225326475 12.343666036453344
13.548393457679985 27.509665550416774
4.6341735360881158 0.080485345665939192
24.551410719668834 15.469378946177569
25.441834827225779 19.916200095067584
22.350791662989511 16.568706880834945
6.1606529914148949 11.842764575852341
10.524965647582169 4.2987106473991741
17.516900284338337 13.771304067791432
15.098017808848182 6.6732515709351325
10.866717232839552 23.27285205770087
11.108017870983479 13.840767671701618
7.3855683455861039 28.509232664529133
11.347409496183351 30.307994737537481
3.706036130955908 25.543059103244293
29.810085270705738 14.001221564909658
11.5394743110891 17.821880297384034
29.223439943398148 6.8479928559259626
12.993121427345784 29.110125822569643
7.5120470908986379 11.943827023835379
18.485156604996309 11.300295058513763
5.7547485616723577 28.012566427824311
30.007236626158232 18.945289338017258
15.107800564767885 4.9129951011198569
17.370121866861343 23.928333391412117
10.033831565988535 20.803387514365831
9.3477841046933676 3.3103434604389697
24.819887472127597 4.1065282970650241
18.524351398899185 5.6940175381611393
26.201234175471413 29.174947073097801
22.87688206673927 20.143707148871183
0.2598759293797715 23.15488186057836
15.324917205274224 7.3315747588546838
29.448906559817388 31.221224432540687
11.070386425425434 15.011531951513918
31.521117481169977 7.5900827682539749
18.656445769358768 12.900032850995339
6.6574293829961961 5.978472608429426
21.08894858607152 2.5908981699887348
4.9079262971413051 23.353528579659582
5.2699639378583383 14.523470981148003
4.1423389469666079 2.9588969726541339
23.063483127351798 8.5680429996626692
17.527633860410948 20.662196714954604
19.077867346665148 7.4810977971307571
24.304767279902499 17.695641056502076
25.527427992675275 17.943541470601321
30.222580170519947 23.29602755390588
4.1675587767022417 5.1688817623111847
10.297403388572846 25.950343195106324
1.3846167019931077 14.606550425836785
5.7922397227639832 18.632417189798019
22.498977732334406 8.0686226930103206
11.894293453093033 16.046189151790273
6.4882004683027512 17.585221477175939
9.287406190471474 13.289645749130225
25.665638620314894 27.975376253311207
13.363217818565253 31.357465100228396
21.045904956494894 9.3989232059163683
17.037592569419576 21.630963581012505
26.16614776202044 30.460044133128239
14.726882743322067 28.755838145857542
28.266228051266133 21.633701835776225
18.309896385888468 8.0180090131523158
21.629867678222801 0.65759359920213423
31.070950677148502 25.682865032340029
29.008906744967977 5.4006070351944118
4.3714049642231467 28.719018391708659
22.244040237241105 3.603912797348674
23.704762809516314 4.9159139828323539
7.7652163801022551 1.7140779267177559
26.294859711297036 7.7470724790877004
12.952099116025591 21.130896432823722
6.2167530052598456 23.089960690810713
7.4235088224697936 22.92828755211486
13.566744703049975 3.078006899219647
26.131044657130321 4.3128486296248214
30.722453920696616 13.016822069114266
12.100357025805137 6.3982407729494781
12.657200143779392 1.1597218704675476
7.8596061186834687 26.31699221988805
20.929947719158225 17.898401314093633
1.6738757287012582 27.662448871738565
18.545378978681327 23.995969069581641
3.0710838612421729 5.6915884085373154
18.361135765971795 26.849570561704898
5.861602453566749 8.4469434039952969
27.129089791434332 21.807339001764927
6.3880545539268843 25.02302332175719
18.616179648159065 31.008075764868302
23.428491665955139 6.0391994185774598
1.858194968248005 19.104478049714803
28.258467869919635 9.4214283436476265
24.875244269844501 25.406613559246498
17.046300387767634 0.32514588847895942
23.123599097654608 0.013889322391425696
20.236900852298046 0.076277784582524238
16.501342939311979 20.645098070085226
15.951157697800497 16.444985789139103
10.109229085627593 27.577585961457014
3.6084882514801047 6.2531510258100251
28.202849569598989 18.755881503296056
29.870471911253883 15.508188995533461
14.236971982681371 22.605955466851661
11.744281551524395 27.885816336221396
9.6525008735334232 29.93554293623539
26.457099383229782 25.56047956951954
24.322645891629151 13.542327712557267
14.540855455646387 24.64989290940219
18.582192457023176 9.9295066687319267
8.8215336149504449 24.763802590262493
21.626561923302354 20.155692259329406
2.0029713703151137 5.5713989245331126
17.970574255205339 23.181683374790072
18.273885466097084 12.169942819021037
20.25015408995047 2.3245061490794527
10.327276247170509 29.282525225611224
9.0493146227733519 27.887919566575103
23.334959981868433 16.384676166892916
22.4084659672186 14.485436424755184
16.206843258077548 18.13717363644113
16.210688803311267 26.475807282105695
22.735662214420245 6.9894711244123906
6.3324173999736457 3.913814182580456
20.492206196868882 28.461134163362203
30.129640937419822 25.784719539813196
6.7856774901232733 29.680636863091205
9.42063241163447 14.324436306741031
8.3901649221662282 30.681897702584525
16.245221404628332 25.256963521181603
5.3772931872072505 25.001992896876999
1.0964631099011135 0.76037246324700636
25.682335811559565 15.417575971578646
29.036199510144982 24.242773365946576
24.648211784257821 9.1743987992097296
27.126158339810008 28.763438077313431
27.324968055350165 24.288320395687951
21.80445820364552 18.356608083262959
27.828630380402807 6.9552803279612325
19.223483517073355 15.877935764398124
7.8070704418923782 10.783302971500108
13.866927970929954 5.9124336933387776
4.2405133448789618 27.198919499693044
29.038680965396285 21.411803813811524
17.219454245710033 11.981562693985705
0.609731395363313 21.638650356134711
6.2164461818315484 14.813216884208899
5.3615050264163688 26.121762644473481
22.537992045331176 25.952833762267861
10.632950116180927 20.132743736682656
4.3227381080932474 18.064266924157032
18.79974495497019 18.743318735967591
21.062620148474192 16.306862339387422
29.514026379796999 3.3979128047015692
21.341846465166366 7.9302139358469335
14.166759669952143 30.597303461894811
21.411251944038995 21.886912035469908
26.045241045643621 2.7241544656946841
0.39182935483045678 25.940347942859411
18.216579825844509 14.397523417610971
3.3240166046294206 3.1025835938835753
18.178958951903386 4.5187325258475743
15.501147091975799 8.4029336305118907
8.0214323170169877 19.556630073775747
29.712225165459291 13.0445619968947
6.0369120147241606 27.125614695559559
23.956993209287113 1.235478714869775
3.745496057971502 7.174219691563736
30.709931460734314 27.358241952529603
28.52680013622339 30.751978278833459
9.6719259293526871 0.3139036746986148
3.6665358814150126 15.61614839191181
17.507723638474054 1.5730455515405197
8.1816055133942029 16.978249332510092
20.940303390130037 11.02536873810554
15.9595207024394 0.60418829474113944
26.120071634795352 23.842132369098795
26.649894868106038 11.949661378512204
3.010966182434939 10.0379728803878
23.258719916340404 12.500539225606905
24.728635230077984 1.6429184024408439
28.373812569902537 12.380692737228035
21.13386655264631 23.954017248459667
25.473506592965389 31.090372940606411
20.681400968987735 15.387825535622152
25.73371147796723 2.0594265929558171
17.283052196353253 2.7216428555948249
19.71607064640688 6.9091655747390064
23.394166316337159 27.673794940174226
7.1711695742492463 14.692854363913099
29.571928914645689 26.878938027326381
23.331379276584656 14.194019172057555
28.800851359397633 23.045862553851986
12.466129300800104 4.2491047068637862
5.0802385654263427 4.3350156611961381
19.544021948014539 22.903245775434989
27.472952363248989 8.7946479000361997
3.6201784857349066 29.330034474271084
12.645753250530312 26.936549050130214
11.321961364222963 8.7748545130939029
6.9162493965202447 20.90954854716388
23.838616635209274 2.5157869685004872
1.5389692468891341 21.231989530508713
28.807348562050571 29.603276206003638
0.54195014305508127 0.15196070405341555
2.304543286580127 10.820151989004545
28.847073807472533 8.122006594263766
29.273895702456546 20.44557998851495
17.624595059193872 6.6921927419132823
18.980103837735289 9.0306723380458003
3.7174943328696521 0.47852370291724783
30.98782743887352 31.082926193343724
15.604627418965169 19.521541460462384
23.15010310628843 1.16839945071917
31.26959786463814 29.995541742931628
20.380842060962742 17.179209819790053
6.5656228283392561 16.324664371173309
12.143862346065124 14.130479735641691
24.600193838295983 29.6124017519926
9.4242666489654319 18.77246103582608
14.458462060665585 10.911039326376896
19.46929265557575 13.059658687437103
26.509079237955202 17.94099300714381
26.451297581520926 10.821542529220993
13.119017799152354 8.4520320483931375
31.101471575868636 5.971892767914774
31.232323147665955 20.059975210799365
20.010338213861328 16.14996511499119
13.698671414156726 14.602752974469292
5.8813565331952198 30.288356631630883
1.3378363451597246 2.4689768979463613
19.381899556831893 24.430096736093297
3.2310934834262692 11.123358379158367
8.9429197595069372 26.887125387177353
5.1359007191292276 3.494055396904848
5.3282235683988191 22.439779587695273
14.137783723774991 8.6223562350613268
28.683389690487115 19.33746129966163
12.705654482780908 18.684371608522117
21.823974242757433 11.180256216032609
21.532248450335683 28.253101969890686
2.2942879483096137 0.82068268316301529
8.1735165541483639 29.340122693392882
5.3417783693122729 9.2063575511608065
2.4449636461590267 13.674777877886514
21.665752349470484 17.085081335471809
29.61496479993426 27.606237609161511
21.929547088358856 15.615000223980088
19.889074384090144 19.302851435260802
19.561376780853799 11.892815828777273
28.227425156249232 2.3979561339636262
18.435326384745967 6.673516338568362
3.8807478818119781 12.114540130888646
27.669584420935887 20.718220284915606
9.7100054438974581 22.816625294382359
3.8104592170213034 24.166575411403141
15.556962402105254 24.860352732323566
2.420535860585169 25.363736681339237
16.277216251023106 23.489470975245943
28.519282446354076 28.355678166209724
18.298170903218171 24.879471673731381
20.863015617502562 30.012388568593341
17.516288547309902 25.375813670144932
2.7291783826080009 26.601880753659874
23.766472240400738 10.05662233960885
7.2757807664824679 22.241329713439026
7.6870862819024515 24.561735027260585
19.911935033595309 30.722190908179165
17.025408632606865 9.5171683284932858
27.897485399552053 0.67886094652162499
5.9347395698800556 15.815217542297166
14.908116771391818 1.2059667498324416
14.814054273587766 5.7882381380661965
4.0146956858835461 20.149527862262509
16.885919146258406 16.424344187627096
14.784345160518209 23.457089244468136
18.660758905150924 27.744302894985051
19.527643915641352 17.399873389498566
22.34066154111478 9.6390469176578488
10.423098990444489 23.954304767045954
20.434833629193943 20.047931086468672
10.046473506890019 8.5930581881930159
13.2765386282883 22.943690901129468
18.481951947787845 2.7256579295807573
16.794911803007949 7.0571680004489679
7.3065123693563052 17.000745461909609
20.240075842157029 8.9903974887018325
30.451127307769749 17.897645271016223
16.395130724858337 27.684229686192246
27.480308880265401 16.313458306876438
20.961185291988972 5.0721881534382893
21.354489808470241 14.752360545126827
19.305002473718197 3.3418685855193702
3.5378310046352599 23.344770965623134
11.231345401884241 29.143617482638785
5.9035364564986184 21.259165362564694
31.095660237156686 21.045675687448277
27.436087410293535 10.956444212487492
21.905558313271868 23.082656546714428
28.227913445392158 23.982965959893054
14.359256464792942 3.2705254711386864
19.8956439817178 21.614463807350159
17.707657378985918 0.079843268556593128
27.135529574825775 19.813000673243792
13.957601175700123 6.9679324293402258
0.9808880897225376 11.919157505474171
10.750346986680544 7.8173687417967468
18.326632851391018 1.7483493698633794
23.097469063600808 23.783136535793091
6.4738627709675587 19.907647097091655
5.1216283135486416 12.363125845701189
21.503900746344115 25.066423735056777
16.326699266883143 6.4475722425596764
0.85588334063003191 23.871204985642635
1.146238620463695 19.993460589840268
2.4531923939124027 23.637539807335155
11.261259140118606 12.956372243650501
26.177380052669388 19.06871600821216
21.723217625562548 6.0411767911250323
1.3027179587337041 6.5474198690189418
28.302599830258359 1.4178686977808095
13.543793320648099 17.92416881830713
15.860593706158387 22.170231962479534
15.57979892081697 12.634947721916738
19.544255175153527 18.306739168415984
27.270984621391399 26.186896142769292
2.2444586038893384 16.071192870565675
14.372743031929746 26.471098506334464
5.1721948178039181 20.945124826295583
26.405491849918594 27.783971507793286
24.113976618654124 12.557439399626695
23.881861517696755 7.8355657599154611
28.253104367935194 27.43526973318443
2.715174379197701 29.655316295831707
15.220162639816623 25.872214539603352
11.72474539951358 23.699216804567364
23.864913447070116 22.585489286683256
14.431521744273518 4.2569541242249045
22.204084714854741 24.158046206407775
20.746737332198514 5.9349758251053011
29.046038778787509 26.128980803120879
24.482628067569213 6.3556673967523132
22.911611992266359 22.874772125540879
10.265374618130791 9.4081027196834182
16.346377406015169 31.045288946136171
28.194108610701448 10.742633658104518
15.178968852219034 22.380923920611103
16.560721385665374 3.6675916524207355
23.786274342286255 15.197883238734368
28.479857206429003 25.270794031861424
9.6187827346030783 15.382943032311568
9.0951981854819977 30.635741588519512
24.112684522728379 21.474799518484051
11.591089096401936 18.840521570027573
21.674014290320581 8.7758125923381769
1.1116058858899838 22.746577301838769
14.711295776642975 29.581235223099597
31.050920580307078 23.269445742381489
6.7551959881520087 1.0606852413087606
24.885863117897923 11.924767905798397
12.675142437332378 28.033180434480997
6.8287429675535014 23.985588138157624
16.207980452691718 11.354213549323275
17.047843141868817 30.589252327846303
17.894725925062868 30.368139383640614
9.6740490143377134 4.3790985482568079
13.33982999226642 21.93750205475807
21.482027710696187 19.395784385001875
7.7187712246001432 13.602816955523453
18.770536821074465 16.812919284009901
23.819553213646785 20.064338501093342
22.66545332686038 5.6483832777715586
15.011727119433541 14.609231006200702
22.336490930545377 22.067500587310391
10.110213290293752 10.287223712251679
14.403776857082615 7.9912262555278595
9.2245400037620229 12.390470532116248
16.883189419233954 5.323584583189672
25.274583081393782 22.131653856691923
13.632887429429021 15.418138956409976
7.2774455420841502 15.617236235464761
11.686747924398665 7.7701993805128833
14.990799065200354 30.729745867817332
19.144398627202698 10.752515769484136
30.803727216088486 8.0554428573169456
17.893303072252042 3.4129079141324374
28.752562862711784 13.26143799382055
3.7636861518243734 7.9895383791991277
8.7986114850735948 1.9313403674554113
24.120410034820864 18.507663810729543
7.9798145443515853 18.576239971082426
22.554520281768212 24.954878933816431
30.772048601352541 17.028854609970939
3.4315296619248827 18.305093617511691
16.098322762186584 9.7119915294876051
16.800757341714114 19.686593157109673
7.6796789112436734 27.187044187080581
15.644549267764214 13.60616199705129
16.86974248343633 24.538932122946495
23.251033864806406 3.069924336465029
20.065190649399423 3.7205531858472591
11.635137587607664 11.037898682116687
8.8100657393760393 29.2115041289102
12.263733090136963 13.091380499646517
13.941751709952158 20.154287092101793
20.689861542569648 29.254136564656516
1.204855766431546 8.6233399740376395
8.1277803220678635 15.993588704688609
19.178386781350302 29.174459429052622
12.119920418164183 14.900475067277892
4.8656661121153082 5.6079835877475643
6.4402521019598975 3.2833389742468113
28.223380174616569 17.687521844941998
2.9871352074058488 16.40339847744217
10.157757890197217 2.0864435449760013
17.179674272930459 4.2492944066740677
1.0474058877085053 24.624045357766125
22.781443069993472 1.9252522606319373
12.706770078695437 15.662350393901102
25.337864133186454 5.0081749192152625
4.9027138887421797 30.812455090851774
28.688825567586932 3.0507962855264621
22.025756567687438 29.614679382818732
5.6989359006409464 6.0766162865384654
2.1696686039212119 30.953150336421089
0.7267572465976142 15.373512179144674
29.656363681618565 12.10540986213757
30.798358570414536 4.4284582681825038
26.604748532851584 17.025435230687215
15.613365505411551 2.8389278285708621
29.268584558887053 28.564158459947883
17.936250122608254 18.982672029952582
23.555140362990798 25.505979976431693
25.736165201330394 10.748325347696058
16.896227559981014 29.480757711050256
31.51377457886824 24.618444952199518
31.398765938514988 14.562720118654811
10.250199604478999 7.0886170019892365
31.289536089238208 4.9833155737842469
11.929260179449461 3.152791645544879
1.7989677012909979 11.714316850323945
25.333095445483604 21.231361834565767
0.95773408630259105 5.4488891650923454
26.806729914977431 30.110015016366383
10.830293164143249 19.211448613982469
6.4780214738632713 18.653872727143032
31.282262984278994 0.30119334931841568
26.257925650176805 16.361015088839896
7.5699472237147827 31.141765650522359
29.392991212568031 22.708595819333325
19.246986980619322 25.481616453691011
19.867563149184218 23.613839015987118
0.48616673767517488 19.249218381278045
30.438930314912479 11.810318239882244
30.044862987718865 5.2419319330852874
30.234739082675574 9.1625006118731829
20.652061070171442 12.63465750875624
8.3156696797695702 6.9638149707454389
23.781597965968203 24.759339377911154
18.565513294605623 29.836303440170745
21.493566115308091 27.39331102388887
25.121465891975465 7.5187638816226876
0.49647307288469839 30.723897816963134
4.0936516889899233 16.875473294415762
26.805660172195957 26.804952217437105
15.661707094868754 1.6812725747861845
5.1350879326570027 7.9106275802299315
7.1796880134202476 19.599402058424587
10.207622353460867 13.154457596918142
12.669439236567955 2.9475502138659997
27.384909698973839 17.981959359213089
12.245356877803422 21.989512570435878
6.9970035198001863 2.1188656526831156
20.968618475929581 23.041453776485831
13.494251569624993 11.063178190836142
8.9841772631153738 5.7200827149527598
2.6429580710828211 2.5280026682374408
26.985605870206726 6.9561553777828591
24.513308145741838 14.341396754882886
16.87395422978777 17.390624139949519
25.526717839821316 14.548623628467723
4.9352004508953753 28.092345457872266
7.0152919229888004 12.702480256977919
10.22059732501079 17.609483909145045
10.012415599301839 5.2953690269264442
9.7112990350015185 16.766954269487719
5.5967410489680152 13.675912290811914
24.497589345282854 20.723710780155908
26.743136094645713 15.393928989845827
3.519777113357585 13.013767253873519
9.2962478214236377 26.327958749938162
4.431125444500239 21.535125117508926
2.203207185091292 12.676146474357788
0.247087932602612 27.763112684110219
18.04326122299808 19.956390091325627
21.355978534750825 13.818995027713507
13.335840444058491 7.2529659095523362
5.7621725519652855 4.943467109648604
21.572115901332818 21.069569516225886
7.482279238575952 9.2062272592484398
11.503502847601455 4.3175429977510964
23.454970451844311 29.477046812909951
21.852900263014945 1.6708880312531131
25.177065648675562 13.167584369257305
14.510595417188361 9.5992931101540364
23.000080963417858 4.2449438427460029
8.828523592502874 23.365358083806491
20.488146678735276 7.8000934713697747
5.8245672148186287 31.314333887952902
31.400694499642277 1.5002608155114834
21.044784961760335 31.449237033283399
3.6692134100773903 26.325928583433445
23.406673529918489 9.3567472021454634
27.131856681438403 5.708535810785583
30.390315598153371 16.379885570972892
7.4411827594077575 18.088354848104835
6.707586242375875 4.9564898248258888
7.6112764816741656 2.9408933046455892
5.2314912863091054 29.479478522689273
4.8408158582055503 19.698482913200419
4.383718562616103 22.48315264500836
10.699016013222861 16.579471780950481
13.693806774952236 9.8804424230556425
30.50078613145709 10.757020801064325
8.8197937864972449 10.488728799253312
0.74581135181174751 7.3411473627167023
14.380122923892571 0.19291825723335945
16.468008640146824 2.4640759740023284
22.141984381962594 29.006007081592127
8.7132351089625093 4.0809518879669264
6.8135276243599687 11.183375997328715
8.6618242041416913 2.7414421303540402
29.374278004035631 2.0265984500488821
5.4060673287519352 11.288571683567438
13.93785836946539 1.8018361349180554
26.502280284690595 9.5979408564157733
1.8017781423720991 22.075970396476993
0.58834311591562438 17.952690758997218
18.514498462863592 15.393890019893876
30.599787006757015 22.150972844188328
3.2810021950112178 17.290454094688986
31.541227338333208 22.059403855993068
28.010834102011064 5.4626393731056631
9.3703813626284624 21.138511599935278
18.860285262532155 4.2556382428995798
5.0342578612643329 15.528774267523891
25.97839076790132 12.973404387396117
8.9361712336885208 17.306497655977555
21.948567506080604 13.323164814585807
12.98125110991036 30.537297366626728
29.975262718724331 6.1045109521270691
11.574948332295511 27.010441126991061
12.329727001642965 5.3133020201011307
1.4157117951551583 26.916685963680692
14.653748368968879 17.454680384812377
11.51748876397631 9.4865371879924574
24.445146098321622 19.482474098761127
3.7439518382470443 1.5671301998266651
28.593520490340783 0.052532648021344427
10.892467729758451 22.26608980403855
23.242983157160133 26.682735548227733
7.4124604200475535 0.42337581099158
7.2609199271744744 25.484132639937027
26.581559117491992 3.6192083386147096
17.60216944441127 5.5287008155414661
19.719291364692094 10.022123948659896
11.950089384502991 31.314410362233644
