12.960789677792921 0.75557364075954947
25.636745084746416 14.787347389906241
15.857817916468727 24.116350318250618
5.6839063907020382 4.3914957099128271
7.6546897374007763 7.5702182131916222
25.07796747741677 10.990503103468818
6.679617759542217 28.159589455559157
2.9472040451706696 1.8159830408297382
15.627306177916285 26.880265850945783
7.195687294758689 2.2011273116846088
28.000073215064361 23.573887333285914
19.369943545742689 18.770210448083116
24.230091908230129 23.291001941295928
5.7335197407043248 12.997356067880544
23.175057320123329 10.810302970691783
5.609091986664839 24.986860377982698
17.712753895352225 6.7997725289057573
10.676687741132975 6.2548365665577137
22.839315490431371 25.404136289456435
13.061269501030084 26.835916438943183
5.8404346459393253 17.141935727263295
9.9517425561045041 18.590302140923445
4.4583758631905734 3.9239327738710688
24.994065728377851 25.103404954635725
1.2026444523985009 18.562027540253865
5.1729830811314281 21.932650127347497
0.1312170179573301 11.101271983913273
29.483789897041838 25.272936426625037
6.4634107686222535 30.803311160639346
3.8505787994963012 4.4805379509026553
21.581654572065805 16.286107834931922
12.149617202055623 4.7445205193937001
16.026921566392019 11.271918981481063
2.9738241896915643 28.375708724545486
8.3165393965071086 1.9772935056064687
19.001185084435161 2.788607079531443
31.156509252452672 23.307442996562589
29.993145756625122 26.087669556423769
21.362732951341503 25.699128396563687
4.9236442406674588 31.437612094743898
27.78716857441119 5.9040985026150521
25.273160490443097 9.1891086496335017
14.905758745325043 13.520441105953941
31.297748483400493 16.714527490414891
14.094567618963239 9.3239037369469902
20.423239541793372 13.999693340527211
21.575176995228588 18.958959448194673
11.248742603831218 14.620296557496101
23.178517993253259 5.1406171141104213
13.554981527821381 13.318052772271306
1.9031346382448753 25.490392188218326
21.210687530116864 20.603168264152856
7.4900783940433726 3.0760620930146874
11.3237960092767 26.902636095832506
10.590990462147598 2.877432260050778
25.305806493941699 4.8278470869304027
10.467391829446768 2.0455109636681299
8.2420665222718146 24.344293552043943
9.0947770209615637 24.907163807572122
4.8380723896354301 12.553063152731635
9.7753944221130471 3.3604157678116868
13.797775327730102 7.8217517109827881
22.415595238648201 30.980200051023434
3.3347060436399891 17.491665427424525
15.144184377622844 20.342584390661575
11.56267730190396 25.240071797969428
30.788494720932313 24.853878832837644
28.783205486659028 30.861767080273612
15.114895403394673 26.034230135458408
30.811627318340694 13.629704561850687
12.658727371605705 20.920922088933821
29.243512992082355 23.094663779528663
28.469167836049756 24.54178861673763
24.980069201243133 1.2346446918976974
12.512425849414528 23.035622893809826
17.510712689050596 5.6393124543751094
8.0591921022231698 5.675375161309832
15.474718920078658 5.1443204140848229
14.837925543796198 5.6791182075862299
15.212238244183622 1.9593850195220366
12.635057328631467 14.639741916470369
10.159182213013672 13.148100741511959
16.721146043546842 4.7224871742737644
8.2717617217211075 19.550766362726726
24.298770749071956 3.5370587327350735
24.821294874253113 15.214602829552824
23.957258546782686 8.3460877370616746
18.758958005213589 29.503808327642918
11.535064506285675 7.9606351427900428
20.675731016969785 12.330927930349278
11.609265491399663 27.893368530824759
5.6875280602287175 9.9327459669329166
9.7027456637478746 5.5454379231181017
19.787608934702572 29.451352662170756
6.3269437334089496 3.1984636753852866
4.7118792147206792 1.1040714274778232
2.1794449266275522 21.539726879525144
22.164360200380301 2.2300032355526427
6.1650623301087579 26.435316953330965
2.5014030927279358 24.882839483790907
9.4265348366124311 28.494279580195922
10.333692290098988 30.649222520864086
8.6986651282033343 13.474520306260713
8.0989514779715783 16.865208469240063
3.2775732633298502 5.5859923811185883
19.291725488928044 27.364626044244893
30.598210384008688 10.070793552490761
4.542917977174298 10.994134035951017
31.440886889792299 15.788041292660147
12.203143893790038 28.831168496488814
25.183767761755114 26.048762493043593
4.6011826728554137 15.649806262586051
16.060379915724361 2.2956241459368845
13.263534602150781 28.082665951932828
18.350742495555497 16.572188906354331
11.801185614174717 8.8353679693203873
25.792527284875526 6.5468670506731685
21.712417897810891 7.9188127604691996
13.26653012109697 21.919626742965637
22.833586358589841 8.5047966163234747
23.686366469549458 13.145125090274806
19.287098993917709 3.6966137027809451
17.013965962223505 11.335186606054648
17.840795065014674 22.15956079608479
31.577893988107395 14.472725957410463
20.171786430981893 3.5995136669780261
12.738452413490293 29.520443855822279
5.6553437793384758 7.1572604764520467
15.849421600980712 18.49851587275743
25.235275246372034 27.934912386308799
19.029141461708146 11.561425395124306
3.6535806759708915 16.275586897041375
29.289654084508239 19.625655699438813
1.6568537077510759 11.273834829760755
21.229066804941983 18.104075708666045
12.966146118022719 9.1743567354399911
0.85585010241307824 11.809363389963949
30.870372993848257 4.7170177058387894
12.944435336689846 8.4249994079769817
17.365961806366808 0.12755969826355965
2.4137215604379345 30.277170093728895
21.673769581256231 13.369357470799329
11.762785623079672 18.844649150058007
26.267496328183547 10.367924349949915
4.1220345269971492 28.331695050500819
10.725138184934558 13.561991482904922
12.32714511031063 16.358716487360155
14.572825183382928 30.767314368783691
11.300109346939475 10.029845671672884
1.4106803251796367 27.426013318658971
13.654749806087267 2.8675533374371049
12.968818105420842 19.804229859999513
15.660083004339709 30.965745502474508
5.4948123821726655 16.165023928432717
1.0222387766589196 6.3378128555588074
12.058770673073541 12.992081064842987
18.459452430490671 7.2249137750908616
27.479056736718057 25.962387696727799
5.8376757506478718 19.891744509300842
24.579894777195261 11.989521976794915
1.3598235909719933 13.110475808832476
7.1294282739512642 23.330912216530074
15.866715401293332 12.850912115124936
27.965901212293019 19.216194444340012
25.209353189857111 13.749824761639251
21.397282527803014 11.780332949749754
2.5501837709363424 20.520583183531361
16.476529623500362 1.0004198687809376
13.031403874154373 5.2245283704730081
26.821697707194186 6.3587088591391305
19.413769633187648 17.964729119279326
10.893776705665553 28.284021954562306
18.242062917420615 5.8052654886267341
27.402590657024408 14.876844587483902
6.3813435214307193 21.574954716090872
31.611863651779977 20.887120099044427
24.739607500879188 22.443386199688035
20.332377859284662 28.616059861269434
22.498542927183724 23.464630223110628
24.634382913492139 21.336333762553092
6.0337416456473125 14.112683824629103
9.3689176254829523 6.5543984071547445
25.511185045213011 22.157435453086769
1.3956272704405415 24.406917231866572
14.244727958542368 14.346689641085209
16.911684906448212 30.857751343938524
6.6114794258287128 16.870019534624543
13.152096548007529 11.673181479647278
14.780049647140482 15.481450102967115
4.8605049679105061 18.243174909466202
3.7880986268054055 31.588827180891762
0.65567806975524401 13.928580179471201
25.502606608711723 9.8135100416360963
7.0881843293190316 15.371476396165216
13.828514818361787 1.3038653429812499
30.200782874922524 5.0613618914907477
23.283824919861797 6.2666780180206274
2.3961435521637577 4.965840234088331
29.350541747469684 4.1941929284067987
24.262135252764494 28.303801633569513
0.71629930020114585 26.810269901021261
27.619027692634873 4.4902750343985645
29.180808688486056 24.110739691116045
24.159371643197538 5.8029390280153432
19.653425045255457 21.748678623681215
31.244429207440035 1.0898448665644687
19.740246689472684 14.848603593181219
3.4557635932739683 25.757516523643218
18.703883496816037 17.145356654930321
29.593117375326941 15.752057467225438
4.9031145500044415 24.335178308607016
16.52396910698149 9.8389911684825684
11.194103540418821 1.1776902696440623
26.010060421956737 18.56134038211448
7.4948177774334077 3.8603438123874665
15.260913172134218 29.088304639990906
2.1584869917197742 18.215556424525996
17.585617826718423 28.385365198341855
1.7636055250850651 22.615045466233401
25.60244601582243 24.459393695289858
15.597906413889474 10.480294664201796
27.206093345519584 14.221712471574357
6.1844368267982839 20.954047395401926
30.472840485365214 26.950887341587528
31.391837165882315 13.155393114844211
12.692257511420172 3.3919951281952128
19.527472255767108 28.24236155911726
21.123382478137369 29.360630513634209
16.089808938305115 4.0419726094485924
23.750657213698826 26.748677434712175
12.833890996659166 13.770880608367611
30.636344230128859 21.686367992681287
2.8452301561322835 2.8032663411603944
11.58827685105342 22.678133576957613
14.521310794006707 27.572760231273126
18.837201324212369 1.650610879756691
19.793569120637745 30.314374281264683
5.4980951854524331 14.804132468470966
9.2969942059711936 15.523719123388371
18.623634353471811 28.611643742732834
8.4046047480381798 4.3668280269361848
20.175654008457311 10.51841326040555
16.388749547394919 7.966890160245808
19.137384126247859 24.425491733957681
6.4976733048408839 1.5582987183490935
8.5002630796555589 12.038536195774968
29.704672411941399 9.5935159069651252
27.980683837412645 17.602271920048572
12.018943185732745 24.256326913055059
10.130613472050324 9.7894014788264556
29.550735918177004 2.1676505714960141
23.732587349497607 14.768154713393063
23.725507688749797 11.536304298824355
12.989716015696896 4.1023126159773096
15.629430773838079 15.066868620086558
8.6329473904468603 29.526952170124137
23.781582298127287 18.126124413416875
10.638354512108524 19.622651097193437
5.4141896336932458 1.2929615804064187
3.4121241684989125 13.198931168037577
17.992904575879344 25.097321769688083
12.478230952669049 1.7099965515845068
9.9336580308338043 4.5386575074514868
2.886420765490215 13.964786295536383
0.049601224595217194 4.0909001334385264
4.3938031062509193 7.4233671323151009
23.500050788137617 7.4657070853581686
13.006317146108998 7.0331011925863276
28.826528282982618 9.7778472528333786
0.64677175798810049 1.8062198477905926
19.030251426315711 14.319032054084316
7.3752446129701097 22.371726060452627
10.820276630516929 12.222827613881924
11.435735277740267 19.809805325452398
26.042042800514608 16.26939282590924
9.1302341175451076 0.21551074434877882
3.1216010610483176 21.852932036815087
6.8708523652680862 0.056517298000658751
22.673578638203857 14.396228090730233
3.816185856563306 0.71132932203557286
29.282704094805858 5.3370876937143956
25.888719961167407 3.4015327374059661
20.715803719111957 21.490822061082266
9.082229958371375 8.0163960657374762
24.793938893315207 29.208377556619599
17.340207356376322 25.473218620800342
3.6068927019406325 29.995820664311388
7.2841941022750474 25.643485333227588
16.49849283234385 12.1454057783876
10.33083897535257 11.041481120748134
4.9129855619642431 19.173314877669895
17.384133490086864 19.169997295109713
14.317112049376126 0.23138906072560647
2.0609552816881869 3.6807065661502452
30.006631936463446 12.832028522713296
19.708745371703184 9.7134171889065115
9.5350372445785645 10.320659995876381
2.6929307711598591 12.383194832143181
17.400994371140335 8.0301191510542491
2.4949263812033746 14.932371701165575
2.1240063514908534 7.7171965973574981
15.299275033070112 24.917351684249958
0.65354259066520981 3.30740327824032
30.398238448695942 16.197108292791171
26.480837866593049 22.102218370851933
24.330315746123379 14.215646463078359
29.81258224434097 21.201553352886847
28.265755144659209 22.788473287253034
10.114705247824068 23.288557733648769
0.45973636861525186 17.898770828926114
22.205127936638888 12.805850676684372
12.032987444497662 11.315610716411609
15.714322835318075 19.676210094279018
6.5476123139880036 24.189534140088394
8.7364397176858795 27.488918630043905
1.4414456547830137 28.991952148882724
20.167847440713601 20.552221652136542
17.145506868975065 27.152838316397258
18.757492693286395 15.528285287227293
17.800227193251352 12.64133785530823
8.587367060260279 20.375880332210027
21.651788688708098 24.836446653250366
11.862591225727218 6.3356159921685435
7.5123704778627669 6.5483755317321357
3.9679895440765134 8.640582690779711
11.130376230620733 10.919472930360678
9.2746119977128547 11.42034301616388
26.88563087979378 18.820711192073222
16.287660450877922 26.084645559381109
7.4720872097624884 20.86958185347682
15.113352925487664 28.374300980174937
0.91122408533740484 28.185439141161194
17.27645024448444 26.551957863757011
9.6618871180455965 27.142936587754733
1.1541030815936815 9.9606713796264366
23.334233841924657 12.287721232752778
4.4780758637068026 9.5979226153420907
3.9061537457589948 12.337651912000176
23.435931226159745 21.53633115376152
14.131277966946739 12.802356042052009
8.2567174091699087 15.335788864132402
6.8864348533801918 20.031337034726079
25.105139205203034 3.7994781054607523
22.956290743811767 17.045907454206056
11.654965631194777 13.779498509108661
27.164024805977999 22.743424897001731
20.76098332486087 4.2292184530287562
16.455613563643979 20.833318923419831
7.6180622854442817 27.747352436373045
23.543533287439139 4.3953354659158705
20.639607087876339 13.158704227342264
28.157990964216832 7.0981928179535778
5.0484857744103371 2.3989834670271679
19.196023079693369 25.392571088670923
20.034127678942742 8.7428328918113571
17.014057405267579 1.8168221331543573
18.466114356272978 26.034994748390027
23.62696619547587 27.685729074843589
12.043578724368961 20.399376308258073
27.811701171503096 3.3036661107170953
27.005952837483616 17.163177801533926
31.550296135828226 24.143199756197898
25.9816288664924 21.228217261336837
21.229280018410151 31.170825347648531
1.848650199136721 26.529631587714459
12.547027638274148 18.87510201966094
6.6246941223000757 7.0877990455342479
14.08027895896511 23.799266792874366
13.890765648400539 6.6095481630106248
24.199132894097747 19.86147985218151
21.66517834611011 22.60794931988222
3.2237999014628191 29.26808572751019
27.695305134267748 15.891517324803424
4.245046872664056 26.98034391682765
10.726155602635442 29.679826501374112
27.61554366870741 8.1016559066167293
26.349819696099456 12.105010100822122
5.1974744154387569 27.71504177062554
29.931395711306884 17.018471070373877
14.388761083639027 8.609196819330867
18.638939027910592 26.765059471886765
18.63774000499042 21.648570564617579
12.867647384199611 12.384223162442227
7.7185189743725626 8.8763086841904411
13.770824738411507 20.175191574605964
13.607614314085948 29.382650634166996
30.772737887365675 10.765079178428669
24.508197828630379 30.363009431401895
26.114429793744929 7.4485232187038495
19.2542177979971 5.910148260417837
2.0182654060823197 10.647728050687075
1.9787686162977471 17.515467863119277
15.020860319106635 11.462792280447346
26.749754619556036 1.3060975376147717
4.6972065368861715 23.228744971281809
28.370289516341636 4.2041587888098064
17.543136239838645 24.10687808002757
9.5018960700743236 14.244839712585463
30.371801549569419 2.7590607187879996
30.673183687742366 8.7013748999669609
8.7545439721525469 0.99880609885164107
24.255465907760303 7.0364421696073283
0.37863034783587557 19.533231525897779
0.91369109100979806 17.18889256784157
3.8154387443209927 23.176322280903399
19.602063362591981 22.739241246214096
26.467306008265336 2.6758180374840741
27.312783128491908 29.175280641173323
12.386751066684761 6.009825717853909
25.599762214135684 17.238160696240183
9.8236495338272221 16.63342995042283
12.268562289156671 9.8711599043164284
5.3518862105784732 26.887194599631151
15.942174449967236 15.952885486005961
6.0088392811214657 29.125476765740338
24.703165691600447 13.082460227958824
6.0093692734563637 18.111629948302106
21.405313536344991 26.369345250459926
2.8619186653514004 26.266137778806417
9.4079777963415321 2.2667342517188902
24.138239149500279 26.091772493601727
0.29139096927278335 7.8867421377827531
13.782390757059227 21.15750901493605
20.829356533120219 9.5374459807178926
3.5403110300732283 17.994511911094001
31.145660983825746 22.223562278262083
28.986665641239721 3.1635587631272553
23.088647968543579 28.622393281840093
1.2679085382620154 21.608173923244731
28.722251457112051 6.6567404055285291
27.702530645380769 30.191513999894955
30.188059161735719 30.593878342455007
15.287380226383164 22.145772330065167
22.027439872321445 4.5172762232540595
29.688792382910723 8.7588830499678494
23.698553384975103 22.332714262913814
21.330384296800442 2.5342451937617523
11.582440800129872 31.608928452934627
29.817421930364944 13.827283456225139
17.736980866676994 17.913551874128835
0.49735785487593009 10.407977436703479
3.9436749167112239 1.8410726515567502
22.927109466473862 9.8018670852326188
23.842079669358657 29.343033095183277
8.4845640233849053 7.7229019342923628
19.799799603459057 2.1307050531742928
25.09875336094937 30.777908757917057
21.471634041116985 5.9711757067501665
21.223638262335644 10.776344763983168
24.447005955404578 4.8609992604184376
6.0406894720305271 15.625607052355742
16.459371931788876 5.6027113631428005
20.979520399178412 1.4060451792207744
8.9426219703587968 3.717812308274195
12.273726491724599 17.568502920797076
10.861938999009283 16.877935840381706
20.825525194408215 30.178505269485004
7.2858640116391769 24.698499403729354
22.549628655410309 7.5045810099984722
8.2760716926942202 9.2910584100178379
0.12819987115672807 25.721496158121795
23.512614147491785 20.721251048341124
15.144017240121238 4.247024489792377
25.860410160209582 5.5736138909478621
28.292483413032059 27.148656983646418
20.476121873522796 27.379555889334434
13.354429947246611 31.590459505201103
20.427988745802995 18.937107470847355
17.939841363322863 20.875000663879103
25.577829427562595 19.983113992156543
12.31537235673788 21.959587229915076
1.6110884503888752 15.325284617956044
30.470760477699088 6.1376082021641771
20.105593391416395 19.663775115181497
0.32142315226634827 5.1753336726963033
10.115449047709326 20.752968088813613
9.6407227024063449 1.3546324301342891
23.401635114024678 31.165608332342618
17.101360283862768 10.314138599436525
22.182476948031251 5.207560571065998
3.4111722148895942 3.3379349540839698
17.272506666890727 3.817810479367421
30.840510114609366 20.507228515609633
6.9782939264485107 8.2831847400427563
7.8390947393028982 29.988343758232741
11.432816134830624 4.8520798853951694
14.855018196403494 23.421309429477272
21.897174474239499 30.216828455992605
4.9905334185450467 29.704298766116256
17.616555204374119 30.261281905829595
1.8192113020578078 16.270842241222081
6.8945746386233768 11.319338410460734
4.2179732635890987 13.634877368171821
2.3798147279548569 19.279949271411695
6.2254705572059876 0.67255500522945699
22.150806589772817 21.755924256728679
23.830855889858178 15.759117639866171
16.808449302846789 23.084489219820298
13.449264489235171 18.784327113967951
5.7108657150925977 10.607619111083201
13.708609179276383 30.481493184378692
18.310673291625196 18.367154653892342
16.267333577462765 0.038881247535652093
14.97394325938537 16.941551680907068
26.774095396899963 3.866217780994277
26.652696662853284 26.253482475902171
17.049591260521659 13.083112099460886
18.640772961644991 24.00080902080925
2.3974359013610989 0.22591347215837612
17.751764486865316 8.9083086800929419
3.7950566402429895 30.718998387276233
21.521638427207339 27.30306667288346
8.5177636502880176 6.4771141068425626
14.381928133485498 19.508497874152983
25.935927955738791 28.433915537700003
10.435299298718087 7.89326611531519
31.564437937204556 18.691949118904979
29.049863546188725 26.891922645317393
9.869391073634052 12.077124697752355
5.5010679806219294 31.480034935319232
13.321475482226424 16.580810610893877
13.357712555101029 15.71980559127687
28.990827559972583 21.876938630799813
10.872946946889426 21.021882601387585
29.105274353781713 18.730555668934826
24.17335972682206 24.370910922213547
29.08031447415755 12.776992567569993
3.7043376627618017 27.347094141669626
15.864406680318627 27.524939796958201
15.556325324447345 9.2016040811496289
1.3126515259742157 8.8012366605978656
20.269247162195402 5.77466749068385
12.968399560626837 17.642715948438109
14.140595307652621 27.074613139174001
12.389473740286117 7.529634166931646
8.3433235498286678 22.304229468186708
20.903935855449024 14.859120322885623
24.910441224424069 6.2218951773267426
19.248460265281235 6.7623579988624467
14.118472537012892 18.194655298818905
3.4169755744873744 11.533168970853163
22.799059149660366 22.611136819293083
15.146990447145717 6.4764841356126857
1.4794077973616624 14.38600808227647
4.0263333308170228 22.265325124959354
10.002794647578103 8.6480459384960344
1.7918540820326392 5.6569878441459132
25.10973708257028 17.692334016008665
22.409573183537862 18.024104104522657
17.836272742372813 23.124985835115041
8.2632192644286899 25.489540523587181
18.087547635087414 9.7973414659491596
23.53183095132427 2.6074106940138351
13.698137344394098 5.8524431933578738
16.745377273274837 18.619458780994965
22.620424078109824 26.979992920163966
7.7996528554881088 18.347541161203889
5.5260959547865509 22.855753020159945
22.315779716702469 11.946731809383804
26.280428359025549 15.073256518854276
1.2431684285805098 0.33855863109011042
24.931407152590442 0.25709448797817741
25.171590165567451 23.648930089455373
15.816050126203834 21.374379475980977
28.005324227929734 18.382468573274242
17.549562770909869 20.248296176036305
16.883081548297671 7.0289007265197174
4.2595205302653909 20.124179343015431
8.5110631788444557 28.461277926001483
11.146128485038153 7.1060562919201216
22.546189247866263 19.513599019536514
28.506363499301756 5.3873399797197505
15.333541087722029 17.721475581077875
19.589172341399241 12.334266261157422
15.584635029647808 7.3319988613120914
25.258476713093195 8.3017462671073829
9.8523929078282535 26.073429733699083
23.957546275397231 9.8846997126557969
3.4040573572728756 20.203542131188389
9.2111998776678323 21.88890181310898
18.058371287485866 10.831092788154759
13.760405073616372 14.791067172678748
12.264550612570964 15.297420370180598
30.895352553585884 25.803764031183135
25.933722129728416 23.244752826535368
27.185700657795298 9.5764217299679917
26.844054585314474 16.077532472097296
11.499675610353096 29.377032078790098
7.280213090310057 16.059670320284656
8.2142974033628349 11.011554715063816
20.448248891275291 2.6257893111472628
4.2031052558430675 2.7126209853231011
5.1113380399646759 20.453053648954949
7.5950495221609291 1.2338138834324293
1.0848250347964794 23.388392432787573
8.390855125595122 14.565834267951123
27.520913340155261 27.069903109853968
0.22779446015437227 0.74544235636395728
30.183042565039965 1.4254594741678885
22.445912079943731 27.89160055600243
28.043176143376741 9.161444712476781
4.4278412479137543 28.93768948018581
9.9865370907759825 17.598428855932557
12.583859138524224 27.727965205570872
27.929501412942574 28.558795669849044
30.961355434574727 19.553758199394981
0.60131390739630952 15.268976328340104
13.361734319743622 26.026533777077219
18.514713342296606 8.1933190620664877
22.707270620752503 24.572671178456361
10.436005925458392 0.68382426992596734
3.0844626470940972 10.930481221719333
27.310052965669453 11.564967438315728
16.259318964237007 6.3821685844096221
5.0086709216322109 5.0756544900115488
18.511981741404146 0.88329684661024965
23.859124925480685 25.173621650199561
20.297770914486186 24.321180479342484
2.1196592566443515 23.828522653501125
14.46222554029668 2.9601161491589916
25.360310046997032 12.301462987877059
17.363720681192746 16.128712668723271
29.432199018422857 10.751638822525997
19.802808066981783 16.958414675541725
14.61606500902221 7.4444315829876269
18.963658911371414 19.944039130333966
11.521497353755864 16.321045164215768
0.28088759199039132 2.5577901715914395
16.367398525442972 3.0857465499237966
29.848489535631543 7.3892062533730103
16.580938581625833 29.785734555219271
0.81540105309340927 31.107769417086843
16.470495026990776 22.362772536095655
28.788045365203818 20.977288126906853
21.017279087223759 23.316296833638898
2.215608302564759 28.109568218586844
21.704651603707617 10.032636201129636
3.654079774471986 21.185461148221041
20.139578052882126 31.238542109478871
9.1128482649053382 19.090013350483094
19.954960586225891 7.4033778962284389
29.628409626890722 6.3890020446105522
20.874641685529955 16.743900184171228
22.337462572001563 10.905242998630417
21.437266004302902 19.809502878694907
0.5656975507680172 12.613683092677304
21.757265077712479 1.1802451668509337
0.31467698442891351 6.7241834329257326
24.085168550012991 9.0543477033619819
26.046067871684354 11.255343970276401
1.7457452832210891 2.0052736193726708
2.9046892314224726 9.9827534484553251
20.06055766350153 1.1540541269723001
3.5561725672009969 14.756990429096231
17.930565644034886 11.823507444937787
19.540389433150157 0.52433235976508785
18.295051494969865 3.6989259543360706
28.488370931835306 8.4057398884783154
3.088066870412101 23.644597473486048
22.653469594815927 29.636097339657574
13.977352626330056 28.629439050896995
25.440838224855117 2.3293658403689865
24.039305419973587 31.614755913792713
9.3940628691579242 29.878557074391725
29.629867030315463 28.347441898267402
6.0403436117509717 11.461298911144358
10.762085170988717 25.320265840552107
2.6599575431981219 6.3163559639375784
22.835356842107981 16.250491543867223
27.40013018214233 24.458393275327911
10.601024667233858 4.100254329448088
8.6820894776419539 16.29813262532468
17.629225816292792 14.251753556204779
9.9378643427694353 24.84676234814637
29.66349264583156 29.896024204115012
26.240956475137036 13.735049684461281
4.3570997919187313 14.836072399115238
6.9516070433891661 9.8801013302712164
31.396756883926429 5.8507124282082827
12.081086011796021 0.4819840518194497
30.795621074672852 31.54196961441173
3.1580058809333251 7.0301589954033874
4.1578045123450931 5.5004136617859052
7.3640126401150479 17.379520074511561
29.148295935646189 0.98326364656848675
15.113000364586652 12.388485690861009
25.158815912853417 16.150503259720185
0.82159370134424037 16.360457277551959
25.024003286840305 7.5598998174130401
26.727545327836232 23.559609948539531
3.0789076965362829 19.065936550315239
6.5367453737373173 27.325486025160799
6.9413116080595136 29.457313474443399
30.612438028408192 28.582435838272751
19.92252306929413 25.900121438624197
8.9825102064855429 23.012147082591884
17.891672049715247 4.6125351364380105
26.334213151010289 13.040651611869391
3.251871618930986 9.2400350235227737
12.802700044253626 30.837867547553408
14.383902870134344 25.990981443017692
7.3760458235887967 19.454165379308645
5.5924459238703781 5.6996263164933172
17.39998726426991 2.8105373898594022
10.098053214286304 29.04776926626371
23.943498756156725 17.311239365441214
28.474810342450212 14.82775066939635
27.024868151084757 28.015447077981051
12.090871310986302 26.526225272286563
27.597740653362948 20.454958038342312
7.6082719256865161 30.75721280581876
16.26957545094578 25.273544780984217
26.009092171983269 1.5862880331623725
29.077310906521319 29.210559132318934
11.040551482390637 15.340785195421185
27.393289803636399 2.634095987667862
29.04790278393223 16.997086293652522
10.22194632490856 15.797157326429124
16.720816760970312 8.9681280585745995
15.459295804964148 8.3996876562501424
15.220122514431178 3.2142335167618454
24.474013270653174 10.556472885593649
19.687059344407448 4.8315468491065907
14.947750704929311 9.9805352878987392
0.1374500015685961 29.597191842624294
28.943009843451161 14.179140985932142
30.553767161562639 29.348728710787789
31.005323823881067 2.1390462622184967
16.5335935239607 19.84425460725846
28.439421119073454 0.17913543202039631
0.13130738272361431 28.552501247920766
20.758352194104482 7.9040917317236339
1.4983042474104231 1.0813457680480025
17.090346126496463 21.578757387616331
26.545262208178809 8.2848809424958016
22.639724252112053 26.14353353204174
4.9926871220698645 13.795284637587226
30.328068357059845 23.384808676444703
27.546608889101812 13.206548192841376
6.0164029501453422 8.0744609726557819
22.364245929756489 3.4656064171366254
21.709234952659521 15.413001157207955
26.446186401986438 20.490660956458957
28.294509869528802 13.496258204797517
24.807593835581081 27.18578324961857
7.4974590320070735 4.9732998289462707
23.149075463310396 3.5729772521753729
30.27047576448355 18.976460552296437
14.04016850795578 17.333296880689673
28.614788260928432 28.198594876502181
4.768772944251868 21.351061612310822
14.705925362363997 21.063446270628813
21.220197338738426 28.214746614514965
6.8744184381605979 13.278864815611257
14.52326278691987 24.671003534743136
26.506888433350319 0.037120771290273656
28.029288452434852 25.468090925058192
1.0240912955447203 7.7872433087968513
27.187664189909011 7.2128340855899546
24.693572145993986 18.561624122820021
28.188981998942573 16.657347590036867
9.0295414052136209 17.441870342697843
21.918395186072022 17.247893860332354
18.122628552466573 15.186634118694739
6.5256669469833541 6.1253917905271553
2.1120038333864071 29.426774499838846
6.0396259292224412 19.022078169737565
20.471710976654226 25.06317423873034
24.873889255348846 20.686350645489835
8.5504544811982868 10.266635224048844
10.729499280730332 26.40463184294968
28.394529036901048 1.3228209286394383
28.181974707344512 10.41596318728142
4.2157121244203157 24.501452188472374
18.169670747473685 13.743033743318495
1.7779998387428184 6.8843291796203987
7.6669929453933232 12.854726751944762
11.589426322832864 12.205583868373193
1.7369613885433635 20.445579291658088
16.393209229775092 13.746801830589495
6.4110406776318172 9.1151340857620617
29.872778706904022 20.22440987076785
20.001144582054245 23.482565968671707
4.9664659070100967 11.692446778007723
7.8570013481068255 21.387570834830591
9.0866831166179534 12.899547469188363
9.156472416392976 9.1183296067075776
2.5799847814374472 16.716117553831918
27.033206491894877 5.378090228224738
8.6485801191120739 18.205468518066198
9.8749202012485551 7.1197403401704893
2.0420378192473141 12.172597255394454
2.1231816073757224 13.510458808352357
11.438366419775795 21.490131204850044
9.7528961739136406 19.799861253774203
10.65765032413845 24.133966262657005
4.9391986269217316 8.1692243482025848
21.721612924782907 14.265177470078543
26.726137440119786 30.450865878019432
23.626372974217674 0.92890311734937703
28.3667036484463 11.326948832811532
27.55353099002344 12.358049803133047
0.33512303316119169 9.0181616679463215
19.067441832572118 10.714437405764892
31.54862191154734 31.179039127301749
17.586645678975952 29.316877630483305
28.450605103368417 29.867120271447259
26.641484137961182 17.744248526605151
29.862682008731063 22.480010926788857
21.59881866028778 23.998607966410372
17.613004318638978 1.1893876081908303
20.134537252221705 26.62397622524146
6.1673426243531155 30.186704116010176
29.22959827128636 7.8827269517685252
10.817884605771427 5.4977364081925266
14.142615531431373 10.707992137382572
9.2790417643191976 30.740694848393488
26.850645525485309 19.654948497777227
0.50377186512856786 21.862453805975395
1.0201039174807749 25.703559217326795
16.681998391450765 14.604996828884879
13.641327800861967 25.057778119011573
6.9063375005643612 18.404131176346734
0.52126232451666221 24.660574429378986
15.706983440547443 30.130702745874427
10.938032735164153 9.1211030410041225
4.7977763361491093 17.432751642754802
13.069495236656964 23.651850856356724
26.479016937567049 29.310931894694189
11.506213357448361 3.6526936700609598
1.3076622274885994 4.0506971582965603
9.1235230678203187 20.93691495717411
23.446432396535197 30.215026617110357
5.8773615294708064 23.752286886309559
14.404313280514634 16.13877558616473
5.0756784380853652 6.5095465036464937
14.931569717110682 18.830073831521972
2.603766990093872 22.740696467354393
20.727431348434941 22.253270964758915
16.967046050142571 15.45768055017837
26.683962815627407 24.713760992801344
10.04045866898173 22.019747836159045
9.0010332535222606 5.1240418482296244
28.859933201096279 25.932081358564187
25.54903460944945 29.482070829582028
28.776770307612743 12.110830817967749
31.044248972783368 17.548684925293646
18.888059624072369 4.7955552580988758
1.708741423057432 2.745017131498992
31.194693568761661 11.997812673197121
11.789539230550051 2.9408062070636256
0.50275678864396478 22.888534380462815
24.315865650360163 16.533921270372478
11.381210892194929 17.688062273001997
5.022123461947559 25.83580428024931
5.9727110773502226 2.465468337526239
30.45036712032023 12.020220980502009
23.078750622563899 13.618475185807812
14.469623781926551 22.242618135956903
4.1468003961747835 10.270137448620375
13.714865513049453 22.766952432348621
22.943816785664701 18.661933763879944
25.747121165281332 26.732464273512747
10.679780933285302 22.515811690191118
25.97708268946527 30.590688036111182
18.138929063807769 27.633821759178502
2.4606346603910656 8.4623476957438584
7.5728498993497251 28.816880294506564
20.88501843398031 5.088934353979309
2.7286809582277876 1.0895726140462607
5.5686429929773205 28.427797218423429
29.998532892191111 3.7219208135430915
22.930582733844918 2.0349575649988281
31.260596386026798 27.776615660219171
1.127422209102855 4.9679480470345529
18.820011220266011 12.798872665297679
1.5127014364834799 30.669278841306284
2.615257434765399 31.179595995761659
6.2742054731152708 12.429205119985161
26.179116716460424 25.437414904773686
8.199699862301653 26.744287277473237
7.3169056755436506 10.413422115234669
18.840278450819998 9.4813387823561257
27.576158816802568 31.202075052464483
3.007222976754377 15.740413360710964
19.598876895554319 16.05534049385367
15.694559353859688 23.167463422466813
8.9952955772401069 26.11556928480725
10.224683272321379 27.666345616063921
19.088462053295334 31.257856517616531
27.422846619345414 0.49180722258796716
15.409610965534078 14.19679900791372
14.080122825081142 11.694459185102492
27.267826530764971 21.377867648664822
26.337454218780596 4.6142023295809187
22.802002450154212 0.88446100448167331
11.605238002586342 1.9720762605468594
13.033810782639415 2.2565750630093966
31.355203208559359 9.452866007679491
16.757705227710943 24.275011289689719
30.432357744052492 18.113539739733437
18.125520777838307 2.4026561475391643
30.75186521589972 14.974492182335881
14.044850666579064 4.052417012072616
7.7392692275273154 0.40314225713171487
15.562898017570728 1.0752137915542386
7.3136170988568381 26.589962226672167
22.014255663120345 28.879099759364717
6.8585855263200139 14.474583266692122
10.001177183830819 14.606950339347117
22.382384721274629 9.1532842028609878
3.37778016339142 24.658465447847661
7.6891409874455565 13.985098510014724
27.592936766184422 1.7028137880451768
30.992113875989777 3.513996259098719
12.311296788056632 25.599014958919277
29.309798849105594 17.941819567524092
12.920872929563702 24.670156550321263
22.086928925136874 21.086500913727974
24.580435693663315 2.6047469013194862
6.4248333187855788 22.516380696577318
25.803822036098463 0.35910001411214548
8.0232380237826479 23.531547185667179
4.9320169290936731 30.33913075012542
19.190639737715117 20.838200769613536
1.9996717959976213 9.4111913280446853
8.4193963008082591 31.166397043637659
16.012388069713648 16.680976371841844
15.030634439324029 0.30522729827554751
0.72951949016999529 20.516120200252072
22.225666759156152 0.21988292363944378
19.480353568597859 13.484560748149397
22.727830329147341 15.370009454955913
29.717298639348602 11.376279555217948
26.445380849885936 27.445151093216293
3.3990418459062779 7.9071523775399388
9.3504555670144018 23.80702378465978
29.842586276987497 27.518525988310614
30.943905818626352 7.0309834770906612
21.48727734847736 3.5361844024556901
20.228272334883219 11.390223939472365
14.347679590584455 1.6876418236200101
12.666539486958934 10.695185936686034
16.585884586087996 28.097766913121916
11.39623291067238 23.70536971710942
27.938175418161901 21.796716831329682
5.1884584034124215 3.4953043727281186
27.192404536655335 10.584320494579474
16.545420442364652 17.553263102692053
10.221049114655898 31.578693195666808
1.3695892921283122 19.48859755907187
7.5049513337798111 11.981818782864664
2.7104185927358446 27.205620960753436
13.536913215379679 10.197884274709596
0.85273388404196082 29.87331418039463
20.467152525241517 17.729644833004926
31.155863207232763 30.255380832151943
6.2737003675551914 25.483370636295749
4.0770297400992561 6.5050796623289511
6.493760491805217 4.1985788934399917
30.096374789521729 24.409485574383051
23.393817056711761 23.756228031538335
14.613068108098053 29.79911317319732
18.160002203984153 31.455192497847253
10.824613086745272 18.418979965863517
31.505451497671686 26.921491324072072
24.187753769492002 1.6344985015788698
4.4081885631438418 16.718838668854954
30.005181628110488 14.790415743179359
14.105188618467361 4.8020419627002404
5.2883908846373187 8.9935976864570772
20.404584315308032 15.715950363554146
6.6581888785187289 5.2679320224327171
21.586051227601761 6.8670693110062846
20.568181040294569 6.7091104447981742
11.272001270753879 30.73601715631753
21.299863653504158 8.8324028069424454
18.397301053295404 19.453831212624788
16.364612463894922 28.909322695314277
2.872043630057846 4.2927719100431299
30.869904966977156 7.9091446064009636
28.666427439919755 2.4038796124047419
22.743965301260964 20.282950771397932
4.3101266579729582 25.810125516992638
30.08233366658914 0.51114135801033345
20.932345916316191 0.30780661754503702
26.538961082076959 9.0372129145627582
18.577115426598773 30.400952998441873
19.312360433382523 8.2983077678512416
28.807830562735745 15.687682039184008
12.139266857009126 30.407421754753859
18.773090316724957 22.883594728361025
8.5551404105710045 2.8396667621581049
4.0135524525982191 18.983668329733014
23.840797977840573 19.322062409921042
17.220412809837875 17.042567244697825
29.49035944488784 31.31726809279396
25.354972229295868 19.22471518989278
28.396586049877193 20.11862424947692
22.554251384614396 6.3659363218240372
