30.91532469 26.70039059
31.33446488 1.574647607
24.81007556 20.52952558
25.28353112 10.15762321
25.45346244 11.95401624
22.76109212 23.00359652
19.8747835 28.38077634
27.89084814 27.57114812
24.24049842 10.20466533
3.043551253 31.13016419
11.20486379 6.801066163
3.622044624 6.484736564
26.44028996 21.29223341
7.109113326 16.11391606
12.20429341 3.184801486
23.2487847 26.6725622
14.56485339 15.45729137
0.1974648302 31.04537104
12.47239798 27.90767784
23.30911035 13.47979541
15.10785565 2.395937154
24.55270439 16.46808577
14.94559327 25.8574857
4.490342974 0.6674629647
7.113263619 28.81008433
18.74867032 7.610089658
16.33808314 27.77340508
23.61371918 30.40510477
17.09266388 30.64234059
31.19915439 9.769814778
3.588295321 17.41706669
20.06333495 21.6762991
12.16257589 8.21556216
0.6573943571 4.233960201
18.44137779 17.35506392
4.061169922 29.48262265
5.596802295 12.80087068
22.62762366 5.838030907
12.23947155 7.004728888
15.39443651 25.36639414
29.47278884 6.515624313
2.868151768 3.512636864
0.4911672908 7.019659557
27.96901881 26.396554
10.82393083 3.396657035
9.102742807 4.987204169
19.02701934 1.234949205
25.62732561 28.06844246
19.37523078 20.96609857
27.59110354 13.47190224
4.638126183 30.39918889
15.71294942 9.396381237
25.86244442 16.21483125
6.508528967 12.66457759
12.09999053 22.07035029
21.19740607 24.83919769
20.22281174 0.01414344443
21.37066505 15.63826189
6.40663294 25.4335858
24.6101009 2.953861441
11.80150411 10.08729211
6.555225848 19.6091648
31.3648956 29.93692747
30.13810248 20.84340897
15.25594328 13.64087407
7.901703747 8.660642206
14.40188598 14.45685586
3.235651143 4.437886025
19.9791874 6.657145549
6.923774768 6.071462824
9.71337073 15.35837763
26.88829274 26.25218328
7.835242316 5.546217481
26.52070952 24.16819419
13.46229892 2.065674328
13.8225882 9.063228063
5.983513305 14.03432724
26.76019561 7.556732212
17.5696438 1.797389492
17.12106207 23.26801152
30.26582592 9.031446701
27.20506249 2.586255016
0.529339278 1.969532493
13.36441974 20.83229403
30.61239075 13.74029231
13.42312634 12.98485091
21.58172496 28.66896623
11.91603006 25.69275132
24.40311779 9.287540741
12.93073851 0.2669549578
12.98312976 29.80816585
30.92132911 25.09666014
27.05831023 14.52191391
30.1798418 29.66604797
26.84001174 16.36261289
23.89294259 24.57831332
18.27455108 19.65407363
22.70458024 1.168848782
17.45359264 20.27546989
3.913214066 25.4981176
10.30898117 28.15286433
2.972358917 14.1461843
10.29192603 20.52989923
23.6295758 16.15734783
28.5791133 11.6662244
21.35642331 30.1411933
5.570826269 30.1152603
19.83391847 0.997200103
21.05247431 3.830925362
30.9517335 12.94685006
13.86224161 28.2386094
13.29386083 7.982172759
0.005308381687 17.0865698
10.01458849 5.719174691
24.90090636 21.86051508
9.026628908 24.23930924
0.9858429447 29.88585315
30.40737322 28.42986666
27.95837632 8.788271435
26.20682718 1.967633008
13.5603397 6.114917716
6.457831725 7.803779266
22.11855922 0.3455115118
23.5218214 22.2563611
18.98965055 27.88931783
5.50952894 24.30943462
31.58564736 12.57754647
28.00156793 23.27891262
9.289062658 8.576393306
25.84234792 13.68634032
0.6331233288 0.9632327741
26.2361252 29.06975136
11.91506588 0.2441437612
12.39449435 30.8420654
5.200048456 5.65678732
7.307174903 21.16095425
22.2937472 15.81867929
20.87888154 4.833645753
29.5943633 29.08764968
7.555696513 17.25536772
4.02532983 12.75351356
22.45602776 21.05086334
25.54239302 2.702609001
6.433997637 16.70356926
28.4348723 30.80971543
14.30489587 1.424048402
5.236293609 11.51106083
21.67770695 19.779287
10.24994905 16.74045318
23.71316213 5.071585718
10.01133651 10.03217413
1.325179852 21.84994009
20.29058992 9.646968632
24.6072482 30.68815539
9.19594042 1.159130297
26.28279537 30.69247543
13.46594027 0.8316724681
4.1748583 19.74728834
25.85561645 0.2049728556
24.27508758 12.1311385
15.58980888 0.679535467
2.785038406 28.53223497
21.96319499 3.65606832
2.035720648 29.73356737
10.82355535 26.04565957
16.52079864 2.450872207
18.90619679 9.662838919
20.872943 15.00869923
13.41517196 15.01476008
16.94855534 18.48143075
18.50115174 21.61479551
9.688000116 11.59786341
15.09981152 28.82834501
9.612345754 30.32848772
9.843271893 4.48454734
29.33209171 24.07913094
16.33808589 15.81994656
12.22237974 26.64779401
3.716882071 8.023904738
17.28427091 29.57157875
28.93000691 4.937025827
30.25960618 4.191080284
29.50274387 22.95526292
15.73349479 11.2346203
14.56265204 4.515805015
10.3792586 7.08864053
19.75941372 29.18380484
3.049054145 25.17227751
7.236124778 11.82291614
4.191995838 27.37921131
2.080700992 21.09628513
16.58325253 3.756993428
14.67480413 29.77904784
5.596970228 2.944928232
28.14085548 15.95844286
1.400777437 20.31147142
16.41598731 23.79664626
10.4894277 22.17040931
8.807529147 18.21529416
1.350156024 7.37540857
25.47171964 1.530646853
0.1509713661 23.67562454
8.527205704 10.73707782
27.15076728 29.37933705
2.285942937 23.54705643
20.098569 22.45825262
20.94510022 27.17769129
14.00455656 13.82581552
28.62707953 7.732429135
18.33028354 4.442418044
14.19830112 5.331167875
14.38583668 6.507508245
27.40842721 4.146419065
6.195571833 18.38990272
5.632108726 0.5552967009
12.47338573 24.9521927
30.26365816 27.26804509
7.358118658 14.41160553
17.1341693 16.08695072
17.09956621 17.54325911
7.105756475 6.888498571
15.26700589 11.89642229
27.18376721 6.329464409
2.164830856 12.8063564
30.30276748 18.73908285
12.81976613 2.731295769
25.00346347 5.740052739
30.52623009 15.34675249
2.85656106 17.94103672
6.040763624 4.023967494
3.106256326 1.968431577
2.775418763 0.9605482425
21.48440316 20.91698872
12.91898787 8.937151376
21.47005224 13.01773851
14.12570831 22.65978489
13.93328245 18.72828193
0.7740529578 19.56428541
16.30724053 19.38761917
12.51394147 5.247317219
21.36561564 1.176213226
22.37812399 29.44337226
4.342209712 20.90139676
17.23701869 15.02339753
17.56326108 14.09369877
8.152067173 25.17249238
18.30189531 30.10519801
17.61003077 13.21668798
4.120870795 7.149112789
29.62359173 11.60784417
15.74124636 20.69803884
6.483317241 0.6794195019
5.868877309 9.286909494
28.68478641 28.47365063
14.5862672 28.09003052
17.17097423 5.41661387
14.9513767 23.39394085
15.80446701 7.703374662
2.486317805 16.82442505
5.159286382 17.6194453
1.246564044 12.59178765
30.97863051 2.526968304
5.530160206 25.91638092
4.191306019 26.37749296
11.83781802 24.24910502
31.5119601 7.913775188
22.91232591 14.97512944
24.78233302 27.65570921
25.84865601 18.04448084
20.94838422 28.7073575
1.052249226 23.25380259
1.837386938 26.16227369
27.57006284 16.96604102
10.46117729 30.7548094
19.44140904 8.671221773
9.0015342 0.3120213767
18.19507307 18.24835341
2.287512503 2.896795934
2.482830249 6.34410077
18.56405557 27.22737509
7.720855107 1.089926792
6.896891089 26.36239138
29.65769359 15.86343927
18.28320043 20.79419614
28.37757754 4.054209888
4.466973484 4.729313283
20.99339523 11.16770859
30.67859696 0.5018343257
20.33805308 8.450788467
0.7032980854 8.441623261
31.4654423 11.58402467
16.46039287 13.49501019
14.2938324 21.82368287
7.587399759 25.85213763
7.670401506 22.98303241
31.56981112 26.19334647
10.68171356 9.891850896
10.42195964 8.633232482
28.79816357 22.680822
20.29166758 2.431094439
14.59157703 26.81593207
23.16670609 10.43347903
14.8076749 24.22738738
4.02334518 18.86271192
24.76427505 3.95135005
12.6402199 16.54569401
16.97150445 0.886217892
6.626547677 10.02758408
28.56158237 29.36754185
16.74696274 9.177504097
11.79931055 12.1305967
7.401411529 15.4019597
18.97103882 22.37848204
0.2002724517 17.84655144
30.7680906 23.15704734
10.40579919 0.3917504259
10.01754245 14.63644053
24.0841414 6.040422607
30.09013182 7.249067294
9.947444248 2.415594081
8.424100283 27.90748554
27.22664059 31.59423462
21.5361712 31.50135642
21.61199532 17.93896154
30.3287292 17.19088708
28.02600476 3.08764064
1.706739861 14.42025135
8.938918496 25.69258247
30.91015164 10.43959069
24.47471836 14.14329928
28.86506276 14.20124751
19.01212374 19.42326063
8.653116505 7.898460836
10.07110421 26.3961156
8.623137709 26.61108135
25.38887541 24.22509084
24.89088415 8.394613808
29.29649895 18.51244199
8.256321429 1.597114323
23.81831288 29.67468364
17.94348171 3.094401154
2.808553424 12.26422336
0.7955359372 15.73119807
1.060860972 11.8442899
23.71882306 3.50104997
26.57359824 19.18135812
16.4444301 14.56865297
22.73644856 31.04672873
29.60927766 13.16154103
15.18527963 6.739054781
29.70560272 1.679386455
23.50269794 9.08686549
21.27174336 9.877232021
5.192403814 23.60894148
31.51346593 15.89011013
11.68195077 18.01787212
13.10301032 19.4733265
2.027313696 1.916718604
25.02408553 29.67578264
9.858593646 17.68202298
25.06900629 6.621064697
4.707663131 12.309502
22.7166768 13.21203451
6.043255408 28.72392764
23.91391701 20.19431218
18.39469219 12.87488609
11.96654884 19.05330977
16.36538022 30.82541624
19.924224 12.73234669
23.1016177 3.619466018
8.206602322 24.05452283
10.01429356 7.733284871
16.61120161 26.34502108
13.81216884 19.83510124
21.38932641 7.967174756
5.716362565 10.52633804
3.40944198 20.26716827
10.25669651 29.32920014
29.90023308 26.27820439
7.608050756 10.25815647
21.22958885 7.194267746
23.75217333 11.10291888
5.560464445 21.53482561
29.54612054 27.84218565
18.00150953 7.072725377
27.03630963 12.45086471
3.937141389 14.8886257
31.25579685 21.09792062
19.42189799 11.15814994
18.51863324 14.31831618
16.68502209 4.570780571
5.219658159 1.47202102
13.44710334 7.324023468
26.38624589 5.620377895
13.6004247 10.18933126
5.520141743 16.68084151
15.60457984 14.48422977
6.190854203 26.89413415
28.88162001 27.2356642
21.54477598 23.79584585
6.517155045 3.248218684
21.9526307 27.80400011
17.18400555 21.22583224
10.18730378 23.44328277
25.95673542 8.436222811
8.798223235 2.382912975
16.38601406 1.767283049
14.23500475 2.630936027
11.73755051 5.62721085
12.25266874 19.99325645
12.66623285 12.6521122
25.62176635 4.97300803
11.43433582 4.299198958
27.04059088 11.64927376
25.18560277 15.56592804
16.29263833 0.2095471804
18.79062145 5.723317957
12.68482208 18.3934291
20.54837935 20.10872402
2.714500239 7.137560234
16.10187479 6.588197915
23.56899301 1.902563183
23.79244146 7.246600211
18.03933611 30.89811345
11.95887052 1.267524221
5.003029509 10.21643306
3.753235308 10.62333716
14.28653222 20.91296146
27.40056488 24.54477041
3.43038183 11.83474511
31.49858477 18.73936667
5.074284181 20.21044765
12.01259515 29.98602501
0.06632228319 4.963317994
8.737966192 15.8296018
24.81169205 25.65469875
29.99365774 31.55701407
0.9095003659 18.68975398
3.140729869 18.8125116
28.01168662 11.21830913
26.31107109 25.10824774
14.35321879 11.27355105
28.11730056 12.6346537
23.59259907 31.48150281
27.5914592 21.46967437
1.510293251 17.72910767
13.11252439 22.66432038
1.739536044 10.7116184
10.68043792 27.37326649
19.85552867 16.99877062
1.943702514 18.30137683
9.012603754 3.329516756
24.60824146 18.89815199
24.95273547 28.81072302
1.267488957 9.609759243
22.90984917 29.01590865
28.83001367 12.91233177
28.28247721 0.007352050842
9.948814397 1.653480857
21.59822663 12.10685561
26.139565 6.439443111
3.30703103 8.678180611
22.37395954 11.13124279
11.28899086 10.90703125
1.333876642 27.22628606
17.53910528 19.02310506
4.214898994 13.70936437
3.224394456 22.69618475
29.46044127 2.803122222
13.30143675 3.91427984
6.518384324 27.73696524
9.68903428 25.33360744
9.441475025 29.14849824
27.82150278 5.604833907
9.392606308 27.99347675
12.67741643 6.384786877
15.6448787 16.55772145
20.72972677 19.30721438
17.58555718 16.81412334
5.9822142 15.60798248
19.1436323 13.35968901
19.20919851 6.81354917
10.01504579 3.404153785
17.89791322 24.34203732
2.076055827 30.74781133
26.53960773 19.93400499
4.584915365 16.52353121
24.85625963 17.91482874
22.89573453 27.9305298
7.145361454 0.08414172078
4.131702606 15.93897161
12.16824205 28.92216867
2.350915894 5.431648983
18.05654971 6.058919641
11.33257659 31.32717627
22.01401342 18.99136863
29.20485243 25.27008885
4.975052852 22.67527365
13.7599213 23.5887873
28.2968874 24.04675127
24.22013608 23.1590189
5.196788891 13.65286121
5.386392487 4.603637098
4.830081401 28.31749383
30.25860294 19.90040748
22.13774935 4.591555165
26.26698987 0.6368099014
23.39890862 0.7426758174
7.800446913 26.99355597
2.586058784 26.86392588
12.55112743 1.63890325
30.63429386 11.42602138
19.15154737 24.89190739
25.17175089 14.7207187
23.67831171 27.77116483
29.2357716 15.3177712
16.0498182 5.543044527
31.57188803 21.951266
25.90074932 25.73085298
10.9875063 5.806371643
9.536899944 6.29574545
20.25443664 5.444876802
24.06047374 15.3967833
19.40792966 26.13621121
22.26011741 8.890413682
25.10599612 13.21940215
6.110359845 11.67386832
27.0457789 1.573493899
19.70000664 4.2928516
1.936350968 19.4450581
0.1354245019 9.028358724
30.98620509 24.16228109
29.94463103 10.29665162
8.969818055 21.93374216
24.90546004 24.64538739
2.785512859 20.98423758
2.064120066 4.436014033
6.228181023 23.2652987
23.90252746 19.10359788
21.88141939 25.52842728
17.03302523 10.18246746
11.8559084 23.02041888
27.72079976 29.91895441
29.15245677 10.70375783
5.60913574 19.35247323
2.615701544 19.67855936
27.11854506 30.70850401
2.62881602 9.753311459
19.37338159 30.82142386
17.42685621 11.80100573
17.47738685 28.62300827
20.96012458 18.25441811
7.484616952 7.830488439
6.799248698 21.92699055
1.604094161 3.747804639
16.51860896 20.07811669
3.189581626 13.46131436
18.44488721 16.00178778
1.168216709 0.2189241731
0.7740353498 5.773541072
21.84981019 10.45641887
8.786889456 17.45068044
20.64009437 1.173187744
20.36413589 27.5688399
24.54360984 4.655970702
29.51039618 7.973121109
19.64099655 26.82232864
7.818185558 20.12537357
16.06433534 8.488121274
15.27045272 21.64347268
25.83676072 3.556799125
30.1501789 3.111016215
12.29326345 11.24899769
1.237077354 2.4715295
0.2088591139 27.43876937
13.10275142 27.34524231
20.48985169 25.92786208
5.007467492 6.697334837
28.25554575 9.897461301
25.71715269 22.2679867
17.97068888 22.60872258
19.42768672 2.230669102
7.15029805 2.364450454
22.73917026 18.21883621
5.267160342 15.39069631
20.44828208 11.20225863
15.39479599 12.7766797
1.86390254 13.7525205
24.81476034 11.21939902
14.87394257 19.39526509
12.9342005 10.25571395
27.54568153 0.8396680005
0.721879518 24.46811231
8.470426707 9.721446916
22.3678874 17.21522527
24.3717862 2.083224879
1.725110104 28.69792601
16.27207581 21.51668332
10.9569698 25.19333081
8.049515072 18.95021109
30.93542487 30.68273388
26.49199793 17.38481801
14.38387297 18.10250052
5.917966935 6.391026536
20.07115501 7.685247142
10.78839076 12.344193
3.317694362 16.45367981
15.49592317 18.77121823
3.492830376 30.275787
26.62375897 28.24128573
3.539059411 0.7280197634
8.524098523 28.87759762
4.377737569 17.8182718
17.08534457 6.337860314
13.00368936 25.90397159
0.9051242803 16.84010915
12.36486825 20.85111263
28.87136588 26.34352036
5.985264622 31.10847552
2.798101523 10.72331614
30.75908944 16.37727224
31.2079575 29.04057259
25.57737069 9.279721659
22.39175543 24.7259381
31.43489832 0.3000476858
25.52673022 19.06001171
6.456651123 24.61693445
29.17355438 3.863798166
15.01024979 20.20351278
4.788076106 3.587119701
0.9171868367 28.21253399
4.200321423 1.69827332
26.06643409 27.11463266
1.321578232 25.2903994
20.09275389 17.87997739
19.04343141 31.57300459
19.19392958 23.28668702
24.04556899 17.39091351
5.882576798 2.033839463
24.26449555 13.03341862
2.532646218 7.975066959
3.788833048 28.65704102
23.50369892 17.8243286
9.852994647 13.75934953
16.36121879 25.26614705
15.97053785 28.38403875
13.80924472 11.9229725
12.23104686 14.11488464
29.23201329 19.44952545
14.55333693 16.63012057
30.41447368 22.50978992
23.58724997 23.71502895
27.19683124 20.475906
31.0689726 19.62758784
28.76805072 16.7306881
31.42059581 6.339441747
0.5461904752 11.00804536
18.71336728 29.43608476
9.515991026 20.6127807
15.0265875 3.644881993
12.21526912 4.180026864
18.39697593 28.58250937
3.947454447 3.740368423
17.44562632 25.70393407
11.04029095 23.09660927
8.144833662 16.53850304
27.92144194 17.6548538
21.66547824 22.15141408
6.344099623 17.7069409
4.521129968 21.85310242
8.377533895 14.96659613
24.69624032 1.085657793
22.60643738 20.13624445
5.419798839 27.7575911
18.6475261 10.72431577
7.197715889 19.04439431
19.81696053 18.87778118
28.05060812 14.28419846
0.2398675277 25.31483009
5.762875208 7.450775175
1.756398735 16.53874504
23.61352072 14.47923462
30.56614535 17.99152213
20.51676823 24.12726418
10.58943657 15.73073973
9.499266255 22.92697773
19.36702348 14.43326894
30.57184406 8.514846823
11.27484477 21.67040244
13.29054454 24.42559539
11.40771176 2.643797725
1.06407499 30.81904174
20.86927007 14.03815364
21.31416922 8.955650045
3.584700514 2.655532207
5.005481503 31.31433702
8.184977534 11.51053251
11.09509766 29.08993346
6.057335561 22.32277818
27.3987579 8.264402997
19.07457156 18.20284029
11.15288176 1.957435208
10.74991517 13.29295664
12.05255383 9.374781555
14.58164139 9.214709395
26.76100737 3.26955997
10.8168683 0.9692995737
15.84816319 18.0679839
3.318511387 5.304781805
13.96149034 29.6247631
26.63725023 9.847420149
25.77091971 21.01807138
8.500631988 21.28143271
24.75473465 7.488665301
20.73712762 29.85066189
25.93423648 23.2349096
22.73923056 21.92074349
3.050735274 15.17986515
29.13792036 21.71553124
16.58502147 11.84608079
21.97570155 1.89080414
20.74280594 31.12584359
19.07971594 3.714225638
23.52389756 20.85093604
3.968192543 31.31298897
26.80371521 9.112097493
14.55132257 10.47281371
8.997624123 7.078910836
8.293532667 30.81786661
14.40869079 12.76069464
24.04395297 25.88949146
13.80073795 25.69610049
27.69891801 10.16762982
4.862933788 7.972634505
23.02991481 4.75787064
24.92391333 23.17256557
15.74361775 29.72083356
29.16246069 20.26678729
7.410215259 30.22984451
11.07176554 8.831683207
28.92624933 8.793690828
26.72968366 22.35957217
15.98878857 26.63348689
5.091424937 26.73775686
22.876725 16.54702043
30.23223808 21.61093194
27.67954422 28.44460234
10.89710323 18.99914039
26.2251735 4.392287988
23.35000345 12.10341323
26.72326332 10.87145628
22.00464014 2.78350915
21.9327896 13.83587336
4.322463739 24.57494017
11.32927133 14.93484847
4.260559335 11.17677799
19.84304649 10.09123442
28.42768707 25.10838214
23.08043685 19.22525927
5.06427471 18.75931648
20.18275428 13.90776886
20.95514794 2.510542057
11.11268452 30.17929733
5.030099508 25.24949452
14.84636313 8.302299473
15.39076332 15.5027223
6.416943607 14.70992644
9.026247286 19.22083219
16.4302745 10.61611447
9.752132086 19.49989369
17.33250095 27.74712359
16.53079195 29.3233193
20.1588492 25.15816394
28.71486531 5.701251943
18.49529444 25.31341323
7.349116206 9.15987779
9.431376279 27.03410679
31.3185635 28.02542012
20.73549138 16.72944001
28.04742025 19.35152472
20.26496199 3.565093831
8.909136227 13.32250261
2.441838384 15.55542598
0.4261834454 14.07187617
15.32896037 1.475823114
8.695036154 23.07666829
13.72579492 26.8356051
12.02783164 17.06743915
14.86560845 17.43318689
0.2824730964 22.56457263
25.17522218 31.13595923
8.085203529 6.832905936
3.806739348 23.90885692
28.06074071 20.27758297
28.85273731 18.0027128
1.481801728 6.477484132
14.14885622 24.86889868
15.61996196 4.482743649
11.29536771 20.80582789
16.60498072 12.73504757
29.0497938 30.30133073
6.395962692 29.56808458
6.32422229 8.732429113
30.03432259 12.32012458
0.05012797016 20.32572374
14.48730087 7.642653012
25.8866202 29.96672845
20.51726224 23.21831721
25.398273 26.58293865
28.89307325 1.075674383
17.37346603 3.225039095
10.94736041 17.66321189
2.061815013 9.196345583
7.967626656 2.873445693
3.138786437 26.38995224
19.55671493 15.40657451
10.69454217 4.70720334
4.510900153 9.466489519
21.92040792 6.40944856
27.00729625 23.32582833
27.02804964 27.21921907
18.25341244 15.3006062
0.6387145841 13.39954458
15.42698165 22.63528782
3.637261076 9.538811588
1.68865568 1.08354579
9.881331958 24.45864068
7.353542976 24.54994732
16.23287246 22.71035246
29.65413225 14.30501011
6.750229635 30.6802328
25.85498704 10.82992523
24.33255543 26.89246714
8.515961009 5.823009616
22.27695153 30.38400583
4.632282113 2.565160748
6.881165124 10.97628134
25.33201265 19.99840075
15.42798975 30.65482834
15.22169591 5.543061561
1.497075109 15.26321359
2.09015391 11.42147033
7.437886686 27.85894483
19.76530629 30.13274211
23.29110987 6.472886545
30.82048769 14.52582936
9.361735099 16.52083277
17.84299326 4.580847377
28.65836705 21.19164701
6.977823594 23.49221204
12.89182208 14.04175196
28.5207854 6.796628876
8.808151943 14.31804806
9.503753041 10.79478814
18.32327394 0.5095769655
26.14926428 14.76317347
27.68371674 7.112926949
22.50762995 12.0583703
9.227915385 9.355960279
13.29723843 4.894275625
0.6811998273 3.247516948
7.863565485 12.60051565
2.667455192 22.25598862
30.31097487 1.521471782
21.42157476 16.76327619
0.2223768325 14.81992634
1.664370259 8.281467707
19.34988465 11.98780047
17.43721068 7.923112044
15.77518093 3.136556099
21.60860871 5.406466192
11.51423351 27.00559221
15.29041783 27.28855484
13.52325887 17.00295492
2.17413796 27.76468327
22.40820056 23.72827795
18.1772353 23.66118074
12.63283646 23.59723143
11.49975088 28.16477448
9.770989089 12.63879976
4.769441273 14.65019345
7.806879444 4.493814712
13.03202813 11.43631761
1.729632172 22.57846872
20.62506423 12.51418568
10.13362776 18.52848137
3.620177409 21.61057844
25.38622063 17.0011938
19.11377159 16.64924615
14.35695289 0.4196474828
13.72732167 16.01854045
0.8292466503 21.08831227
18.92177434 2.828009935
29.96148898 24.15083629
14.10531155 30.84863483
15.38258458 10.12222627
22.12037519 14.66242881
17.21298614 22.10463046
9.599816739 31.40830558
13.38300649 30.92247445
1.347725385 5.181982866
22.71852269 9.640152801
27.79045005 18.75856274
23.25653836 25.03538478
26.79186364 15.49037855
7.9060359 13.57496643
22.8030664 26.04641488
9.916728197 21.64279809
28.6227209 2.420791342
30.89386094 7.240353351
28.17458682 1.656735506
2.926325032 24.06251307
17.12146089 24.73913656
11.13664239 14.16504295
8.851506866 12.26006109
31.35722696 3.211446785
25.95816702 12.33035
18.04996149 9.690053165
7.490950074 17.99491677
14.97305678 31.3832143
17.490594 26.97046237
0.683531006 10.15191173
19.4342493 24.0431265
7.420542714 3.615855991
27.4870696 25.52059328
17.49870778 0.201440896
18.24972813 26.25400478
11.50301369 7.789533248
13.22279509 28.82629494
20.82375502 21.21550396
1.679799706 24.18415265
26.91673598 18.2780193
24.01136982 28.72352666
6.933718739 13.38100154
30.08805638 5.932931346
7.816417085 22.13029542
0.6348991231 29.14771035
30.19693576 25.45879435
17.54425578 8.816117377
26.59263507 13.41261642
22.48693297 7.306412028
18.59222543 8.532309904
11.06656771 19.83722176
20.80351041 6.304078659
21.35935564 26.29061959
2.310328954 25.20969316
0.8871475762 26.44115868
4.10443764 23.03950137
20.09954799 15.70112487
29.98478689 4.968856931
22.67838211 8.009005595
11.81491491 13.12189415
6.761860142 1.653415005
13.9087239 3.530442347
16.78751126 7.413775522
29.33691732 9.597141284
23.74286806 8.182869419
8.524223366 20.2633621
8.028200741 0.02965244907
12.68984325 15.38390819
13.17524474 17.79221636
6.904840021 4.709108975
31.11757219 4.241905986
6.735287115 20.51664157
4.195555797 5.713463165
2.80710235 29.59404721
25.89505655 7.45336991
18.28188171 11.95485019
23.00860516 2.497488245
6.295147387 5.308719642
21.42393213 22.64201533
24.48904942 0.3771043766
17.74198063 10.85325187
7.844638228 29.37690362
11.21980799 16.49368274
24.23881242 21.67402074
2.246925718 0.05741753697
22.157327 26.95651987
13.02179509 21.74291366
29.91818736 30.64037194
16.20794056 17.19637005
4.950842266 8.669318014
11.8751363 15.64178092
19.60138176 20.22279859
27.28856249 4.902165229
19.3608847 5.273246228
29.25408998 0.3013543884
8.780449261 30.14591052
5.089073393 29.26022393
3.430109725 27.6825166
10.94694551 24.29393962
5.795200352 20.74096161
15.80335059 24.29456319
29.46703267 17.04230247
27.99813775 15.34488592
30.95743532 5.669599569
10.69523155 11.3716028
18.17140234 1.793838341
8.674555117 4.121090082
27.73834086 22.22784985
