11.483663658456983 15.453439427590984
9.0124832999151607 7.0786175408385645
28.446796411755219 24.10101508894795
1.4886803911849256 11.962197798396442
17.555502080532094 16.715321338500594
18.123104162901392 20.657057008862679
20.596515676194954 18.264394438947729
6.0863698392199961 4.4628964244116842
29.803988844226428 12.549093715293361
19.65197483966395 28.661386666616849
9.3876987394545282 11.337938057558953
21.795965672529888 13.543855062831438
28.183761156758578 28.576591034114177
6.2022875234640322 15.946402729595061
29.787417863271333 24.462390493827332
24.770846451550685 23.342214776112318
0.10344960834749363 24.474327286231127
26.190713515788456 26.985953298969758
30.182699148358076 4.5403110388581043
9.1939732823173212 3.3447992532087882
12.047097100104914 10.393141660970356
5.8473792456567466 19.839758072675199
2.298546396338732 23.24909525960879
27.846523163659725 22.425153356293798
29.163738882194703 26.272123381538751
29.198775358542775 3.2396612027804985
6.3192533003748332 22.723776399826782
7.4322481682383472 19.56143842811527
27.237578227717499 3.438387791553895
12.377532625574499 25.31963899956169
27.777563489400698 26.747518251823386
29.315033871477116 10.878602259984437
18.779671857433321 30.817837881044277
22.217332043048533 17.638225703103853
25.851997571924443 19.175832885599938
15.616545054206156 19.2490252039347
2.2452946895573413 28.902052326571109
19.788090569745631 26.242829092497484
27.836577783210259 12.634341422532428
8.0963278480968555 25.469654982962314
19.964989028993518 29.565315061373848
21.180065490828191 6.9363819079778395
6.6111651610874747 10.38670266361324
26.114667757918919 12.015644311698816
25.125343088269013 1.7604437130625563
18.01414536215346 18.63355837476448
13.03797336910516 26.856227782051452
0.21198741451808814 14.376302533806301
13.941582836410976 22.104783538169489
10.297147750218256 23.485770362269129
27.384671385970204 29.495009199490244
17.43660044003342 21.580276173149301
5.8911701512685308 5.3648144163624103
4.4279275540495187 6.6270671499925475
1.6659241779024219 27.789494269907323
1.2194984584973894 19.222320727589594
2.6596779711486556 16.526167345322726
28.909909547017694 23.224680878210403
21.144753629474959 2.7232819494703828
13.83944598461118 1.730247457425832
29.347554938314058 4.3286203373338656
20.344998480391254 30.151654898382994
5.4566554337122799 26.368451217303136
20.621874652672716 22.399270817512061
28.997831567911351 17.074720094837041
27.029108784725032 27.26292751877007
31.219204664303149 20.536692908159832
5.373512781737074 29.053082500475494
26.357357244320994 13.416423708525651
19.214389817516484 24.234432884177863
14.387449663744299 0.92219137479613511
11.331111138842632 7.0678194829897532
22.66115866160823 11.111657249138114
12.291379069538975 23.7396588663279
28.646753773488989 27.100399370135531
30.007615156957581 11.211826160999911
12.933400194102406 30.829623290739839
4.1960913235915731 20.765471887032316
26.109896564315989 4.3355527992324321
21.484139936032822 9.1367460077154146
19.558513758759304 8.7277631359622863
30.192844469312359 15.123074576661388
15.735982894501388 27.626532640701512
2.764772149096693 1.5671235619602286
17.735551435335413 10.593975167966912
25.019145192220073 10.988676757261899
24.551665282106622 1.1981518958961337
2.9224591964166566 18.378301017614294
21.549772538317246 25.996259569403296
25.020136582797047 30.28374414314958
3.0926251162909906 7.6958143508852102
24.434164227980872 11.757918067885202
8.5284390221082251 18.636084466540833
24.735048285074917 24.082561729419144
30.1922397985186 14.168040981220503
9.8997530544110255 10.223602161507326
19.10737968119528 7.9072363609847844
8.4842793417985618 9.3283719183071288
28.856901973009112 22.413327445470468
13.411281324690183 25.775995454364619
27.015727275015784 30.815025678492812
10.780526012670995 27.696156330285145
28.466199583372308 10.562791347993077
28.632704230848951 4.8256794441752309
29.862397369668823 22.245443287819338
15.818319099169525 16.241092779708946
2.1332517813303569 13.764374252343071
1.9365780640157644 8.5384822679606298
14.031359561612524 29.510855924898266
5.012644954069521 10.536353977777271
19.53893755902552 19.182899209823635
11.335827175270756 21.852156802373141
22.268482594274438 1.5766785750959871
21.562939241374419 22.903911751036112
16.181470294504326 12.052857193594042
23.388731664297069 4.1765827792598813
0.9407269598516379 4.1064102694246438
2.5921891376435093 20.12160280045244
25.230925026174329 31.384713737608429
20.719057459152939 28.476109945938223
23.209215657122272 13.752275169023694
11.626056816696847 28.099692675498801
0.19515929183729916 29.674648117515467
7.1006384909135729 31.027110526777147
24.548883242155018 9.1997275713986717
29.035120834950913 8.4094970603257924
15.188850692385648 22.598470787608445
17.94580192634621 6.5930943543219991
5.3961269933795739 1.8904672213162885
10.661288031489763 19.667892568473729
25.730617429828538 0.59341627926970109
22.700909595366547 5.1311579792493438
28.466666931065109 15.794745449650559
19.681524984685694 21.528386008135751
6.0338705568857964 11.171702832397026
27.162662427887682 24.357985597945383
16.636948807152987 21.849377836282599
16.378386479681275 22.688405592586907
2.1625025162975922 18.047203806991089
1.7654640825881878 10.81292797856937
7.3846691245425848 12.258495575084003
7.4465819892545211 0.4180119924514043
20.363803406701681 26.757744202036932
5.2573359095288916 31.037753383748658
25.786693121685666 26.222693082025224
1.2104311010992628 8.4244025080463327
2.9052945264316694 8.5893634047860914
17.400736638803796 5.4749241263837245
10.656882576612832 12.721053016513112
8.9918218650167532 14.885846110115626
20.244397288573055 24.551261108215037
13.021237669975958 15.760598194107549
23.023435624195432 7.8854190204001258
12.052525364273539 30.519323453448866
27.8193243204888 16.46502745994907
12.300555312440196 13.110228786085782
10.403793896407874 26.945159722819202
4.5158299335819727 1.2342466438453747
11.203426149776924 18.291839552394595
0.37503178660222791 5.6100437202678863
8.621497508742193 8.3908273296066405
19.464865692009322 9.6526611507593074
21.444379162040867 27.066408736114145
31.222820252059563 13.655785372230213
10.509900619127828 30.744089138109945
12.445793796204832 21.228800481322395
9.1214593168346418 25.911404911078662
20.20041605619069 1.4137091584716797
27.785913543014441 20.714875239747943
21.21879109681154 5.9636248991271152
30.602014754694313 15.911217780075454
20.484280400688757 3.5572598003578713
11.477887809760663 19.288511723707785
16.265903488164341 24.619146490820661
26.183322787324855 22.622208397858579
27.619168851252148 31.150450291213581
0.32046773940485668 23.131923195136991
19.385025625019185 27.747563035502701
1.8318272120139085 4.3802242865152143
11.20706540684878 11.619478943103202
24.49302076927874 25.903031659630081
1.2674477064665974 14.465090245072307
5.4071574049187481 25.292343239712913
13.523621666215517 3.1300778886210852
21.785905545760055 28.167448177088282
27.671709524274419 23.548145752741942
26.742709992139083 14.435985234662159
0.55322386035851923 28.452489590374462
6.5042801226592832 0.67253505059598062
26.778595654566956 28.592596528781765
3.3551474769438179 22.497736766168707
5.5365840877018506 3.7539213219740049
14.550968096734723 5.064939537130539
16.295829042077759 13.195252006065829
6.159512650128196 2.8162001629520788
17.807780021467316 27.239281317841201
25.74421305743877 29.71188920899684
29.22284345581409 25.390941535226666
1.9511281892050027 15.798642386099859
21.38713141641837 11.873332087841888
4.3558244560744388 8.1718120861484582
28.028565183137562 25.873726055153423
26.024190709451727 14.936786527365017
30.383777783563154 0.25505648007250009
18.914715511959763 30.188869348104589
4.8809156877346265 13.999079409001839
13.55041186527434 18.185052689610202
29.473078156589292 16.46756183729747
17.596998792716303 20.048801669864062
30.032048910161834 2.4946009682994257
21.120545820445503 21.833641139443088
4.8197510550245326 13.211035350310011
3.6935587896258202 2.6629304905303153
21.280892380037429 24.859366092492618
14.732717435621467 11.76735573606005
3.6925828219624921 6.0174721424491189
1.0557225268737294 1.9066911409688809
21.219452993943186 29.204463729164168
15.267467245131998 14.475640473259455
10.116507535073488 19.038154187142602
14.845306362362061 7.4292999229969663
11.753166004838761 12.623213645682956
19.419076861348309 16.524948029811043
8.3452933451692051 19.835872414119422
30.87299855580676 30.355243486713679
12.42194620946564 17.690935201538412
18.570435562307175 0.59566587779178548
15.125141272278837 11.205093404539904
14.004297265236769 31.345883542100413
11.823946453917804 20.376274152818471
4.7617212731903553 27.229957579124076
17.935579840814061 13.403712196991311
12.317431819014253 19.347369344535696
25.581150574505084 6.0868787646314395
12.937205627206277 2.6146889884163755
29.055396639437909 13.238375784744314
1.3378045760584216 22.319940174447456
18.843102454880253 11.642053801118422
29.97386140355956 5.5547065338768045
24.712167430896759 14.616777871068486
12.432608160788417 3.9324155855907326
3.6645019526308147 3.7510712547277922
2.6163862082509635 9.548498739700932
23.037707733402751 16.290153156489758
18.492486082016697 21.455843415162306
25.044689383914481 21.433177761800863
15.635618763501098 24.252732660396003
0.9459482089898188 9.5179024426498255
7.0575198563216999 2.5101760690425206
23.808949555038367 10.960525625163511
7.5859041919600383 9.5291374847968395
16.150608227320884 18.426101688713313
13.615550047363843 27.459061715721734
4.4892709061248617 9.3629362742894617
1.4956656221859186 3.0118222884426871
30.089416002034532 20.32987598329828
18.143512774659456 24.39937745048098
0.5250723701957053 12.8818927414251
19.400049122779311 18.355486956011696
10.320017008949309 20.835726307871781
4.7160320878449165 16.807147937240984
19.44462349087237 3.2262614055350474
3.3213052444811728 1.0430785049789517
17.841576172116689 26.131651157221377
4.6996228305746035 29.201467737655257
8.1100387489267174 7.8533030279100089
26.384181157672771 10.167674231076008
18.854506642551979 7.0770247145175649
24.961740681516837 29.003041132201325
17.760252854002193 29.346754452316166
9.6706359908147448 29.833525466349116
16.592749117039745 4.6654187638465849
31.361599427303052 31.489712434227567
10.558349913734562 15.4481852360373
22.72896694435671 13.027652152080908
22.779959388694746 6.130897261208518
24.415378643894229 0.33432900491283452
28.232835325517851 29.723794882421402
2.7514479190114827 12.961478055204346
28.884434308827405 18.166966313954109
17.637431414348022 12.283142283530669
8.0432027099779404 11.755802350424963
10.698859655345956 6.4431738148265341
22.370992577418878 30.643214088699658
10.05973880885454 18.056169248184872
18.878568057349234 27.248582025611178
14.307133080055824 18.010214242742382
8.5307098419365897 12.910997888010884
16.631335101515138 15.97890994473067
28.136543680825735 21.482760475652594
27.435821223780639 7.9205708570102127
10.58508548881664 28.757704606838455
16.254877289985188 9.0630992159237689
4.896371621761018 4.6240545470922312
24.208585570203809 22.008103244315166
22.261577979776014 19.733778992826043
1.8040290049113528 5.2428845401279549
0.2498742275148462 30.641940310017723
8.990811118983661 20.723685670426256
6.4231626058523581 17.482421330511723
5.5521823945279856 0.5074032601442412
25.176894622334046 22.516999142049492
21.315391286712565 1.8138461215364707
0.90787580213737951 24.872396370685355
2.3293672799844969 3.391902784829866
6.7941661950007095 3.5434346480866759
15.451155070995606 23.335022012551505
11.76562307763194 24.903830308709082
9.674303216409065 0.42030810916615891
0.79071196423119794 10.828006479114492
14.769086456180288 26.954154482363101
13.124954024375826 16.846420640521089
22.887635514128679 29.551199896662084
26.827077749192998 6.8370205983650276
11.288321374266157 17.677060448910666
0.167036549838979 8.7752954121365505
7.2236477005344613 8.6434369863042715
14.235404744764544 20.464771628806488
28.045221131606546 17.349341330596449
12.445768347131089 29.355750373055461
15.770998701651878 8.1173174249704498
1.2738676001735381 15.284998170481703
16.389924980499732 3.4354433381742786
29.767067075226457 23.704993182235562
22.587275337184156 14.496127516629635
23.530281245831056 18.093563720406003
14.564608924510992 25.195230369319301
4.9332336697981862 21.430003980417858
24.492981530536024 13.157808739556739
7.1772265342934487 11.147506322225782
1.0155467241635674 13.509152725035804
16.776842232664773 23.448290938174978
21.287044594707019 10.189241009720005
2.1425682359546268 30.198752676672406
19.208582703857282 14.42585703928834
1.805589292624745 12.648533393137585
19.843627307144306 12.644084317461463
7.6260583903305843 7.1234118405986386
13.443330522534877 6.4083757347915462
8.928714774887176 0.87438034566569389
6.3053985305003462 13.735266817805886
5.5894353228785496 8.8546839219189426
6.6295747466750568 28.526841368139422
28.714857202479433 1.4810983178931536
28.468745561313821 24.895240870412657
10.134508497370989 12.276181844604313
17.02622652292488 13.172639866207289
21.337769223080056 30.4200279331966
11.413232626995315 8.1585694834698934
0.66011872927474213 17.570898168216509
8.5864004059392318 17.370185661297377
26.615603488326173 0.26748501405785707
24.688878130011933 20.538129419047298
25.949644366797692 28.546629960249788
20.220925782421901 7.4815433856525839
9.632143183641503 13.936415245480424
3.6361137380326563 0.20045820486903138
0.13924749965846889 9.9775532085730614
24.657782269179268 7.9827348888311755
25.888892674088492 25.255624067858115
31.358896923579959 28.588659667771452
20.301478738951651 15.104675427299645
27.244839317383729 9.1189265652500815
15.00720961811361 20.245001015256815
10.41022183744313 14.567696734325505
14.864952107644628 18.973811066284764
27.512393351783597 28.018459155298988
15.433056963242274 0.87584271676909375
8.9468840774993446 16.447036953762975
18.343817102200916 28.392651111735933
27.040268394313689 17.301961315468482
7.1282971304864811 24.504413358037603
26.603472097357127 2.2117104790727478
9.9866978611764345 3.2631277509274335
9.5008373222146307 13.325942268919556
1.9040738322070045 1.9388048870043109
14.033798448798386 9.5287389806618865
11.800091609789114 29.128780894764994
2.703229316041412 30.809674210668447
30.178577123684345 30.93157870249329
25.73010125830956 2.8071772954421781
9.2064938781179801 22.865575717563662
30.629242727678186 21.074425283136861
26.229643419120318 16.39029100517303
21.385920457790068 8.0599811766295417
12.222966851051591 26.314994682755898
30.293569875848409 28.340925189184908
22.186782430332553 7.8115908582594225
30.261320254041575 7.9022786141531434
4.0368199616628822 12.030362593870292
17.569398020678076 15.72760803729059
22.061440580551253 20.501563735470548
21.634850466383305 16.701632959597102
15.481082437785307 3.1526417990668048
26.03739024238638 1.510545686573298
16.187835322298493 29.817027211933478
30.011563509271838 26.660321164627653
23.441816306172967 10.212458186546053
11.497076320149558 14.101891634030713
31.55400660660754 25.691282712706485
11.90267472379279 22.395045449891885
3.8484283041126051 11.236815965845713
23.826097494825635 8.304341891204853
3.6932819788200217 13.785398916826001
29.278377500365377 14.108730409596768
23.076927707273995 18.726255128072758
9.958831172040826 24.499024832152472
0.30561052056866395 15.6888455742319
19.470090277875808 0.24831629189858886
3.9047521040674273 24.522709587154775
7.5841838800788013 26.016568486106415
10.360116840042322 11.107069793680811
29.008234419933711 20.743595064075659
4.1429423135365733 1.9602662398055393
20.01318566963991 4.2884734166324758
15.856348261141861 20.397347408370106
2.6868357685381179 26.02965915446573
16.528189088883774 28.227006573829296
28.473229552735809 30.419725223595293
11.405516617246896 26.547652603900872
0.094058125828484315 16.397337682503267
20.572632591300017 17.023989391525742
2.7717184131953476 11.834277466253907
8.3709423025049166 6.3757136184435819
4.7823718048665498 22.554495816234368
25.35026908869326 13.098181471652344
9.9307278883652863 16.625486159731949
23.495613182551836 19.5709098245338
18.153085631346801 5.4027415854269787
4.8799519811056662 30.322027211953376
23.32579150682291 28.561624956414647
18.280948490965429 8.2244240700906666
31.043518527984077 27.513716775888849
18.289156017826276 22.393887046258943
7.7538818151861939 21.592846106909303
9.3323112953225014 5.5329805159758196
18.489310209367559 15.84334093637972
10.964742757253136 3.593118669154638
30.115964326108525 10.005008226573446
21.189069661643817 12.812506679835471
31.275622572417696 11.159923533115137
31.375629070712314 12.465780089010849
29.981741551307728 19.132855897175954
3.8345152467997687 31.03429719342089
22.040263369431937 6.6813866927433141
24.514311588866146 19.440769561401865
7.4929391905551723 27.220422352763077
23.951134561587917 16.584290810222118
22.222451405193624 27.030422162846303
6.3414348756286083 12.077281593240865
19.585950791479039 25.207557811607483
28.188694359396752 8.383777280005539
9.0377252346232719 12.171096866713308
9.2643516874331571 23.596208570432566
14.845354486215138 4.0530852595366609
13.750295213169696 11.088398566186816
18.384875002745996 14.785458606172703
25.449945014393105 7.9037336732331012
14.615532972012511 16.567883390117082
14.660416958857502 15.785048911488834
12.291707849163737 6.6213025899604503
12.613824605082733 0.11993367316095509
1.217484748047265 29.875110589137623
16.038664244049471 5.4018812043707749
24.527453146014427 9.9699891618908563
3.8866937752860085 21.927616420463846
20.696878651604877 5.0767155942937361
3.7519136712045693 14.513897544395997
1.6361797101657918 20.130161626862513
25.404742646320223 20.234293662596432
16.705899417988821 6.1496616370135424
15.570688443178 28.688469992157955
24.008297861295237 5.8140562481863949
24.014684600124841 2.5054538368846559
2.8876740829704897 4.2498253808504334
5.4793940158141217 9.7715953749938631
28.517289319801751 7.1849873624739766
21.289883385233665 4.2982332002406896
8.8349069008634924 4.2180458953929518
24.808766972489543 27.459043184426143
20.804136536178024 31.252816637631987
7.1974872325842743 6.0999225920868678
14.293324005593382 12.981703456572328
3.2760763898306058 23.772500031330399
20.64713320610517 11.130690058912808
16.720518493474561 0.25751826007024292
15.224792219545849 26.125707526155434
12.090392216601828 11.581077658963919
3.0478249886507025 5.1560836760942292
31.031010736037679 7.1891957705358234
2.9414073448635745 17.13167886250201
6.8144527119449689 25.287376846434608
7.9475388703816199 4.7678428399366677
9.628661130754006 4.5884954608857189
6.7123797054453389 7.1516012506906588
23.951717249397245 14.131225126422184
13.523678717173931 28.657168737490089
21.10727692974876 23.810712435534505
26.268268735882565 24.266312459858451
3.5257725569094238 7.1493637277837907
15.154822352198579 9.2412393194760476
23.394531618780334 9.1799700450716877
9.3771020424957587 28.672338071499642
11.277318468262411 30.299810721301867
5.085090910300897 2.7560334553388426
6.804889104665893 18.396511904938386
7.2605106268210005 28.287259882987311
8.0644401139768984 23.746051743010799
10.578108719094592 7.7272701147093859
29.286560469329839 9.5846912706204961
18.319167465712365 19.280396930096476
14.281581663670474 30.530860638011347
30.883292498067586 24.676091794826128
21.057535082216386 15.044411791978602
0.79248922899740482 6.6766741893309183
12.552114778489953 14.224952463123319
19.458028137167577 22.25027493633668
5.6217656080645293 8.0793077095942873
11.595604073324933 1.5580061373959824
30.926398741153712 8.9891720422691659
0.93226630987999226 20.66901547632061
27.761863642620202 5.8594577661835148
13.850662340038728 8.1526893052618075
17.595273620928594 30.14939072044449
23.889632098032404 12.622537119909502
6.1231990362645448 1.5301420616466732
24.629843689057534 18.793429002199478
28.466500252530441 9.4619394195101822
16.282060526361573 14.244347593399265
10.820456417032025 1.8252160968130768
16.971508703770088 26.883151600640694
1.7300694775620902 9.8779698597555221
18.445988371825401 23.447585889250789
23.358756666714925 15.242611274782947
17.049522857283993 2.6203937544713725
21.692299435032382 31.585278040842947
14.043727866742509 26.194301700841994
2.8351979087578805 27.094694669224904
7.8974992498195178 20.797099198511923
22.253915230595247 12.249230275415508
15.615026971764971 4.3487148477500837
12.918238999770812 20.497068057234593
12.875192242915922 8.1432925754690242
15.252450871955414 17.812521875458057
18.53504441699609 9.4007531014968801
9.1686883365285805 24.907667574830867
8.4097799334520129 14.44323792724852
6.3473496766278554 31.179524346064181
21.859859862790387 10.882777786560222
22.434016218399609 8.9789182752381169
29.422267047351742 21.400577039683871
13.456492313435223 15.378502352031974
31.241558454611781 17.224390600156717
8.3274335006569622 24.446808494663053
23.796643312028742 5.1707172121524483
25.170889371878772 24.9557899562855
7.4383655756491214 22.805197023499915
4.3276427065565368 18.104463644673618
20.056620915044132 10.433462450843249
2.8123965413418279 2.6511671859742578
25.909903894991789 23.598728512919241
22.513597095106455 28.317953264665377
9.633243880598652 20.18067232370182
5.9005184846400951 6.9504385584618493
1.3021621691347975 18.557053202270684
19.140246064730007 1.4225873143705134
6.9428817729188808 20.191996318166041
31.539646392561604 7.8910479315556312
5.596479516287153 20.861439215222251
7.9779988779435724 1.2992215629174946
12.896675100698362 22.050081268144329
24.204596957110574 15.424629718705379
16.686320099233331 25.804848251111562
8.3903176365512877 15.876052317383454
30.162588915681194 1.154938493987038
2.5003249594535397 19.281212756138491
13.327354111903198 9.1269013209026824
22.123263738450994 24.097517476073591
5.553843224483817 6.271154342714869
25.928314843700928 7.1603137167178428
19.823944874770962 31.127972823780627
22.43427443548519 2.4599091282014132
31.232702790319816 14.929427487006828
24.055861920043405 24.91185253729336
23.63041064305693 29.840869363868851
13.287997298452877 19.583130577771698
31.220528902107411 23.566203669824059
3.9800172863437475 10.314516545083945
10.111304431425651 2.3580977941232133
25.031115745320118 17.904468091471351
30.756929483610374 26.279908350271977
18.794174832477839 29.204143954590208
6.8325822671676164 5.581276960335166
2.767969264012812 15.244488575977236
17.738655548570783 11.695787716322537
20.515814059446956 27.635291525433534
12.319703319195813 5.5258067180643247
3.0457210060416218 25.158764497173514
24.85522746546787 6.6553385479411569
19.011395411849538 4.3457997782800071
8.1584150238910951 2.8091783330275741
22.705454617978113 0.47996460660628731
20.574552966603367 9.4731033699694205
5.9669010891288607 27.440112611728004
6.6802385661351336 8.2040334599908196
31.192620501145264 4.2535846783967601
6.4652974510972632 15.134907522637718
16.200774965833403 6.7982513952505448
23.302359113006332 0.9805087193036478
13.982147675761631 19.307562481450411
20.747308436062998 20.94753508917881
10.383357676208034 0.9286736804414909
27.597533767587123 14.227667853752376
30.934618434811394 10.24906641562932
13.122614345781445 12.784114594876389
13.875098610428632 22.9540558062982
13.340586467147572 24.077589063723021
11.453695852042628 16.455469810134574
29.221413316444469 19.710529874394297
23.729256980394339 22.698099862110674
11.993662735809858 8.6688711305307926
6.4172080864637273 29.476980906902948
17.947171375251372 4.3435848479713073
7.4788937663057302 16.189738853713347
9.7037018772676795 6.668594664358479
29.839326155406955 17.932760901484126
10.932897382170477 13.665123846146679
9.8067857799631 31.049557676001662
7.2058472062851369 14.370076826469747
3.6873363165414288 19.046984086941599
30.864951719402509 5.3833600803085355
17.864166308569626 2.814588529931509
21.544112996388066 0.79822815841574457
22.450175817505716 9.9015849959300155
13.695359984311471 12.218189186972937
20.483146714449248 8.3931469608965781
13.928337146490289 16.963433428289047
14.361225109247867 23.581280338188883
10.999417245366386 0.25232815748055892
1.6515030443166847 21.468852088169296
28.500234801614837 14.694410353001592
8.0087435762571371 13.585818466878122
30.647615347769847 1.8555156746282166
12.975529757678807 1.5674939892596642
5.1193066596894132 11.397919110879982
16.893465946550567 14.85420907337423
4.5053909151287295 3.4974222584533483
4.3599394531416058 28.005744440913766
14.303143747974486 6.1335274880989035
6.8625403825248004 23.628785519649576
26.366205091662987 20.019005887625507
22.513675008897739 23.173331136275408
31.590859962180691 2.4630986589522483
7.9459781305444084 10.442789483663105
28.420487724180603 3.5495364219878338
15.261672475264817 30.614466329111305
0.5631700698514216 11.679991830361899
12.125243160122004 27.467291591801924
8.2468630883019323 22.570848629040491
23.390246619162244 24.339038999800465
17.596479972082825 14.346316258394827
27.029146704014973 21.701046254767416
1.3396525842623044 24.156855302905548
20.25777601156604 11.988611940270943
16.842993758436208 9.4170294064263746
24.084995959758274 27.824348280379908
9.7831483952947291 21.788416195137248
20.069991191600035 5.7633341360901271
11.027750561057363 23.077688050076159
1.2196311034138267 16.555848580438962
16.973957700191207 10.520637913412592
17.914857907430275 0.22859580557100012
13.304536896237815 14.021836804158676
22.38346024880671 22.215904949816139
20.482194287129801 19.36017646485486
25.124980302516722 5.3698391961807479
12.208011816426003 16.624981139972249
3.5429166609914677 26.825323372737635
10.571734989377582 4.4444691576250408
1.6012597717644999 17.253335609339228
0.043077192245526336 22.101579836673196
26.991058488075151 22.929421905139264
5.9677766787299698 30.173622176511788
10.92741936314933 25.780446575019678
21.536401952144729 14.345229374308937
26.279622515162927 17.551621394040545
25.648571821122598 27.780995262922374
17.37906914583025 25.254254580709755
1.2884358344609137 28.970025190805003
4.8142405367518082 19.05456676996533
26.379553789830624 3.4481239467572076
22.030953717205666 21.213642605945306
26.634105570245289 8.0163209220062104
9.670141510585772 15.515527142620886
28.089725110794419 2.5674058689953041
28.206457141602442 19.792135648171019
30.74708458549399 22.093308842000177
16.499682612832334 11.56466830629569
22.365399343432212 15.418973460912229
16.041300685379483 10.529304490731086
4.8115551054791927 7.4884210982603836
19.513673354526617 20.634481008768823
25.49747890639491 15.569688010457437
29.267497731853432 15.381489313895901
25.978988278085104 30.909122200449826
4.0387340655799537 4.8091912133205073
27.587591174133426 18.331800242577039
18.597282407219943 25.288741180893517
8.3549382241894214 5.5282316886387122
12.627123616185415 18.433330032253249
5.4657521336695449 18.380080459732181
8.2461734045933834 28.590931786079533
20.456006509235486 0.71321109814838868
3.8815820285602936 30.194222518497433
28.305820156816335 11.74654173253532
5.4672191697785495 17.524410288608514
24.716866374102633 26.541786533043407
23.239239971718224 11.93400950294183
16.047566590120528 31.37651944896858
0.041511323335181531 18.209953247605867
11.118296148072416 10.495407064536611
25.946236337633028 21.577165929474241
17.235630699908747 17.793748155821575
31.609927400439911 19.056302424504739
13.76514713059262 21.166913322136182
18.826102724252774 13.465116836299398
15.716885782977842 15.283056511339325
16.51273316699001 7.8345143999544478
6.2500574399573727 19.108399181067249
0.42136860787258745 21.49684608892322
21.359889377840464 19.306370019920966
1.1728460715848334 23.231061312756655
27.128523358711959 0.98807783634050594
11.471777248047539 5.7318884091166566
14.092262240302114 13.964119911880733
16.914249026917563 18.832180357835849
22.111486961552668 18.665087022465357
4.1027870816582377 23.32868210241115
14.893185902605232 21.616037322910657
14.54022212315226 27.76858314291313
7.5215950953451136 15.219360935379681
0.63255683757586489 3.124069384581825
7.1383385548986755 13.182979492173532
3.8921484375059689 25.680095579146641
30.093319245745576 8.8374822030531579
3.5930211748717635 12.835723078531188
2.050591431876172 0.65614805901161333
14.586301173755961 24.558307488716395
14.671181842697166 28.708718533223088
30.310368230592218 25.381358931406741
27.39310118512579 5.0131321935400548
24.341327872763003 28.903979869187346
1.3673658779431384 5.8434914687512434
13.249928447255222 29.973233181775058
6.7544837906414532 21.820629254147359
3.8372136292123709 8.9286963968982835
26.631122693017463 5.9610482630745203
12.232093233118093 1.0696809248223065
9.4194725704271551 1.780768464964761
12.85674437075877 11.496958028796779
15.067667910783189 0.040986190729491931
6.7680603875248364 26.934943702491768
4.8579334899293336 19.969560174876268
9.6587464602235737 27.971904107990472
18.992788769843564 6.1786044507431521
9.6839951121245136 8.7467902162695328
29.905919262107329 27.630677890000094
30.485633992109587 23.132754277347697
7.8926586486418868 3.5922928115451187
19.16133681075792 2.3593826178855779
5.7315098291621798 23.61649745079319
13.806296585378725 3.8842661209595453
0.83726449632225652 27.418599234038183
9.4039017254740465 26.966636425374997
11.387228608705712 2.9481898679217711
22.454116162594502 24.861796080011825
10.718960955258616 24.813297116245405
14.700567881210688 2.0903662078024383
12.732533563093655 23.060941623717412
28.633176616491113 18.850229350646593
13.246219742922491 24.765520213801128
15.177139794701091 5.7066220316108938
15.212513656544933 13.545271319583394
14.751010330742098 8.4896483743638029
1.9515766335300211 7.4002763701350958
0.82302596096698866 7.4199243369022545
28.912566908845012 27.875255940572149
16.662358380640928 20.807297635636257
19.229023680175022 5.1970234753002345
3.2926200848167677 21.029206692206888
17.472483318239487 28.088405294864074
23.331250883110069 20.368807505610295
17.250458403416786 24.205121920244743
26.581178100811123 11.058100350595639
3.5533921579930055 15.712760720355632
13.024038974733978 10.339973698952589
22.952565916787393 31.077983417362343
26.585751665944418 20.887334252628516
14.595516640236102 2.8572182050708639
7.2287512382119372 1.6967604413316386
17.636928415892569 31.07298166184567
4.4696880039238502 26.316672087422006
6.4963028103290812 9.5694528852821907
10.668449538555032 29.460249021018516
12.157128613008984 15.07705505263305
0.6137224392996149 26.080782189478995
23.367047699156345 25.653424118911062
9.4217749143532998 17.795856558857814
3.1422927015261877 10.143130820608738
11.072697555638218 9.5374954927107414
29.125221261036188 2.0969050859599134
4.7429201460992152 5.6081001852867169
5.5695499821438128 16.421036078172968
30.781250112025077 29.392566553926212
24.148860268115111 17.535391334305654
12.502988842739535 7.3322285474630338
18.543857155112534 10.412743770285203
12.263060055765578 4.2364169442670212
26.302196404747097 5.0259806441346351
21.655900063032814 15.978396061753783
29.284831566901989 6.378189668590128
1.4954388587767202 25.994295377228486
8.3100301649118329 0.060548208839357229
14.274977344926231 10.371268043555869
18.425965057592695 17.791785787330596
8.6602310072573623 10.762299127695719
23.242892931176282 6.8784560648729105
2.728797956088687 6.0480923939019497
3.806388777637975 17.609540664666067
25.067677633700171 3.8538930585094406
23.564964252553928 1.8010595798066333
23.478444774128285 23.482182632915066
2.6099364033989452 11.132713687187429
28.367463199154436 0.11294272844368866
27.878879452651287 0.96962101585156824
26.806094855115408 25.944194126922277
2.4773491377435679 21.22524556452775
24.190801948067989 30.429571811037448
22.844859446360463 17.106543437353473
27.444302293433008 2.1755110731517964
21.26910552844064 17.902462010656922
25.435379183106264 14.068662882910125
29.15889233653068 31.298343574155751
5.5714348024235552 28.086181701682673
23.717492746326574 21.041604911535376
10.559117236467271 16.841742295899376
16.734915401387486 19.727026629084715
27.264896462707092 25.241621190281869
3.6059452678715349 28.103418887164263
28.113519630559367 13.47851609981403
16.627572531045395 30.593368614453315
11.606926609944145 31.610396070276462
19.34016679184047 11.085086088869371
23.035147398598323 21.702799134820971
2.1917833192093532 6.718287086667674
13.495302219808581 0.47113524511474564
4.711535817970864 0.30392100376762254
19.429931355046364 23.188888027478569
3.7126234172960202 19.869078672118668
16.76878984930136 1.1033042712792092
4.7186861888859886 24.89197769433629
24.772312976960706 4.5447605935516506
9.3339115662485188 9.7543557542976078
18.543071929282661 16.981118396983604
2.4195289671010474 0.0016531510175195436
12.078788282779241 2.6302008198117748
20.696891761439254 20.273195859118132
30.457651287438857 13.214303366196766
1.0122108063990354 0.030499302884106547
30.728208988108602 19.313448856187552
7.1449744679956639 4.4672036812353344
18.464681269253358 3.4099445109785251
2.0084172520972214 25.146791498236265
31.324195735395428 6.2804748528603476
21.795340082892576 3.4231669400278197
5.973077906766159 24.529064631301932
17.413297191857573 8.1141899730976768
9.7180560394027324 7.8525259270080197
7.8209503042845157 17.410427182462637
26.199139807784885 8.9921272510944714
5.5882453844132352 22.228405930153684
8.8706949508988124 30.930201685667313
20.279982938154269 23.432822033834679
27.305161850468181 19.754014324027956
6.4917220535868978 21.05402221919184
2.4673156951265636 22.374258056691339
19.686088125201572 17.552674001501948
29.04643014005007 12.097850144515192
27.471144855818061 15.305603644438099
25.362280774202567 17.030182247736935
21.964922565782075 29.570973556259737
27.431538541614938 9.8386140150970629
30.642414261858335 11.891410186051196
29.120213167535805 28.923315954413795
1.0699577208758277 0.97311066883106179
15.303435792721329 6.79161471236021
8.045985260203123 30.56935220410578
23.396155635712017 26.600330957850939
17.427964830412652 7.1294579856712099
27.137295823671518 11.850621543497246
3.6952941073560797 29.148014389344603
13.583081709330298 4.7455121230595658
11.449205098486257 23.935462497448906
25.518247408038672 9.1001215314048292
20.724748201239723 25.623433295349631
29.781316192504523 29.363815053528711
1.7858008531479113 26.830124118927607
5.749697141055484 14.361713710572522
16.678721866042871 17.234626484188276
12.362959345564043 9.5252880727076938
8.4334175351134917 26.749374093653866
13.156816589498881 5.4192443644158228
15.604700461532797 21.520497678589606
8.875061649968611 21.702525471336756
30.367458249246035 16.778747632609551
19.424823107966649 15.50744431922079
23.230195261399885 27.302169712675425
25.422240059432671 12.031794121589213
0.26152630441596475 19.963266505891546
2.6261158375554294 28.140854671751967
10.230371429699808 5.6317957145346407
26.612542323493237 29.843647796844078
16.173634146295484 2.2878329578392003
27.866961685486448 6.7911194250765483
26.002299708435618 18.478763426753932
6.9571942415889989 16.849993388232964
0.35808466709836312 4.6775400103117786
20.431845784476664 16.19548874455926
18.786717297778114 26.287436942872404
10.576308519434834 9.0673721869476331
20.048777343524488 6.7015930637501464
29.354276441682796 0.68703499682042413
10.001194340255743 25.881572973344888
11.128803601628604 20.888129379440247
24.84695955077396 16.251961933589939
31.612091993430294 1.5024088379876674
2.4335286686744011 24.202901176736571
29.519230478050019 30.245706304551046
26.890863283489555 12.991444899018035
31.528997819582415 0.64190210062211428
2.9517673641677593 29.589705740119626
30.264447543255216 3.4115620551659651
19.11238524464331 20.019735456852736
4.0584232220763665 16.406280739197992
25.578332263339068 10.401508817914628
4.9280107164330218 23.724401435029961
5.1792423689558467 15.307122390806439
23.893197324888281 3.6500185742661433
15.730009393717824 1.6327983583669561
30.522731021195174 18.035118873983805
24.826238072130945 2.8590471423776505
9.1186215210211152 19.180145672166098
2.5513919324525052 14.40373016507511
17.433282322100958 1.4649042822785934
0.045075112813495147 27.040070607551318
22.423641040866233 25.828051585577992
22.388836043987283 4.0666916334718426
17.202166403712774 3.9512093252333358
29.463077512072488 7.4909415230933689
27.113749919255017 18.790748309677124
11.286836906345139 4.8315106572098605
20.532979726129092 13.550377652117582
1.2753826984908909 30.934237027086311
6.2732226803890878 26.055858993615182
21.881685813678562 5.2304189756122064
16.120361137615404 26.89717724113455
26.863807923146371 15.923822673948166
13.796234474629406 7.1939029375910506
8.4865120546137653 27.720227744730465
10.350699552440364 22.260140515902776
14.328947872320438 14.935461273178895
12.860253652775354 28.252023249636398
18.203484558043609 1.8040370412449955
5.0178779466705796 12.378686585207106
15.296853745827237 12.613654439399022
27.641386988508831 10.868034927155056
16.768507806421418 29.109737222623398
15.381434927231364 10.099263803512272
22.9935027564138 2.9778371067063008
31.165770963199122 3.3094549639856115
17.603822360687836 22.886783229613897
24.113990187133421 6.9943622930927782
20.23521052800762 2.4160534407662113
7.640810256688634 18.462923938252732
8.654759668759926 2.1734987539030786
18.912729168757195 12.609638225723231
4.5230853750031672 15.231512394914356
7.2451170644783511 29.912398775172456
5.9698272482233961 12.817482111863136
19.99153750841197 13.957225086182401
28.789713360843479 5.6550683702156714
17.704505388063474 9.2027472414151266
27.637401021029817 4.2245911712650432
15.781084541676353 25.569875212405947
7.9708850508234663 29.419203516622147
15.208477848231899 29.694685460927232
30.238364122874227 6.6079794121906898
15.648085111893524 17.215287660761842
23.844683866618556 31.369809916231265
8.976553824900968 29.711680439401441
