24.372249462666854 14.116446156326852
22.272240881671227 12.14025462291762
30.636568079541778 4.9049821413464656
9.7068702819662125 12.948918962671927
0.31230521126024957 21.980282307527499
6.6950640613543424 8.2219414327332547
12.706625311411377 11.114666475153072
8.6430260283567328 12.720991772245657
27.90860386705851 15.261022548594941
15.807705453769493 3.3967518463545505
2.5987261309193439 19.308897277614186
4.4320702327337642 26.170996008498864
9.6283790126724487 29.651121407945585
18.447836983653488 27.132057847875824
1.4447157128652524 1.9730954980846434
12.065008866111517 29.178655809515426
17.786765253618373 30.516354273824305
31.398456998700926 3.0419609737212765
20.279139989859228 13.364295276129511
7.5813480549657006 21.86180499503693
28.440584096635408 1.8939260501946518
20.487091410464387 14.795415553734413
29.689801270843819 10.062986778332061
18.03015440309338 10.603390825071944
27.568370602216934 23.096022072300325
9.2429639599718261 15.002446414244936
14.973139146324645 20.985270244126102
6.0570466344068512 12.375936244239711
6.7649613562002582 0.57844114133303404
8.2718691044022332 23.915628625963386
29.203130975933369 24.584764125358095
8.8936858881728273 16.428561987938942
31.092108907492154 7.8691029321075163
30.809896190971951 27.476618216163427
24.991178016519768 17.952628133963582
11.647324197941552 2.4391162180241359
28.59085185178461 28.478455416925303
19.544802461196703 10.07595739599871
29.013210430082854 13.307821203882778
19.596098846460389 18.548275780491519
26.563821336174687 5.0060394962179151
23.881265605165247 18.268718468749437
26.882797707010798 13.556599527082954
28.23873449116968 29.979309055656007
4.9456260095092164 16.55768714229141
22.818235444794812 30.512234715061723
13.490784160631629 15.87888271376168
22.281944980210874 0.55454503919358
19.726809705338464 1.165136503044276
30.362920588659005 23.549894301715849
17.475661648633121 13.048297885728136
9.5637691854048619 16.673140798695883
12.043837988593864 17.682529269860961
30.268070997625806 8.3685379229475743
27.431155364067678 18.901930809060648
10.067293797808652 23.582294410608903
25.338179824530027 26.67352377091478
6.0960028895131853 15.525540169606042
11.572850912508663 1.5110115015538719
15.05213857283244 0.4652877506977196
26.048687555657789 10.444240592848381
16.653678611709747 3.6313462292934098
6.2523290071387452 19.64092487353917
10.368212247328586 2.9268938483623397
14.29148836880095 11.348901768645852
22.898023181812601 26.970741415841452
30.651096649845492 0.97252199485554802
3.1345742573703022 21.91421008707168
11.335840799827357 24.425267160964356
28.41738791322221 26.762510948073512
21.161165481025755 25.812503034710833
0.79634049809766538 4.9727373735117375
14.024964331125485 2.278107266945339
12.320774616194734 29.884914530558856
11.075789128909573 13.343231382289277
14.669774951542434 31.115999394106566
2.5192400100985197 25.449812922722593
27.184982956725626 7.8538057201664033
20.319804782916034 4.2946655765177741
19.800143988329214 15.846375360956239
7.1508889056377054 27.878832104706312
23.299272263108261 16.510717407315877
25.869673489663025 22.262696210931335
10.467310113358852 5.7737761398786116
3.1872682065972446 5.281513476551738
17.339209168118639 0.064851374983955296
19.594570982547086 25.62757326849891
1.8339772392760603 30.755212431403177
2.2553516771455899 15.957957960678728
11.069064436579772 3.8367201060678129
9.3695178906577254 0.62395977021197213
26.599310524353339 30.930662138125811
29.958633615833836 14.139235940626943
3.0591711418016345 3.7294202974813087
7.3676291352635532 11.055260379762794
15.874256009000629 16.685283066695206
26.239160427710363 26.162033933602054
12.635534288310065 23.408717905275662
20.604588534832637 27.602990973595809
0.20272379615354566 25.1907336479861
1.59576796271955 4.109718395464423
4.5405612692749324 8.4961236263935263
16.123273803321776 4.7631910100396979
8.1870431107300643 28.676061402518283
3.672264778164636 2.9454860071434559
26.435513532921423 11.308572008360557
28.749122556362977 7.0184992282602368
7.6861301154749748 8.8170376563592896
20.658556452507231 30.03349328933432
22.588940420928125 13.687018122412283
7.6769286120945486 15.287464436957453
20.678190469574631 15.731314778745272
11.663743774216918 3.2315139252299656
21.234905734327299 18.439032774865826
7.4460620034817024 9.7011637846747014
4.6628546702069187 19.507664263568287
19.556785034841507 28.460056579880597
13.943973091767887 14.801090969557276
19.763565755429205 14.213437471627477
28.935981904779521 4.5614110279068276
28.062900394013393 18.09958271121647
9.0858076412431323 3.1919825476546788
9.0115801899801209 24.245309101068099
9.0340731666853102 11.89116614338119
2.351526269249431 3.2240960516102826
19.140685921131087 4.3299510710516138
20.247802319148477 11.7973415680075
21.485380467023575 6.2077444788168048
29.615069296972738 25.365957602140845
24.911026545587244 4.3856249427606331
19.510814482252893 3.4263347771009358
5.8867750715137843 5.4542497856373595
20.640984552685978 28.520363873574318
29.196916428529654 2.7465662060018787
14.215854533091978 21.515569628727672
8.1242087358819788 26.183741442981677
11.955642616310266 27.640307364004624
16.392229959039689 31.268581529245928
20.440493193507471 7.9887168414514269
23.253418617244108 18.771699971029296
14.719978501777472 1.306990614504044
24.148091602372567 11.900942404695188
11.806397812030625 24.991394021210443
23.124911051553742 21.206809113653271
28.508271125340446 30.998992452158973
20.34626473210907 3.1892328486474115
0.64994490211627454 14.284874654221635
2.3648969284068699 28.131860070081444
27.914774821554069 13.240902565268703
26.110655518209136 28.862387126779208
14.594650071424491 28.63026563616712
3.6467074055189137 18.922985656105027
25.117790728342438 18.718943812245634
21.935203692918151 31.245991970801782
0.039865483776991215 0.84282396144335014
28.147761337996407 7.4343225705285461
0.88521824126867055 9.4126149840448612
8.2153902666662457 13.645317964356801
6.617440425250984 23.718593052867938
12.971524050322156 28.774408617733062
9.7050875143304207 1.428283721744817
4.4368572779889259 25.04081353267237
29.82794604282233 22.499720636259006
16.981781718501491 4.6716591033887322
1.7072611068904675 11.619666194970533
11.176005613375347 21.47208866155033
9.2639552176399569 20.287777914246433
5.8840736915254306 24.769204492957236
23.966708731056592 10.818700592606017
23.773675931139262 26.129612511157443
14.120971448799846 25.265157388215677
3.9111255151732469 7.5527186743264769
22.804287351168337 6.597452868364738
13.827132384504557 31.357855030896722
24.720371501526692 12.836736306647564
6.5686543899343874 28.02032498947284
21.820789008048017 21.41503137878885
5.2015743753892378 28.775522718029471
2.2913255326691591 6.4204706826848259
20.266167142494464 25.191232252051044
23.098049701663257 10.748476030204184
29.948263769035755 5.4306100923638567
1.0763051858836732 22.374044652393348
13.671595722507988 29.381042022865888
16.879518090743993 6.0510717425407909
15.487082325300353 8.9653927045805819
25.687496358163912 4.1529253588506849
1.8092354078484569 8.5912266967028827
8.6966283702960414 1.6515982334411961
4.4558636017541913 30.899630753099217
6.6181220879329921 22.101292809862905
10.689029007868749 9.7099500737159605
20.851256537344177 21.547134473404405
27.394244639877599 27.641926471273109
8.1666543974134029 4.6222750221223352
15.425864763252847 27.995113249703934
28.247037048850153 23.867908713661244
31.073245542879611 15.470607051326271
2.8642229794640697 1.7134800485620121
19.188359003681338 14.928071391844398
25.398030974646723 8.3545242323019586
10.881976281226054 29.270495080344794
10.325908778714242 28.326256437524069
4.5728369805435518 7.0479828312014732
29.234171937165218 17.310850563876219
25.76964773925949 11.848008712295274
24.963839828358608 0.031770334660273729
14.433857930651381 26.013792546298227
22.107009666553097 15.503770212452959
9.560883918858929 8.2377095629880852
28.053242533068083 14.093776464042412
9.6358697647666496 3.8271489620154218
1.7677434155966949 1.104476561463468
8.8642806996096581 7.7286532402753654
15.20468405353129 15.920509496389057
13.036390875018855 19.813294873680661
11.090573192480822 16.468875918411449
19.514038728319253 31.265966758474942
14.373292727265394 9.5503349760822847
10.216938041847268 2.3617962588090533
21.576829087743189 14.716777657458902
21.137231738961567 1.2221121679189499
17.288587943485794 6.8770197757689351
31.247304639695095 18.467731712923108
10.847716575473177 23.232067606044737
2.9953440140885221 24.03232363709223
1.2844035823103181 27.121366262115767
31.234997967932795 21.568023323035771
22.111611206993658 13.034097380827193
27.90268868176285 9.5540857932336358
15.59057900220593 31.127848802162596
18.314994943969136 1.1706211582830486
25.537669114629512 29.549756313375582
8.7548827684525445 30.140788913325924
5.9201772415192666 16.554891276221404
30.305941532988996 6.9796211928992964
18.438769335473232 5.8721391120937199
10.455466692435305 0.4051365606457954
27.112211674008908 29.384110179381594
24.348562515251196 9.7799515536317472
1.0694484798468691 13.063345697141953
18.24778337265014 28.806131412102797
12.260769077977422 22.001454053773084
24.681479732787324 21.575200553768791
23.052184648518082 28.053737572491499
5.1160146520711862 15.395892456238169
26.464043269819832 12.761971719713321
3.5973650207306265 19.881445499184114
2.0799844526579845 9.4806476135389346
27.293729072778742 26.605052345844804
6.2081393127151658 11.078515747618631
19.203256219944429 23.255160497238361
28.070703164007327 3.9036190674853053
0.20930355557069219 20.288215127228909
29.534664139539405 19.115355941736869
25.568396009648442 5.3401378696203912
0.51609665694915097 23.767551702686912
15.890021968673294 1.0150383303329691
22.077630033517678 22.402839435211316
7.7387477907374045 7.0980446563279269
8.3823484575733538 20.400071727961091
4.2551992591204986 28.983963011440579
28.833233955621278 20.397042626009942
23.826224526399734 19.594573390966993
13.858646196582329 3.8580190865119128
21.29507238950109 4.1243964348174202
17.636216392830264 14.174922876664786
20.888024026907033 5.2956853907368
1.7011669322595353 26.027074258072727
30.066629984492973 3.5281568011724382
24.027324023810163 17.4042474030297
12.312604681197776 7.408191655819123
5.2218790526434269 26.179148620709686
24.443059932177061 26.429808909523608
3.2450755533195195 26.640849929934074
17.72871541819222 9.1763331035370861
19.888502059294389 24.419086889504374
30.513699954843439 24.444345281088978
6.2435033488947864 3.859856489055383
24.836372439715792 20.460081142196756
9.0771696705366054 5.4423607484878112
13.303221060855579 7.1295632358430057
13.427571088889406 24.021748568620026
5.7848263793099264 25.509758251108014
13.773480194928743 22.944166661038469
14.323703916023108 13.480800290617042
21.716787780291877 9.7522776179890975
7.016770681294707 18.063353088124778
12.984613050142075 17.599675828183681
27.116608631662853 1.862816097167151
4.4506643793528236 4.2950691964385728
21.256875159299454 13.993580389160282
16.462438507569235 13.211062420057747
12.344950226701982 14.642215598196808
23.5390249446328 1.049527278888154
27.893852144203098 1.1194576633554527
30.96147352606717 3.8924511690631318
14.401046223158056 4.5565081030352852
10.184607966361432 26.240805319076436
19.650179124102568 12.559332642930347
0.28587574565353857 12.782892603105832
20.849548322100265 10.357261455227484
7.8446531591717195 1.0039808710284868
4.7724196059653812 0.42971430366113933
14.327348675736971 5.6519849048872608
30.588141284287332 29.926422874508408
17.241413132239554 10.400480737970083
7.5612838962695399 2.206393919317168
22.128666417626402 16.842609416751294
8.2347888017494828 17.314132438947251
18.075796454098754 21.36808288358991
25.439822705098752 12.850060897273767
13.914821423889245 0.90637107054598165
26.644554356570069 22.599973589385041
28.36831753936977 25.251419791717627
21.18869622482077 20.101009785544573
8.1706485565934699 0.37191376199257109
21.586961204792992 7.0078674456412786
21.890520218974903 19.056965575425732
31.130819945256547 17.373077925645855
9.7208723768157217 22.306323795563618
9.2518848220863799 9.4755397450150891
16.623001715781765 29.231754343629763
27.69371485886942 30.783333567289748
15.199314200643547 10.338697686337239
11.026722721584116 27.37253613611178
4.936241164573187 10.422436751147181
31.3020520554923 30.294479425581848
25.311965476664838 9.4861222873459319
5.8721505233952458 1.5196271490858049
24.511612701773352 3.5298494479281479
24.568751204439479 23.764392173856894
31.451550966915836 16.317104550709701
18.649630564008685 30.859802125834854
7.8638965686818656 5.6847443920407281
15.343090384456767 25.442434243510338
26.074738725736569 13.975629284321188
6.4466714296829979 20.970765401094972
19.455143133066926 30.035086489180468
6.3985360645425002 7.5661193902287032
11.668162247264712 20.545210932020847
1.3701915085598873 14.080972946121809
16.550754342397287 0.75497330317224043
18.089561836594211 22.976477385460537
13.147947593647489 0.2900614655409684
20.673906523066364 7.1646766717193051
16.554626282867417 21.01445237477899
17.730153502726672 19.945782379074359
4.035027928558371 27.825337487730796
23.957029309227963 1.9051224653788343
9.3311049064023646 27.923153765074588
26.739562791136041 5.8663529622037078
31.181336008527413 31.231215932717603
15.652222883654948 27.036306343318891
27.760569231208674 19.611759559039722
24.877172562646589 11.448359253694376
7.2152111184321805 11.872065169937613
15.991236046787931 19.623327769353899
26.299075385790779 1.4259447254187561
0.04267340538633585 10.82775828432985
19.631809292576659 16.76505360503683
0.099480137997121312 19.376784978576616
16.031768605626588 28.473588560683428
28.367500238436001 27.706053833147706
21.071978883956593 12.989331296969638
17.989903129677465 4.3849846223348825
8.5714094874646722 25.163082069836904
29.007229179004579 29.573178775383397
9.873395699250139 15.516204028721587
10.423688513521167 20.182991977618528
2.8759291673149261 27.561261761749321
29.431020168523577 0.81298787041878495
15.599196424401642 18.101988492985036
25.647271985471036 2.9481889760928697
17.267531147744013 11.597106098351409
4.3642486183247557 12.552098220735065
23.424972723133841 7.9439355849738558
21.518614381675373 11.204254407607005
3.7315413861727826 17.65769389762379
3.8420687869641306 9.9920220740513486
22.51261742239975 26.264323729795585
10.304904078240762 8.8517851865494297
16.744319043498546 7.6448251314810571
21.085102704625136 29.277724620213355
30.44562481356521 16.813181225189322
15.23655108689035 14.555426845499078
12.33231755135697 16.689660000854246
6.2033242054304241 22.801429177789309
28.787263261314973 26.093260988568119
15.992040849944434 2.2735058388327061
15.341459336657346 4.8245409365727747
6.1765259780944426 30.981138099773794
10.065527906916802 10.193395553442679
1.4511098384609669 23.068079223105549
25.288177212495992 23.305653858715647
6.9836763628985006 1.6612446821477573
26.490704518916537 3.7797338554018181
4.0814764321022547 30.030164711800005
10.629149947234341 19.18848880148084
4.4826736059629768 24.538111337505015
16.758549492208228 22.08647627224801
16.376197733166535 8.6621518336927288
6.5265598427454572 17.132135634673407
26.794437753594639 25.059539172195901
31.607993213278835 23.121531009640652
17.587699908199237 8.014471625216169
22.110938790624303 1.310803266461201
3.0575587053179634 9.0906795083330323
11.750113636468912 19.838162977210793
2.7495199962794654 11.312356239026204
13.5080495012343 16.711125445269015
0.80544223033949558 11.80671227644765
3.7712804448883186 13.676806987472272
5.6604305651033071 2.7077825652186207
20.458857719814386 26.535680676801711
25.570002893680456 17.110885885005235
11.394476256086877 0.25713428776744574
15.100787422847761 3.6664349163960179
18.836672521791719 5.2195742658525486
9.5814404291228286 30.707794798419403
12.828838112159595 27.904699141045423
13.214567518700271 20.427440837419418
24.904556750819637 15.417246887495551
31.434700291414234 24.435761625724485
12.735210320994392 12.349742383492185
19.918116567023542 5.1567550850792054
3.0236777750819317 7.420299967361073
29.652184310669917 30.256384533373847
29.179918862478299 0.10333294154089818
26.027435940257096 24.689156531489498
22.444305209243819 9.4292509462528873
1.2975592174999404 28.110755670022517
2.0988322785112765 14.836346253954327
18.803722363539933 2.8278364809896326
5.5427451438131312 21.899867998350608
1.1383106701682899 5.7452835187559943
27.238204564320043 10.507271170465309
14.373488149013102 20.154314299502456
31.377248130324038 13.724705659568137
14.002383430721965 28.174301295212398
24.205693421813685 8.8602225628204554
29.996600385079532 16.041149726424287
22.978569463994912 22.055503915836873
5.5663734767830082 19.274900667281216
29.526646617470579 6.0727577373038724
11.541076116146733 22.561685427353218
30.198173731127277 21.703888878184397
17.556251214688128 27.627385327682358
31.193737931238964 9.6081129127321123
27.674618562791771 20.523644234152883
5.7175254559894464 0.8319862120049657
20.39817583502154 18.910698988468027
18.702591862440965 28.040331735490678
19.639343466278355 29.30038154236021
0.58218195605247047 17.053272987084522
3.0572899008546002 15.122246526878206
9.5994065442064844 17.78605545796383
12.913809096545268 5.6035899442116879
24.589034506518001 27.684234921144363
6.9602743135140761 26.279701485659704
23.880327112199144 22.539809201503964
3.5130931798452454 4.4929389582836547
3.4663800410704195 25.848946295767799
10.481617335850466 16.854569767306511
7.6664961479932892 16.799122503630379
15.936793802493046 23.320971041955183
9.0150036893186396 18.135706691243495
2.5093331140094404 18.521226938364578
24.247121620740025 29.385260646304626
30.329824033117699 18.582992294776432
27.794991367071702 28.960511991380958
21.324763407189309 8.5964743429133943
28.76978217395861 19.415634225728493
16.414922994099417 17.402107049708547
0.81381641335588928 6.5632352917299999
5.5344147662007037 14.527964481370018
20.634171120057012 22.375783699827053
18.809227419273114 22.170886972845615
29.544214943053834 21.016339664752767
3.5441351500216882 20.700821738990843
27.747234691678926 22.148527496834447
13.289161927542667 18.868611733263318
26.069907804322845 23.637150739248661
17.368111813892853 17.704076925146818
11.444951846668983 26.123785738022935
9.1170688159666966 26.106476066665923
10.158306250946644 14.195854995609739
25.030164385764913 24.675734313705757
21.736659323126712 25.227586673173043
28.647389056853367 5.8627163877124122
30.468938337013988 11.251491314595702
15.653394930319646 20.278714646857516
6.761069022761574 12.893438393253975
17.550807580404442 16.07998307348053
6.312468712994284 6.2527490365750023
21.76285939520481 5.3237088537780535
13.001449855770428 8.240536150778766
23.85772087754258 28.766818742372902
24.064936018765213 5.8946106517881391
31.460414227061538 2.1172871418546522
10.641835959698732 11.251462595681888
31.497094876478176 11.648162823018886
8.1634744706070652 10.193866479271975
19.553210917252326 6.3740675907308679
13.89082634252904 17.88246677489273
18.206810286643211 12.812790132273223
22.606149729647768 24.330339330988405
12.945150516288578 26.947797172081675
0.11144064342252763 26.268156694510058
5.5423759606493439 10.004469690418436
0.48360603851080375 27.087166641944261
20.642397675507841 9.4233020192163899
17.971591367498831 19.072604124183822
30.858962464758676 26.323802959632914
3.756843108884024 22.921174942492893
27.756016022780859 11.128800796316602
5.6468475200342034 27.177510993254518
21.358424947867146 24.429310033091461
15.923461759341155 9.9118903177883091
7.0551766590208738 5.3317935824398042
20.754484927025128 23.877406896869385
23.72431413709057 4.2856400432350865
6.009230110095662 28.97737707039223
2.1576184432518928 31.36087750348684
16.979472044591734 30.409200311602326
22.963026842017488 1.8555518822425943
18.004791687139306 26.335608844773617
15.422873802574282 18.830758762292181
3.4131636614877445 12.848704244729962
4.346750789973389 18.392310273208494
13.225307631810439 10.851177798678521
12.520993932617186 1.4147907923162046
7.0518405142341782 16.181957122338154
25.97187248878533 6.6035607018642688
25.897441367487268 19.295911866906597
7.9190970822061972 18.23456621447745
8.6413722484066842 21.720838411483268
8.8260100842554561 2.3803831995891462
18.722705015715054 16.480974917834015
16.80812862450426 18.424532296292288
18.155535072815379 3.6346158532648611
3.380272667914523 16.086494394487005
9.1511036139531363 6.8852281770900996
23.727342155301681 23.865185174950515
26.204070419052108 17.80630163743702
24.027338468432092 15.514392650963098
12.704515681803594 2.6828412990826438
8.0352700922126754 19.206873448467025
28.901788600515786 22.113951861084026
9.1223876942200324 27.022739689762975
22.7555193719055 17.390933138638463
21.443043965424216 3.2998074783498752
22.484139685810348 18.187946010616816
0.73443430935271403 2.9384328253241239
12.030737409785061 4.4551738716292233
15.815051466060508 7.658005115985544
10.468280362296442 31.162468891320046
2.6143283345605561 22.668300645940736
3.2623018780786479 6.4134811111576351
2.0285776894726806 21.798270951799733
14.342468261241075 18.578396444804724
29.683823563889931 28.894296728034782
4.8893671939274999 22.410349213225714
5.0464408573652388 12.760876722960614
4.6115915746229099 5.1654178665343782
16.396842872845241 10.691903421098523
6.3621914802088755 2.5888225718330662
1.5508686979422566 18.187825174446306
29.201911567239524 12.485477424256533
22.510700452023922 7.4996155027172584
14.429288578547942 2.9222102785267183
1.335126388495397 19.748485715755578
23.646806945328333 14.693660204896354
18.436255850240144 29.73858363179885
10.738912849166233 7.9661146449068205
1.2934577527564632 15.422384446143738
19.577483643120306 7.801051703229942
7.135581199269363 3.4646772186371293
23.823800499105044 6.9859765582340287
6.8468889852509429 31.452722926283457
29.676034807718793 7.3385507533265102
8.3592135604946662 22.754527689260751
3.1921300585480079 24.799325486442015
18.203682867013082 6.7395763971283618
11.372600419218886 30.578398520466834
16.830339598248301 16.345740288364045
1.4460487659408134 10.760505579703779
21.310169683454287 17.611086611483071
4.4434034160177633 1.5914479873423568
26.899993571941462 16.725533278170833
1.076553016478963 18.940096630534399
26.167645251237211 9.0396937731948341
12.844552352568611 24.633481645432795
9.274886701092715 21.301957065485968
25.488612265480636 30.369710717364832
21.45636978971088 26.748875177304079
19.968810525587848 2.1560272713901725
15.252306164653421 7.2034272062358511
0.77627708837565623 3.782159320422839
26.212014901743569 2.5018394702022091
28.285923063454856 16.847254894587511
6.9912311586027744 4.5066761421899351
10.236526767056246 7.2255369965224041
19.018315796615276 19.426091061270913
25.211397178684553 1.6138850258499249
0.70598449468444635 31.359816958504446
14.552242372922503 15.503000024548557
25.647074719161296 31.452030586023191
30.915040873573382 6.1717704313601356
22.633378511394056 28.830686789502757
2.3026403999834675 23.537064441720322
5.8708809356853324 20.745118626006462
11.112395476989946 12.471439447360288
29.922193935647464 9.1891941210023944
25.145530280821816 10.512067722239403
12.818174521310352 15.333075555678063
1.5435939108016052 21.134965793537734
11.475344666276158 8.8435179020243329
23.696701740143006 2.909270671313251
8.7099552236293096 8.977466863478158
26.343304349081787 27.236985432501836
4.4569370576050087 9.3507278470121751
13.117402211753969 3.278551190693479
25.499590264693293 25.634445585211164
3.8719174006146857 16.787923836969302
19.435746822201491 21.030316007079179
14.706036826361514 27.009500687021632
0.73874574335670173 8.4969731553438574
8.4189437877325659 4.0405212855385058
15.455863780720609 24.284313556595183
27.720486552691245 6.2339624532040805
13.044966383470014 6.3929962777958362
11.559948023657633 10.273909074200445
13.103483090817159 30.584844454839317
30.865811891785043 22.753851095017456
21.705246315169948 28.27968200070579
31.324239590812823 8.8106226563692367
16.684051080023057 12.176983562583574
4.6739304537207182 21.150046480152383
25.622153465881645 15.043439969554067
27.71795979370237 24.625607344728195
2.9022529293916643 30.298703185394913
18.578353365665951 15.506753957065396
30.604804270680486 0.091187717483645542
11.156665799988707 5.1138517955976548
5.6178236317254449 6.9983163779361908
2.3244087310535058 13.346235635145868
8.2389691702474508 29.341415908005303
28.81381940701181 18.279048648848217
0.61678111483205589 28.492994299836656
27.081235143173959 0.2190751344401273
21.033290922131965 31.530270421111044
8.9528929152939281 10.527374187931473
2.3591149004057916 0.6524971459582577
22.925351308517303 15.694354051386282
14.750935123475607 23.639103199943921
2.1903955332927474 26.767073248909842
11.971085016271463 11.992162535894815
16.087188492751824 15.466686372942878
4.3075909816508675 15.600230207233258
14.292347714687455 7.1962230416267623
13.547883618995758 12.846060859381522
28.798937085758158 11.68307005443512
16.976705541125128 28.018826322322667
14.590986551006687 22.659047298391297
14.46266269421138 19.519880630969642
17.89017545502508 2.3693695134946351
15.234989091076985 29.373173428959408
24.671727672760149 19.522169488747185
15.932412723029332 11.613019438079961
4.8603033716282766 20.362790763072837
23.030094500494556 31.560515844805725
20.553392695211866 0.61166117450095436
28.567758370226489 10.608420852764542
12.640873084544396 4.208244117380997
19.692815775480646 27.361285352843726
28.098160516401105 5.1707901575246176
11.447913454523915 15.034610575276794
28.480940321660274 8.4773233936077546
4.3155827797618276 27.202440209868385
11.951964442411885 16.026002434671025
25.196584115354895 14.040144787840321
19.023758756863401 8.8930307030682521
1.9119880365370938 12.583625806659448
30.572478829139818 28.860286712534521
29.213410634273654 8.3879235617834649
29.300701666692582 1.6230057145075343
13.662680135657077 14.09643469649313
1.7892575202239063 24.734426215846785
10.328381284662171 20.903561269960306
15.369543977832166 22.347326009181927
25.557790735543524 27.752413774749431
12.154026952139054 13.270224972868137
20.150889422351636 23.147980399410955
3.4322257379602603 31.04418386836582
3.9875464498568043 23.574503376884671
3.9087590227176432 14.677853705335576
30.414863005578205 1.7970202847573717
17.021161870447635 24.112677080000182
22.705016437927775 14.476333804163408
16.024383474580205 6.4150672005999985
15.134347795509235 11.453674703219475
6.4390740845060526 9.2057594642731555
10.108347574084288 6.3055655085796651
30.818433322552917 20.751192462714993
2.43269304911342 16.771820801746149
24.899921078973343 1.0606737109205027
28.968842546419456 14.420616770934604
12.001571188631141 8.392012089100982
30.268288893416941 2.636574334069921
12.68303835606182 13.783941906678672
17.71385221214334 23.547851963149785
10.393107297972003 4.4222406768231322
19.320030503846382 26.50338625349363
23.476404068401564 12.682234766793277
23.359534298136104 9.7319383996177535
19.080978548380621 13.329369817458044
13.070783610061117 22.437204722701196
7.6283512579376902 25.129863606824699
18.553247522187984 9.707697719775652
8.2952067636177294 11.416343153501138
25.313668077211755 16.366037389261852
18.349928995393455 18.34847007458308
12.426060587677213 21.130449678380099
26.319714838794617 0.64015071738269314
20.284453854793391 20.88552254407502
6.835219649471993 29.857833384836642
11.395678528136932 28.454286158862327
0.42539476086888134 18.045506185875237
25.031703045538116 28.621487373516999
18.871379424797738 17.666361290364218
14.989751915142188 17.378575549812588
17.52900842422417 24.853100568604081
24.737983190243046 22.40831690230026
22.567105614784815 2.820719309700408
18.520430163196295 24.750642012110525
14.472129173836741 16.796581769186254
22.778135173265785 25.444110625993165
23.158869673132308 20.176912454081073
9.7587196390082607 11.196252104068304
29.562981183538938 11.125347956357235
5.5812667502667104 23.923790451847857
0.72514223137327383 20.888066647045736
10.231075476801211 12.280900724678697
20.128434961795133 10.891653126720175
23.955374353646675 21.010879038083612
0.72867948100570989 7.6669058112721125
29.573519895660155 4.3029380770591992
5.2172040931211621 3.6498620523559118
23.927283282190821 30.869214575466184
2.8391381339860593 17.65651251268827
27.142194316429929 12.092314931367429
1.7120416958006528 29.766514014287655
22.36751774080874 19.692675038074103
5.6088064832661404 11.618079117570364
0.6839353824749429 30.413774909714213
22.141251666722415 29.519662050791446
5.0454066487870062 29.904516137600027
22.867702178474644 5.8767581423939523
2.9712649859645048 12.107062530363049
10.486847738434351 22.086866278751543
16.611343221205079 14.958275721270969
7.1503957918378189 6.6238624415679039
10.68695800065364 25.470740638563171
9.2122500847960858 23.102453398746285
7.485170793789087 22.928758826943938
23.795952329255819 27.455839802310912
12.219102981098947 30.946061180797429
25.644601322217543 20.5617703693121
16.841324720384957 19.225884598537924
13.944543073639492 27.180944184887593
22.201686671524143 23.626189300010449
7.3376808947765548 20.113315015244137
28.746300093266626 22.999517330720209
27.381245235446379 25.839240675366142
1.6520667892995513 7.1043130030073334
1.296449091010218 24.276825601969442
29.062106557244334 16.304184384300786
27.160247857253047 21.526480831557755
17.507116736511875 22.079968430255313
17.676550999867704 15.074618587132077
12.469407571099495 18.747099079082371
2.1398167312819285 5.5197252510764994
31.523431011689418 5.7601513501151524
14.300353706688721 24.456772643770595
6.5257558377668046 13.850812221879382
21.485859107281946 22.977795540782868
2.7267334386891151 14.066022363312261
18.406013195576875 20.683864710212571
30.951092333787603 12.705926214236722
23.271251020456031 29.846187125748163
30.695119669201862 10.244082536120569
5.2752268440195165 7.9862438767166681
21.124864595094685 12.03151775147324
27.629630741084938 2.5654218185159809
5.656871098893693 4.6677081702924443
7.0717587021159733 29.121465970712993
26.390629509024091 16.124863922522479
12.973404769858664 9.7526955403112865
5.292635172677377 27.859192350741058
17.051833430216796 20.517288136771857
7.8339089789133194 3.1011841217867659
15.334708501697593 14.034938283852169
13.906656415427673 30.091142512472384
6.4054149363239796 26.68649929753586
19.344877486229105 19.999094437496904
11.347366514850297 7.1446400510808648
22.002029687337608 20.690846538083836
28.95951217618185 15.300443770357212
18.498878484426793 25.593779453180925
26.944158188175692 23.82894736507297
27.452842239460452 8.7441249294846415
7.5933707447183458 30.436958244234258
17.951070234285076 17.06668343645195
15.616968470879073 5.8096515688917485
4.6109892316895298 11.341609245003808
27.420550390452711 17.410753982367616
9.7922348958003518 19.158558024420412
5.5685100643706829 13.565100103858942
17.467068618149458 5.4017503743988637
23.00678183583047 11.782043538242709
29.553402167450901 27.212817657754204
10.679959494536144 30.053587055771537
16.143771690288375 24.71592780315661
14.825658451503934 8.5330650120667446
1.8357938935279208 2.681215764140811
23.513131346695491 24.85928364914097
16.548621218786899 23.073998767432183
31.590435212837175 4.5775874542722983
20.317469605397179 30.885233472713413
17.092359484153153 26.2823661066294
23.161209382302633 23.121555869056461
19.056420528551971 11.840910256170579
22.238256033058867 4.2366198497032928
13.384767258807308 9.0049279971218859
9.5148140465586479 28.840356190445629
21.852524316951122 8.2059427947841357
20.816439276817249 2.1809472964094083
17.428038027386037 1.3855604063526337
11.240771664398769 17.76755578973275
0.74203673665223446 29.515542121528288
31.433689674279044 29.032540082709769
30.756994843521007 19.639434787715956
12.220855220873373 0.36985440667054043
4.0078411828441007 5.9918910354998705
18.150587109231683 11.78733965210634
8.5840720897289575 6.2755372730582613
16.840796575950996 25.495940075225377
10.265237613250017 27.130989534680658
7.9665435096967796 31.005420301070533
9.0831478400223311 31.422577180901992
28.036814507798276 0.41139189798505038
23.957538270707673 0.29874681363052979
17.232557866922857 3.1162045024203651
13.263805358197395 1.7196633795646152
19.003467636955669 10.861488135603608
29.92276436168191 26.453827469745409
3.4551760953803154 28.673670027796547
9.5266714602486129 4.9186499227050655
16.800044583904114 2.0729872682929247
14.969736309076771 30.080737239491366
19.926473456422688 8.9967708434674609
26.577784257344366 15.258476010151844
5.030928012649091 17.366090175291589
15.73151360114278 21.621847491676554
5.6292698111724242 8.9320499414544745
31.517414090289989 7.064644703289928
11.954096035533645 26.479115598034838
15.247276204453328 2.1631210629825772
20.531788678363792 19.801062223923793
0.93865798804478517 0.38402418617115958
16.952035792943025 9.3104412978086568
1.6210103624252217 17.287007255021042
30.080153849735005 15.122066886227239
11.879223567895052 5.6422603622466614
0.33983796748909828 15.29198254859088
30.008483942520186 20.105379028003249
4.761495786308986 2.0851827977821125
1.0771074422005618 16.300695165886989
11.593831387772026 18.959652186205727
21.427132499948289 16.210104088664796
11.520496093612961 11.124351205473559
3.3995857945546515 0.26371829869366248
30.11348380281127 13.287809094667463
28.432293690793614 21.293676147367645
7.7107188407962797 12.700783447427936
24.545617801841356 30.392570283451992
20.174510195925638 6.2534078961918942
13.563265524845363 21.443191757761273
24.59465265767243 6.9343671565462941
10.509760375349696 18.12288231244932
7.8600344732628873 7.9771882400720235
2.9876045006740237 29.478320199889822
7.3434945231307767 14.095876061646475
27.210600026450575 3.345311646935972
24.759470570744071 2.5897044961672635
19.210749542109301 0.46413596124062811
24.378670162799139 25.228134609606602
28.789526130417929 9.670903941826964
2.1889889497445147 7.8701889243783247
18.496353345762628 14.060568894140193
18.110560330007488 0.1969973880980917
25.583556973925717 7.2115165748709291
13.289744621864585 26.095571396132861
27.06781679903645 6.8349694397592131
25.096010481600437 5.8492927602062137
18.932787236073668 7.2583118802587263
12.757638869928396 25.494727451574153
31.28499514785597 27.832199703610183
19.55207987061533 22.063311285529966
7.5765674458107073 20.989901723031231
18.957637162179761 1.9112740811339322
5.0697223939265843 23.33525833111684
4.642758905450366 14.036754452461935
24.575187875208268 8.0476960529786457
26.472006785655442 19.65601188143561
29.731207748916688 27.972314294862205
17.476617649796903 29.160803829239569
3.9347880698270838 11.447471720958818
6.8705558586734892 25.185313853174129
26.636521952646191 18.341186331308492
10.25922538660514 24.447272784265682
3.7868895113158318 0.88941893754567802
28.646504519287021 3.2307125370922325
14.472606467780025 6.2391638950492618
23.703244264451396 13.42641465104237
26.767252212160535 28.233278264610046
0.94179596212195227 25.58911952988143
26.693853451561615 30.143520650513402
3.2792663669072679 10.460773391341187
13.428424842935314 4.9601012665463573
30.245385152554995 12.157703831805554
5.8408663430133521 30.197423043399148
0.70195461231331358 10.173422416300911
29.827579318659993 30.992328948052471
27.346837063508996 4.6578614211574187
2.0878232943712449 20.096140068517244
8.5027515758887198 14.40747358455692
21.910462719509169 27.503877642301838
12.157659373748318 9.7086927859846472
23.013460741373201 8.6684257583312583
26.3695566098373 7.9511510651594506
25.940926367450135 21.449611035658588
18.931750214893331 24.071353789827587
21.642936303577425 30.389240046328691
26.774794455269785 9.6343262748985978
24.314741654838841 16.615496222850211
29.426925719948827 23.720642771652649
5.2288994410653382 31.406428821384512
5.0157285144914185 6.1080007265345166
14.897912964824515 12.682405832346815
27.113782437401216 14.593778399705986
9.5073706492669992 13.772986638782033
13.841375271111318 12.038139638100569
2.0211538257645842 28.990276100276748
30.574681291677436 25.409831284232141
18.36977195353635 8.167359360675535
22.989220831040971 3.6418258269629344
4.4035844685199885 3.1394869285533495
6.1874094174521117 18.138376793260782
24.0243261360989 5.1054271298000016
2.7022448707573705 20.839888886030344
8.2908341386367717 27.764348353594567
11.66502337431276 6.4588023865041233
0.54752745174227391 1.5830349832479207
2.2001338810818285 4.6110493825372441
27.950047435587731 12.312636633035352
2.2697108973345625 10.244070204632795
8.8987972102974702 19.281517150551668
8.3486647963761573 15.650431728595892
6.7443410743217198 14.966658004041381
9.6486695110220815 25.159165576825352
15.781510602220056 26.054128109693327
22.185784308399953 10.729648095874897
11.133614057891215 14.14960104959545
3.3633896478242722 8.5297615119250434
15.556311678551435 12.806335902634157
6.9904788410060679 19.17976536471495
16.532617709274199 14.000885133153467
22.795362539589092 4.9856895594222843
5.3221160777801 18.231185155442233
27.774563401491204 16.002200704406562
14.100432071097114 8.1453146900747608
29.957460295031058 17.771663576257687
31.020238943078283 14.399369434102166
11.854673883588569 23.591628495158773
4.0171381751624526 21.802971560266766
3.1640096954196646 2.1059769327627622
14.147656497873674 10.245451658257881
6.6272635341817558 10.266452330178845
16.560670342953237 27.037974759100365
16.099907474441387 30.027504628076674
10.749947268787958 1.4306543045650308
21.785031096644218 2.3824210174722418
7.307435620298647 24.057551616916335
7.7673268040718844 26.97720652428082
20.694236021900014 16.999087299620939
19.996128544476825 17.714006242822826
10.64055593169328 15.418756548274606
26.739773620967561 20.639278812325529
