19.493126758072684 3.706917837810725
12.725389896833313 16.125908046906893
6.6312477584539131 24.21204493134282
21.663144564075441 5.6859402891024251
0.85927593987308204 31.597516207932326
21.27022946640896 6.3809973360271863
11.004894581371557 4.6716585777360615
23.200795687443122 9.2575493559293367
4.9047937191789961 12.980028384667845
23.289931857198575 14.592852690101148
20.367181813991337 18.964824452798194
7.217225640328226 13.271221548176584
20.903569554836206 3.5627937966704031
29.880570159753958 11.710999207985861
23.710226112940493 28.961493530388076
26.600055040499104 19.524478588111318
15.256913741623892 28.266312606066258
1.4772328460943256 22.080537881378202
29.943091418074722 20.266459459594163
28.637842018712536 5.9810218083098778
13.164801055972099 24.025040954977445
14.765417884939733 29.223675637218939
24.039098155958296 4.7136712555292206
20.849636016560169 8.1549277046103104
11.304885341967015 12.288012363057327
20.452078474097167 2.7825936867169982
10.519790128092197 11.68532734249432
17.058901548160705 5.863029758435621
31.258575111021546 13.592700263787629
17.973289504442462 29.393389167199352
21.85642639172071 18.489581491815049
2.0077585889820093 25.186517205956402
7.8706353050377924 24.79485791418761
28.446620405547726 10.539018081245576
14.785527938293219 1.0674917531798436
29.364612872990122 25.848608932845288
9.7678670076548944 18.824172498283197
17.173822602528741 2.093015585045666
8.6713928468733723 17.62913074236657
26.871626452359834 18.337947467743916
13.711455109318974 6.5751550669934122
3.0451389176865544 5.7239697803566862
1.4736798891674943 29.946587820418362
8.4113053125920043 4.6005261081973421
8.5566670288638598 24.323283430079357
3.5554768571009734 19.970708284555602
7.2451419125155647 17.385621655500113
7.346767096208497 28.615405439426365
9.1726566999932349 1.9010221555370879
29.650386304431219 26.64611713372015
28.343711317090456 2.5088013560916567
0.6364009270985066 18.653591835667765
17.640105032554207 26.703059122458495
13.474306449117172 13.446466836234432
25.937690700113357 4.2582127405668757
7.9985287539580199 30.105598280679576
7.0520006364211003 29.693673075231271
3.3302467004750529 24.351403316611169
16.022429064871783 5.1709587137037412
12.708018957053342 8.0629801721114678
18.430321652686313 31.162655729338173
18.972882519912705 19.740485066134138
19.877227176491189 10.336134056670213
18.704824530736122 20.886603296159162
21.969045202751634 15.147866476965634
30.243163359318864 0.54906611380598414
29.015759768694327 8.9975226468363321
7.5608498072574104 22.356530239382582
13.841854479044741 8.3450214714702202
8.1757113775430508 9.8187482523851717
19.987289386906717 19.948488377475798
26.395759570679886 11.531325641448717
23.143205916975095 7.9155627253657856
19.255771702654375 7.708598097195571
28.591193061511603 13.01056380183787
4.2065976163504493 21.637503192148859
24.026831161205493 15.242465477547086
2.94906542025462 18.020375579904499
11.445332768565349 27.016612534950834
21.376977270705122 12.161735317026274
6.2172287748541208 26.12066884112831
19.449005552766906 2.8166950219565901
22.575168596356196 2.5726497600573417
16.658862902495091 10.087158150682075
7.6857115111753886 19.321213397143222
26.287576643026764 25.845850234500226
27.950561675228293 15.824759151191046
26.730242523036811 29.026267010778
31.406269946505159 28.0755319670833
28.447510318314119 30.260894368832542
9.0644486304853071 28.017091471165415
0.54211066624374604 15.57533793388718
29.42319965891171 21.648222434832473
28.18818733653152 4.2935516819201007
21.170103002976219 30.255147930316802
5.834106245418111 3.620001012104658
13.04946296718955 22.933601898019035
18.987099695398815 17.953692468183238
13.822504355132764 12.30224345973499
31.231908330962366 3.4653724009704434
24.03159000919355 14.014559020831987
14.626853236864315 11.71791922414387
16.983263701316872 28.750864123131599
24.861558528406125 28.948984292374632
7.9264013543016754 1.6977130765920994
27.606124380330133 19.003849119583776
15.105751915319834 6.6607986663663183
31.537242368038992 0.18215641707990662
20.636522071985866 22.975034712645609
9.9574413307799041 30.311957659343562
3.4640667103725722 11.203226985862678
2.4240067278500654 0.40198451580250955
14.366685645180585 22.574076869748495
14.033430520593257 25.536201811722226
24.83656719893634 2.1682495898885517
30.770521230742723 9.3756824965537415
29.823087437156985 17.80317401223633
15.668236186139085 8.0051470276011294
8.107248423005279 29.03620760450146
3.839665120085102 15.87394284776987
0.25153857632900994 13.003637272462813
24.313923217715764 17.88176959928197
25.360954217934371 10.23039577149107
30.845383622559503 30.447916214676187
13.49466408844126 20.367959976429304
9.9822709728710155 0.046534470631776424
3.0406999885177393 1.6649491204183855
19.084360511838518 16.039035245213832
23.027680542669682 1.8810780428327352
31.030786685908151 23.244415523411206
22.605439793039476 28.626291091412568
18.806489469154112 9.6171874905147821
9.1172739291918088 5.4818886373634497
13.701780181600698 5.7663817304242908
7.6024213531625326 9.1186277407757981
24.208528691929914 7.6265316923695154
23.955981683518107 19.702190208944458
25.602381078674952 9.0124005224049153
8.6234585414771949 1.0668841966965594
24.639412557660762 9.7398590016756383
1.4380824404495702 23.760613181167226
25.822647770718646 21.776078925079723
22.056597663015673 25.371984210960758
0.45662819606220006 27.658677664568877
10.558311479490964 10.701670460304815
6.4987173517055679 16.505917011767099
28.51334896559106 24.581478144049321
1.788273931483598 17.68819871301648
8.595031922798924 3.9357661241083197
9.6116351370948507 0.93008035166609826
5.8391320340570143 17.108647109462293
0.8948921972490842 30.655995883573624
20.083496023776028 12.132222054107665
21.491678927010604 29.362241133934663
12.698023752165652 17.374868270896371
2.3280019576047577 15.050158584450257
0.77580268275641617 28.743422764038787
24.666395511162765 16.28177497685526
26.634809628408949 22.592333233136998
21.755323099562673 26.697545305742622
17.863893724348895 1.8243350810622143
1.4385878399285306 21.125970300615244
3.5178647738061537 29.269025583186487
10.782499550848197 21.583342970204779
12.953909600770416 29.868418803661605
6.2137562307399685 6.3243162228424668
29.212883452071807 4.6512736790513252
24.586856398294042 30.133064924490554
20.172161652106638 16.522779414336519
14.749432180296226 9.3987480692713277
23.28741311970531 18.105130388803431
20.004240502858828 15.52842988533156
14.077956902965783 17.423088263680405
13.328301079518537 21.683448196992888
12.691605684238139 30.863089892071802
10.642038471271427 26.0482006370489
0.71615712203539439 22.205807743751119
21.341182496963992 21.528338552038008
28.359114533914482 5.3864277865383192
30.964153274700205 15.26427898335481
15.768877202219421 9.0349270497906957
19.664268650791364 5.5335496315979364
17.732003102596419 13.501744367445745
22.849813781052706 24.62423458275039
22.261537132250101 17.616335693225462
25.62432012909623 12.295755138869179
2.5592669347711001 30.847945014713407
18.15168447430138 9.1712224801509041
10.496635753727514 5.6478554019700784
25.325695956576581 17.78910114710099
2.3702329411556784 24.504032143075047
22.571399205758176 26.029511977992595
27.883598937237974 10.021393236621353
28.197566290477297 29.027839588742744
23.845566647756208 31.400888002597
18.462669204144365 23.126612788272276
28.709323098934139 1.3979516005038581
25.793455739414529 26.60024491278562
7.4343398680607011 5.5654281862372095
15.813843226380937 3.7295407792721367
21.014137429114101 17.178724988573702
19.290277886761697 24.598302367795956
11.611663120068499 5.20749650760823
7.2018248935324083 7.9543024037969987
7.961149104798924 20.991619869880346
29.451666928002584 1.306496087327671
7.0717893939106622 23.557666141072673
16.129845658749513 20.194028277289846
23.533944890760914 25.107208584661066
17.146823478821439 22.999275068468009
1.0086460697705508 10.217869216717343
16.51711917211578 13.650978665497858
3.7046309753567677 7.2915335567142705
23.878581884034478 24.079885893770818
29.043789274378 0.1430271067847125
21.150683006870175 1.2057459091382361
15.982493145376408 25.97070205950137
19.357252887758328 25.416727824158247
8.9197275431524332 27.232999563848196
17.222282429871161 0.82395594719398069
17.669665461401529 30.563241770235397
15.846551266842633 29.061819231629151
26.906685570250385 17.459992423603495
24.112661715480829 16.972389814908066
27.242588319901543 2.2181491414744352
6.4262316694559596 7.3298302544644773
7.183267012328753 27.547300281208308
13.406855463657218 7.4720477003314256
14.190493331031641 10.401420513283997
31.194392805843453 22.286991083911968
14.709837075093297 26.530675590414724
21.963939170690104 19.942842218075359
10.270040512482517 16.256274735545141
4.9014483432432474 26.399263641064881
14.140760915373798 29.732829566392226
18.305661711852942 24.570694113003551
11.483496678985761 18.341852387136871
27.683185069015838 9.2164430078064754
8.6713635241826701 18.482564853135791
24.705345971203265 24.096073911698234
11.289765234569908 0.40348559592242572
28.533307677558295 14.136059545940794
19.927395560509741 23.842443394692211
12.713129253125864 13.22396192682152
4.193384949946358 28.156283588013501
5.9216687030507549 10.74604239528888
21.397158683503566 19.193858936625922
17.792589209073519 7.4028062160781767
13.247306175652229 3.4834852650203341
1.5983322968931581 27.38923330501548
4.2188996508109735 22.757091300655322
31.400551164471704 17.589416859012243
29.217939425719749 28.395874534323838
14.76690820514491 25.510107001540824
9.418609094879363 12.768794166726446
31.474288013748801 2.6966857238174269
17.338754567989216 25.249822261788342
30.634920600830487 12.580712454404184
0.48450747996031368 16.759746603300993
22.103006624018221 27.584087409230463
12.098830419881331 10.372411117299723
29.5373337166087 23.507971903831777
11.264243809097087 9.7182056256721889
0.82430185610157369 4.9434083959827637
15.285507965886067 4.502801648498588
18.472714509956358 27.371717747273671
22.09325751660413 9.9528566392161313
25.925901436933955 27.527110651909261
22.528287491389939 12.495296887399034
22.854846660184904 21.245879467481338
6.5983010258855614 20.006279440594987
25.29385184485573 0.31188426209287762
8.7336991602471183 16.323054522660374
27.566699914592323 7.5955764899562945
12.314468286708264 14.47857802598554
20.376368352072884 25.852003550526796
1.5685962193215812 19.401524309038063
0.20964768998804256 25.184339582623632
12.028846353045878 24.608543022007431
15.40988935621418 23.454206538336447
30.434790808794485 18.90693282247674
2.5045032406336523 12.485346725671288
25.889208806778441 13.715988807648769
30.051297036986767 2.7992748018021425
8.6733883608889144 6.8272629955876925
5.9896644234303471 5.595667837045883
27.464228802444499 13.947005922165745
22.297466067416202 1.2358806664641286
14.58503107992445 7.2759505295823157
29.816587683650752 5.6761232928716447
2.6942534269033174 26.097240442981835
20.887842452786529 4.4260778108361096
17.491026125453757 12.768861275113796
21.024750423763329 26.917205179215546
5.6110357566893638 21.640996647285863
0.065565976407125373 9.7039813918868756
13.619321073814209 19.029369626514363
13.077600410680803 26.752697421651376
18.891791838322959 6.1982604263507346
14.530905118353211 12.837109058863433
29.292890515322838 15.385190835307382
16.142196044922521 6.9802714433407003
7.6080837463475675 15.087838243046042
21.801588030806798 20.736913374817718
8.3476165494792713 5.7822292634868671
28.257824060472256 22.408088574221054
28.923044271370358 11.558616774670014
13.99674707705306 30.606618446807396
18.751150021367732 4.9463933086137155
27.802594021550473 12.915262140217418
12.98516366360241 25.8047624876897
23.542892315922618 10.906830161375533
9.7028725454514611 2.5970958524470658
7.0098557459176973 21.558483993880056
7.7668777502670778 7.1607838619480972
14.866890113734133 16.903968231105097
7.2465763469235025 25.155180213857374
18.971465296549141 8.4134134094681237
5.5018727965800869 20.887743600098037
4.2082775092884148 12.445168724284621
0.26724127976078604 23.964065391971488
12.599059264971331 12.350199055681003
11.134828024254393 27.904221838654426
3.5615361223434583 17.193300519093867
10.764101698807469 31.165314183963162
0.79443828132616723 12.285337594966496
19.800270120780514 9.3832306902427032
3.3674972342123177 25.392149445828526
0.63396318508278549 26.777440500019718
19.767209635209774 28.604904802263317
20.423048235461849 5.460530162696517
4.8498785827205593 31.321208807348555
0.21290362305037169 8.1074303044585108
17.919620537154273 17.225896250741343
27.547070818788036 23.483062610318154
19.405188770510438 29.599745565272734
19.321905075831882 22.226238759231929
6.8266911016773131 8.9545006286336175
21.700526937106375 2.8817962370141212
25.911285390786155 23.233543187251271
19.556642544811897 30.908703261912525
5.9817496419565659 2.1738640089036161
11.985799693571858 7.3119131266572559
23.851707883586514 8.7358843361239469
5.6893631359093773 24.380580488642316
21.829071968045241 0.36929207795290486
27.636491561426269 28.372523866041391
24.889717160764032 12.663017157808897
9.710404894874646 8.5867542647323312
18.75683057182394 26.369402415139461
26.492920267878368 29.750247387073912
28.883590561503823 30.929270269146617
3.3906381994628898 31.614640390299748
30.173654583304977 31.545487237620844
16.40210621958504 2.5896993680006011
6.2826987650190995 14.947264919182608
9.1779170839385653 25.200282908071333
27.593244589872654 1.5954325848161375
19.695752525440728 26.551560566792574
25.188626964303442 22.220423105565608
9.7905935176382339 10.099312936541697
22.422438460687822 14.301697284897475
26.599838754822759 21.127462762654165
15.589547813103231 12.585395520410911
18.90771196278439 19.041644777575488
18.692088263831192 6.7878426552558224
24.62522789684829 31.138526156568314
18.364339255247629 2.973810918325456
11.517516605698455 10.952516922589441
19.790645108857625 17.281160782199713
9.218220049928922 31.25412785344022
4.1349959308541493 25.476207365924122
28.115295046050889 0.55998707829048633
27.11116400712006 27.087670495003909
22.569591596867209 10.434114066898006
11.741875095718431 1.8968641524961458
17.734523920009224 15.866285686213621
26.279541125712477 9.9990559982150788
15.703995688628432 11.681856691415447
14.51061699887399 4.9339678255634469
29.091715573638453 29.334043035256844
24.952284121410287 20.997719393123234
4.19479418023099 19.573844609196247
17.79941192596333 28.24419650978593
25.159554373918336 19.010832671273906
10.5594266973107 22.568599069277546
29.886833439205198 14.999668364735108
23.53753026011324 7.0512535104778538
17.448546712558365 10.346216322013621
11.341632526146684 14.86103846693095
13.026686690769674 1.1990646815807011
9.91068678715774 13.846023038617192
24.595780992491026 20.231064598373557
3.4664144863000166 21.199846239061102
9.0761845321136416 20.280710960504646
4.1593786731881197 8.7545752648174453
7.2649338752591763 6.4118990628013197
14.226398015231309 20.094724480252612
12.535488238851656 22.192311025762315
25.496734555524075 5.7638399282529482
18.78260544678874 13.054348808180722
14.777858497661354 10.787091216777657
7.0066529181548116 1.818388568186458
29.503280922198346 10.60418000298022
7.8842409402603222 16.964654070290806
2.0012181683573167 6.8992379979414205
13.736501298222121 31.320455008810153
6.6169927150251544 4.8331389955914572
16.981869900114361 29.751107126561983
15.239746104892628 16.174986715630073
14.539868079313001 13.874067073250034
0.065131457762483025 26.209899587611407
24.621267276218131 11.048433090372807
2.8463961765880925 14.425628200719881
0.27555976006393201 20.919962651331144
23.801384629838481 3.5990322946419879
6.5042889085607714 22.347294221803889
22.050748250031972 13.458337965632477
5.6026932191525347 4.4574252265328944
12.427423365903106 27.534646384772643
14.830518244996473 8.2160242114081168
11.641792969830961 21.850091475820992
5.042561889615766 3.2616359038745788
5.1910043988598451 16.013355510626408
29.078728396470165 2.6606506984942175
10.893262038688553 29.269487524857748
8.5762433242502869 21.590497549821997
5.0307863719501427 15.639845130192704
23.211352913835846 30.643440171704803
20.13809637513614 27.329748348589931
18.613163775548415 0.90306774789053779
25.003847636795275 13.699993405094689
30.759435091501533 25.585416404740148
30.630659436662206 28.977484013018159
0.45594331248457459 4.0622524324577736
16.199487000951123 30.045962429704161
25.503128429023025 29.73233464576434
11.585237720595812 22.925764786161452
8.2518514830191059 8.1413018138255584
18.385728881965026 21.874837652121148
30.029795700390011 25.114967224712032
7.5490228874872303 0.25924999223637363
19.241680828385082 0.17333609733249608
10.704874114156619 15.188713453958073
16.806108115963116 23.670797395580948
17.167250573447014 9.1325646293544871
19.557229307055021 13.464224224115194
8.3388196566445547 14.02166771076841
22.180856357070137 16.730356046232242
20.46305402259059 24.768941945353227
28.222681326317289 17.046881013147502
22.283469146553159 30.339317077403052
24.154611178397325 1.7721639046157851
10.515382485384416 14.008352517535592
16.847254084356976 3.3459169427691116
20.847260404083769 10.758921914565482
6.6111777420466673 20.762474453373624
8.0306692539001343 12.51708850663632
28.072516442307087 11.778880903485692
6.4099141796447254 11.641914360612676
1.3917511591092191 9.4815475435007706
17.99607280784921 14.339914080485883
17.67392206002976 20.771563067515832
3.3539614933225144 22.574546128436921
2.3705999564434075 13.465667351999544
2.38848060476472 27.622213233365127
20.528154419560558 31.504782269330335
30.041417436723837 13.362492024392063
2.6520172918425167 4.3766324484866903
29.026390256482312 20.74158360864573
13.956353318023224 2.2766072310662051
20.964547186758878 9.8502856563877863
0.87068669726844905 17.875459058949819
2.8358729076206832 9.0294297062057716
3.5947546056705062 13.041123879303759
25.618119157627369 28.576919869191602
5.5602275910553862 19.266445549728122
31.294534875529706 0.9619242555381784
21.426226362294855 1.9919306510468946
25.227783516337919 7.7172922360125789
2.1976879793843125 29.044196718535368
4.7752967983219712 2.6066372766340762
6.6075600963171048 18.062800086734232
1.9135343782653103 23.281563962290679
25.289637984310694 25.193285398332836
2.6405236907892458 3.3993201630158718
16.860404739333745 11.455710568932
13.954493091441501 21.39063976320606
22.885958521193015 18.821071350159702
29.357058957395996 12.556912435850828
30.650782951386294 11.045233702175382
18.757540774910474 12.28745619212156
23.770923912442331 10.055375620829322
30.643321208105128 14.28225180304384
12.342249905946115 21.009923907558296
22.132194580317798 8.0227908152612653
13.715064396602273 18.127055513237654
22.893435410275824 3.7969664715742861
20.752823989131901 20.1506474294554
18.896364920648132 14.352355087489723
30.172008962134111 1.8703148764082613
22.092139618454961 23.275518664854609
24.575055178733013 4.5841372201358679
17.178484876380999 27.482139971198375
5.0494857653461827 22.335734952884241
16.711658706154861 8.5615932795129837
16.924161987729043 24.576905129973646
7.9533446264090912 27.657572152081947
12.123143905342376 11.717048143115539
11.990731462622538 31.515624559514883
25.112234077481496 0.9632390039671862
10.622690785467874 1.1223382250111844
16.346155904912891 1.1936273459026789
26.424519498093773 13.032011628415304
24.554625546177814 25.355108127765249
31.264711521407108 16.265166967368604
9.3088546151311746 7.1193985331928893
27.655904603014058 31.568517466473271
18.213730687704956 25.665385487726009
8.871216107638821 8.4388998818965657
4.3547652166760891 11.387920188496748
8.0836289093728571 11.344812876355896
24.909418827816079 14.722063695551386
14.119076882471694 24.239325317109333
8.404340868117977 0.13938084150292021
28.212369732569137 20.24008210199873
6.6530845081042349 15.886256554789853
16.212753916600878 27.051534424057898
10.276710482715924 27.045376646853576
30.162412342011532 28.164615416400213
30.693984957916452 26.580600967347848
11.272685325975187 16.389229825178774
27.383011485350647 24.674198307910565
4.3728854265400994 4.3592704411399668
15.179080264982861 21.924917670271725
13.048677854723413 9.8523203190775845
0.81605334073060232 7.3707889372127386
22.381531613271594 11.419058270224944
10.05313449123831 7.5518998668593618
17.894355072015305 19.893697230292052
21.252710985958583 22.675659810644419
15.99281169740291 5.9733483888529753
3.4335582839887051 10.112826730126018
21.260284332329348 12.959097995546639
11.00366425835205 23.596391394472342
23.452355100949543 15.951272855709387
22.077072105872784 3.8387734836466754
16.865368213674625 19.853500668173947
11.9572174182388 15.792135256229844
29.250319536080656 9.6854890441323107
1.5225289679603564 12.919153337458145
27.178693671620408 26.377834256762565
1.7385430634420869 4.0689803621371912
1.9422370767276604 18.715388954936557
2.4353749649730414 22.447026496282795
1.2374710132931863 16.620184520689563
9.9181260910440034 24.578388786754473
17.405261514658303 4.6334112206209612
9.6066438604966944 11.250671775041116
5.4831133213074441 27.117395816279103
25.576518304600498 11.255137991184192
27.246443983571499 15.382122366482816
12.459915807976735 18.14114458868865
1.6837162793616527 11.717589091876656
10.69756939949623 17.314830475551457
3.5169103005665812 30.243985536431648
5.9585031445731111 8.0069297715709116
24.080074881560723 5.8786594207764997
8.925826193279967 28.918037787698864
4.5964673685446815 7.4490949137706988
26.434640853938728 25.033585599023343
9.2974838107641258 3.2463842300285144
27.224003657998427 16.658502222582147
28.048994536688912 3.4886235171324866
6.2216112007748015 0.12407612011654921
12.362721280986683 3.4958922867029676
4.0786223041907785 18.396281019884928
20.027652466745835 7.2573105125094335
3.0111637393650987 11.896269527046746
8.2186038326554911 2.6129120726256221
12.829646047821591 19.173650990751195
2.3849898930035627 9.6781314875567119
11.747199054067403 17.163382593857115
20.343444047322709 0.64504155910488148
25.682554610759833 24.221460230916112
13.174841535606991 5.0003492859791816
10.502137571171657 1.8732495962509428
14.816423675716388 5.791332994010836
24.838566592917125 8.636824202412642
7.3977366909615094 14.362352687893273
17.429553680049537 6.4934146734318361
10.086759208648186 19.568602983810528
14.898772798799328 2.2024647754356779
10.742034470685113 6.9597509032073068
0.42126432830270205 11.415789250934544
3.5736986459275975 0.75762284325801621
15.566308523234477 15.232003763168153
2.6193254254223488 19.758022754215375
28.862180958556355 8.1225986980873994
20.211428240831456 1.9076712750401723
5.4076622868630588 1.635674428210302
6.6224884559921069 2.7795182021236498
23.792470378029012 23.066996578022199
15.228858617348155 3.2105035499876311
22.960636509173305 22.384031615921732
13.395323887895866 11.479212489460629
27.575460994979739 29.861967887761498
30.643437229938666 17.343228329972412
30.881006326452695 6.630140601951358
1.4047175827293612 1.0690004927017718
7.7970217331726559 3.1510961460530451
4.0543151045968076 30.837840887766525
19.399593738327201 23.234110048136536
9.783361481242224 15.406044296343351
25.962440447469849 14.767806908214357
4.4215261676897812 1.3690522791781632
14.953832594899426 21.157617071117567
13.090241574747852 10.786108405889895
23.742540293714036 26.04930689565974
11.286061435837373 6.3820799617682571
9.675261756500193 17.722491900037369
1.8892541968388545 26.482606164511036
19.859957941206769 4.3973471323491511
24.245049968678266 18.814517140044725
15.25889383311328 20.235413816891121
4.1145045824391167 5.7769222433315095
11.904932576674669 28.467475711163328
0.61789534925355183 2.2511869317711022
26.664695548004907 28.00769634934629
23.995017685667005 28.113365828826854
6.9002170906312266 3.6298090451449583
15.634678304704702 9.9025918526963874
24.895745998779226 27.726657967250766
14.716626219185541 19.248383425225654
25.62599346797067 30.789965670406001
26.263668919353769 6.6309570537799329
30.381250071064695 16.177503116990355
27.439904788200902 21.091929531127676
3.044202195130191 23.529246793379446
9.5826392577638071 20.920319483128285
25.414104713848197 3.5644528348679629
11.872439346539389 29.268467947734944
17.776960106077379 0.33879219396740146
20.493195477871666 21.181026526462752
12.28519825936476 23.602948164604978
18.042107555129512 18.27577757005227
6.9736886614179818 0.96709158152240526
25.694728377751144 19.652866706088236
26.030054183341012 1.5799352169181495
5.8131945373617784 9.0018230043044589
18.205905302592633 10.524961905194555
23.153915213823687 0.70501805262163919
16.136655015783049 21.263733381131381
16.307167417862932 14.394626897845916
25.526283162119576 5.1309376293822524
1.6812792894972612 10.947008843010511
13.405868167499724 16.639908353863579
30.428132552447561 10.207175693863066
29.217291849746751 24.582395404267643
0.20340476646241917 8.8009720233468425
26.3489686358085 15.592343540216191
4.2311797065152836 16.97122035681161
22.592620211653028 29.470073181123038
9.5151641129428395 16.764748301792739
2.0307386988364389 5.1473975772555516
23.77108546435284 29.830223933061529
3.8524481914903519 2.1703055192193603
16.46146698050795 22.234072576676883
20.971627834833345 17.936128736914387
20.713243275200856 28.109106934740389
13.928334501497424 28.434944905061254
10.985025635912359 30.288633657720325
16.660547348178522 15.570522613485792
19.178468455560118 27.779505353105499
19.454574311824778 20.925086756171495
26.790193916547377 4.4424104098655537
16.905503681490483 26.11267533609767
29.306137581028253 27.480043524888799
11.791372599762109 9.0622718842896397
8.9725129066954992 11.890778095087587
13.593173879627416 14.369014956280614
31.151110261547974 5.3873316003299765
10.731451988372458 8.3837655187199847
30.744561307865904 27.347091413973509
13.117803361578332 24.964582016633411
15.023413297414733 14.728981204620579
19.894953699645704 18.372887016702386
0.46669492530481788 29.743622909968643
28.960276187139922 19.59414245314932
6.0177416352470399 23.022545229376377
10.625507295128566 18.282866626725731
15.281376216814618 31.022334708534483
20.178700503710125 30.319261844911875
25.917863613204403 20.568015951334061
15.758112194586177 25.238679714630962
22.266060901373564 6.9719425073877082
11.266370550368286 13.16394643827045
23.126450585299217 26.806537893075419
11.89826641601994 26.355827592623385
26.689549794384074 23.888906880882534
11.910933073312068 30.357167452900192
5.2339147117733926 19.93599868434519
31.34967976746789 30.840120611665089
1.4463000765300462 2.5567116752464014
6.5678883618431767 30.773332565223068
22.759955014554635 6.3379899502169543
27.228014351273135 22.246718415899281
12.018350224968351 1.1081376471925077
27.407149373537735 11.308633264334011
13.058509499654011 28.094772735632198
8.8088445741997461 15.304191129247307
17.004729526387734 21.291574835545354
28.062656921226093 17.877054928845755
5.2356448310142758 11.822827529230327
15.788482667244526 0.63014266448637635
21.1442386695579 25.599742803791514
4.2732733493683552 26.934437226417295
29.948558160486765 6.3286881531835064
3.4686681962378532 2.9866676410191921
3.4549546128113984 4.8843865402416187
4.9583759804120993 8.3144684416863548
0.52099048224004552 23.068837758984305
9.6103077005334701 26.491885601603553
11.840262294749921 25.532769728201099
1.0015191540231336 24.721047733296686
4.4182291466716164 14.552359164250541
21.419473005861356 11.251721159134533
18.784652817023538 2.0258691662522641
31.034930133469008 7.3971087216232734
8.6286959582696507 13.29693067209657
1.430422509251468 8.6114322403261259
3.0454746034262512 28.607535313503405
20.553411461419159 14.26053857023663
14.121682996766063 15.965780841240203
1.5149738363627709 28.498450396219706
1.9963470119289572 15.972531207929658
4.4357736165519519 20.709193084381919
11.066139368317021 2.7265001524153996
25.216318375265807 15.669347012122604
18.48854679664495 4.1567307996602691
2.3861052785808541 17.065362229992818
26.836980944346188 0.9294096307812707
16.711292722029896 4.4655192018247432
30.301669243732821 3.6554516789121454
8.6625806085655235 30.493814028899731
1.2782756048610209 15.185679393790167
29.145354395298714 22.753981905095841
28.189340033054872 27.677204729862328
16.669799983536581 7.4996390195225633
13.874719821931732 9.2745189212142272
23.171249860619007 17.002391573473016
3.3970626903509626 8.4348453209824061
14.817136062118706 24.278867064119513
0.70067904219437505 1.2678348493720129
15.349285878474161 27.069457899368064
16.926243425735191 31.107902651119446
5.7287190534099235 18.222459290246146
6.135842120432959 25.285018145629948
22.598585027462676 31.412746338394118
15.966556195517848 10.845578504412703
2.4135458894540025 20.576994764959984
31.153488071213495 4.6003927826890507
21.393218852559652 16.20648385559241
17.745624107520459 3.4299347401022757
26.410322400050436 0.33536275001052551
28.046953664853145 6.8669221935791578
28.844266407009474 16.368721452063458
18.008240668542175 5.4822281617421735
23.042923890406989 5.5167221960943209
7.8586971120842186 20.215185011776843
31.017080647773692 1.8216804348880911
1.0837672027033929 3.45778831848838
4.8311640882767053 14.118369556720289
2.2236920358880496 1.4677300146270618
8.8905119143702755 23.537272365304656
16.23536841439909 17.344654914771528
23.683504013644754 2.7713615776265246
24.256616240520714 27.003930255693433
4.7542304772532225 0.49708809384091618
12.905093321024141 15.066291884168756
11.485629680549296 7.9925802208806456
4.9905162344077576 10.71436413356555
29.675545435320871 7.5028767946873316
7.6506551122093773 18.412456950968274
14.74326739180882 0.062199033368235394
21.788199136748378 24.372030173290938
29.435917914880775 13.94771525553803
22.823659496431414 4.8050099980935146
7.4324445852876737 30.9604223382009
1.2036709769335667 20.327464063036459
4.7863370360790025 6.1955692686343093
27.710351614434263 25.467167167164739
4.6111102908893393 24.51739816852935
22.920694727116445 19.683237992374846
10.158625778293782 28.882362700079668
9.7756782434793674 4.7003825142382762
28.335452809878237 26.855093970587152
21.307654735621952 9.0994531204579747
12.279222120259588 5.8639866672838012
27.126932884632449 3.3996943590742146
1.0867678221456401 5.6327038371706246
18.687317983324373 28.756026371381321
23.937814181498897 12.938388419002397
16.243437104604492 28.080234944488126
20.948674217484491 15.467076283997638
2.630372680918176 21.489233524520564
21.523148475137155 28.359291607856985
11.627934210346766 3.9215835266340324
27.363498034984957 5.0103232707734966
4.8125977156700763 28.146674197361296
7.2605657745475405 10.926290002014586
26.725811009842946 9.0973134583164548
23.249537987647376 20.628730259410528
4.4431275242300359 29.442656380512361
6.5478807961722341 13.607078369663734
17.558203371138966 18.968169029462512
19.587658983611114 14.746190973595429
10.165788402780175 28.004186441401892
17.20848581945015 14.79460440411359
29.807377770251939 30.519271954176272
12.617423169451765 6.5690446735483414
22.316237931501032 8.8504702872372611
10.213548608658238 12.637910676149602
1.8613120937975667 8.0424493576557303
21.421059220472859 31.151009557547457
2.1006899960522647 6.1785537648312694
1.749641750341645 31.435650845581495
3.6014153688465291 15.208513732322903
4.9288090137692224 9.5700737414007282
20.484036973079935 29.255861671185496
20.236576365833869 6.5535935997499672
22.636670213184651 15.714784967098041
6.070395412317847 9.89805331224062
2.6590044607680521 7.6799610739113717
12.678448269814792 9.0075028269346191
4.7289901280487587 18.475188118037398
26.878533078121688 10.508629460028786
11.800989995570582 13.729254902596447
23.098710929308243 27.706454272121341
1.5845232415855675 14.099831520820574
7.3884944506213328 4.4632171111366805
9.9920226194138824 4.0459902162250359
14.274527304021426 3.3542824434171359
16.50841239550634 12.636400031247815
7.530071933810965 26.080965348906137
8.821230414807939 19.461287073938287
5.4130912872978696 29.023953544811505
15.762205415470007 19.052033451997335
3.5670568172154939 13.808477193026102
30.632056987066179 20.404484398292883
2.2824915337487548 2.5475159023194101
24.262320807396662 11.850272292586528
0.80184977968482085 6.7206478524078763
20.308280614327018 13.156325235229765
14.0695558911638 23.082402157127603
31.128184581107579 11.998504793994961
30.310483026828631 23.909147444328472
24.001160390439992 0.8269596784125105
17.247434573650271 16.727097388631485
7.8379197674360004 23.352045539386527
31.184845509290355 18.543988778201808
26.572871941840898 7.5385922334902533
18.417987408783251 15.464077776012022
3.9113366372986271 3.7916448810922891
24.901570911494769 23.083623702295696
5.2908280419905838 23.477093616350402
6.0733064575254172 12.38912575966758
9.6119233296186231 22.819860999663717
28.46664894856519 18.791236871993846
27.309183436653932 6.318769545028168
6.6491907746946204 26.793082776302285
5.127688005621561 25.469835478343906
26.46272074130783 3.0073738280903237
30.262735344502566 21.498271466159682
15.678567560964847 1.9535609133792857
30.517661069700122 8.0961800186423716
2.9070657152236676 16.22435716761915
19.215679868068321 10.827584413172289
26.023228118183908 18.347221160370871
9.1944045442091227 14.520156269982461
16.953535921534748 17.922707896607431
11.866692023604465 19.32219767586292
31.360008989925369 29.326815553344989
27.34926632968844 30.780300302618755
2.384028206829325 30.030466072768732
8.5871386451349014 22.450952092222508
11.0767007442682 19.528107422154264
28.315191333293928 21.53656539856086
20.141229776856818 8.6422415436449427
21.078270671148658 24.04305836297435
10.749526257151501 3.3618710569074786
13.035846358143099 0.35304260836781393
19.530401143804063 1.3146243708671401
5.6274650313292565 30.753580871528317
14.02541263080118 1.0234174868955128
26.996116877660317 12.461556453409015
25.522167993006597 16.990236594106051
15.282910177062851 30.194513472545157
3.3458199427690292 6.6638607270703423
3.0954997440400787 18.802974066202658
0.80455495308334157 13.941833068443941
0.03026078081109658 6.0812377434804352
4.2412995891338872 23.760145506497953
29.253604198053768 3.7410651421363084
28.335995244188943 14.924791240432736
12.544861433456662 20.228940314008469
27.895219310834801 8.3885671511767619
10.378770232754857 9.3940246057467505
16.284276353622968 31.379362909659644
23.250561313885399 11.940062975502654
8.1169521001072695 26.478299318442968
27.307949778326353 20.021609932217945
5.0567115731987604 30.043627556772766
12.61583428003917 4.6189067570329785
18.651966900467858 30.134643737616059
23.141644147569362 13.32156903055254
6.3376859403668737 28.551492853332114
20.099409998432929 22.008922137697152
29.702011304199448 19.063249765560357
12.315042184540475 2.5347480134891729
5.8602983117861598 0.76535873675787403
14.413993412795907 27.762104742373353
4.9962963530746887 5.1362961822628037
15.728459985806694 22.818524987023821
15.488561398670473 17.731278389013383
3.2670832740562443 27.580149342162439
30.211946318314126 22.514434911174156
7.804304683323191 15.926089810882505
15.912818333896494 24.3488160559133
26.354827068799906 8.275711283025986
21.216289724019575 14.278698180329881
0.054148301830349146 10.716410962871771
11.165161302080081 24.555842598626256
25.859486492865123 2.2875667495574237
1.2010004315172178 25.795181135225434
31.025836596240907 24.514345918449088
15.428040590288996 13.599083116007408
8.9991208077463671 9.5610416459245116
13.088587795412163 29.139914712075178
24.951576996257554 26.409750853500196
31.272115778042878 19.730634537477805
30.110301888817755 8.8019550795811377
28.454397905752774 25.893794591967005
26.708471461747049 5.7055440248778702
21.270399985557212 7.4149137012493371
26.924952097634677 14.285475397777191
9.4560905734686855 29.721387291175539
8.8752506810100513 25.81926858574128
24.817387219393009 3.2220307822257239
0.4217771717810041 19.649642785607657
17.893630260634975 8.0968903343460674
5.9489718259285569 27.804816798155468
4.1608875651919259 9.9478128638633656
13.805047906026948 26.906212281647857
3.4100409325831649 26.632862524113506
5.0144201836395181 17.280522036769991
17.482182616001815 11.722990173340568
22.170451593030897 22.041240242733373
21.688272337752551 4.884760876122118
10.514681401801601 20.531617492382608
26.212561065452839 16.550651699262055
24.065718246679609 21.356115109218567
16.467718728651096 18.728548604447635
9.8436490185502219 6.1092517220453582
22.829815107485004 23.567492390980799
29.625249232734543 16.647303196322945
14.048730021024122 15.253170871880545
9.7091053061397457 21.81262792514071
10.497038746063851 25.383559425400239
13.984306504814036 4.1524765627504587
28.290619800245469 23.553696728943706
8.7237664219674542 10.674053974418845
25.3411013964045 6.9352416705580184
31.393718957399102 21.327726093911227
18.763200592761763 16.884007189634207
13.225306623672518 2.2341748285129195
5.8333556589455862 14.630256704162985
29.14023918017266 17.875879809116331
30.144925099389287 4.7535159392587536
5.6719342488376316 13.362575468927691
29.936227409301996 29.654728189632635
18.50862532770471 11.550320416829612
6.2258797606381986 29.655795642569572
7.1050131089154194 10.210209495906705
0.13440667938620018 14.666459968101536
18.080222315857117 23.835494262681543
6.6336699001437882 19.117296223764331
29.047235109924291 7.0526323895402943
11.417780963183819 20.605982820088268
5.3206339667099192 6.9227208473768123
14.883003638989079 18.372226315702278
24.028888418758498 22.166510373117799
17.710691731337928 22.209288289717509
16.232670066198111 16.341543851264682
2.5129936517598708 10.692876769681099
24.472040889599509 6.3401060557866202
26.395266622066721 30.945924260810692
7.2544266894922425 12.201401867424941
9.9971743599577234 23.776230552368489
19.981500431007923 11.636765065747495
