11.043756164908583 11.09478561968554
10.943915278913467 4.3963660237601774
4.6778260838238079 9.2899987206510808
14.349076656962456 20.620892627738503
2.4880380970755573 2.2086250610547262
17.106245600692308 10.375386848277849
2.4737705277512418 1.0650820377254875
27.611449666886152 14.96336309978147
25.540003476969098 5.1177118627967584
30.145376501530126 9.6512073784068306
21.379128084589464 15.3030204242253
9.7600031586746514 23.400862876369157
13.428221808395795 9.0623349085665126
0.2132702403431305 11.532212827676753
23.714057933209219 24.750639148677344
25.810818752892366 8.8541527790050765
7.1614227875065968 18.79316574048277
12.54354207684483 0.89573387978808239
18.028498728938093 0.97390772419454008
13.978030107829095 27.809195546365743
0.18992821967711357 2.6651585027781102
6.3102285488463705 19.700550006733948
25.041247779912723 6.8414586459508371
24.703591088275076 11.331249585768859
3.2292853580106167 28.152651209545308
12.591472370536117 15.527372175002773
7.3156168694948116 5.2692571600653588
24.775702892358542 12.824559786633746
6.4955741922736214 4.6879743124744389
2.6323650746841452 21.028635060454359
27.40314564000019 3.6407900473108255
20.398177952067233 14.152408408078481
29.187097346217318 22.812188910899938
12.61764683358288 4.0155150732924936
6.3310425806650787 12.310720354151321
25.546014869614467 28.716657105984201
28.607154449862428 25.376079283450188
18.537067267937594 15.312237167524978
7.8797639871923435 30.594915926531954
14.354130574685298 10.205596920252013
26.627807186240037 29.365433877325188
29.443425791781376 2.178525937481862
17.161744875379451 12.949503399862502
19.448326153171411 12.013095708842506
23.794563532824363 17.962967326501346
15.912145488689982 8.9202516991591185
21.77103767031312 2.6953111754968355
23.488262336141926 25.770657153760546
18.311479384474101 5.5636288481134812
16.201040257157285 10.494960964289113
24.358656721207989 13.84805376072612
22.634897198297004 15.42818816472986
6.2948738860538729 1.5201407763200308
19.13853838355767 17.0454751629225
4.4699951852841346 13.323148596286872
28.965848975782592 6.2678645211044541
19.483175513249389 5.9017229950220669
9.3772751908598657 25.707279223982443
22.20867226503098 20.87166527982049
17.637812774086871 24.56425687414001
6.7232667898046863 27.023711998959651
15.877912693849602 9.4894838444809331
2.7145974666591695 27.313793267878562
16.850228369442778 6.2187559635590839
26.284901323269878 31.191927019021783
7.2101636241893807 16.325518794007834
12.354583969197925 7.112291727342444
21.032822079153039 25.490887752953167
9.1798751598933244 7.8564514888970178
7.2385629531275644 11.312368443780516
6.6507673358903547 18.044453285555697
9.8066850883664891 29.509259190799586
22.714291851561491 6.1685375357516277
10.294124829208533 19.366418108463183
8.1022727590315711 21.122194601573625
1.2157273950106586 22.45898299317054
18.415468587856786 24.898970622602228
5.2478792750635295 4.9341091666025951
6.861627960852128 21.539851932599333
30.873678930695537 27.837937468947764
30.758439083290632 17.189271701003619
3.604954513485481 20.369060323832194
12.463018514452251 1.50398551502121
14.942458436844616 15.232292274411343
30.010463520813754 27.810087964667677
26.054797448471589 17.423323435986749
15.060810525154984 17.390796658251467
18.470042886530269 18.975101605987671
29.001663839893599 8.1392498208847517
1.3468349375871838 5.5202613167582211
31.137996330027143 13.798634460159285
26.162881965666038 6.0120049068691319
10.360982739072298 8.4597887015803579
26.006185800758075 23.328365816716182
31.528618626298467 14.580821754723539
10.030267814841464 1.0059569497938445
29.871773612663159 30.894155071724089
27.830132469629099 30.386150959020252
7.5884415941573531 1.8316349698324572
15.603153543082128 2.7686553631523472
12.909466515697071 12.006413555083366
20.108253497774683 8.9090463536160538
29.374977038318335 11.959862293151534
26.803686145995925 26.711214796913634
27.220981020625409 27.985745566079746
30.326028139404883 14.09790828206396
12.709548501500302 2.5339194843960957
24.649093131583005 9.01979288802662
16.522954897449914 21.113192355828048
3.8926872611910284 26.850918005536172
14.124382361442978 16.540316043749012
9.9264072351998927 2.6786428547725558
13.915032672383123 30.704593002450348
21.188815548201106 12.392019505495066
8.2428064932778309 8.5548479112993689
3.1754169048740666 16.440378342366625
0.61869177269392728 18.087196994378115
9.1951459669995099 26.987460162193923
8.3790364251332043 10.448369827221141
9.0011131686059365 11.993617281134542
22.577829757832955 1.7424457954037373
28.852320932310782 29.47492132496636
4.0208020600462495 25.563401439881758
29.406919538622457 16.262768760970644
12.757190589060656 31.519614400206464
20.169549544078219 16.009432340043674
25.975192600760906 27.455481706142102
8.7690465252636791 1.1139455580135047
13.396726920930904 5.7368284660048481
19.129814084633086 12.994768650917104
17.659075459344358 5.2386664791420472
29.030868461120402 3.879421430693978
12.602650090854201 18.862367440648935
18.954794386564675 9.9269283293065662
14.061620771669489 19.66630377431764
29.19990801659279 19.577420657105822
5.7126785677351251 23.14301207848515
6.6852983783893514 9.2848291441310167
14.381126321562514 3.4955920290547717
11.397971241131954 16.751867686306252
12.528408749371902 5.5701697060709421
31.211086456078334 26.212169915667634
0.97809903536867882 8.7866664743620628
15.75610799286938 29.529597933705432
21.728032816339184 1.1854291645160357
2.4308974784244315 7.3663306352261273
2.592252913997628 12.238071866000082
7.7815821447144291 6.140787731063563
0.29269051308006028 12.847924500796559
28.052185104969322 28.812327943881851
21.540981513210905 8.519240638103371
0.58447771730894416 27.460803968367316
17.712948233495727 18.714071996105794
25.122271764537217 30.613488887173421
6.7425664619481838 22.609095877237486
20.083547357879269 25.725261657654524
14.534218725360352 29.2737583186303
19.035714824819024 28.929592497091971
13.298702847796442 14.669136080658397
31.268650632311321 29.087278848913432
25.808343035352191 1.4923655522849639
24.335029228906858 16.9284608486171
23.063766964452341 9.5080280356581444
25.205984487041725 19.905528325308921
26.17979003084799 21.596625389226048
11.065605464684005 24.630867180104882
29.309213723023195 9.2485092384483725
2.6302351603913041 9.7439721996649595
13.777799155659487 26.121140298724029
27.767746562666613 8.7654844571298778
20.086757625350575 7.8359191321293746
30.846773862130643 8.6256473706534784
3.614828347975318 24.163484207777614
1.5213543537969347 9.662374773971786
4.4482191040013852 4.3032437725544623
8.9581400022021125 30.183923455786474
26.320702583736644 24.237962999503925
27.986975141013502 3.4346336736527214
9.3386727329942261 15.16506706992195
6.6331441429255573 5.873669243433703
16.112256584568396 28.012300129328963
3.0351260148131085 30.200213415218514
3.5823187558440308 30.98709974635258
31.567993580562543 30.112074657457168
10.161674521032994 25.669972793103202
11.963018354183095 25.898051472827685
22.216314917481753 25.725786652223366
9.340552183543851 22.144513821464479
23.418512132695138 13.108387640826674
10.862405128101411 17.637428222323106
12.736785474803471 13.784390562745202
4.6963610053330909 20.059908280358425
4.7862822257062527 6.1289594636792888
9.6468201108271785 9.9791029164577445
8.9199979380918997 20.952371142108476
1.5582427648904387 18.534954046304694
10.489431737404329 22.591885968052587
6.3900785469482804 13.538427508957266
7.3411866026634227 28.69239768715758
23.165706805007417 21.678850175714981
30.302571314939971 18.485686546385306
26.990196379740329 11.633362454739119
20.313147081356856 18.860441703704652
11.000295243830273 7.3020987977928682
12.747805628161524 23.668626539943276
26.035502864348484 7.0243861472935656
20.344124330868894 27.644751604987903
22.034014011033296 12.899281192427036
15.228203582300431 25.0973906468198
3.9836530821797647 8.4450300263792393
14.77165283297211 28.539769897361232
8.0414719143411535 27.805136952188402
24.539018745701842 19.610334294065634
22.46830969268219 12.068364443591829
22.780289968051051 22.370304549423892
1.3939119827507189 27.005324782976977
30.402299216585774 28.911046228898115
10.19167250945404 7.3324178136074609
7.3682066043072361 25.045236426314531
18.867526564538906 7.6932091011921209
22.493174682306528 8.5713980766263624
19.111231293681058 4.4792725329172658
24.690585544371796 23.210179379733258
19.679472217639127 26.704700018278128
0.4940228021448918 5.7741024421596432
19.30811394912002 27.784854492698884
31.065759637380602 15.381503334962582
23.929847486291685 12.430904974848332
0.44641608753518414 21.586205973877188
5.4699209064666441 0.10201159474589018
16.449787454900683 25.271701752536366
0.99676363610256324 19.470887071789434
24.127854404951613 1.7615034458724883
0.22345707735087345 19.00408142179678
20.562225466514086 21.724261237503303
16.463042190525389 16.582693296127712
17.115089198895731 7.4247198958050742
21.965197068856938 19.425346524531847
25.072384201915188 17.341771112420005
30.080704883327925 26.895087787264043
11.923038983030407 24.036147166311952
10.982584214576651 14.290815417568066
18.211427723257138 21.818206550945803
22.294399427709997 26.869919760879807
13.51115530432536 22.852207195979886
5.9144573922364962 20.40448858216541
19.54886244250331 20.855654621640575
15.993796475711953 7.4851135182909463
24.565615299234246 27.419657473800967
23.941564124900989 24.163348655608907
26.01037498841939 11.32861368600002
3.1717262571256568 22.875234920806975
7.24747919093058 19.82456720165046
12.694861453501133 30.058843430952813
10.188573301800808 6.1760040519556556
4.6471800562518473 7.858241630291503
15.928446052491395 19.526733964017488
4.9189732787251765 26.679242709614055
26.510119446583534 25.363324432267003
13.633300943388196 1.0360396604334079
27.648526445721501 11.176432056974335
18.454535854273121 25.738886545959311
28.652592226336321 11.052444197897493
3.5560967515909248 10.472086754413002
16.550191182108676 14.174296340365864
28.711345799268049 13.429952154554256
20.55913166828352 29.177855362894821
2.6582984088655728 17.229190429641484
3.4960401128502641 0.16242184562657511
23.683755424666636 15.73908225293018
6.6509336697678751 31.245687596528786
28.061436986108571 6.698284299087927
26.13312149863896 22.338170889752696
8.5530752116854529 26.251954893427691
25.106513112504636 24.794605940017536
7.0002397933954983 3.3562902822969742
1.7689551805671537 6.5814211007622756
23.280076208497615 28.282518353583058
2.4780751817162292 31.510076940781783
7.8909091838792165 12.465328049011351
5.3322237908415975 7.2507388112143127
26.393476272379417 20.052286230888321
24.572036640175945 31.215402891636408
1.6825830246413909 23.085389073134049
27.256343895957144 24.579972403718269
19.746191157923608 0.24192658820247931
16.876814465927378 26.836867298912814
23.055728902721611 20.585150864492761
2.4515877754234063 19.233096905275694
11.762221739129011 19.008504168809676
29.648361530309636 24.01847655981669
13.519482048325985 3.529879451284113
0.35034947221822954 20.633970650805217
2.4116043568234073 15.785237117399957
28.688833377765206 23.798837828446924
15.369604459911505 27.869219631282892
13.42949260419525 29.898048105053714
12.772710466816635 20.155753315362404
0.79794557253833365 3.223943453787796
21.712350490461933 11.376668423399135
23.93334378668159 28.744314237798946
11.400072683437221 12.679011214773082
28.421547366798883 17.734834874570875
28.493881092758564 4.9268601923187676
4.0364258569077807 23.31003408458599
22.936846634917867 23.503890903220217
4.1155226366632451 2.310214042028027
26.75709590891466 17.638062917218566
27.143039837102773 20.51239391266996
14.708685744166537 5.4437915003406934
30.030028149941064 26.016098252666573
24.794320479417376 10.345404854333408
5.6317747291935785 11.745222996415993
13.033120319397376 27.392155891402542
29.876526648508907 19.466592063370371
7.1143219069904857 0.37166724572907789
26.315384270500402 30.120482362450961
20.844146839988312 5.1028057156706037
2.5367097523579427 13.154467603338814
29.840968645728882 17.327045434512879
11.165488880256122 1.8558435329802174
9.9197121965441202 13.129794822850547
21.316793457533532 29.528079290495473
20.773215804519445 11.185577443513754
13.324235751815957 20.73560165578721
15.6314658727803 5.0665604398427728
23.797519636996714 20.297860458907
23.720874801598605 5.3791839127421097
20.056462816593449 24.129381134767289
5.7943761444427313 22.165870567055553
1.5008728655366348 20.066054294128087
22.900034966435186 0.25633704465083312
4.3895150279805542 28.509851462941739
4.7970555757897113 23.111643464321702
12.033727258169669 10.96074835805581
4.5802362743508178 17.562371431336608
18.970609099421917 21.406593712769659
6.8857383034833921 26.346565668199403
14.170927083374968 1.626666457992445
17.400097489726043 29.46845358302712
19.397863155677069 3.1125136435586458
18.298397103185746 28.280740251958463
29.797171721471383 0.66505976730094341
14.33822192123168 25.602440650392381
26.769999017154312 2.7159394307107387
26.24959820136144 12.361054238592889
3.345454520224592 26.03133644540652
18.404769899648333 4.3140165662011016
12.478353743728036 10.325671146072205
14.394391003575377 18.554063659700116
14.804715436265685 21.558768353761163
18.268585985027332 2.675214816449162
29.174773530283129 31.285479145610612
16.706697407847415 8.2829958995898867
8.2175601245802508 6.8413112533715967
11.653369562702311 9.3712430216787013
9.958595092100353 27.042327599693134
10.126999278422153 10.715368482243381
29.461494683407921 4.7131881919101408
21.204814074928013 1.9102806139564941
19.340295108077314 18.654025788601327
23.172586243565014 10.372095537735744
30.611191177594772 0.20688689061380858
24.030825954526218 22.029131530042548
3.9414701042154223 0.9425780203997941
3.5645477462354518 18.636406369727364
12.61302162068478 17.5132942214357
4.2107335020287682 16.916245076578832
15.415635390124814 0.13393774045259157
31.225140886004297 12.59519931186761
23.139612122879683 1.2721350375869347
28.066970929951182 31.464986644412889
17.63491938730462 0.045934027575202499
29.116630467662517 7.3430194492696641
8.2254917982249491 24.094352187049939
2.2001187136639677 30.119166906700023
19.177855486847282 2.2155862752945192
29.41048369007067 14.44479533913257
25.945927010437746 25.629901843344296
11.12684728862278 6.2601269027070607
17.622083748213566 26.400381810319704
30.882702400039179 2.7050326531056403
6.5848008383020495 16.718210454939697
12.874485576297628 26.619515975622527
0.23706784622022922 22.58749390700298
9.0524958761543264 19.746061755910201
18.09427001208477 14.410093012681335
10.535871195573165 20.843577139752302
1.7542384749895361 0.81349733920196632
16.149583317256937 15.521708252023382
30.236075293421827 7.4306159050299669
6.517170428938738 23.708648952158786
20.810778101031104 22.843422028738832
11.7641321758505 21.058128263168026
14.267682943305362 4.8087306851179905
5.5939740574478076 15.769806951070898
10.284125861888953 24.385063241261836
22.086916950770007 17.495570095273493
18.067300787707257 30.762321889140559
21.096502044188135 31.589034105053596
20.174631779779006 31.054720689453852
14.461844514303658 0.45936087000846942
5.0609544342876971 25.751582783223672
24.464490013386754 29.509624903288678
10.047492051870599 21.670260381744697
27.998262347001631 20.130107818720937
22.610317849236313 2.8881959890920075
1.4173542310606184 17.403351162991825
13.409348723673515 19.139982754351937
31.534348356430062 1.6728182436243453
7.8089323843043816 25.800397888651911
4.0294379457797653 15.89097006088892
26.643439554478597 16.149424119488884
29.183798737390433 28.375915910512788
10.539862410998564 13.533051846507918
11.699429729088788 28.943092598631932
17.224298081024287 28.592418497457732
28.009313956937099 21.702058238905234
2.5138883325536012 8.8899017873958392
25.215281767768349 24.174226996939957
30.813763144021404 1.3459469031119498
28.818792981226593 30.389327395665291
3.5474918321886193 9.3071059556384217
28.251516369668654 1.5947934653487164
9.6542873415229522 14.555702204873095
14.557644415159078 6.8304381826285701
27.269968407302187 13.024397703487706
8.8113950951871889 0.18768986905749566
28.083049704275176 7.7969205496949012
2.953008306867404 11.08268973624673
15.003996029112322 26.588382351205361
5.8871786681276772 25.886344083279877
23.883909224030489 11.083431622857921
6.4843893033327946 25.153031132976754
31.490404585614073 10.340835600015327
17.420606303446487 23.694566766521778
25.020232949401848 26.133063844714801
1.6698323385941358 2.4915294339516136
29.090857368417062 26.582010307030721
27.005966157743366 2.0371174344922691
17.935654976835185 1.6790469201471447
9.3475981804172523 3.9330151947956908
31.487960971401915 16.39097598509597
31.104084521628966 30.911729731777456
15.013880361239664 11.323569610336763
0.71416612146257552 16.742260285947864
11.264753681771712 5.2244866487431176
10.636416401022988 30.186930920587475
3.5737265637121438 5.8643413753624083
14.669593885620824 13.80697774157364
4.8565421552425825 0.82805342692856199
5.4303122726852102 14.11984036598435
0.17205521929717207 8.7856240372376284
29.412395815296954 5.8194700396428471
18.530692966759769 13.566420018886863
18.848976651470988 22.95890986434895
30.290153092345086 23.751096707140722
13.418265901871388 11.09721548067324
15.620795805750232 14.599163504729413
14.334542653628141 27.12067874948999
31.293253280539933 24.281593665759249
11.123181656355186 10.081749440929284
27.340617470790338 16.296627312212021
19.214840995816186 8.7345153463561296
28.788052715146463 21.595189328094357
8.7264241199351105 12.945859854991102
6.8427290147077233 28.01844188857379
10.715766922811458 26.596901251589827
5.7430106205397449 29.5678256632246
31.032039279601175 24.97233642462335
29.368113916069806 17.967093677762257
24.845591661957009 8.0933130076116324
5.4866190395974366 9.0251203474300379
29.142553883023893 0.94915355425209302
16.233841834184979 31.185226739333476
17.801675312685752 22.67209324616179
14.961041026275982 16.009298070547896
23.204874424900659 11.738751300349847
5.7047003613476637 27.152204798533479
16.928411744969139 18.388792850102366
12.078722893324764 3.274789612374188
13.496694802610197 28.91751106273129
22.187558030606809 7.3835616640348469
29.596651134630275 20.878818608775493
21.697580774407491 27.793889593717783
11.502898813162322 2.3110754325226073
26.994569474601683 10.341698647979644
3.7029980744982165 29.482965808738431
25.062265193423244 22.607239869328339
4.6472271300299122 31.29684258861387
27.012735332499219 0.5210567168722362
19.99538139229707 28.596176663223922
10.404797124034598 3.2463151217084691
27.765671067178591 25.469805322725666
19.243589901178336 29.913018292511808
11.777909628939401 17.916734096923097
26.259682698623294 13.246816613915779
7.0382855971655465 8.5431237655879446
6.2217286538214891 30.724591041627328
3.6873908161387892 19.412448466258269
7.1437630536705186 23.986380532237952
2.9502454905706257 28.88330996907159
26.803244533830306 5.5853007043408374
1.9961602318611338 29.123191472293303
24.09594969933914 3.6811379069739956
11.89147468658212 29.616749272278618
24.258502761477438 7.5081604022915256
6.0679995665773783 0.85198318941860485
12.894646627568441 28.492003479702589
12.097894688012408 4.7417391696801454
16.100412132725701 22.475550789690626
15.087804315960236 12.548434278575735
11.875082542137424 26.896835269757684
22.533652554372043 14.675908714066294
20.064433343822721 1.5050609144342346
8.1185987271380515 11.338560656764187
15.323708412074557 7.8195356514458423
1.8523794915556875 31.153732626773976
25.359430154201767 29.78193352216956
7.1495681208507689 12.591823470090745
19.84245419607652 19.834294147651651
23.797860852953004 30.494465871065383
13.661192638236212 15.656049470252567
18.411915405289825 11.934067879557258
12.015744056402898 6.3780886638394136
20.599635455794633 6.7163882066968092
8.0328982303477883 23.20555147524453
28.747536598747718 16.528218894378472
4.382165566474244 10.190123419586602
22.342766296663701 28.879095366467965
26.481775650940875 15.131440845007969
24.289816639383055 0.93026136642134616
1.0557523108942561 6.8791246178141074
2.9590640422068759 24.596910598778738
5.1395538269001655 3.3084618401975381
8.2832671240470219 14.634424851863512
21.397191133745267 10.274012898380512
28.130863934099555 22.914261097158342
9.2056647014010444 6.9926382502343269
2.5246376388971932 25.401455959951505
7.1315549624383836 13.922076778173842
10.599410471445832 29.177066704190423
28.963023623176916 15.157241883833176
21.163138264496364 13.549762968335129
8.0098707977921091 29.270848002448304
30.116830169237986 15.197912749831014
20.373188282470093 2.4760434167553882
15.641546569029391 16.752130643928368
19.434037971941109 16.261895525370093
15.142211962907799 6.2777880458053534
15.877834338836893 4.1038535809971624
17.144458512869583 25.577618009140735
28.139928785372764 15.466511722881664
10.497824904072967 9.3321182046086655
5.9034694914324488 18.77065611153181
26.780371363236899 4.5227249563274343
23.190960041194248 7.8290450629457187
1.8641200161112381 11.570485658672141
23.46948734160047 16.678476043320078
16.369375187528746 3.120754603603574
9.458519190081434 18.853536006802916
29.744744357483807 29.479379089672417
16.297465345122564 17.908454862566117
17.143027102764371 3.7285842056217016
20.707774119093408 19.990733556443065
25.685358807100112 20.65542244718592
23.695655242219196 23.079086046313925
5.115203218014102 19.25642645724502
4.6393505195012938 20.828643430661643
20.656507794152638 0.80548881159398722
9.0827197942273141 16.186534815536291
24.168057315154485 9.7187018337351443
1.807655659411544 24.333725256305364
12.076796833062785 14.349859460530398
1.8892905332901306 21.704483333008156
13.440827647801353 4.6125979870501119
12.442495505448122 9.140025965981641
16.892306860625105 15.349873422589996
30.314824906961718 12.840239411144681
25.486570529421325 2.0122636302623125
22.972003824630214 17.664371259241452
10.410713198264679 31.107468168973639
18.541515360385016 23.670529341943556
27.117330514247602 9.6903409494238897
18.906396900723593 19.876633124867734
8.7276795006258219 5.3394305584290276
8.2668082756961798 4.7453900299450513
9.9416612476911137 12.110904639675651
10.124743044847094 5.2470816522378385
5.3756478495911733 10.497347332218087
19.826905750797042 3.7841965456666227
14.192071406823887 17.619867196045256
26.171491879627172 18.968692361903528
25.124582870513482 14.497570442255578
30.458275886618086 30.154384886827106
19.422713065343636 14.262934924540735
13.527212435241287 24.649485998918095
13.276548354735775 7.3117146257968004
5.0207967301823393 14.735120673569769
2.5650724558605407 20.039397183814906
10.679906146526772 15.042347302654891
30.045890940346514 1.9792204918549876
9.7485000615945019 28.196892104341572
20.045372259240178 30.140526136594751
5.7273357947367476 24.597963819102368
16.44327152266332 11.565758647929036
18.275435811796427 27.386430271349614
7.3236649862512238 30.074783544936516
20.071327497104868 13.218247263620285
15.51418348906372 13.585555532437319
19.619104276970571 7.0242138172170741
26.988891266707309 23.357691954841684
10.977006630266491 20.008965409174682
28.162369825591188 0.59493601606845092
23.287112371524447 6.843714588406268
13.809893432232515 13.396188760798886
6.4163217862668915 14.754427405199721
28.635641809042923 20.512495138674367
14.661326204168924 8.6484665164940022
26.084296547372034 4.2438552416848818
24.948612674903639 4.0406296517339477
7.6388694391982392 0.96109614424941314
17.158208258380863 16.994239589341046
19.41944130818634 15.060474945198559
13.269550907377626 21.598935247670468
27.333672670125544 22.543637221917301
17.795283275404362 17.454683546236708
21.577541810498939 18.085481582168164
25.678803610044806 26.848714954779133
13.704301324304325 31.474147587445497
30.193639081857807 11.692687659699773
4.7978820815385701 12.413161650747263
21.15764578550198 18.74213632983431
23.33791332637545 3.906817585553243
7.3900743100506512 4.0772825665733192
27.912433988863704 16.958990513257131
17.093347264088919 21.974169455142004
18.252058678969135 16.340588447855328
8.086828731667417 31.390229156784155
18.609099483798229 17.764811217917881
24.373768982889207 21.078700485853922
16.460364144055291 24.268805273467954
21.896544173413414 23.385279852904009
29.604767030149674 13.203005021191258
5.2152143574797414 30.488757173204903
9.7513067627334848 4.4434247656561157
24.890786283304557 28.274271542301147
10.091983865970313 1.7569740803758094
8.1335896595113581 19.900736621729848
16.692674676787895 23.083006297438107
7.5885995017670647 22.424572303812326
6.1040873173451304 6.7254173393811616
30.267512279609964 6.7534448948083501
1.2434471751484311 30.051058831216888
8.230022140422351 15.864639759621424
25.736349250132633 0.10069521781524039
25.741328725627046 9.667199112325223
27.560397365924501 29.389235129728497
14.519673796524037 23.120513512689918
28.445172894947426 26.627852529879593
8.7983244943633636 9.5251666521653124
13.830761406432897 23.964606390871666
30.96860166475842 11.390928614582876
22.416496738265984 29.57377259163033
30.359851039237643 16.17696067788604
17.23184883366681 11.686741736570752
2.4369201208022031 23.621279226624655
0.75628568037648836 13.819522765524548
8.9425754859580611 2.8213189396788758
12.289078703049363 24.848605521021483
1.2851013651126133 28.498479408262241
5.5298122634867264 13.089206222534063
31.11424906393901 4.6671578011644055
7.9332894190070382 7.8667600844482912
11.202024627017943 27.529851146872545
21.606321753611052 3.8521162728832508
15.085391775752598 19.165750431502904
18.842712516138747 0.22721871016911685
3.1591357674572396 3.9729597956392348
7.6525040289447563 15.182857258661111
22.651190055216603 13.565166598430819
1.9883843175115101 8.2316094695905786
18.913313060147775 30.873377415541256
2.7036603502377248 22.298701716720529
20.712364026954223 26.84571487646048
15.48898615394716 21.961569213629161
7.1561021490686061 10.259077745402806
19.889307637839682 17.843570387588496
21.97866573708685 5.8266293208506985
16.880271364095705 0.31427622931878307
20.900884364650494 9.5063568195076318
21.346975473633893 28.268779875302243
16.689356260197329 19.577943554788149
30.663012209026768 20.049013416392114
28.716090704648952 18.722727786292456
11.360292849056671 8.2535793780214313
1.4978550069457046 13.048632137223553
1.3987507296269839 20.988489953845498
18.696701656996876 6.536810374704328
8.4997591491011129 22.106765951979085
5.7954196621445391 21.178826316922041
8.4820582313907718 18.126700473775074
7.7854772415382394 9.562812262196223
4.8565168935104674 29.142837627997324
9.8463298404080533 0.15494890725870961
1.0694849574069722 26.270995652482434
19.530144170374165 22.224357596267076
30.15115074701632 25.208960040087558
21.970574107939104 5.0284477502403302
3.7370750571506646 13.464475093622234
28.270940701067467 10.189900042078635
30.676147245609357 3.5700543687514514
27.148150398935602 30.858409307949515
22.39090886475315 10.731268267501655
31.377967776266679 26.892731948186665
13.291163000544115 8.2785168881951137
23.236913567124262 26.563493731045376
1.1784607528061206 12.268595563599481
1.6460698494050168 3.7496229650098374
7.9306550138034257 13.743325903259711
18.104169084912581 3.4269982351075359
24.804352634020766 18.319008291635004
10.025524842402058 16.129944382254241
23.535843338018388 14.261209309565798
27.357670615894758 26.334682688517685
17.391194387689108 19.869672565770312
21.992482511871611 0.26549443031302888
26.083635124957418 3.2424764390307295
0.54487114122886071 4.7237203979187168
4.9948610031474123 16.07029985246394
18.807133010918204 26.596561637581136
13.0345571311158 12.845886043382777
12.064501084205739 28.06757686041469
24.056539046839479 6.3232237726229412
18.318581044738302 10.1446698584903
16.038927268653513 6.4929368790533761
9.0939735412164548 23.309521714903099
27.290057612373833 13.962533598108504
15.969272141148407 26.863365641022327
29.182581618788049 24.977274052252088
6.5426856228929724 29.531112171839538
8.9062698083712526 28.149903309310314
24.440904640582705 25.700529387165009
17.235975636064737 9.5810250814209503
11.920295542111226 20.081017508859237
3.3754042430159279 17.748987768173137
28.486703010090977 9.3265368465008116
31.391005814712535 19.98177497502709
0.90828080884232287 11.106257311730623
25.878747728130598 7.854500138055073
0.70500600816655823 30.894984391583332
25.867016046213894 10.519212028384805
13.644048632012591 6.4384298618093565
27.818282505200138 12.392998140774912
6.8263750974130213 2.3450874668565285
20.539618347547524 17.370425995149777
21.734047535423016 21.57981322288169
5.5290522705396885 2.2509705389100825
14.61587930648764 9.4550079482365437
26.836012478702624 1.0686069264766933
22.72158087107319 18.718669069595506
3.923895965540809 11.661529378938724
27.816836556053381 4.7992135526785775
29.944312217703384 3.4579668871247651
27.756966670938144 5.8646492916641302
8.2062285364923078 18.850406227014773
7.1588239920429215 7.0320715149601805
21.456947484119855 26.464033242939294
18.212521284731562 20.391131285750276
2.3371878193448183 18.258383824331933
29.380247790465546 10.603829517012999
9.2609925252407894 11.074983314037967
14.108385424997975 14.614888375361428
31.496177486722029 17.601933478920699
19.127614948471113 1.2626410033853173
7.9759239537036111 2.7400577980319749
0.18059116832997213 23.435269804628753
22.506561397406337 16.443442534990169
2.4534110364803392 26.595393874662886
0.65179293240470437 29.34988488490427
17.522781459095238 20.962930695784163
21.677382166650396 16.274340459456788
4.393243304402195 24.791159577092309
28.612177565845556 12.263024619042675
0.16815510852012064 3.9573328521551216
18.016486456813539 7.6542739480165709
27.149276087183111 21.383650751244801
0.29874792698170866 25.604674323023314
19.144041984865385 11.135439367793913
4.2779079294296301 6.8696856860881832
23.17610015321922 4.9454392891826888
4.1500060669016978 5.2134001455217049
3.4838155977726801 21.39749018499371
4.8503559104633762 1.823894914782775
0.53976708861714962 15.549752532847283
17.123596478078579 2.4805685345614124
30.94705988054212 18.669660119906805
0.20338450502305913 28.257899095911039
6.5609355876450852 7.714946651305354
12.334871529603245 21.740365184930127
15.994692186085313 20.764595132604061
14.065355734746642 11.538257017838893
6.0074955177052685 10.007374586022548
3.250910357711382 1.5381218602393727
1.9380913684396042 27.954220355551755
3.4390265910873645 2.7989549228264341
4.8560388780246555 21.872560893041406
17.488537729033158 8.8022273594381062
20.8359094458757 3.2635919361195036
21.999199349613665 9.5161371394319829
25.168841236023656 0.70922394202766847
9.190005729936285 5.9901614597239394
8.8452608906967551 1.8559664253198915
4.0706874650413312 22.045311625593161
10.640436785589435 28.213420238429805
17.652375404214464 15.791633819047286
4.6123466569666824 18.542707839110683
0.81237248097051229 0.05850772634599051
25.367055215702564 15.363023976677736
16.316230256702532 30.348026579084294
31.320083123352969 9.7032540959881022
8.5471668682025026 24.891723160360961
17.701309868500861 6.5661819640162351
11.782675321905092 13.286275770768473
28.064070722790564 2.2019405903560947
21.143634464378458 30.501390420028027
0.8662824468479644 24.912588702432885
1.099757530874236 7.8467617458931942
3.3484393225969411 6.9454688923409513
11.199083293155985 21.780857076206257
17.873397822598083 12.762346120283711
30.252978741286803 21.032915307608491
9.727940904042585 18.037765199396262
12.207137820179224 16.499485244560923
25.788756120174526 16.428170251245092
31.162580317477527 21.460799837258129
16.419023102388596 1.0396418474042872
0.036095449425365807 7.0959349685402833
3.2398872353955137 14.186237785136147
27.770157194501127 27.539435525942743
13.319611817160066 17.945910378756309
20.387413804194583 12.252441545763253
2.6271191448571489 6.0909308297606284
15.068508387518328 30.902140950522515
17.035575821457648 4.5126603754566315
6.0164638866543712 28.488703465691035
14.548825573100693 2.505965687421285
25.049109040992978 21.480128585439289
24.067042893555833 15.047729116604781
20.931443972621874 8.0073669192157322
17.37544378059172 14.245929920018373
6.5604030258475792 15.39212826655235
20.863086270105974 6.0900220843709221
5.3423844378766185 27.932327240212175
12.537552813868485 22.71721627971278
14.094996685473692 22.06833836671403
24.078165673713112 27.081096424253946
21.148176315056055 24.760206216093078
20.042425883445308 10.826479040552416
10.883764052548193 15.985465588747591
5.8518845765048484 4.2154998288556111
15.620970262905901 18.315160526266219
2.2358325102163197 14.89261790670472
14.231511709564669 12.506334191627818
8.8428341218061064 29.130139728093486
31.465583333053694 0.35779015460410285
26.42122604727717 28.373379803712485
13.237862268482482 16.620591038960086
30.568349220287473 5.8447265451302668
22.376021011892732 4.108079988918055
15.217548999167583 23.21929206461818
11.40646063266407 30.631554329948912
3.2725651172082437 7.942642060488188
1.1469402921997705 1.8685166563939326
10.843507847565828 18.666944484540828
31.383675377643581 6.0461574828021458
25.458676945059054 13.591203658676706
12.982095716544537 25.45251623283179
11.15596499539577 25.626720329597187
3.3748646812747567 15.202556280174166
19.372921836887329 24.250112918416701
4.3666666260032381 30.160707135920738
1.8089280412177258 16.594003866954427
25.005981356063291 5.918425480829387
30.060464572699104 8.4734984598273613
2.1643786023996179 13.993301325430837
5.7392577882590095 16.955430895950876
22.975517146410791 19.474832330288379
22.8976670535598 27.663485315985959
15.131593928344641 20.348430018736956
7.2142534162873417 20.862731006025253
12.126835477154417 8.0202047933009588
25.612501206745765 18.611960933903291
7.4275730286227564 17.634452457527196
20.001213539777819 22.980425977538069
27.880260351674767 19.066272695699755
21.639001097037116 7.0448508021895098
22.815721817051909 30.813392199927407
27.366293002950922 18.018308517715045
11.303679348095127 0.25603637348447739
21.730030740727628 22.452700905402278
19.718697498034544 5.2688012563322522
6.04039425527038 3.1550045309878909
15.321010615464774 10.600016574524636
24.560426085367951 4.8585597205859425
9.3607213544281169 30.751169566385794
24.403061307071756 2.5396907945260883
22.002984415617288 30.673319790995631
28.262721260082195 13.972752411995693
9.6925367201108017 20.432115351622418
1.7387168765184593 25.57262830660196
23.408588923189932 29.756222249785498
21.667493628246945 14.254236792873353
27.079675545387214 6.8521745468540614
8.0772570300681146 16.994984335423101
11.81413250301258 15.306653973337136
23.397383673786727 2.6896368222624321
27.080770389621282 19.140758263794304
5.7301549220833499 8.2764453662556594
26.763915042815043 8.7236156850633257
11.26061821902916 0.7602653291213981
1.3143209763872812 15.569725412838606
29.582382966170748 22.281223110743717
0.96135272617503087 10.09468950544918
16.235142166306357 29.045836990566574
15.347412686922635 1.0830247065411571
2.1066240289865661 10.66374157867536
19.552544971426769 25.309754099442735
15.086202738776352 3.9223233174680208
30.582852169088493 22.175364948813446
13.450366306754406 2.4130289135231253
20.647121488415291 15.183990575963318
16.368993992391861 13.082690737339131
21.018508496319523 23.947424292007067
5.5934857568927274 17.759550610264832
10.081931955618044 17.141966465668791
15.459962162664189 1.9180710104234766
3.160197334565777 4.6931008149367948
15.756631872230544 23.970334669969805
26.348044902188857 14.421281064205452
20.624319234496408 4.4004179452593704
25.232265454944447 12.080730484381627
2.3367239407612046 5.2217111438457051
24.839961681784715 15.996776263378388
30.739258066354303 22.997912212540811
23.93879389675639 18.909833844820142
1.6921096682244161 4.4755827986197838
1.1282264008048717 14.46897355212154
28.773357360719857 27.783208366259608
4.2763109276424558 3.458115690492007
18.393353193992045 8.8312507550850956
11.589602959254577 22.816052310252612
19.976687322790983 9.9107806129490346
4.1468151038251913 27.586910256875605
13.374964961033495 10.083327782379204
30.255755130862667 10.521118326244062
17.223242312786248 30.43213785650833
12.063754675262798 11.936240380369824
16.748206076377389 1.7810611591744019
22.553214831835366 25.02762971984172
7.9251789063425981 27.076404197703223
14.287565982083457 7.7973259736401461
0.90555762166045672 23.993003079216017
9.4417528128006243 8.7596345896884795
5.6404742266632377 5.7936564981207974
9.4070162299905427 24.606273120901125
8.3597033475067004 3.711475034252957
11.208782424574258 3.5397903261294044
5.1140038560704797 24.190635599890882
27.076383587295382 7.7666110730162359
9.0929423635390396 13.7816285018868
15.763717537368429 25.930630814003919
9.0013846115504279 17.2185047160445
12.205168619592763 31.058868620961338
2.5249685281312 3.3212647613114985
25.23435207965662 3.0344136481174879
28.892509465133376 2.942400607893656
6.398663510158106 11.08773003964426
10.958515493579309 23.453371517402534
31.411220117438454 7.6803332567062439
17.947134500980663 11.078857608009534
17.210459754411136 27.706307938959807
0.75997062365915824 1.0687853104552922
10.72590951756632 11.95292743142844
18.266943936662329 29.546742380415765
4.2321683656567339 14.700330791726023
14.856486002097164 30.125915922029733
21.564403030555262 20.201535881520925
4.7288492720006241 11.277427755464936
14.747692576654631 24.486809029088903
30.327735855880054 4.8501500831633786
20.629117567800755 21.069534072853546
20.950456048273963 16.79147126403884
23.775207462206208 0.0639780676589633
16.426371368736213 5.3289896045656953
23.637535162162195 8.6144743884253145
3.4788888245933518 12.378330142375615
15.861136646465761 12.133637421967741
27.95388034103469 24.134565884582308
22.332310709367196 24.272818343255295
