4.399252334 26.11846952
12.68754525 13.31031308
5.778664091 22.8819382
16.74955802 31.54675267
6.383030555 3.965327746
31.36842589 19.11623131
6.824053446 25.21122285
21.08333554 0.6763754484
11.45177176 12.16429062
1.211904895 4.531482231
0.9268065773 29.14074268
20.78963004 3.839931505
2.117358922 5.585066946
21.41191065 24.15764921
23.96916312 0.8299587473
12.41427549 4.664939716
25.88613349 14.21435581
21.91562697 5.932983819
22.32677723 3.963913272
18.50972322 28.88623695
5.232300329 19.13074859
10.11208677 4.652534312
9.922134958 16.49785364
26.7045684 31.52000317
31.20053071 20.03714566
18.73060388 10.39732562
16.57634274 6.976925111
16.60036779 0.8031653078
19.55558931 3.287053636
14.68487667 30.89398111
13.96474098 5.023936094
16.11389696 26.17716534
27.00200997 9.733429981
29.27050977 23.44064062
20.19694016 2.727492462
20.56602418 16.14791695
14.94182141 25.48963307
3.230874754 20.03099502
24.46817788 9.222005983
2.188902146 23.21741267
13.94225882 15.06262607
1.726862882 27.59372236
17.61165822 29.75693626
13.73105852 30.61823067
9.656764635 10.79751556
2.596819038 16.60282552
15.67275092 29.95317754
16.6790518 18.03351451
19.38653679 30.4729153
20.17001197 18.45805107
11.72308142 16.02723952
1.132326006 19.62471901
26.51538427 28.11366113
25.46326245 22.23813525
18.56848707 24.68635724
3.096914907 11.58041518
5.851994803 24.62425176
20.4486045 20.16976942
14.23055078 19.04122565
6.095774348 13.78160814
11.6484293 2.120093094
3.485462917 1.931112875
17.18076195 24.08550657
26.98230052 29.19268325
16.91984191 9.902798466
27.73128371 22.88869275
6.516641789 30.97354812
23.52175556 25.72668489
0.614809739 13.78530077
30.22949747 28.70054123
14.32084906 10.86753465
25.67790951 27.0013939
12.54693637 19.0916991
12.56256549 14.70680423
21.36795853 16.6188959
17.72369475 26.72714267
9.371559501 31.13654893
15.70368013 27.93978199
29.17518567 24.45024764
31.31024662 12.18546666
14.41513163 3.051269201
23.59643267 21.93046722
1.672066663 9.690979938
5.44881183 10.70441121
27.97126303 24.68067425
22.61628137 24.37630131
30.19039348 23.08115229
23.52056673 4.815734651
7.241089083 10.63983217
18.20575152 18.13127304
18.14070223 24.01142682
0.8867231367 24.13330916
5.518179661 2.037299236
9.570703208 20.4774966
4.100703898 18.93708336
10.86246426 0.7617448695
30.42482969 19.00765695
25.80096192 24.2530269
16.97269888 16.63932107
13.30094967 1.173484001
15.5802607 20.61617808
25.51609998 26.13480777
16.22281524 15.94894303
20.91620474 6.545953135
24.68515374 24.53268065
13.36596986 23.82864968
29.78234961 16.25958907
3.236422004 12.52259244
5.736668776 1.108068415
21.24636802 14.18719515
17.66475005 22.28549503
17.63811132 1.09837265
3.977509942 11.30263161
23.41837311 18.02100658
11.27252386 23.92313714
0.1598771921 5.693834487
19.52031273 8.837274555
3.880596083 22.56754394
26.58710464 12.21124874
12.4492327 21.56574098
28.46575374 21.13330269
20.45837886 7.907922029
23.40955714 15.54765424
16.80532973 14.47989056
3.717383039 28.42282694
14.90151712 21.17513483
0.5487359796 11.04476471
30.77617849 13.88297073
0.7812726809 11.9141554
4.631770119 1.571266856
1.49143493 18.69597354
9.520686921 3.841223288
25.73649263 3.635868268
8.454769886 1.423367384
24.04291988 13.49607247
9.62616368 0.4736765537
28.63284222 26.30158593
23.73270148 5.73000445
19.46336327 15.5499398
9.055988723 25.48061619
29.77585401 4.23037168
13.73069905 13.37341878
7.217666895 5.077889872
15.40117034 13.33956533
14.57308144 8.417534494
7.603170672 16.30735062
28.16435472 7.331936951
3.200611792 5.064362253
26.32401888 2.892246624
21.95256481 23.47242956
8.746268762 16.08897671
4.708007278 22.12657675
0.8994327616 20.18885435
23.34581687 19.28891409
18.86833144 29.65270298
20.48416644 22.89457361
28.65689721 15.12294865
22.68652493 29.42312699
28.52860413 22.26793916
3.941553387 27.18095391
10.00162372 27.89685343
4.042568414 10.28375475
28.90741348 17.99058036
30.62483483 6.133247972
30.1338479 8.575062544
26.68714848 23.71735976
12.83696222 3.441313637
7.554311086 3.085212558
5.032240457 3.831858487
16.88287542 6.184098991
4.70695932 7.011364693
2.27845861 7.597914008
19.44459711 14.37974042
12.32338468 31.46971945
24.12410876 30.31579759
12.69770289 16.33355613
4.705753779 30.72542801
18.04273334 19.5487952
12.29390406 24.06423639
24.70922665 4.401897832
13.18606759 22.07164074
4.479034203 5.487946393
11.46614658 26.71297517
8.863961124 28.24641139
22.10977496 0.4011537038
29.34455652 12.12566407
15.65740588 11.25609113
1.07710966 17.85147896
22.90095479 14.79010734
22.73730241 6.444518625
17.34816062 23.01015406
8.436538096 3.789179711
11.34680615 5.191160921
15.03305549 10.15451328
1.0024591 21.32394169
11.93893269 0.5919192999
23.47906295 9.297068301
9.993189199 29.13356319
10.22707947 5.503946628
29.89186594 29.67951051
24.18398005 15.83622818
11.61003149 25.64643013
14.65882026 19.68758769
23.60030329 2.697425764
15.69210956 6.074002877
26.21536414 9.087550545
5.899728143 15.18556418
4.991442001 9.924739221
9.17155727 29.18423537
28.95560724 5.602120165
17.68553664 10.81942283
2.449023776 1.194265668
6.578236284 28.61388329
30.53758308 31.13821057
27.79435085 0.913299597
25.30037827 17.19816577
0.05029556589 31.31025734
26.45142864 4.251974552
10.87856954 14.17284411
5.531480931 31.32653497
16.96516343 3.191463265
25.07819751 30.85314625
4.203846815 12.48947197
22.29482276 2.268366711
17.76707397 17.43302068
16.79366391 30.2607007
15.23148095 4.333278428
0.8221500788 25.44145995
1.293419739 14.53638868
9.70721351 14.24374506
21.65691775 28.09844095
5.925658601 18.89460728
30.14168903 27.56322895
4.645159068 9.086460799
24.96456706 23.63451097
20.95103369 30.66652249
10.57553105 17.30723212
20.92379253 8.587134753
14.25676209 15.86695726
30.6838575 5.0135675
14.25358804 28.01632722
28.47497237 2.944305086
15.83502266 10.1516227
4.78846407 25.17014861
22.87035119 10.71582252
6.08593257 17.92128645
18.00722608 25.84800114
13.04585089 27.48311756
26.13937523 6.874756681
11.73071837 8.889012483
15.29323723 2.948560864
29.77173523 19.02246039
0.55421835 4.869525763
31.16901813 4.466533831
24.92833748 15.2173942
17.82773931 4.940749384
2.049710053 3.551031114
7.917307118 19.63670009
18.42730855 1.848832911
6.68856176 15.02970071
1.867927785 21.29127507
30.83973634 7.000222191
13.10261215 12.41066361
22.65708922 7.617924717
8.71044791 13.1442068
28.49653989 20.08656378
9.829409154 8.073310762
11.83555125 17.27565042
25.84715409 0.3042813882
9.718917052 2.0901145
0.5690904924 7.597805833
10.70225652 21.58879173
10.50646839 30.24200787
29.1555787 16.9540187
4.910829042 8.192794272
15.08495775 17.71551241
29.00126098 3.34841207
7.258727053 29.1108731
11.73831707 7.958657368
1.614499459 10.81578436
29.28113616 20.08187175
10.64186286 25.48468962
26.03671227 5.769195891
2.381962685 11.07182993
0.1542023731 26.14378518
4.075993007 14.23114894
7.613345746 1.000375421
11.7344288 5.774854298
7.837479328 14.71802642
31.17623375 13.16169871
27.94107829 28.97651529
29.86631656 13.35049728
23.4482171 6.949239412
19.14213878 1.180377554
22.95444031 11.76665256
23.60123901 8.151698262
3.178289841 24.82895899
5.724933501 23.91525924
13.06650389 10.15810399
31.26688675 3.369806069
11.2988679 22.5517123
2.228104325 4.58766891
11.06957253 16.38179163
17.82689695 6.094368943
8.210000783 27.19010202
25.34710823 8.875827366
29.3986475 14.1884287
10.74410364 8.241726713
16.5866628 11.83750337
21.23022416 21.02221651
0.6621729435 23.2607162
2.627993936 25.7203554
5.109646353 12.48143077
27.20254396 3.114449072
0.3901001205 18.68349535
8.968250498 2.970926843
23.36313974 12.89310673
11.66762187 21.47016849
25.28533636 16.31450393
8.247641495 7.172886202
23.82269355 11.93953752
24.16564808 20.40623998
26.60432 25.07482884
16.62620442 8.440283232
7.020686961 18.61952346
15.67933953 23.39500427
27.904851 2.190450125
0.65724945 10.17740938
16.47826049 24.70928565
25.96490937 11.55896644
25.5462552 17.98408366
12.96293723 20.38397906
27.20237523 25.55695243
11.15021908 29.78756104
16.48170255 21.63492785
16.93973426 4.088664593
19.57599933 13.33643096
29.53306829 25.95570073
8.555742508 30.37881363
15.1125401 11.73010606
9.576241342 30.27596994
13.55824059 0.3745450019
26.66861684 29.81011559
23.53895425 14.30471083
28.23043708 30.09706643
8.879861382 19.66330545
10.46767935 23.48444109
27.91224556 16.03623199
3.002771024 2.965602653
6.797925677 1.313041851
22.46927968 22.15300862
0.9970060582 15.56014115
25.60088527 7.94362021
6.858570659 11.57635703
7.173185871 12.89819761
29.26939049 30.96054722
2.442852438 2.26593685
11.55862977 12.99861948
13.90376448 29.42407921
14.00569829 18.09811234
30.60551064 17.76217244
11.94929916 22.90233554
28.58219591 12.64734373
14.15496648 9.725028187
14.17305668 1.902895868
19.5976754 11.14713955
9.582164667 24.17582876
2.409578798 17.80623744
2.185193858 12.66355588
8.219293002 8.14618023
9.506366358 11.69323012
3.088647567 26.59190349
21.0997979 5.180705583
22.66173734 9.563302128
28.58977382 1.442102899
8.427813232 18.78069759
27.93802218 9.77280269
26.63983651 17.13807305
2.108495783 6.811868341
31.15740745 25.14148953
12.44294826 25.81809827
24.28921039 16.90096814
13.9902436 23.27974511
22.64379122 31.11190311
3.436062508 17.60797108
8.200007891 23.86827845
7.690951318 20.84164251
31.58656297 14.48194746
29.33418557 28.45703559
9.59375752 21.97152629
21.67324759 11.61937852
1.446275725 5.820890118
22.6909265 16.40970508
12.5025491 11.00666373
16.38418527 17.32312097
24.30864639 8.10601912
1.135546957 6.828616276
14.13147552 22.22351551
31.17576294 8.62981395
16.91484484 19.53873298
18.97701288 6.639005447
25.74128186 25.24936255
21.60196538 19.97548492
2.35290823 29.89417081
31.09206736 28.16157956
18.03089171 12.82712258
20.68936764 12.17643268
26.9659802 22.42162609
16.02185471 14.09909857
4.845154828 19.91848259
9.667127393 17.61361772
4.549090108 24.40446879
3.083401106 15.47977199
15.88407636 4.27320542
0.6354003925 12.81115723
1.256830975 3.339426374
19.0255575 27.4538034
28.68396813 13.51087091
7.417212407 6.515594516
8.898240159 5.768384899
3.10810997 24.09681698
14.90275983 14.70085491
1.853001048 22.39843479
26.15395023 19.35023332
9.03829748 21.5236447
22.27779176 20.46240007
8.466508406 8.905550276
6.733823694 23.20922428
22.1756071 14.0141466
20.20881291 31.09675959
1.898284998 24.84937584
19.30084069 23.34270316
18.74843166 31.31838048
4.62512133 29.72386603
10.46559459 31.46277166
16.7806947 28.04534898
12.14743089 20.42650027
3.977842443 0.9524535942
27.67153918 5.221277797
1.439756193 1.213570133
10.10270227 9.857117232
29.76746718 9.284246146
15.16023844 8.95666406
22.70075775 2.991735312
7.943413993 28.26280494
19.0803572 26.75362202
7.135968949 7.419392757
29.91241788 5.583009073
27.51960624 3.894546626
18.36121569 28.09932878
14.5509232 13.89718518
31.48441968 2.269226241
23.35316399 31.52403815
6.2530051 12.67511598
11.06766673 18.0508426
13.03201276 6.121072579
3.040240352 27.61119826
26.84047496 0.9367555284
1.732187497 17.14081629
21.33474565 19.14533543
28.83836351 27.5150205
4.076548594 2.620855936
7.957490063 9.907880043
26.18160426 20.77204529
31.49975941 20.70076851
19.71857736 16.77649523
1.612191587 25.80779511
23.39695275 16.87229998
29.05865634 10.85302075
4.209510063 4.65065475
17.41197618 18.73450366
7.041260336 19.4921843
17.37573547 12.06797336
0.9343503829 16.41265002
27.83636831 30.52894545
13.51448653 16.92232499
13.56776796 11.08712878
4.839220783 11.39191047
18.28982496 9.796977168
17.55903454 31.24878564
6.341561297 10.66451923
5.601674597 7.728428743
15.99582057 5.363508986
30.64144004 16.51659961
25.32764841 18.90543628
12.72106742 7.156982769
22.23577126 25.0891683
6.431724461 2.383908208
25.21245681 29.46819622
18.72515247 7.682956387
12.45131883 28.42106669
6.846031848 26.67640559
10.37246653 26.37357952
18.60823691 21.44053649
21.0812022 18.05248339
4.672048928 16.4707426
18.94401906 11.98468273
24.66643259 12.63269881
14.38474461 7.163548109
18.14483101 0.5435845873
27.35234616 18.31350557
27.57684737 21.61410773
24.29276168 6.674177155
4.765799335 17.97403149
6.440658012 5.161296363
26.54024955 26.52851442
12.20187493 9.845971927
18.62766065 5.475283713
9.394134546 27.37281547
23.63701492 24.58709493
5.844851143 26.29987984
20.30718693 21.30003501
0.1587262045 21.61064374
31.30886762 22.3944761
18.49791286 14.42050682
25.97248459 15.76686913
27.96218787 19.04470455
13.70601872 25.66961055
22.07168003 15.6950026
28.79717481 9.862141402
0.3768045639 3.586058685
21.52728729 31.13935537
15.28816883 27.17016175
28.79294726 18.81397765
0.9903007497 9.059284464
4.442926479 15.20006783
0.960787134 26.74393412
24.26169938 28.37425961
15.7419354 15.06589626
16.76512749 25.91008131
2.103946935 31.07503269
21.7630375 9.26541722
30.27812045 25.57111385
25.13105405 0.4898407596
8.939950575 14.0081213
5.405367005 13.67069074
17.39938112 20.4882097
17.40621904 9.226284298
18.92974968 2.702993972
0.8938273187 0.6980220883
2.120757668 8.440707499
7.238901272 27.62706332
21.73141596 26.42648673
23.96739034 10.18072862
19.7409652 12.3583766
13.47269066 24.96270566
2.450002599 28.40554389
26.41682519 13.3297958
13.87041882 7.880625635
1.879355522 24.03588501
19.33456705 18.16625431
12.74734732 8.88025249
17.99678745 6.994751003
22.16231278 10.59339964
23.33869838 28.666783
4.464921544 13.46198526
24.99720638 3.079473361
16.73205163 10.81161314
29.91148867 10.28336281
10.55473496 12.0718323
14.11157195 20.45989433
1.996260179 0.08276128588
22.49659897 8.50963518
30.71320493 24.00269651
14.75943489 6.196552601
8.505713577 20.74794882
4.118257627 31.46466067
22.90162826 26.94697982
8.716750639 0.5279675196
15.47865746 7.203735448
12.8055288 22.96521205
27.82805928 17.56700819
0.04377299231 9.260149251
8.056032504 25.4550134
7.655433204 17.97610354
3.852925844 8.054283619
16.54125347 29.20784945
22.88773595 25.89294128
8.097727813 22.13251494
17.55631897 27.37288918
3.795489471 15.93930564
16.40204425 27.07917123
9.598170045 18.74446012
20.91343529 28.23810303
18.72979373 4.06077349
26.96079351 6.269717977
28.18153642 4.332101498
9.140816672 6.407727819
31.25684123 27.19033464
29.48362465 2.36393969
1.099252617 8.171260583
4.940074551 21.09581581
10.59079247 11.00354615
12.98258476 5.221541147
29.6060652 22.39704511
15.66519455 0.7487740483
27.85183037 8.549196936
10.4441696 6.248187444
28.41313087 23.44933253
7.275158446 23.46637404
22.1458965 12.29307654
16.41804278 1.841906636
3.973705987 3.732335689
17.93344492 2.760746148
29.75591697 26.92819089
6.524774574 21.85712065
2.431987163 19.60184221
3.075951561 21.2011681
17.87901377 15.87501053
24.21715863 3.614242516
15.81436575 24.84559408
29.86830829 17.6694944
20.5761782 15.361217
27.10729454 27.03127641
7.365345284 2.24432634
4.797208215 27.01909559
3.224919654 13.41556495
3.151367594 6.616499355
13.730862 6.458628941
10.79744117 27.39244456
0.08387127153 15.29702256
29.66614672 6.841088408
20.44800457 27.23747887
9.711014447 24.84816486
8.481833332 2.28051216
20.04544803 29.80288624
22.58420772 17.90321363
13.53565865 2.4920495
19.45087357 0.2133189089
8.831533012 16.83437993
25.65957481 12.74709306
28.84318893 6.547618024
15.65633127 19.65636106
15.67138165 7.829120397
12.42607289 1.287206188
6.287294005 20.06502995
18.84822421 15.67801094
10.19228353 3.12814564
16.05009144 9.067202871
9.056314072 4.869282159
16.96369783 5.05730676
28.40905907 11.48562043
0.7042063626 30.33964645
21.51638842 21.7704025
2.080864075 15.96138943
23.4366085 30.13143205
5.502160106 4.592154588
11.90241807 18.599385
13.37781186 28.4294547
8.133614131 31.30093372
27.24529708 13.69641978
24.12731038 27.04761112
3.986636372 20.20974702
27.75549429 10.7429867
21.44287896 3.443009545
20.68319146 1.816002002
13.63391606 9.142531914
20.97200583 9.704948228
30.05032378 14.83152762
26.70151991 5.027398061
7.700850567 17.2226776
28.67964855 28.94364406
9.778634443 1.445320231
29.01998384 4.664606641
3.564893401 18.66953586
19.34635639 4.790697719
4.92722433 2.864360379
0.977314847 22.52192951
21.65514236 6.963397777
27.51952287 11.89751124
10.97335824 1.528607246
19.53303645 20.9427027
2.117312516 20.46111249
17.05166712 15.47697555
11.58181355 28.69999647
5.727562073 20.61643997
5.439942125 5.544648768
30.02316805 24.5699943
13.07274469 29.62366627
19.98289097 9.453911123
23.32187536 3.960905113
5.807655617 21.811963
25.70561873 28.01883044
19.66599802 24.1330187
15.88295917 12.5978307
2.397397815 13.90423492
12.26483055 29.63756475
3.054213565 0.7286849269
16.4141949 23.32650581
0.0688238519 1.233086568
29.33844453 1.401525646
30.90395328 11.48335795
21.31814595 22.6588278
22.42850318 28.37872672
11.28677993 10.08955895
4.553040654 6.420201711
2.125115413 26.79783207
11.8006125 15.01602861
3.332232618 5.885814739
26.67191504 30.69509701
5.39803031 16.19788478
18.66554175 8.89102445
8.142967156 11.4245107
24.95895641 7.326513465
5.927943484 6.733730505
24.35224499 21.61511889
31.37857303 17.7958558
9.062554998 9.794784443
5.692285313 25.75855916
0.3505004838 17.09636149
5.882728414 11.88170543
23.57830873 23.77531328
13.69611841 21.20251618
22.68257932 5.316580554
14.99640076 26.09788744
25.23426449 9.966106805
14.02089659 12.04544937
24.27884732 18.87993061
19.632119 7.697500292
21.82057482 1.413080567
9.351200784 15.15084329
15.04451312 24.1843292
6.955957896 20.84769807
29.89874904 7.707381113
16.23679101 22.2007713
7.400526009 31.53797313
24.80652949 1.394579532
14.29807823 3.885079936
7.792928372 5.884831377
27.41521867 7.213496624
20.5403723 23.93114987
14.76016071 29.95049202
8.235299904 29.38843455
11.87318199 13.78458439
24.54919287 25.38579463
11.79272377 27.58760845
30.56793034 15.22753714
20.90804138 29.4300463
0.684137979 27.57372795
27.08839705 20.88622034
25.06173567 21.23874684
7.559399593 30.23365002
14.78389354 1.352963898
20.44020558 5.38792694
14.36009474 27.12962964
17.85413112 14.6569641
18.26708255 16.71827151
10.95884054 24.65795153
31.27069263 23.3653558
13.34301259 14.25386126
26.66826329 16.5384664
10.20550965 22.64263126
1.55394188 2.283560646
10.06260381 19.73294252
7.014538354 15.91973092
5.150829149 14.80471588
18.66283428 13.29424183
10.79286276 2.71470104
5.470073753 27.50171631
11.9039116 6.600774729
8.863458805 12.3045203
5.236335764 28.62661633
19.45235457 25.08224382
24.80451099 27.7539927
5.873200951 8.926156971
19.75210408 10.29946089
3.666161409 16.97408549
20.21297716 25.77209386
19.19845834 17.17779809
16.07710129 3.072097126
27.84034733 26.17906083
24.92891951 11.74176169
9.908065812 12.82113893
26.81749703 10.98543541
21.76198944 27.07744108
30.26880615 21.09654186
25.71195492 29.06767181
2.469061447 9.713424768
7.284099306 3.895094004
21.86258355 4.679224219
22.72496297 23.03953183
21.98396474 17.20434389
14.58987194 12.68981092
20.38141939 0.603726173
17.60746801 21.39133718
13.69378357 26.5277026
2.041830602 14.93976554
15.17875352 16.00338025
11.26334731 20.17542337
6.980737044 14.06268921
3.297886934 30.45903869
18.86912092 18.94585234
11.32039399 19.4331894
6.648265547 30.0679797
25.10238336 13.67041339
25.5844747 2.157199531
0.1612150412 24.60740626
19.8243938 28.14493451
7.855241885 13.58105965
28.16895086 14.34019112
14.35132457 0.3659338033
18.52457958 20.40838981
19.01526875 25.92284788
15.27426437 18.4444913
5.834730421 29.22883757
21.44249521 25.57450706
10.45881804 20.84375001
19.73568994 1.704762746
30.58359679 1.719926793
23.19127393 27.55491132
3.69095643 9.208776777
11.19846934 7.164290139
16.10144124 18.8592445
7.15580294 9.484319585
30.22485069 3.581146874
13.26706562 19.49380572
31.58292953 29.8366666
6.145136007 9.559838208
14.33397995 24.45390172
20.60317754 17.39085972
6.980257993 24.55343479
19.56114666 5.910694747
26.10940352 23.14305122
20.72652143 25.01432588
29.99294165 11.30852447
12.63624948 26.73160967
4.914835848 23.13553695
20.21080681 19.39550932
26.19792281 10.28062407
21.42195201 12.99556045
28.75793225 8.815054822
8.498886223 26.5008076
20.59483889 13.28934438
29.1021694 15.71108642
27.07056606 8.57037736
28.69895438 25.21012133
26.55488805 7.747892615
10.12052701 15.62611231
27.40188348 28.0564271
3.534479122 7.424140218
31.15152799 0.5203987093
10.85861863 4.073992769
2.864543523 21.95622715
23.37004521 1.673724939
22.24998599 30.23443505
1.558823097 13.39597448
29.23326593 21.4619268
29.32003217 30.08822036
1.754800266 12.00623428
12.90820544 7.934709268
8.583376376 10.72380151
13.07085635 15.65870489
22.84796989 1.039456031
16.70394267 13.1002108
8.277095001 15.18387256
23.40730437 20.56879492
11.66109971 4.021625822
2.940016725 8.683299028
24.62808314 5.444035506
11.85170438 3.118952394
3.18146841 14.56230776
24.71340078 19.77837037
27.45517722 24.10466926
15.49206118 1.941076459
11.50817212 11.05143401
28.91201446 7.916478231
3.069007621 3.975444344
13.09916088 31.00246311
22.7817349 19.40792699
4.014415665 21.32989007
4.982955089 0.4560011564
6.301970193 6.263087173
30.71323193 30.54475444
31.20241975 10.56837362
17.89209766 8.301994799
4.094045922 23.75112668
30.16022938 12.52534445
8.128043444 4.708398568
21.57785359 29.45780935
8.561585773 22.88621717
20.30135936 14.41816179
13.3570527 3.982735237
27.5397849 20.11380281
25.46350545 4.811652906
12.51974283 17.52779304
6.125501517 16.56064827
0.323269694 28.4626349
18.50254389 23.03238678
16.04482879 30.84416183
20.01839629 22.24398987
20.59050035 11.23445794
27.79053631 31.53272651
31.28658048 16.25284881
12.38811704 24.79914375
3.174608043 10.26827619
16.47278891 20.55666537
6.025192971 3.19844943
10.76130746 28.63758623
24.27215599 29.28274754
20.39445773 26.63085429
24.2238502 31.44351185
14.62897057 5.248680826
24.38747915 2.222178995
11.20761238 31.16404727
27.60197327 12.8705002
3.253477089 31.25890356
0.212673477 6.417707262
14.90113798 22.90603503
20.15449922 6.747204758
3.873022665 29.6718708
6.242374984 27.63669841
12.67925752 2.32932403
21.6622076 15.12081042
3.733861313 25.593858
23.99618119 10.94050335
25.58509234 20.3006093
18.12588425 30.48119051
7.700654259 12.18978767
18.26809027 11.52274063
15.63246618 28.86823149
21.319335 2.479699836
14.27163024 16.93178307
30.36081923 2.632065304
30.87533531 26.40112311
27.06087115 1.98584414
9.268119337 23.27957925
0.6656684113 2.256120757
15.31629178 31.55451802
30.1175288 20.29477077
8.818147395 17.90881559
6.52457463 7.973283291
18.03277036 3.802268094
17.38036307 28.72793752
15.46657474 16.88540069
17.19510675 2.071984944
7.342071205 26.12867377
7.265617729 8.599373626
10.70706255 9.26258197
30.5743617 21.87308732
1.6006882 28.67903103
1.621374492 30.033491
27.2719211 14.67177972
30.7904112 9.831539879
24.58246046 14.55212023
10.20209686 7.03893821
2.499858257 18.72141716
22.03090679 18.59399871
22.74423772 21.26415992
8.263033906 24.57683132
17.39469215 13.58406322
17.16308742 7.65939608
3.145263276 23.00721283
21.59584255 7.873495763
30.24786138 0.8147192612
4.960923458 17.518015
10.44503824 18.75817565
25.62094297 30.5165175
13.21705862 18.17811055
10.39420878 13.38696425
6.418575148 0.3674541573
19.29084053 19.84940361
26.23632442 14.90977239
12.00108337 30.48787462
2.963165024 29.20190303
24.32136496 17.96526159
10.80585587 15.0381345
20.08375885 4.263963125
31.23449029 7.747291988
17.53418754 25.16685837
28.14587493 16.85221986
25.16323515 10.82064082
26.21856801 21.86023014
25.2605208 6.23984918
6.499644914 17.30333723
27.25996365 15.59491111
19.05806718 22.18543776
29.58450338 0.2075964667
12.46663981 11.9360824
26.86857675 19.44209603
9.128467261 7.434137721
14.72385416 28.77724125
26.08127284 1.51940395
26.47886308 18.14373878
24.4775755 26.37692003
19.78055489 28.83181775
28.15709477 27.4698446
21.16526424 10.54795633
31.00968 29.35843998
23.78672458 22.87642894
7.402143299 22.16565207
9.491463868 8.85394016
24.76091496 22.87505614
28.63325484 0.1255346796
9.577955842 26.316604
4.463615568 28.36964065
0.8927751304 31.26222936
27.90244424 6.011218031
15.22070781 21.95207521
5.600476214 30.17580113
22.58689072 13.31404704
