18.592748083111701 5.3974854699339128
13.882963858570859 19.459418733000636
10.996523274310379 17.400913335965324
21.494546467282234 18.935704571536817
14.857952056221251 23.367421590880344
21.721788818954984 13.70152973254244
26.278758808246252 31.16434605649938
16.892817382543136 12.202128292695127
14.904316466230432 25.384209071123877
15.109722090068527 22.228797143946686
22.730078352923734 12.007964774040762
20.833710970920205 14.694219140344311
30.350024482003974 9.03853105220945
29.627653767060796 2.2814864248851463
22.324219030467621 1.9906557349543685
10.069800432960331 21.081891455595169
13.859535056683699 9.817272928675715
10.614398771785465 4.374621497403087
29.071562992718409 2.9999475977270897
2.5280893571374414 23.949565396982038
28.328216410402501 3.625115320111314
15.692135891539191 26.034471631850359
0.74328253020700441 0.37390755149744731
20.417293561815054 3.6050736008603081
16.436250486445942 18.912393780344562
18.402964938796384 21.828288656968333
26.979718186937465 8.4094528839014586
22.089747724782978 14.473555833270296
30.708820166067841 21.312924551163537
31.096828608183046 23.630244628348173
5.3514147751830592 27.381957463778928
3.8817045465365387 2.3020336951334799
4.5272874788898774 7.8148062461745402
24.342135537829854 4.6325329398184776
3.9361570255634155 14.69640120165923
0.98253647650913167 10.897449092817242
18.411458946871335 18.064853723775695
0.25627711793527852 24.377678135035694
6.3127532582884633 4.549376917893948
1.6268022664260793 1.3795324141839078
15.716748874717949 9.6536469058611392
19.649515608578444 31.036581154887397
17.605974282246748 3.7035552877890852
15.005866563208146 6.8079969324646905
3.4463122590855702 22.332385972199379
21.749648963876343 3.6632609363068376
4.3401409920083216 20.745800964305349
5.4440217775371833 0.94865802460793991
2.002582976126098 16.275178060006084
15.251034386638764 14.656304353713791
2.7932024916095406 16.090567208095326
9.7086737727417205 27.630525683290283
18.237615238551786 2.002663470547092
6.2321934514996151 15.08249654514824
9.5177642085360876 24.808763600119903
1.7001552515880372 26.758135705815686
12.743981001827123 26.727820153795143
11.686513077081878 23.911754202172901
18.85927377138584 12.856775273430838
28.80657590891995 19.26649613974832
9.2015373930022424 7.7620147223205045
24.983280892443311 17.046635864939535
30.967324831246202 22.228758616213305
15.446063858635418 4.8711042777744309
22.256032969615433 26.751034987130897
20.099671388537445 11.924079466485869
13.844789860274169 26.89829607599043
10.477477193931374 3.5582176787307129
11.119368341006961 25.09059315661996
12.683753694348244 19.251215309488632
18.176074872105676 15.84186837600579
4.9355934545893625 28.343759190960231
11.843038882717755 4.6153325305526867
18.903302148085082 18.814404803184701
8.6699440607246689 24.04142375831411
11.17364375324691 20.50149043535653
6.0690890505515611 25.91956125838524
16.351868207181013 2.643888797376392
4.666762230919498 2.804407146762331
9.931167987574014 17.241048340468669
23.801110642099911 25.803787118084795
13.073008989019559 1.4339072454718427
14.391451185456098 17.506398038187019
23.663035584311729 3.4190007285506137
0.0088921863255491049 26.203106796084406
0.36083446470587516 31.129314399158563
11.192699415874047 5.373113907979957
29.16610481240658 8.0106094520120497
17.468342047518231 1.1204502388859949
23.845589848139674 19.701134699984625
10.193839266863264 21.912020039694696
8.3427256987545118 27.693972700143586
18.585302222282476 31.176988562486095
9.3867785953975016 12.719455345466073
3.5525705637050926 23.697735953229436
23.878422287412569 2.2217238470003853
23.36898974108604 16.832992127168197
15.901876671592907 15.293632224991626
1.958410364038162 29.206389384155163
12.11449728413514 14.895269243377399
25.425052454645975 4.0533769481678323
18.072614454590969 4.7319695959517434
23.593203873456631 24.880505863783167
0.45384109811954682 21.24378250786555
10.187475812811289 12.248723767521115
26.11782874954546 23.0497834730071
9.1051321857697207 17.852934423358157
22.70916616267009 8.1241518071856955
12.453698569806468 24.581651148863372
2.4838976731124367 2.749318532924657
22.876560579619749 1.0376715111288988
6.6239089193580698 12.90836124907117
1.7349183166828204 25.378455948045442
15.630345872936337 19.404320295302643
28.060530269788725 24.032766529845439
13.431907098571026 15.646092261482785
16.499960045128923 27.971973436043402
25.44954511781269 27.366614127460522
10.963864543608409 23.594626296012606
7.4502320383150016 2.2324411370675117
5.6124239880624431 2.8112055757473713
6.9961179671408109 14.538668104390924
23.758532270209493 8.2179064534359458
10.552273383042756 0.6991457296889293
6.8769498744688011 10.526415245923474
31.451352515827125 1.42494959764383
3.3508992069138723 9.4153645665142776
22.561283362301605 28.756847676784524
9.8269584629155666 16.43027768141609
0.68554621734328114 17.078565374414833
8.6269911999972386 11.882372102823377
19.107078296087302 8.9646718105090599
9.6154864458279352 13.512128497948705
24.779836085930643 8.4562201955662211
11.780931099014094 15.994833064300931
8.4344809346345926 27.146880899504893
2.6182290282161973 5.7889761276041822
22.594263793863504 31.486674543076862
18.511811257844368 25.550673366625428
20.05533378089071 4.4976311207473181
19.071260205332937 22.614181887620024
30.649981225631127 24.85043460580285
23.497782937004018 9.2120630721763526
0.40427464760481674 6.1121016152383545
7.5011770438534455 9.2006709472754498
31.429410578875039 20.702742834323963
26.140983040304601 15.21489831607691
10.523821755463866 2.00343398268762
11.680112947906313 3.6984350014758198
1.0856248081226894 15.124070506655624
25.272116261618322 0.25822017269342018
26.297956540764631 29.39351721347386
12.732865346489369 21.985456771351608
25.086460958803098 19.701577731344955
23.168761082746091 12.847895098905166
13.537242961329092 14.522049664060752
4.9139686764065438 15.019323046684992
23.756620401070276 30.107250301864838
4.6017717573990558 11.935813912996114
3.440997839659131 10.88066850107513
28.746709738730726 23.469586215754671
29.139985468066154 13.59340032655501
11.266808338717091 21.32359316378826
14.277681286044542 24.099770249323836
17.991057067791953 29.365133641600899
29.479899423696605 9.3077577435559906
18.528757295262796 1.1397284240495424
5.5530779732371442 30.631516923218623
12.520777634665865 25.930130992637075
16.78696449970662 1.6993002223620681
13.090887821015084 11.360179768735643
26.715205391654163 13.7383419816016
0.045266290572191691 8.0037678568644228
22.559815364284464 5.5260742958447793
20.115622432060125 8.8873958551988395
11.963845901299845 12.849918803277149
30.58300521195217 4.6760270611469235
27.694857166702896 11.700657042509727
12.749551018719957 3.139503471345487
7.8194769203267205 13.544225085733684
24.035404065428505 14.354830978128291
27.730715986896925 17.648671463576079
23.326030174925055 18.95844655944288
30.027606914487087 11.809317791616465
23.517311635947909 28.311962451093908
14.926284743356732 29.671128096305985
11.378316852776781 30.664267767959064
21.246754268130097 11.238026968155792
14.339093059784016 27.845119682066478
17.586410134686091 25.400322269473879
15.811324643805873 1.3925740976150904
15.584243086307767 12.193635645917869
23.06628161758454 14.791044172507672
28.670985984628384 28.440674038914306
26.431462529961916 22.103423737109246
3.5515106516740107 0.8585600279487936
10.108425864647328 5.0863433568784764
1.0130963864611724 5.1914212727262665
16.986751593473556 14.44359322891431
1.3164920892973389 13.325610464564818
9.8410397537555721 23.593819226901083
28.674554428399734 8.9449988408718948
4.3989638722626321 26.339269964012928
21.206663175060765 8.8499867850099463
12.932818343515514 30.31197487507718
16.618797798490935 11.536736369857074
12.345686839372759 29.194214127610199
0.17080939557359393 6.9645600640565828
11.428720773182452 26.824639147412494
12.016618286076946 7.3838860083523548
23.577171346897838 6.4268423966541475
17.201906898395105 31.153563284844846
12.708401762296658 15.737473591205056
18.316498922623929 9.8165015838802514
20.686151982327953 6.659406779262464
26.627256473295166 2.6007469321380867
29.910444462669201 14.43426862380687
1.0385108048882283 30.342027285538848
2.4058940058648575 10.247597380611211
14.822314726564104 30.503012748316287
13.744331993911684 24.888680661880173
8.8771578893723557 19.635836872668232
31.612172833525584 19.331062182407123
28.402252276305877 26.456667661909361
21.946709098853745 10.523344682296294
25.419249536974711 11.354772635332099
7.3159428260896755 8.3030839588828567
20.089439362000864 27.451248385721467
17.464109004643316 18.746401853371175
6.9748005061950744 30.343101852459817
17.798029043203194 26.291451180902573
20.432298869613923 9.9376100633425768
6.0069441434854944 5.3486867549817472
24.48518544558495 3.5698612453987146
10.463107057742453 19.807743838955282
16.086320042157528 6.6261763658695534
9.5177921314007232 3.4900395522873402
8.6177922030072516 9.3336182756183508
12.681793282626758 4.3680172278866642
11.204743940838899 1.2270926380914486
16.478591683749993 4.6923808800982538
11.808135958579493 22.212615046048221
15.364956994196838 28.255622066066653
26.306382876134617 27.673893281646546
18.310738608910196 20.83685729392559
2.3826669859942813 12.497513197030091
29.786946016295484 29.818045829867422
13.437224352731972 28.803304749011215
18.220395276315703 0.16977642414061334
8.7466743722997062 29.808768619783262
17.696242813152001 23.399015366517848
4.7066090917730063 25.57042124258842
1.1521360565361076 29.369761945495764
15.74058512450933 27.260180675736365
3.9373874573669014 5.6949672904261366
6.1467382502427617 1.9427728350571731
5.4434962417358053 29.066178067063667
7.7708288192341 6.5991344303581565
10.814536038389555 31.051414166353769
25.210982782704917 13.762599928197984
16.045603569444506 14.045863267620302
3.0421959716315752 21.159928736292368
22.051712802506394 22.653325874095536
8.7267958033461479 20.84869346814834
9.9191550424529193 8.6641157676910172
14.436596616553677 21.3840329675395
5.4713181337505059 13.499438397121697
28.07921080893885 6.6500595773007065
18.803739067052987 26.852789878841691
13.654360822700756 29.48247155603163
1.7908477799977351 23.295127582993832
16.611982673233484 13.388282500941811
22.013625126539431 15.993543545276378
14.096719520089318 20.409071553390685
0.71769640073418961 18.686614708644278
29.695548471137123 18.878007652492244
26.923000674273602 19.930574484268888
24.484356854421883 18.859918777344696
14.673610121383375 19.002835884271867
21.256508153280926 1.6001764379089243
30.114558009542144 22.522805169614539
1.1045771354667919 7.1030457767313013
17.074748964849842 29.249598424136945
1.7578887057274946 4.4698465566290695
25.452511425363451 26.307780934333181
1.3809276910746486 28.253555510512875
17.783891277940111 13.565808159436745
13.902048927870235 30.522751813723136
26.514707541412434 25.646704010083567
7.1334058175163459 28.016460429887591
0.08850521706941554 15.520223151070054
29.610219935548901 15.320154231863789
1.5457007160088094 5.8366946242400131
2.5162067134760941 8.5505829469639689
17.066627602973409 8.0351351843938268
26.662338734820889 18.040385877463006
4.2954003381849146 1.1262579279247618
28.2796732525774 30.329596031185464
26.4788600744393 12.772795317336946
8.1186127591523256 12.575310216295057
17.272982208453719 5.1931134735122617
2.1129051423548169 20.972414969670183
6.7414510101007892 18.837243400730806
17.302800344568869 2.5700761772809337
1.1411982519984665 21.588503079328483
26.945910210703271 6.3544216746977247
28.756041227198576 4.4893507260799179
4.99559413332166 1.7852745109720818
6.9470982778877026 29.336288572837937
30.834532211660971 29.786876219911445
8.539081986315562 6.0093330033888206
25.228397899556221 24.311120159805178
0.16868371532569232 22.401995652107406
0.0077957759044782202 3.859399516138013
17.074173871968558 20.143971914485117
19.067913590408292 10.75727215607569
28.376486940060477 0.10586958588501018
8.4902274628495711 2.1649558025517393
24.872121445296564 12.945759811526587
10.657602584017194 11.206494268270577
22.536093927359769 23.574870100486521
3.1080746327659146 20.269769787531878
2.0248635021161516 10.958253024876655
19.460800619518572 7.1718355410240582
24.26362245914137 17.783905454891222
24.633991735189674 9.2792153073177985
23.254734754521039 7.2504451799901712
14.575186676279891 13.036426472214815
13.611758707482085 6.8683391280605823
2.8692769384452324 7.0253203416564984
7.3832057313223585 19.805783598486826
1.3608951304050476 20.365350960048715
24.615633996783249 24.693634856287193
4.7607504120088855 24.221222985021946
16.953447325504619 0.3324504847647084
30.130297781433914 27.51496068028494
29.674788244907976 21.529290282571029
1.0522477598658939 27.331624111524192
1.7868254548349707 18.84943653601977
29.257320332296409 4.9167820954865498
25.588052788282372 17.739963579763206
7.1393659499678668 31.2233863775913
31.446962166448859 16.693066034367813
2.2956132223328165 21.972307370802255
9.9797984587406621 22.733007654978426
20.978421133009107 29.273332008058738
6.0415931401615275 30.039993965780273
7.9107636737590274 29.768470291103814
3.3706825627455084 7.7944628830229314
8.1515934920718731 30.870027060777666
21.466970614678985 9.5921968918098681
3.7944659241941467 16.364490537114008
17.885057458945248 22.490505684691662
3.6412910949584427 24.488677338999299
21.97060636289434 12.938101303274289
16.469768341288312 16.386750436402494
3.5631881614640766 18.685559714570694
5.9093506128920437 23.979604355265653
28.843085283276949 12.766818130974713
8.7333994083027608 28.813228163620522
0.69457020563447436 3.5581574496539266
26.251039273213465 24.11088865822299
6.3260390864370164 25.32301378557634
11.639082893344652 0.30897595947254652
26.864802091969761 1.2360511909629108
1.5886825294971885 0.39076407806147478
29.676415502962524 28.894964667412825
3.4228120376422666 13.756971309207508
21.084841796682579 5.2489147254942345
3.6107127999185589 12.241803055581233
0.74233739579512215 14.127910407317373
15.971771618955927 29.79716657654761
2.2221233714677555 9.4287192164478046
9.8519183218748161 10.580077043801529
22.117054667860852 17.710308444401868
27.467883980987725 30.793585094702951
13.069250726896364 18.368378188534187
30.860820652102177 31.136082179395906
8.1213185684197366 1.1262007650223516
23.384873422900561 21.306074693679918
5.1490947363642006 5.4247367350706357
1.7400883658493624 17.145654040548827
27.511627707864125 18.839872598691031
13.992556134558605 23.001403217259259
14.800956840145933 13.747739095668159
20.698940486627894 13.296478287233517
19.615838490978774 26.606745676979358
18.357059143951837 28.382851619770285
25.000123003065319 5.0971858238675338
27.573139888864397 27.688847199566265
4.6307198248521146 3.9457648894296509
5.861315200328856 21.664024719235059
7.6174578005353784 22.84845690766651
22.934946359483078 22.463063244674434
8.2778830070492813 0.057343281069134
6.4401063074826563 17.140387165282782
12.328702984608976 1.4885350633430567
13.089842961255894 21.195768522663759
5.8851852829558764 10.041596337093669
11.697391452018506 10.377278402781663
10.778856577447421 29.628237040099961
12.915629348047776 9.5419844982870892
16.659762987030291 26.400624714612018
2.7917008154868874 25.33216587447809
20.745855014793968 7.4554732232109631
20.013218739199335 8.0996453347313224
22.222931594404702 20.464835458923897
4.4363580329184265 29.54155453815352
21.518552780855501 31.522923429884273
20.448388910338473 30.71121437723842
27.417343310817717 12.467609717305342
6.4439143248485289 8.0170235123747169
17.720195863343992 6.6074614890781396
12.725117760500014 6.6209104073365568
21.788623283711608 11.947134882953028
6.1944914004057772 27.643544892500685
16.353849842300118 25.397866893571145
25.11049807649335 28.467097947081772
19.556779520597974 11.357082146040817
18.175630277297579 27.36857153733839
16.328061323913843 20.130556771955217
25.971869899499239 19.759574434709315
19.821396886186555 23.593067748696338
12.370595970896215 0.1834018584827484
15.542417150959494 17.512165596360266
26.271633215532457 16.301587989912253
9.1189332489479806 0.43633748861147359
12.423291687216905 17.121485638397704
2.6333504679449127 14.514049101233892
27.712359175921634 21.73010264439564
9.9856774960509895 31.472569175170356
10.882625597374867 13.226759486468978
13.981993865680154 16.919785635685258
6.665323531358057 13.681938698058932
22.971021043769152 30.92434655020238
10.115721720287155 18.238970996254782
12.39669936895309 11.932294764751413
10.006217887559634 29.255111201806358
16.782699748205729 22.68387780562691
27.84925453739967 8.8500958232726958
26.091592652498225 7.7698801335316547
13.026612572797429 16.944124284155293
2.560312803696684 31.311078569834791
0.022185276325701712 30.139721089173587
19.372102018278095 0.95166277708091684
31.310228988505571 0.38491918709313028
6.4066229605068665 20.042602573971219
27.211650945076787 23.550361717390999
0.52929710719711986 19.861418741773061
3.1373930071390159 1.9877637193411521
5.3996499720242168 12.640591724156
28.075293741659017 7.7350251413749245
17.451006913954711 16.460224552474529
30.031111587528336 13.319480763335353
22.037190644625099 7.2361460678613954
19.451820010122688 19.902406057586184
21.303071644240202 30.429788524710816
21.12737362121214 26.827067339541003
23.661400500268726 16.153971149180293
18.839586158101032 7.8243449933470508
30.187591853697182 8.1294272137479897
19.425845366084513 9.9210992701580825
17.056591064348545 27.109289828983069
22.423940270161751 17.034915509793056
28.451184455940275 15.233526641157285
28.793661548248597 17.210743105226957
28.942120020040939 21.92702567585286
14.774010053574276 5.7542338467956675
4.5004224176144758 15.782646353327578
21.108143086688948 18.00971491046586
24.592880152701127 10.592140487548452
16.036009284738004 0.52853561699500395
30.421626075561672 12.359745787320374
5.8181758986799057 8.8305996014685277
11.817390726808123 13.783703257596576
23.019675330094778 3.9557881721002635
28.198226000762102 2.3061685534887917
8.7963133457114857 3.2063414129715335
25.130175255857139 29.60078651799056
29.779571156880653 16.195505885691194
28.415178004062437 11.225004875764101
7.432491020789616 0.98584826986337581
25.193993194401784 7.2763740161111867
2.8746976896133818 0.39850645640364973
5.8358909285324163 11.895752871116747
14.820630783388337 0.21237947409754535
7.9890305273295619 20.409393320546013
27.268592181287659 28.352615011620479
15.251734649059472 8.5974726484985116
24.854567715661879 31.302021598707316
9.1933815544307009 1.9408549009512421
7.8971724318084577 25.740297804391155
26.30873461862938 11.513314984836377
23.969184529014214 31.116739153638274
24.941322644917559 14.754508987398237
16.908563103982004 3.7519996432200111
29.493186839977842 26.391677157125343
20.218838592511748 29.626003886870659
4.0332424988312292 21.53461072439632
25.833735873414483 8.5625322177992818
30.799091728815743 7.6207863995873844
11.67865493012625 11.294000858932092
27.923455745612483 16.0987403111757
4.3126137954775263 18.139173958886548
4.8226198056462151 8.8982896081278806
27.932737971431298 24.782394340711807
16.1386409754972 8.3899980507395036
22.393612026812111 24.712587729750947
0.080853776398180741 29.120500294620143
17.380438257942878 21.017554887737909
26.451872371305374 18.822451423617185
9.0190660707361534 10.211726465459687
1.0550804036745922 12.477905499186091
29.1239775701426 20.070900518591589
6.8443539625499339 20.921719990418595
23.1229286246455 26.423759018610223
14.72827264033668 10.553129987495332
10.64101549022393 15.819350365379441
22.589002629394169 18.499563860228694
7.3619949471644821 17.016711017329975
13.820386954889004 12.235863476488165
12.327866698880928 28.308280927230445
5.2651647980317104 4.1956725649061504
25.492109843810937 3.018622017756547
2.4333530233134169 26.353845211516244
28.293363655843404 22.548306846513054
18.238325771671551 30.314938730230999
2.8707262894362113 3.5916328466315242
0.90607063890966955 16.113635708252289
30.444700070659906 1.8291514390239059
14.309007694336167 14.774422372944231
11.015034909227342 27.933380826133686
25.299748753008753 23.142080432600668
31.538939981861471 12.279590573850715
5.1935465753907897 24.875405701431184
1.6667740759469674 11.850764254392374
2.9828992525939619 11.570634785832095
23.682956392989418 23.049950578832188
13.173977361451264 22.946193653417154
19.830439113331984 1.969617070640467
5.7837297789890485 19.223858496333122
7.1443924971474031 12.244777622818804
19.98996232706417 21.245318673196671
20.808900515292549 12.402060706738295
22.30569819952176 19.523055027891115
12.800577708314545 5.6565562365768391
18.42562819523059 14.10685803237109
5.7050446292187535 31.53017094480213
9.232605602789322 30.764097419865841
30.729311983412078 14.795548416715707
15.691987502564166 22.695174508719237
3.6341689367028476 25.384079020810347
20.943649233225916 27.892855127533391
0.5943286372487333 1.5560809299510459
30.982708834032078 11.195188212190804
30.234436683522251 30.814439419902538
24.953527475540202 30.228470472179197
21.284820776890079 20.059814275853757
5.0037502278061252 19.991937593489748
6.1885129379025852 28.717689954597841
6.97002835199073 3.9635533734687649
8.1059556187167612 17.925516739731723
3.7740002410581033 8.5855856551936434
23.959744348680864 21.876214061864331
4.6650530089988651 30.200721491265892
19.746645142590367 18.623545718791078
18.583723965998068 19.944323331477118
23.895951474796338 12.058074361694121
13.094508191244371 7.764073001759388
13.444112744218909 25.671313171963895
19.742685409050488 17.712560628498583
1.1178441426199972 8.1584812332105141
7.7700607616653672 10.16294650735804
9.1745491797839271 4.4711786800923292
5.5980729118355885 14.396667448801304
0.96121935517348223 26.016895920635523
30.650305845512399 19.986796853686439
16.838792831002603 7.2173496107919926
4.0314031487299662 19.760296145910942
31.42663100281322 2.6472300883542439
3.1292015301521672 29.897737668114807
2.8156031312711538 28.631400651854026
1.7321879477800857 3.8700670245385735
14.746942912249033 1.190748335650633
27.061663189708433 29.960510860732143
11.966372204259981 9.2382148393997596
2.9391243589285638 22.87198562783405
23.669906514575938 11.06737950160243
15.009145834189425 20.229703871810489
26.340408802056942 16.984256293086673
22.370818670403178 6.4342987778194392
7.641976080553988 5.2114550422872403
15.567631373203545 16.751620381206646
31.188948959045156 5.470451898405214
15.729779565939287 12.927523299806918
20.564743895136012 1.2500376208456365
30.835878322089357 15.799075836760144
6.809642746919903 16.086755995767401
21.387189458308338 2.5409855170604452
7.0034800040832588 21.872783653449833
16.972624241587223 10.675704215578806
22.053968023667537 30.230420035859609
7.2329690010128633 7.2776372112172227
24.755697251050758 16.361763864646708
5.9112290005796204 6.8955009490831563
26.79029658351266 21.223256037900217
21.893926363534415 27.693663920123178
22.584210773620896 29.6277499232305
13.148997002067185 2.6465023954025191
3.5595769239989066 6.4854382892389477
26.506065112318641 5.4115281125974732
4.1898234544278727 4.9250675042086511
13.840616628615191 18.288890053891446
11.245581022012182 14.815547569263776
12.190652940936204 20.844640767922382
7.8956986799535631 14.713994216293441
14.065940536152546 2.2094742967366225
20.601009671255557 10.691682571235567
27.792668769370646 14.057495643533933
28.579305145296495 29.247318334568515
2.6805281523741114 18.308290437675407
9.8622527275064744 30.238976027260652
29.505327348743936 23.144324615639171
25.670918593424222 9.5270832927749431
6.4926180868758276 1.2067145311027572
30.41731616090475 0.84675114380105476
23.731486748113916 29.431058698020067
24.399501638613291 28.573371556001288
3.3459291950066627 26.530405506266288
22.241357118963183 4.7704687417253133
24.726256483467512 22.235626819056282
0.043986410443357743 8.8468662213585905
28.364740851705111 18.409290266003463
29.123198735829998 7.2481209447597941
4.485935082497714 13.818546881469969
24.841808551422737 6.3134528235532699
20.043239704860405 28.539872100018833
19.257678587522712 30.051012221456197
16.947189256271422 5.9349339829557968
16.117070305512225 28.943790180965163
22.631388341946366 15.584706855772255
0.063824250001635122 13.120050145332643
16.733928627724165 24.68773863863089
20.519493926978008 23.91048013572188
3.0276564432041799 27.456287376989906
1.5128675206470139 22.517493133456821
5.6818121179877847 20.658052010029841
19.427977776288493 12.759169339685416
19.103945799321242 29.214292292500765
27.822851870314068 19.78352307353704
24.366901861792243 7.3983809607235713
3.6255586540767721 29.018018910819901
22.647821691402996 9.9228683303915908
14.343070367450661 26.1367728429924
3.8352031869254941 10.091450878410772
13.947735408684204 31.505940579874153
19.438243103442076 25.630094839147628
20.18309875689306 13.825012974048477
4.1865114073262983 27.274932768742545
9.7149266855065655 9.2818702611849542
13.097757910231653 20.193219043280685
21.505629722269063 21.59371977053674
14.4681096531876 11.80954179063524
23.174690615937568 20.36529766227012
21.620905307585815 25.856271127672528
19.874864287084687 22.390949916536723
7.5824994745979817 15.642886344357231
27.78913653082769 10.214753624493053
20.738742577064521 22.269333159531836
29.379045623123734 24.915609556595335
26.120000920312712 28.640343564447299
4.0271993201840504 28.131121936328753
2.0458742502626959 7.867597830316666
26.174614694426168 4.7298745991428035
13.575657092067578 13.445631966468648
27.430833004318355 16.949855427885996
30.044538017660326 26.016437813018506
10.148784950550828 2.5476760469976298
29.68672836596533 3.6445183343007135
14.450087303293948 2.9175299300153243
19.775050632158539 15.015789420906341
26.654025782296106 10.141929152681087
14.301128029871643 8.3635777323310787
6.9759923760205496 26.961226697915819
18.039608208633162 7.6705389275954117
30.722718843600944 2.8338423694144064
11.300964930736979 16.667474623912209
24.68675373783508 11.910155844849688
27.345645362038145 26.636539981056959
3.503080997675017 17.219725193933133
31.605591549287187 17.818782453608794
19.292405001155498 21.180627676972129
13.961403641516268 21.922973759531278
20.560167287253599 2.8476397666252566
6.5642917234028779 24.212312493720201
22.451806548756732 8.9491940979979283
20.905281085941954 20.915482651815715
5.5233384201634994 26.574546512374837
7.0632377440622696 18.005874493504756
14.004055743481262 5.9211308695431253
19.4137705411407 16.986432896569557
19.464973637078987 5.0643565259037011
25.655528467867267 1.0926400276880381
27.187951754847269 15.629931227024683
22.099644053774714 0.86777448993836426
30.019873143657588 5.4511258933220432
12.338584251402953 23.226272277838337
30.95969757919816 25.367716679689543
31.015268849268363 27.961104351427597
22.984202071593156 13.756780726612561
22.35728938065575 21.51029880079221
16.800757617230264 15.459176294109836
16.590113734150226 18.050015397033821
15.603852503315926 7.5853384330327396
7.0144620598179985 2.708473857465981
20.233186442824657 19.990115239652042
17.997656522651692 17.517102159303747
4.7305414246852182 18.920755799898274
27.29566451823128 22.727740971453631
6.4944648357100894 6.4320537500788841
26.249858617472572 6.8012918589057314
27.760179607302383 20.75307943494434
2.3628904036273228 1.4522905185372899
28.408364213101827 10.060755874654802
23.141925531565423 2.3312660530469547
26.925454968859565 11.038611758944478
15.837453938449318 5.7569519674828067
10.320905389421053 25.69216760726578
15.795150802679929 24.016390109319726
31.585179176054023 14.372611705316638
4.6119406621571706 23.284164496332853
0.33165910494020306 11.465525175264752
7.3196172416185341 23.430698245411342
5.2232895611457293 10.668991059876978
30.165897127814876 17.618828627477573
7.4060818179655596 11.426877471838067
22.898792092223275 27.663580105970279
9.5112585030089374 28.514562847025488
6.61205265056521 0.14651721603289006
4.1883977661006409 12.934188267920245
8.4743764862318489 8.4807642232481122
4.5578468389790006 22.593271719235958
28.886341257172813 16.374358266191827
24.561031141504547 27.227594411155465
9.0480155154717821 21.771347285293331
28.698635312511531 14.513755674819061
1.6507308213784604 2.6878797836045254
7.8014552906766887 18.952240285739109
13.493027587831495 3.8740012008142108
3.314753537613651 4.4261860791209084
26.41390117832827 3.6982652431339922
18.059619562386672 11.390334231662864
29.169268989509771 1.5208584652503241
14.660963714241037 28.814343090841813
6.1301175499141163 3.4077866515297432
25.010564525154702 20.938634025346889
18.718882703993412 3.9623528490670559
23.897795703541203 5.7618210699391081
27.288691774791236 7.3821950625173169
6.2278496553906182 11.263770572700956
24.061441216408785 15.356730880950449
27.577040896433804 0.10668233633766547
23.419253667168356 24.079754699588083
13.155267395221104 24.124536639844742
0.35810986235202114 28.317407961945971
0.48052787089182947 23.08843633872695
30.703412480420724 10.510230977835482
0.24034520705627779 4.7314260701084701
27.246988405227309 3.8569921930436859
31.024283924383912 18.264808408242683
30.535794227255646 28.745174485994021
28.685920675035767 20.880203624401105
5.5942801533124493 17.500283556847503
30.794836010135754 26.721156346483113
19.817340500060727 0.27676943888945155
14.435845316906896 4.6280004239588299
8.5526311831505772 13.651222733412256
20.468771478357443 25.147568168979554
8.8347413805511579 18.891060383865799
17.388443523172189 28.2077190338157
0.57058657623373388 25.168152135482302
20.928323283042982 0.28564648032592449
30.838468949027359 6.3781498028521142
1.9282028934811952 24.569233366110272
1.3223252053853773 18.020721906261993
4.7640975422516405 0.075478386500947223
26.502973491757324 26.721821915792113
8.7850835382479247 15.001647936335415
13.839106454354557 1.0943864062608137
12.725340127885785 14.111661722023573
10.650358882750577 7.8585222365164604
0.86931726915443264 2.4907579672006133
18.385403511801346 6.3610044367255592
29.316806280318708 6.1991085299688393
0.99488962463717889 23.986451352535781
28.686899763185739 25.543881417803206
23.81124591250008 0.50627454598025012
26.136485630893365 2.0726473806136165
18.161828925434026 8.7648341382240638
24.966364716374994 1.5181514972690588
9.623393706121238 26.180488806611141
21.226158968745317 4.4125700815538469
24.626837355066137 25.931249421727216
25.517391439734851 21.809849685396657
29.388046336508701 27.676221843094325
27.627526612512209 4.6556029767127178
15.336510547766769 11.283457584598128
1.104096588752981 9.8817081705355818
10.007815859532252 19.014448416648133
9.2350332818069987 15.862394011148895
11.093787920401276 12.195427666677684
30.112219632077718 6.7790554564836132
10.988273584047329 9.3040571563958068
26.574582676080674 0.37048824863954161
3.7469160966358945 3.3944314532901911
10.678682697888975 10.08223719350052
15.554368207747757 31.301801505573252
20.563738612208187 26.162985657618847
25.564212818062774 5.9294441345914928
26.051504081764403 20.732343798916599
4.5294608351100747 11.093028701725343
8.8273957344775873 5.0231087682796272
24.370952293312069 20.587832665735565
20.586312574000178 19.006526314447811
12.420773561985428 8.3843867464233011
15.057842782579295 26.931453006472644
27.621658731918739 29.208025227053326
3.572618452363618 30.743314605490934
8.7109752038493156 26.274508715582694
4.7736083508965415 9.6732453231668831
10.550153584085493 13.968279158833775
25.502299548797644 10.349261958012656
11.324330247198416 18.273025044275556
31.090448356267292 9.5314681686621796
6.3543357433445289 22.687288427070836
17.742920247723408 10.380077695517866
30.498341710795057 23.675274568100235
11.810356151787435 2.1914018958087764
9.6064771680296239 1.1276358266731472
23.393474788001871 4.873991724459521
27.895656503505649 13.198127628282384
15.607427270547069 3.1091703194321867
25.800357590017207 12.54962197000282
5.4939430851906748 7.8027122920633314
1.8956690799849192 15.149820979597616
19.322556083446131 3.5605263910306832
30.867185125455922 13.530763591984643
5.7252734714096523 18.312702864731659
7.8923914096116254 4.2984315140156282
2.6811127718532619 17.475093715906173
8.3222187298757415 10.923319650642696
27.58567261664669 2.7988727174533845
18.351071511298123 11.916581502838406
8.268099989053713 16.247549597512297
22.508081076537195 25.531966132066987
11.273029577646557 19.148992531171626
7.0779061948826287 5.6352185151319505
0.20686152598186089 10.160039125478431
14.517403716983745 3.8089215455443823
21.584813118970523 28.773146630922504
17.265278979828512 9.1008026058785596
16.49727439406761 23.549510475319181
17.586560594536667 12.746803820016018
12.321093039216992 30.558213182725606
11.387863130276379 6.846605426215163
20.688824987418386 17.326975514631449
11.61253041470651 29.448144389596251
29.330170293850493 17.882462877724482
29.276373112383546 31.410085647515743
8.3138622637648965 7.5081798877285317
21.228465569596306 15.173736177615408
17.810386903966318 19.42885537833676
2.2816907261899924 27.844721906350145
30.452664344585678 19.078539109292532
13.415459254406604 27.763709953694278
11.87273155221617 25.356084645893393
29.405086512260297 10.877772263032517
16.16903412823347 30.689084620841012
12.615192557150378 10.416879224522948
10.392521648765676 24.471874294377528
19.297537158269417 14.060060910243356
1.9262872268559377 6.7208774296437817
5.0745445173649477 6.316473640162287
14.747755444451668 9.5044257175026345
21.455579166575436 6.0974480556295987
10.62818853408757 6.4733589874878792
8.5678576118571232 17.01925521617979
25.355786438156876 15.647018920214524
20.529001051881213 16.130369279912976
15.101966578922593 15.932101308001052
27.54288383640025 25.616165277712657
2.8921876811592768 19.445646970482514
5.0909969586682999 21.675613867343856
2.3617593214130084 30.143117116410604
22.779956907058601 11.010626651498896
21.540013489813482 8.0005141972334393
12.182654129332995 18.081902281046553
11.974695012055868 19.710869243543293
7.828394006071381 24.336184464372415
7.7680412709375206 21.530139520510023
15.229130086623202 24.66431153875109
15.289547263173542 18.329974943706613
2.6913149457383567 5.0634897027029586
8.8734822625267071 23.224919807172071
29.520743250769151 24.358365386722895
29.013558345666969 12.010868976340774
10.942147485074242 28.374621010800773
0.10981806712988355 27.168140130940852
17.173102611145485 30.277796633263268
29.060616271054613 30.423706902025625
23.569348906911614 17.832988947350966
17.747002739867654 14.943748922278434
25.595857926497938 25.361954422493369
21.095931014811473 23.04342935764716
29.949858503104 20.48137463029796
1.1723302207692337 9.0528232748319333
12.257265143704043 27.514020703624851
4.5526963520402406 17.286381481639346
19.745046474529321 15.978446905714812
27.582934493639009 1.4854062913860295
28.499733534904248 1.0964570728739405
3.2516024135922734 15.28696093422578
5.2135536281453971 16.498445200145685
7.243531787547961 26.454145976390183
11.867144243927536 5.8378812285096604
8.8120966207894575 25.168634390412059
15.961603429280155 10.549452467626836
1.8515464241052275 19.724362582124972
9.4587908788515733 11.470679983862054
18.583803682518816 24.458414081066106
15.757113654576079 3.9305040070624169
14.366039391514184 7.4153076091319985
18.355634161088886 2.8591377949998504
23.875165855437054 27.146640455247731
16.935815391799537 21.75236525867183
17.610122509337977 24.274641912923435
8.5534458812982415 22.354339662760562
4.465199408527365 6.9618290718889373
16.062222397535372 21.500887997301017
26.881881027426516 9.346965161797689
9.4268914027912505 14.514585149478572
19.416320738461817 6.3708010764319285
16.637860443309478 9.495483270996365
5.8546578426280664 15.957784094637175
18.873667319060907 15.232987018386149
23.84394269672217 10.040829111628536
24.405901387895298 23.465761057049239
11.122669948114536 22.566694744967773
24.018900406401631 1.1202435355491605
7.7116053693026752 28.605201864857722
24.820262843615037 2.4746154578433091
13.129414364070165 0.068895695206862007
10.274312031014892 15.045312857393286
27.164939395153315 14.763054617690848
19.540289651908768 24.670855926060373
18.800340262398137 23.535959429729637
9.922142200303341 5.931574838528431
26.022256600074559 30.495609036459605
9.6265164845084303 20.313057494151582
21.664544115636435 23.920130675034041
28.505940386588122 27.337060513768314
15.247456336384696 2.1055299653793602
2.7575794002706071 13.172330014710587
9.9117947285313068 7.278616486811587
4.0749127964743437 31.271631787040249
11.296080219500963 8.2971221007397151
28.450478482770194 5.8656485240378702
7.9409256314106216 3.4051039609824194
14.334623026480831 15.979520745341615
9.1111412724761482 6.5002480256130353
1.6693881294329476 30.94470072046925
1.9142213691976702 13.937875085432818
5.7062474274534969 22.966429199227136
30.473510602029979 16.87708087547022
19.257793520589605 28.064294719454278
10.002334713604251 27.077149243347005
11.466854587261381 2.9048806871619108
29.728150832307197 0.48198029119706115
21.298985625821732 16.581111461310606
30.457135521469606 3.8386345362379983
27.611647712733525 5.4500509498579435
13.555597002278233 8.7195898171923574
22.361308572657006 3.1570318250757259
20.177995278467186 5.7592127946609111
26.717541622381116 24.691816780898648
25.339066154715717 18.61103011381352
24.015089933598404 13.369285684272626
26.006016445302848 14.17075139392581
11.067839477834857 26.443785887985278
12.948721011915717 12.836616989115941
6.5724173103717103 9.4238084228665056
29.709469062553495 10.230473763327767
21.236599042417261 24.835653722108436
18.659388669267916 16.6528029628676
13.45251479462441 5.0516866467314516
7.3259528736394355 25.066800895440661
15.55716607172841 20.951314318307084
19.369048276511801 2.4428833347996384
16.953901883520221 17.350569827388199
13.7638303103894 10.838889653585825
