1.7176770159693002 25.690336212025311
6.0018316360048374 30.134179483288992
3.0390984018735789 0.75699128897278922
22.120007739863752 19.983763612070224
14.816816274381898 9.6920222096471225
29.384762212979918 7.5766132303933622
11.953404157408773 19.138664688582093
20.749403936384628 21.547291174209416
31.194794845295867 25.948139905639749
13.116559005366646 18.619055084960653
30.228365722046881 7.8498661784001644
3.7948842390602509 18.314795292628503
4.6263466736210335 7.9230043409942175
30.827236902353231 14.845773146287932
7.3466460722342273 8.6258284364117088
19.597398897379396 25.270268349786448
22.440203775238142 12.909100974219411
4.9369837726183441 16.707214054654731
28.396764582162785 24.799549506065812
6.3065035846587723 2.9006394006680396
25.653928056762368 7.0649448018070089
27.671289444705046 19.465502853244718
26.084649281698013 14.303232634444838
18.018654719523855 9.4305818760697147
25.461486612193227 13.692940775445214
17.573909399615921 4.4647277470250604
26.661230826966253 27.806128536758745
2.2049343564544808 31.277530048272574
7.6971664627950886 19.460082846582015
0.35514044302600573 19.775612153828618
17.36490492840257 13.841976421969411
5.9836969750424878 11.788838880700176
28.203138057592696 0.55605436770198513
0.46856590837143919 11.371575385964949
6.0547682655583657 30.997385190579454
2.0793287774990228 22.807492177559485
3.548077553002837 1.6407700761218709
11.867648538877818 4.3255726805885173
23.315444643975184 0.83058545550097562
27.329066200066663 15.918646067975383
7.9267065997015731 24.704511304694005
2.6696732908177347 24.612776145436182
21.067427858825056 20.311727339405333
19.789172671824112 16.994559685920226
21.198620047047893 30.858641815111962
10.501506654266079 4.2549042258832488
3.6820642999225957 4.3981701645657285
17.299765380261103 10.29349772144819
20.725891002001195 16.240275529268164
17.025945387654801 0.69002619430664103
18.358993903561824 11.734337585227239
6.1461192741428361 7.7078776576085648
10.189406536816854 23.686056983577824
10.857217064604782 29.341039364113232
2.0996651220109919 3.0761516790399375
30.953233748598116 0.9621744227128215
29.458461203148428 26.918152925435745
8.6121312910640739 3.081594288141646
8.8169861521670789 28.454910439939692
24.548378655297803 4.9279087375490862
21.425936803494114 5.9514699816591383
25.831880312722728 22.439963178255734
18.119077134123611 10.889250715976234
31.254226444780567 11.632789809764059
5.255592544910817 16.160895913261726
7.2680383769603889 24.006594523925834
3.4738852732710894 21.624857882652904
14.939039996772063 12.884164419763263
1.2473095348131318 14.542738486722913
4.7673460387751971 17.821801824010457
16.804985026506831 1.6744208091972048
29.298908658220817 13.771089853987863
21.4783863294622 6.8787958166843381
10.479702353136199 12.845422640001443
30.419191540666723 12.155075813958035
9.6397394359228041 12.806866813106764
20.601818727944618 12.808325270269489
0.661751442622594 9.9739272445310725
30.826758060290281 23.093052089204985
31.35789414565728 5.5138850479673245
7.7546876493053816 16.582265478077613
14.47366511342705 10.323154937540314
16.143933973931286 27.928372641772743
9.5516777894454368 18.37508030223016
6.2780335042162463 26.68056587159181
2.7258388665996138 16.171246339960504
24.461132581742682 1.1509200963105526
14.416934771151427 11.381332853889241
30.212690609808639 1.9158422161658593
4.0884046590462937 0.065295632925986752
28.93501652507349 26.209765265827166
16.182884433531342 12.639450057211629
20.943754792671115 11.020309042803836
27.4528982766954 25.578987204809689
26.586008457533474 4.5510900090350699
20.148387541165199 28.187464914613265
9.8929634491880147 1.6060583518614424
6.5943173080769482 4.9202884146197565
3.4194664829200203 27.329127486861825
13.53307771959048 7.0705515661047462
9.9209697950769637 22.129387471594445
14.671280349961673 26.296044877971518
27.372312729839127 30.901166892181486
0.54985108486331269 2.5377136063661929
29.644957332871289 1.3053101507322755
14.142983966640152 8.1763809023214957
20.238618659884256 20.355297826843753
8.2805780737271686 13.969538788628654
29.727704655773696 28.511342694139874
0.75752667243432836 13.097334936380109
30.741206850138759 4.8756238512258747
17.698838187239016 3.6138961925852078
28.572668191005786 10.221720481735096
19.090297348419046 20.254401523429141
23.139120110956185 15.386447590126581
14.817385798204604 25.364147298812124
12.259320946439479 26.147511598682787
1.2108393562080753 8.7458965147155325
27.956695939043367 29.966193021120382
30.984961776587909 7.2869857919409391
4.5726456987711792 21.870563482989414
18.910055199844308 28.796362392478031
28.183430487388716 20.756614811443498
17.540368092632683 29.801300877826719
1.1943161968241607 5.11109496336943
6.8948418939924601 25.799354945802257
8.3739917503392025 1.5394120652807979
7.9869858110989131 7.5625196225767013
11.377625785976178 26.477876390198855
7.126331872153103 7.4300179684528747
28.773322707995103 5.1059246765675974
27.981981456793552 13.727219392002244
25.514764317137701 30.939682187220352
9.2571135997917775 2.177131605683976
26.999909768795529 20.125798748311837
5.6792357867955756 19.712491797939673
8.7979724467140894 6.7051591436673874
14.393327763778059 0.61161845095829537
0.58695963940479234 22.122911627997251
22.066637673188403 22.10236769567091
8.3880531182791493 23.727553928790439
16.126236307069398 0.51288983546176303
11.501820268295626 29.420363095518262
15.062644834947955 17.131386171241708
8.2598024619162711 20.743741375061475
11.449195778092403 23.455395934549863
14.472920944631188 30.095205150901769
5.8117440927006934 6.5782584565568119
9.9338909060600944 7.3141001373084595
7.0359141159728438 28.787514633404207
12.40237524601152 24.570244937473419
10.477144981591183 26.562595591147325
2.5673929260817747 10.812548201738821
2.125150543835939 5.6865735727265951
23.023432890851982 4.6817095370721793
5.8392067671504586 25.638567582927966
25.620006355210538 12.667612196093824
6.0388150009077775 14.44701216841916
29.936487863912589 10.28598777608882
13.009205446319143 4.159828531059917
18.163795618549877 14.03324905432325
7.4987686888386875 12.480681580238853
17.732857990935543 12.374525001440366
10.809981275836446 22.488933179355261
28.283099326886695 4.1051254713555654
11.715253436874331 1.7077822003135312
30.014125498480649 18.798487285464809
20.112861987706772 29.088294180504199
15.601923209533286 13.549201615242653
9.2283046839876732 20.84537531261957
24.129336890140134 4.0121007965971467
21.81510047971009 18.066947231221306
25.840256872404769 16.387932674124194
25.403291671310338 5.2794560314399268
28.937047870408453 18.020210467259005
31.177779050252951 13.689577209618438
24.439173477144553 7.36955726251459
29.340942310636603 25.448138541624335
26.398031993313793 2.2643143572522519
4.9005594755912938 23.162378286940001
2.1999811542657746 4.6673857700275532
18.005930457319639 1.4783685316349979
11.923024378495125 25.030822343476512
18.991688691976623 23.511114910676707
11.799344330334485 6.9027853701341986
26.335733028574147 19.59022698908743
20.40721781989533 0.44108251136595655
31.601403119034128 25.015535150825855
13.31184910212953 13.969874409931805
13.881741581384601 17.143774229164379
10.488630708534799 11.489835068487897
2.5992136098335967 12.297963813279734
29.774005825420918 12.845833378823956
12.796961286640935 11.417792521237779
23.004979381909237 3.9510277375616112
26.039328719235769 26.934974205798181
26.439063721298631 8.5419896280433409
6.3210266291284372 20.401020868140009
2.171187769244594 0.65596395964828913
8.5766885844186884 18.770128098412073
15.486757435780094 23.993259498717173
15.953580069436448 20.757126922729775
29.912026168004029 4.773397652650285
15.036096463880007 18.228662219961507
28.828547938919471 2.3373704687220478
26.609937540931515 13.397589790108452
30.001290355443359 21.67534172701442
10.237108198894584 14.058349242724413
0.39404646451218034 17.693498376581843
15.922460551787314 18.247843503840922
8.8839441203788816 5.0966937083390702
0.41441389121510086 15.791001536070974
30.383275285315644 8.619237642160483
22.638336455004392 18.928839651826966
19.152507956994803 9.084838272279665
5.0478739057245594 25.533024197466737
6.8992844198886507 22.252738870359927
0.78065494827472048 4.4727276021007176
16.953004709819478 28.431092772207982
14.372333631833664 18.768075211478617
20.421591137602963 4.250408343057094
15.419489100177142 6.4774919032462277
12.973296373702111 8.7721225024033433
30.237937960082963 20.560057855781661
24.212813629101227 13.022671654347036
24.378301626583294 25.110515207883509
15.59565051895571 9.1207752082542157
19.309898704696717 26.610184127996753
28.388141571872332 16.20130018833995
19.028659342653285 14.172713435626395
7.7207557536903426 10.776277701720316
3.0279698042838317 19.054534101518563
1.1907142444390315 22.991520156000743
1.8607458627018041 28.763262494322216
13.634648980309541 30.172490716094558
1.9459357432242093 19.346959413606264
13.847234461489531 2.2578723413824351
0.5433252429278117 5.8494828437542621
6.2786145972339655 18.701966211174234
25.582947052302998 1.8714942690611431
10.958718061681704 14.043910070883543
12.143844943786217 7.7149785088892822
26.106074300267416 0.46527329193875694
10.356416806913156 8.5004444084095407
28.513923392149284 14.496306867285536
5.2599310530390628 18.939409367471388
8.87704941084694 10.843266947723523
22.790278315400766 25.526073540489222
21.099921920763165 13.98761713741939
5.6914730289395923 21.159864741337071
31.509986337567923 21.107205848774299
3.8651905210837221 11.334004077150043
23.704235105379791 26.72527025175626
11.726909331589919 9.9004809436353742
16.576302848678772 22.139356374419307
12.093765301602945 12.273021461246559
25.36766085724231 8.7980517762365995
8.5752441798978101 9.3869565816003959
8.6692035944103267 30.060041985963547
10.765202494607271 10.555488534838616
17.444818983548203 25.850502556667287
30.885212434306499 6.2977440833061991
15.499097671846004 11.161949299873839
12.015186820489211 13.388360650971515
11.298364056779649 30.611754976611792
30.484024909164422 0.23907475074550885
25.138471187714824 11.402225533524316
25.198066994002573 24.887304899006452
3.6932034506647948 16.505610102237377
28.747807752357925 12.948349967695901
3.0834231510699603 11.516880241501312
11.727218420914751 19.903812284403802
14.97964837565401 22.165151498679435
18.399054864385036 12.917243802327047
27.50905572281151 12.895642700946812
6.0317576328082847 0.2963294516472359
22.843474542755899 18.090582063970867
25.343385692500721 6.2615978622731614
5.1321936225675389 12.703485000180677
8.9763032872935504 26.49925848325039
19.91799549172784 1.2465208976680437
16.634712423915481 14.873567541740909
5.931787784716537 10.221023085451902
23.650085619493975 23.798581905455727
2.7371976558639277 28.774645689695976
24.908998605371604 12.443125835768353
11.615801111382744 3.6577567424984858
28.424316524083881 19.692586401045851
4.4951247837891248 30.455525931615281
5.1412959789513533 23.963362492321956
10.128051827662212 21.125738479817549
9.9231198346887961 0.028522840965960656
3.6177678099555739 5.3084431117669411
9.6165351162675119 29.190772030635472
11.305823542069161 8.6319949396976519
21.516418370813096 19.265915823854556
3.1529485078089929 3.1163589368711175
28.057152142538701 12.090058175123053
5.9233006412476916 29.464597886345853
27.895477981229302 8.1447435662448964
5.6056918303918044 17.829876385546306
1.903473284337152 20.78192795586499
14.683622070130914 23.4128708431174
14.979789409091744 31.010113861153464
10.995888135282186 7.6859160788924106
7.9541388148681085 2.3771843791794525
12.815041303659148 20.450025479239301
16.196912600235084 3.8218009081885636
7.480003700979637 15.799529808760834
11.63681936051295 15.403858017721785
26.707671506341605 7.785884419399447
28.829665989954446 30.325694544455295
6.7017444451665797 13.406266959177819
19.330411256155475 13.12534780033273
31.277573297183856 18.392754779711574
26.639178296559543 15.151232959711116
21.120704114599238 0.15494543085628398
9.8768601392778752 26.026166986171319
16.459444980376716 6.5644040997292752
7.9670211670384266 13.176796126050828
1.4634889589267448 17.723082616398411
7.3903873454846121 26.681186987956487
6.7572104820899739 21.424519659864806
12.812109037976057 16.833261342461682
11.878333498104203 14.239835734439769
21.042385398361013 27.737682977895492
7.3027865690987994 31.051241813891046
29.562345931002373 17.155991005770385
19.14825631011654 22.601239731227732
21.407529467210843 23.604605587190317
15.611805627734514 21.389984862158869
9.7105100484687412 6.159900940353304
6.9751921449868801 19.761184032060868
21.227065162908886 22.401482167418081
29.524762230587339 16.272452980308884
26.834305220888467 26.611047718683764
17.822696571072989 15.910080446747411
22.548321681768684 1.767298818619278
22.66786153236681 21.247630131266529
14.931009518112383 1.5410368284557412
9.656247171596144 23.022594319852882
13.858465696971258 20.584680026673173
23.050714069190956 28.81616305425278
7.5285997287986124 20.809599455179249
29.313243637139845 19.271488577911786
12.882440188200631 1.1495317189893104
1.5133817702811023 9.6201346169622184
8.5315665888007981 15.275230202490215
7.0871942289672809 2.0130757210204866
20.418569881285663 14.688529931997095
28.215752895353209 31.264102195804629
8.1072923111802897 28.160830577445122
20.403957262064225 3.3782219795798332
1.8541481419732839 7.3902385458586419
7.6369755601450153 17.945654759107455
13.577852036495603 16.126141740096138
29.432540064567803 0.41583482651973275
28.382862773303209 18.485188714225885
23.458119332250043 24.708147430078625
13.45871854897268 21.599184392021922
4.3638396330064024 20.874798027179821
29.104105544201364 6.6898152586726356
31.371660108950469 30.473461982799677
22.011887141009524 26.09522570900052
12.487908487601572 28.621145025057046
3.7134017816990292 24.812960875756954
0.0046968745529872577 9.063549210460458
2.9603948732553156 13.29252274396918
20.589426382395452 5.5935800093296422
15.110316821468414 14.573268890668814
23.740288289081562 25.85051972268343
30.601803220733739 16.470377528683947
30.629936976823483 28.446003064348339
9.140522225075868 24.09055578816665
12.640529091374715 0.55483477234392276
27.707202213731772 11.373757282570077
13.197582389439939 22.561386252836879
3.2590179227550009 6.7715447165909666
5.5946151951017402 13.453315151831461
4.2539405842445603 27.716382964570929
18.137079210317921 21.514637422089475
7.1233676335344223 1.1510158487268378
25.292048015136054 0.83088428703905426
11.195059917374239 17.922893642716488
4.0435736085832481 14.126107797741284
20.891262872658302 17.149484506995556
6.0293299284487896 1.8764462000035229
29.306926285417926 31.223265961442014
9.5794807468908783 5.3709786346607915
18.713627725051182 10.184113530490368
21.743303764352234 13.311938381970355
8.6020002903029589 16.77531853249917
25.349371948322528 7.8946064722866458
4.5680714556494992 5.8384207549077809
27.175900609301294 29.635828138510238
16.487967136162304 25.706446944751441
0.46680344742012919 14.065286772176181
26.656300345140185 6.8527171315338915
22.914144093712178 13.705691346594145
20.425693461590921 18.110825328543939
8.3355667524465105 29.434534107720033
22.916904477672634 20.381602862488869
14.421054571139663 27.447120752993403
19.089942418384236 27.938731223917827
27.764187223451241 28.38844212466325
31.068816737825522 24.108478491927301
19.474796493042572 18.915136825914313
13.167387607924313 6.2868897363455307
24.498942749194651 22.079580679303533
21.04816197660411 1.4953120487008424
27.124198722171467 6.0769862132447736
22.782215654149127 10.642970801627049
1.8623476303623623 15.226500681310386
1.7871952201197718 12.39653397671391
11.726421023401574 20.96860989097086
27.61056752739794 27.131626638777888
28.623394778469606 3.0418589753662895
27.119441555137918 0.29816413539996328
24.806187984689256 26.357651375341359
24.607231497097626 28.598823287085555
14.352573975053605 5.8963774339161983
20.030660102423891 22.544972333589627
20.687874931776765 30.193456846680409
2.9430904902236725 15.232537272056963
29.93594974479009 30.376253525092459
22.516215169166053 11.591618782321076
11.359472235728976 22.073084337942788
29.596320366153751 5.652791292426139
23.410595686477748 7.8636574571440807
14.196089007290972 13.376446586651973
14.020251430181125 4.3153927961280152
12.502268090926092 15.876194005991094
23.599829212759094 6.6825482620931549
13.587454754196054 10.93363844847967
16.928355110620693 11.149378295258071
18.747359107689263 8.4391023287032212
11.094517058517475 25.38800287567334
8.9053048654627815 21.803225047866476
23.271232861914427 9.3677289497818528
8.5547837208455508 11.69935743032652
29.951390423941778 22.737263956926821
7.8688014167665976 3.8609142244227397
4.6220071453171752 29.673014760488407
1.0868660851863636 7.9495314306116747
13.039261516199607 25.819086002932153
22.608944361789263 23.982751531318314
4.5796577181321467 15.126501196413388
20.929438188536967 7.8814367132032048
0.17306575130194321 26.852560629823284
25.406710693368741 19.646975238727197
15.540157664823157 24.938051830474841
9.6458599057935821 3.0463637200796501
0.4076670040077171 29.628700989244095
3.6873800155423622 12.970438485481395
20.316564928283132 24.183652371935725
7.2265143161545851 30.3569913203673
26.835280767597311 16.64222368799512
15.245722807382071 19.752920384386886
20.134139674838064 11.43092833859472
0.92180664626592301 24.151349478286619
4.8981975491863103 28.883269614239886
31.598917843997036 16.539697499345742
25.304755862380812 27.530412946993408
2.7369708793947649 4.2328374490480698
28.403045307956749 28.899133420688084
31.286229475312943 27.585699083947372
4.2678645135227331 10.42114165359731
20.918807871688593 18.797388658345437
30.815872443278156 21.661481935448748
29.69156799773009 14.79105327343321
9.1674527931276408 7.6905068147170157
30.426303447384807 26.419556207591562
18.328856077678761 2.2175900311218428
5.231237554589609 7.280673935692076
15.266925160611809 5.5868057746516291
18.992518650328982 3.6342264555649857
10.164578184889155 16.517345005257745
7.5741298927152974 23.008642159990913
26.396367687799465 17.437957369072777
15.563252075228169 1.2525301140309408
24.35544728145701 30.690059410740453
17.469749186624679 15.08336194432148
22.183841118929749 23.173414143369179
4.7612938660717994 3.5609875838513467
25.48705399987589 3.03273665260236
30.401293450173497 24.44661687161059
18.291080834846891 22.302143212456429
24.541736166200579 16.495544719027855
16.401825986817503 9.8528905061205965
5.7988614479057237 3.5016921732400084
14.372787279854641 21.508176434055763
27.523740127775593 21.214479197308613
23.969151422322916 13.913064371114368
1.0761807657173483 27.54140022423077
15.056171079398307 2.827176349382011
21.846707002635394 4.9998553810452186
1.8907571422232197 29.727647064128348
18.93398786304795 4.2655816050215858
10.985800746947973 5.8739868560214079
26.301695916058154 5.6841952464380388
22.376209670959781 2.4627357836633448
8.1180984853610312 9.8797587716902235
8.6383312594932526 19.648815316375142
20.62809365014623 25.238925919852612
5.0398483432257288 0.53350424749899761
8.7774942279325305 0.81439980158020109
8.7795011450147964 25.523545931225161
25.010359158479247 17.018420242434157
25.458767587254147 25.937126662805909
0.16689632206690322 14.999493906825601
3.4133823587144003 30.379288617114728
7.5757704894094191 5.6809734430436212
24.791532676095329 3.6603344532503659
0.8087324117574719 1.3454915348712875
10.115378034329337 19.243147964451765
23.776116362283357 28.222905308046396
23.16993614888116 14.595497785632787
27.515342069647069 3.9140696970368229
6.9517785604946187 10.066140674859763
6.8697180724929963 9.2288138413854846
26.886783140439121 10.026378729829725
3.987635778887324 15.661593282044384
22.618999538080082 16.527580222397948
11.657942149762551 28.260882927084459
11.120159861992475 18.611918284375538
16.187498803610147 14.134552515683861
20.034206806766839 27.216540946162002
16.32593089858365 5.4478913551226036
27.365582618602438 5.0275444103641522
14.793777213001071 20.415171148263042
28.970934711878844 9.0791812308115976
19.518836785933473 15.004343661859746
21.87751801332351 15.201439841965465
12.884615734677929 10.093603528037354
16.71565021336033 2.2521400465744441
30.830045152027679 9.5549183089794969
15.444748529445638 15.422118884891606
10.943402920003205 3.0286523584183773
4.1025219853878356 22.638570959282717
21.012301022059557 12.252413897667511
16.639706304623044 30.077484970019214
12.988069110464465 7.8008313802711067
26.334554639012065 25.613459799437802
28.251375129271388 6.6088385022246827
13.969811210925084 0.14719213223673061
4.6014045384931901 4.5887491462248624
14.895316667892068 4.6339666699624553
31.454644410786603 22.559979843219459
21.882525841511484 30.005990571501101
2.28767048689074 8.6985917607174521
22.017734749123285 0.89498165337744695
21.397679336770196 3.1758259698637903
22.627690674743295 26.778325062091451
24.445591813357662 27.375823688438373
2.1097862501351003 23.756120832505189
22.236412687155141 9.8864062017339709
6.2414374712464129 16.104740813489517
27.592687321405119 17.367767779395589
20.000777023568084 4.7691460068079188
22.449627072742604 6.3321790598632406
30.66857865508381 10.759867447678877
2.2451700164169872 14.082766414403359
5.4069821594569891 5.4486981910646266
3.424687295339031 29.376210039788099
18.99818135405431 0.70376567570987025
17.947724945104422 24.983789046010081
24.437456982220624 9.2575825626162391
23.578543368973516 11.757178601921151
29.632677902326687 23.522384636392914
17.14374527881515 7.7599164094019386
5.1581834903718953 27.806929824957876
19.014185105806174 25.562007080428064
22.020360221035599 7.9131280414361234
7.3037393541782452 29.439732467677377
9.7762568423178173 30.130250748832299
4.7252013763139358 13.77339481649687
17.795060104336656 29.080266022527848
10.692049918598091 5.0294131902559878
26.600750023512035 24.842892987588364
27.671180772542311 2.3743492998481419
17.593093410813861 20.667891723612456
1.9951683660995565 26.434124525408503
23.241769214263638 3.0220782716743688
19.993246702957229 19.514338476088685
3.9800938914104842 26.04809592666108
7.6702881034993196 14.812939972942917
22.930502275479846 8.810763909033998
11.098720801722862 31.591414934978772
5.4607967460862232 9.5088505723405472
5.53712607229442 21.984411979983545
24.221183281219851 8.3580544337345071
23.983856871198338 2.7075507938758965
14.389434522512142 24.358567081054808
10.852240182263847 27.871247362515202
19.164973741656649 5.676517778696673
6.3802287642490176 27.691164059263279
31.161089317597284 2.590447865002965
25.505648404770849 23.12389909190351
23.609538225378138 10.472062883459019
19.511633799288873 15.964490054102773
3.8732555300960989 3.2418683036787721
10.110545491063959 28.572279128990079
24.412793723049795 22.925295433029294
19.517018007262255 12.277918657096214
5.3920343639160784 14.90981818228523
21.310142240985115 9.4237969898739422
22.11443976515692 24.849859379637032
29.539655690048406 20.207789735174682
26.485523287856701 20.954636846210619
0.635922045259944 3.4262485641816691
2.6169959840596118 30.317574603149364
2.7054463711769086 27.740952583211445
5.149232178695466 8.8078249325818074
25.71186529686285 28.395232865786969
20.786135762163639 15.536425153222941
23.973421645141986 20.461724222991482
5.9059767134058276 22.823179221176623
27.842689074556574 23.467327934618719
4.5007188152703179 26.593188515268924
30.252553922562736 29.591910687167704
0.48502695674590279 18.909254731459235
0.1168043335087077 0.28874107128477228
24.027888871798901 17.733474577794475
21.964310580142627 14.496169699551723
17.556705916105479 16.790583724359106
24.469588382745663 18.383332003478877
2.5338807096543716 18.275326224862503
18.249724823407554 24.408760955801615
2.0774763448692219 1.6316401070379651
14.251815994088796 8.7893171054543
23.934738219177788 21.261580416671311
18.2946270145159 20.05029528187417
12.279438096313669 6.2237004151738509
2.9781262207247146 26.435088887487336
13.470327119157909 24.516780834590993
8.6419197333304556 22.723756255120986
28.806601009021918 10.836313720710253
9.5506972111722348 10.422480812234522
14.070789567589976 3.1176734954210681
18.071325193571028 0.58481266233795159
18.048339077206101 31.030210918351294
2.3424970193541284 21.61353429556781
21.767502334284334 17.257644191134784
26.440383820241543 11.624524371108198
16.30550244142346 29.099359848630254
24.149945144764054 19.15785648682024
30.679889993078781 31.011650041359921
5.0385337432734536 31.039500536351657
17.971633460502893 28.069914250354302
23.415777301674261 12.556449096804577
5.9327521263333436 28.497368801231907
22.684507949948411 7.3033117939519121
12.270255782436877 2.8466793383943676
24.766595340439398 14.259901099464964
23.381187537927151 19.35821356286899
31.602069174402132 10.391948330268411
12.620529446731064 14.798629461894826
0.51370500193098556 12.402121117869109
12.159581108256885 17.376600506573155
28.960912070279605 21.038229001789162
16.965252929664405 24.128758992511919
14.42581617454076 7.0140137866236296
22.320506179296203 30.813207166684414
17.246377767401061 18.341315072245283
29.208957604487704 3.9523394228210438
7.028810870952519 6.6136560068271519
2.7382802517465832 20.041618849445257
5.4254819049967846 26.834447812343594
30.108225944049195 17.844429052005076
16.008681192678349 17.186818518059198
12.520188222834918 31.310132271651536
12.477563854201598 21.429533241384778
7.0517130433720911 14.201671740510236
13.536732081252943 31.031500527843654
19.525720777252687 17.807278696367067
14.993845086761185 16.374082519046173
15.874523389366255 19.200381997729917
12.558580543791972 18.160167119147374
6.4884542311917111 23.395765226419861
5.9090795590699701 24.386974093250551
0.67223359077929201 20.88317683730288
14.026754860044797 19.464707074400096
13.00459877895069 19.654430703839264
20.536148922939173 7.0772586038769578
29.143849569740642 29.363390499773853
9.3960602952484162 14.633161559100953
24.341460459447255 11.285892485051807
3.0758702161906641 5.898588645599804
25.570117041150279 17.835860970959075
16.793344678518075 11.808207331219293
9.5380746607008131 19.90619133741373
28.339910474039741 27.43139636635723
14.166483482785283 12.24998416793607
24.366412831943631 29.405917017095383
19.758419058434093 30.230333385724986
10.825227832171173 20.875852927842697
25.432829132897226 10.125792772132922
1.3196383871192283 20.063653222620896
8.1968967399347594 26.859905153628318
1.8725191199184736 6.433517888334725
27.554362732466988 1.4059166440726378
9.4560149722734828 8.6535633001584582
27.180834029515179 3.0130421775446368
7.8235883760748344 25.532280017164805
13.49771704101086 9.6315026539035991
19.42542056576962 7.4925769387294867
11.213595179033303 12.679036003551783
18.478680662184001 27.135257679529229
12.802698088836173 5.0984964857366428
2.9942748822949796 22.452948832894918
9.7922416943690145 11.631318903695304
10.656872568665028 6.684676346433907
8.2439654289850495 6.2937530617263819
10.042033196446708 17.893018628925589
9.9847012283833756 0.79086419190625845
17.790109238508105 2.8615748129996645
15.502858986061439 11.949477517159735
1.3835477277249209 18.626899775835255
29.314319555516352 24.46689478197888
17.596317808419894 19.239321785543822
9.7632330942021426 9.5888488102807532
17.234116576873216 6.1818535609896683
18.866993274903489 16.43231440720972
14.494929168978009 29.003286503697048
10.660507786051543 2.4722812419376781
12.25958619977011 22.480460636527258
4.993684231589075 11.660626626378175
26.392055326478296 31.046288829893079
3.9079248169326255 8.6044157693601253
10.901132195139747 16.944937707233645
1.0196040421594248 16.872307945699344
23.021172697260887 27.578601383385987
15.503094426107078 30.14117787504226
12.523525887427695 2.2004853900698547
24.467174995131202 10.1023380022092
4.9081233064363738 20.33543626863267
26.402638073492003 29.990447237917891
0.67612859340898512 25.316197570406029
12.048737472514304 10.768809950206451
27.249120877158592 10.732227889597439
1.4453611879538095 15.908998039024361
26.876344654531859 28.64584062150735
10.804649256693155 15.246428634830872
21.788148029755 8.7204790069575289
24.804832103564596 20.138253288682058
3.8750737486429148 23.761309191776338
16.576890251813822 8.664513427161209
2.6391665916037161 7.5825465739096831
6.2222773099570539 17.221664301302361
3.3688553249342039 31.425536652365807
4.3242432520714509 1.1578037833680568
9.213958753379158 31.175339358691271
18.620370616477448 5.1768527129120363
15.195085138414187 7.5017505631247205
3.746346266972215 7.4492637024425141
30.998366193613005 17.435108521690275
7.8503783506424218 4.9309798211520777
1.1327948005188531 30.103636728336117
10.10505439814596 15.504648166584964
16.780679403819267 26.847166117831957
30.549920560260325 15.62391567946511
29.893249599754451 2.7011622906889103
6.356324661777176 5.8836593497631657
3.2134072241564242 20.729758968023667
28.614822170267271 1.3826595598358566
9.4423585968842882 24.893897601106467
27.540550101301143 22.171289460504827
4.2172414349891563 9.5149712006545641
24.718622856521332 2.2524340831244358
14.344110038518101 15.666681976284307
2.1337789511592544 16.823687228245159
0.80864430950224042 26.395120056137163
15.743831993570486 26.221236215726936
6.4124346283513551 12.550062515849859
14.358761354551639 14.367366491254797
17.308598926276687 22.94900880763883
0.85497227759410388 6.6393987962210277
21.636117719618777 21.085064922533881
3.8887739578764751 19.811411582006922
31.038752902779333 20.110079278072746
9.8126972511460231 3.9526982460418747
23.859253891850727 5.4181132210104339
3.0474443138046872 8.6674012900157358
12.985445651160269 13.159799586556664
21.167254700939615 26.185983762690419
7.2331930239076208 3.2073829528690991
25.760725105834116 29.235694143867988
18.543325397803944 18.989332933498378
16.646399064402338 16.483758990368337
8.835090160347983 12.493267546964798
10.717808564084079 19.809192897270378
16.938507679702635 17.757310573458383
25.201606695690973 29.998483177097764
29.070584128883755 22.013738182437553
18.107335846815857 6.1491071189500621
13.870536228504537 17.780366881487179
19.136267111584967 6.8763039950569684
31.143580866826682 29.365242246997116
11.776513533338154 27.288974897853912
23.637478592982568 16.294395503102272
5.1223970778714234 10.739913620918726
15.415579157105917 29.146020528624312
21.518765793833289 4.5008804177605919
18.31227743641632 17.307056140425484
12.106301260911085 9.0059441473872344
7.4004837566964943 11.595515203750868
6.9512801054239857 0.41668270746055108
11.033479552865128 1.4218121638469221
13.937790500008372 28.298255795893024
21.327164463293748 24.724116611747274
27.389780783919178 8.968638257471703
13.745055734546256 5.3404553458541875
15.040127794320993 3.8109533924737193
23.269371921237603 17.331464312810215
16.693648656408818 19.455171692310348
0.22949117010379183 7.2454657259090922
2.870488497449835 2.1930533972898365
18.46336696340861 18.049059568420176
29.132629321601051 27.882681038798651
15.64223505998482 2.4664865940615321
6.9575982889546504 17.130813532166464
16.118157618255896 4.6769749509375034
8.4765764196217326 17.845118031796495
28.051368632185799 26.091830980716434
16.621825339513006 24.783617301212246
7.3152179784703 27.732900395164467
1.6074885833012407 3.639704753386872
23.231206990171898 22.091001663210733
8.354111868667097 31.007823813319142
30.769401092583315 19.263311141416228
13.881222549725116 26.726876898259945
19.36075879555106 1.7848246006145423
26.63585307916059 12.362611636530557
3.8555761118536553 28.590702198883065
16.959339294143152 13.106600553203965
13.77073597069213 1.5766003534405131
1.8453540837309781 27.454130600799079
20.3582032420451 26.321404777641202
25.674630845104073 24.124786994467261
21.573119233584499 27.284716983674169
13.723988879007145 25.474100524085571
1.7342853274000134 13.432824650773505
1.7221105129940339 24.738383008986581
21.993259955919985 16.118348747418207
16.355929165216683 7.4257681394821571
16.233264508846656 23.413846441739462
1.502801379962861 10.730272158228404
25.52351110194299 18.674905648066702
27.72101338387073 24.470226699685636
16.769700125524725 20.417210485583443
18.025461821424283 7.9492696509472722
6.6101904202278483 24.811936254454992
26.28800731650318 3.481033262822411
22.869089857979514 5.6521396567441506
30.97549273522991 3.4871515790508649
17.208299945363652 31.324417451982526
28.365143954992217 17.052130341230495
12.561475203890744 29.695710246205142
8.3207374174026771 8.4301937499902913
10.413131205725465 30.570663389057511
3.2168650130785141 14.478849542732251
5.5942583511298327 1.3390647496446004
12.899089382615122 27.057759496971947
13.151880735562159 3.3317590650033519
11.825987753711045 5.3059698138673292
18.494763502642449 15.201891706940723
4.5784324185646996 24.795993043181848
20.025031141418232 8.3200477751750661
18.041211276924315 7.037628590821372
20.102360679229221 13.708530414197092
26.664522587588078 18.596678670887037
21.549692862179882 10.576955943197746
13.013178706655488 27.783174414790292
30.35439493332639 27.365411960629409
13.227173769754673 12.286994847789085
1.4042435963900055 21.769530628944612
15.518505078376549 8.2865817308370318
17.385739857078214 5.0573189336184425
19.25714237225846 2.8376037294674128
12.251218029406118 30.521032386398527
17.855921830841879 23.393519827517324
1.4295999518262084 31.127012695433212
24.372122167311534 6.3053502724788046
31.049265358707373 12.831411610408823
15.486901810183229 31.536091776346161
19.385420147153802 24.194814266387688
28.393044975447914 22.417833055016533
10.957362537684354 24.092234277248227
30.070448565780836 6.4332981491353527
4.4226981682166615 2.1976687261499213
18.154438619299086 26.259587785613448
30.293500082304277 13.884077200219085
19.057593605719038 29.639877753879741
11.541691741827382 16.4199408137655
10.743121428926869 9.6575070749949958
11.473986935351348 0.50150604295194967
8.8189896936080139 4.1452550403538
7.0003970903534505 18.518295002577247
25.65953871157021 20.897939851425559
14.110719622678719 22.815228961150456
4.1805799130285326 12.34436990080378
1.5011271674809636 11.506325335727603
4.4574159898492738 6.5467747822528555
26.637644670758164 23.8803965233163
18.433185959507849 30.355719878065564
28.170245713933927 5.5956388038868896
6.1415681034083347 8.4829049485810089
24.786375298742716 31.596457078420418
1.1001471996352565 0.62721789248545268
15.844180148118497 10.422886887228888
9.1773271078419345 13.754817352758671
2.798547520603528 17.488543478213025
17.057076462772311 21.670972568148574
8.1048806565831164 0.37604665455713698
3.16056672293402 23.494794717570453
22.021275727069934 3.540749907733256
2.4996858563917508 9.8451079796350349
31.461089648190772 4.2368373088021274
10.382770230348862 24.991394250995604
27.74192790956976 7.2427285610252614
25.789318335178375 15.540524466045483
25.155696276221587 21.481918425059803
9.1015770929894888 15.786729618898832
29.117098904698146 15.420195182121738
22.858944684768264 29.638161433503267
16.24854173189172 15.811803531533721
3.0048987580971054 25.513561201902291
31.599869118866579 8.3011695509790879
19.999698009607144 6.2043180820615014
28.778463195088435 8.1952275959449494
23.614417269758125 1.6761757973152733
27.943855054872991 9.5719296506647744
26.635626077334944 1.3202878666101985
19.598021299489897 10.12570318337858
6.4856024146705895 11.090765546813708
19.853296360486429 31.179249075421485
20.413086216465896 9.0335009431662652
20.353353905583987 10.070014968164683
23.150540054302759 31.032820616487353
4.3355554225636528 19.091165426999691
11.462167704259921 11.520637849107896
21.868901426974556 11.875773723740343
15.606174302423275 27.078485161566419
13.508294573905207 15.054848491295768
20.999508894246244 29.097800664411636
26.105841777898242 9.5256814674283508
19.845941648088999 21.475168400518054
16.454570645017899 30.855123369777292
19.096661364009094 31.407805279563789
20.492285994896775 23.286760686886751
13.323642319448137 23.627970540306549
16.590425836714147 3.298215425821291
12.314651138508166 23.525942079678448
0.44198426188461182 31.111781210289482
0.97129453015138767 28.615068350364972
23.233611909883827 22.842940995036685
30.038678021011524 3.620458651400523
24.603398511182956 23.886787346829227
3.8774942707854727 17.332617906694644
19.302879007976451 11.294137921169623
22.173938802844269 28.136301230282438
1.4444862585997762 2.2277928507515323
25.69053931886323 4.3346692074679991
25.930563334653229 10.919926114322216
19.095252999410928 21.200182096673824
3.3388590119300314 9.9688634822449416
24.180972124293348 15.340003610490596
9.1580482532257736 27.521081079145542
24.994277660457367 15.23259375125623
27.885463720924527 15.204004398785274
20.20994933898729 2.5532166404630758
15.200352790852135 28.03490926631919
15.730945640033859 22.710460161110177
6.5237162644382183 15.406826880179809
29.767647383388354 11.361699859696238
5.5607144114282816 4.480922154339976
29.679935606367295 9.3777381474298931
21.205400121551065 2.0607177098615352
26.925876794577754 23.11324199585971
17.309188309614758 27.303580090119048
0.37592729743695202 23.605564074055291
23.655790378917285 30.030186427031385
23.76195221404295 0.068107959859568204
13.365298734164881 29.147106797760934
27.348804452331166 18.337771040348127
5.0749653575201075 2.5248608998573094
22.280278437392287 0.24169909406244022
17.346754075501035 9.0608888090616837
0.17869508593107145 28.40703903455621
9.4136864271415703 17.029171688119465
29.066567545833504 11.927087636753745
26.567620397070659 22.037963329898137
10.007740376720447 27.453520627490125
27.195792442440695 14.305113959271852
30.308448657931745 25.430666328147574
21.786996182920522 28.959144724457193
7.9144531618768346 21.950601054327354
28.733036779056111 23.439748073169142
31.428430544076139 1.6653421186918491
6.7997566493815649 4.1991939697672116
