7.455424828 21.43900309
19.45859761 22.55977773
17.59034931 21.32354741
30.22664149 1.97751571
2.156853596 31.42309034
7.79966182 17.2988138
25.65588907 29.88365527
22.81985587 22.36051542
4.726671355 25.37276204
18.59103537 15.96689228
24.89585692 23.70074451
3.66603988 4.240887456
25.45554818 22.91629354
1.383825595 7.522597797
22.08118754 0.7999354017
20.82577735 28.50010452
2.388641289 20.1896671
10.18921381 27.42460972
4.249448298 18.477854
12.64019606 9.795726773
23.60440056 27.79712237
25.4553481 2.929215444
18.74138596 0.7190866124
23.78818685 7.573314264
28.07055455 16.89823016
7.811255459 1.62456382
13.94912962 11.22350094
5.050665958 8.764787861
30.51184297 13.43011536
29.57993411 23.31755806
23.79730376 25.28762673
23.27496183 5.426595111
27.77565493 27.33089475
24.58110866 30.94232888
28.48611353 22.87947033
18.3058486 13.15110324
15.03588024 16.83216394
31.30754832 29.29547995
25.67411255 24.63417279
31.02384851 25.34537667
12.45988169 4.455687891
23.51662794 30.97828818
27.93444238 7.040738034
22.46830182 6.374963058
20.36325953 16.90461142
9.87869916 20.09542267
4.683533029 10.62490064
22.70059205 14.63192499
18.36748807 8.250433646
31.58261365 10.213386
6.876354207 12.77278795
22.82948866 18.26924005
11.61935317 4.520235303
23.44610775 10.58272725
29.77699968 16.96083233
21.87563926 10.12893469
11.9676066 0.01398615753
8.863192373 7.434771357
26.53928681 8.370512964
12.67551371 11.97494401
15.04038582 12.21668991
26.06175541 11.52411298
9.520546328 15.38290037
7.708103605 6.160058016
0.7320682363 22.96074662
23.06823383 20.92979747
6.305988029 8.147182376
7.962170804 7.087500928
29.96031444 10.80554811
5.713240911 13.0952952
20.65566069 22.54323739
27.14447657 4.295772389
23.7007219 12.65503099
31.14416149 22.53594634
2.436168945 12.71048289
3.791472466 27.14855478
22.69638041 10.02337173
20.31737558 26.31882578
19.39258069 17.55614504
15.16524103 14.27756576
30.65158343 0.4612041161
7.186557702 27.758542
5.235606946 28.775733
20.44126252 21.76408334
23.46125047 6.642174199
3.194786327 23.92550831
12.87221218 0.4646349432
1.51567137 17.8672909
3.152755774 6.36168914
25.2865218 9.292558555
22.87045585 30.32145978
18.2985593 28.53079891
11.28608177 9.372670316
21.56768462 10.96053441
10.02532917 23.83411269
27.37320705 19.67147561
21.77035881 6.146104464
29.24521943 6.374680454
28.17192245 12.41237341
3.722581795 24.63813176
4.351465661 8.001080712
5.239983381 31.49867552
27.07473167 22.53162122
3.684475929 11.81061419
12.6270851 17.56288572
18.479414 12.28141281
22.23854765 17.65801657
30.88629659 6.106881564
7.878431544 28.2799332
28.57939403 16.00878607
5.934396634 23.07877045
12.99002872 5.30336867
16.67288437 27.15677475
9.131679081 31.6028946
26.13906986 23.3276634
17.42069021 15.03715211
6.417671396 3.785532881
11.59451718 16.2405159
27.24660401 1.408860935
16.85653339 18.89771223
24.57039428 1.748338203
11.05878542 21.24436428
15.90260786 16.81130109
2.834721854 16.3076714
3.06768882 8.611348563
24.05317082 11.14625802
14.92095554 0.182200472
16.18381468 8.706861054
19.56938474 8.404982057
12.06636406 5.65082694
21.73168565 27.73643153
6.903666734 12.02237512
29.40770414 16.19665169
2.436873173 0.9796336
19.37352912 13.07622323
16.69168907 3.009671658
18.40879901 20.68856793
5.835466659 22.22781392
16.70820133 17.95084268
14.52392632 8.042747786
13.33496134 27.32045908
2.371861504 11.988063
18.80787339 31.38286678
0.8159814417 30.96405183
4.802288035 14.04423655
5.048709992 27.02503143
20.22727469 24.04283795
18.26986285 21.92293035
5.767746345 19.87522233
18.70885154 4.603633626
31.18689254 23.59989206
24.12391206 12.0148966
25.6444719 0.9976987498
9.50581839 8.593400867
3.000146797 5.052505196
12.15358904 16.95429673
30.3747272 20.50155077
23.83579856 29.91436962
8.710642737 24.20119905
21.21235902 17.12766801
26.6971889 14.15921295
14.80083333 13.59733487
9.283066002 22.06912361
19.7136569 25.30398502
20.54897994 2.451835844
28.22870183 8.319186529
15.58843641 2.694468613
0.2136780192 18.16931898
3.291088919 0.9337023266
4.81243959 31.00303086
25.08905789 13.21313803
7.858831077 3.26319842
10.42286472 30.94767629
12.68056141 2.141682396
10.9044937 17.25711482
25.21019466 27.41256939
4.607420305 16.30366617
3.804024712 5.481124307
2.221393026 6.072297795
5.43389879 16.30864961
14.63683408 21.79597389
1.202772785 3.947464761
19.29766755 7.122728014
12.47892044 26.68460585
1.267769517 2.149168637
29.06841826 0.8649135648
16.84387218 2.236546791
23.60435957 19.68983933
9.838852226 28.24591445
12.78805309 20.85004617
11.53592632 3.555600779
8.295043946 2.62767608
3.597443332 22.45368151
28.74518752 24.4573803
5.819274955 23.79410399
4.348236901 26.32732849
19.01711199 11.00101788
10.43192974 7.134017195
28.20327504 9.793805812
5.174893675 19.31981647
30.32814687 27.46584241
29.30984319 2.513196436
14.62460124 3.598124944
27.61521644 26.20207314
24.05775865 5.764946672
22.28516567 16.77162999
23.70979675 27.09689285
0.1686865986 7.744241361
29.74632771 13.48626464
23.2909308 23.05894544
28.73174595 10.50307987
30.2100811 26.47350532
28.05624537 13.85682261
15.77835296 8.093403227
13.93039848 27.91018075
2.009373286 9.043378245
22.02562259 23.55846991
22.02770083 29.57372292
7.266972113 18.49382077
8.082768131 24.70806221
7.224762341 11.05555122
15.75224243 12.65725213
19.21774108 24.60776353
28.94030236 29.18515507
24.26631725 9.907869642
25.1048017 19.51545568
14.42042089 15.40968075
26.30059834 24.35688433
30.34683264 12.42370868
29.13238089 20.81645398
20.4991171 3.229937649
28.18978687 6.125978399
7.819563668 5.008890356
30.43838566 18.30679939
9.493996842 28.9337357
10.69945355 26.25260261
18.91255938 9.217768558
19.93604891 1.435299882
28.42195376 11.21813424
27.11122457 7.062594158
24.86159294 26.7246661
6.495135896 6.703564196
18.56941227 2.343724436
28.40539665 3.230294186
18.9600512 14.24377482
27.7539846 2.764629867
23.85816349 0.2311270817
20.34008711 12.05365677
12.84006043 11.20604533
16.53871315 9.583677818
1.010435293 18.52316289
11.47318196 1.994198489
15.10942079 7.162977089
5.219244809 24.61504884
1.128903746 10.54806507
23.75925651 4.115223433
4.754407641 1.03515973
6.003978368 21.2807517
2.006883894 28.56407674
23.5544198 15.19028563
9.993234338 12.70118637
19.50537287 6.208885474
20.71877659 9.411821719
25.58342635 5.979052502
8.250444664 21.52888932
17.5782789 16.49115942
25.2916814 14.03770618
21.678374 18.85826934
23.00425386 29.12876625
17.7814749 6.493074526
10.94130518 10.30411719
14.39942721 26.00041124
8.201073226 0.613407276
27.4780826 0.3815590594
2.789337582 11.09460771
4.854376215 3.503770799
27.16149437 28.08368902
12.95224992 19.28379264
28.32045152 0.4771401085
27.34801599 16.35537748
21.2094072 18.17767109
2.260922492 4.819631753
10.82101811 20.0408334
12.62084462 8.285175292
1.036647073 29.78871054
8.831605682 30.20503059
10.00649034 23.03533589
16.64472306 4.366574707
2.747021081 7.213018554
29.81703805 4.587587927
19.57113782 2.102158082
14.05896005 23.30652748
19.39378306 27.60342134
21.68590501 15.98759334
3.23498086 18.22778504
26.04443222 16.22382367
14.09293032 12.82261209
29.20072154 31.22742728
9.892160955 18.67190192
25.98969756 28.57589369
4.014219037 19.24092864
30.62050262 30.23954718
9.78808568 26.63107296
19.19345236 16.82423857
25.48149067 4.073390218
7.668599283 10.25066177
7.45461125 0.1201198848
24.72719005 21.18309137
15.66220608 18.35282199
12.34881331 25.26073296
7.997830569 9.158097071
29.00180468 30.209599
28.10384939 28.37172353
12.0045254 7.393096961
6.730650547 5.04064322
12.46346205 29.43398107
2.390311067 2.014506744
26.82843986 3.152096653
19.81033928 18.71563955
28.22992572 23.6379424
31.12773797 10.74171706
26.86412776 5.719537496
2.759188136 7.953960255
20.5289723 31.22365279
0.532445855 1.41388559
16.72821818 28.07667053
1.696123055 14.04675283
6.370380539 27.72157837
17.41786581 8.56257927
23.12328217 26.23080189
12.80222395 6.440185009
31.49075463 4.192039829
6.024056024 16.92988905
16.50961176 11.83701001
5.720397941 5.301361872
9.858928272 0.2966660076
16.66521451 29.49453335
4.483904144 23.23245417
23.04625183 13.22797704
11.78783838 21.78650825
16.99587583 25.34497816
7.573131303 23.67670735
8.4577689 22.63393698
31.39322109 26.121004
8.58091391 4.116580087
10.41021128 2.381163093
17.67961365 10.25455992
3.770796654 31.16981372
31.53413305 20.54597458
16.58381061 22.95898271
26.69968499 27.01179222
4.240048294 15.2062372
3.92563353 10.97327418
9.048815858 4.590854173
21.03615321 7.837641021
10.16645338 21.1255117
24.30828303 22.74387755
7.372879307 4.260645275
1.735933925 29.32345884
16.30759916 25.4179938
8.474695831 18.04640551
29.80826301 29.98284213
11.60228076 6.412814079
26.08047857 19.86595748
20.70571996 27.45920413
17.88578384 26.13002284
2.981710671 21.69197254
0.546112535 24.88209854
16.97156265 7.772461077
26.08589076 27.43660954
4.48635375 21.63869285
0.1733949574 30.2017173
6.682055969 18.89335922
23.7291907 18.5913025
0.2378925704 27.90151561
31.58335218 26.72240891
15.16724236 11.34309552
6.88103667 16.26825722
21.35971571 1.494279245
20.23148681 7.266186205
5.58946525 7.880368663
29.68411445 7.491512904
25.13020689 17.99599578
9.431494775 9.758377436
30.85876047 9.474189522
28.86777331 25.79271419
7.705906401 30.13791354
20.2213438 23.40225395
9.576005953 1.262464153
9.312888633 2.447031406
30.36941951 6.535304221
24.12793576 13.67518763
27.04352186 20.98945333
10.92365416 24.21673816
23.37043076 17.11759113
29.11899081 12.29194817
3.199047359 13.37403465
26.36972031 13.58046462
8.343989842 18.79153177
21.77959337 7.40364986
21.28544006 24.79457489
14.98556521 9.614167868
9.307813809 19.18958241
15.24336424 20.78897355
26.74469961 25.89275593
16.18326232 24.20074869
25.87071923 18.53023344
30.79894094 14.42651076
31.51364532 12.73417528
22.99134606 4.093324154
17.84841277 18.07600008
6.829143624 23.95244554
1.198965584 0.2560222145
8.90086795 27.10816164
7.808729752 20.37402632
31.55527982 0.8593943931
21.53928521 9.141966034
1.46727667 16.5458741
10.26133506 29.70993971
2.437072804 18.20798538
14.53221614 2.748254183
27.58087005 5.423055263
13.57187954 20.39463285
28.81747169 7.3696798
14.66610245 19.12696532
25.88750084 26.05188642
0.2623756327 3.429879122
23.98830623 16.36470548
18.07077939 3.689861893
0.844243868 14.4513043
1.318966773 12.44316219
6.671224561 9.619651167
9.329109428 7.008669318
2.311414193 26.24702193
24.93436024 0.4505607482
17.13521521 13.53469012
12.92259348 23.75343965
22.40164895 13.82576611
30.22676909 23.31441933
20.29935675 20.73697473
24.22854952 26.06821803
28.88627878 1.735111037
13.94103603 24.92376268
7.17333056 26.69002296
23.02447353 1.602339015
14.42088723 6.730452634
5.136598622 2.243667116
25.01467284 20.54807149
23.89619492 20.31520143
4.970977722 9.837436279
3.701622052 9.749269594
29.73125068 26.00352427
17.40203994 22.46121308
20.793825 30.34471069
30.32302661 22.09324798
19.7541068 0.4478846919
17.65260102 29.73967172
0.2853953427 22.11275176
21.5187514 28.9443911
16.89806798 15.82013731
11.01486432 27.8845328
18.39975759 27.14812388
24.04152077 1.216473347
10.43759918 11.84611213
18.26402763 15.18468079
16.72217591 14.34429224
11.54163854 23.51904336
27.83662449 30.30529912
12.69438846 28.6369437
16.63964919 5.608051425
10.76360473 15.70432827
4.731436425 5.412930149
27.98703464 29.25386673
9.324526871 11.56499307
19.86588869 9.856123474
5.932454193 30.31558478
16.72101905 17.20842538
12.86323043 3.367779795
15.71982514 4.503584112
19.3752567 20.76792492
15.8070748 28.19993297
26.65840021 17.09268796
10.48621407 1.504338425
23.08250742 8.422083588
20.78883359 4.057861038
22.69677508 28.40439036
24.44970667 4.62386647
17.29769148 28.69135612
13.81495124 26.3636809
30.99361128 21.26343381
8.023282351 11.57607991
30.38351957 15.78325435
5.708247813 4.374905161
17.9526793 24.40468009
28.8838829 17.51663861
5.750165942 9.376600215
3.687879538 16.04496791
14.84502828 29.31092728
2.020722069 19.18625182
0.1193557859 13.38059171
4.979056396 17.55105692
7.500034146 14.68712933
21.58043089 2.169272579
8.784552138 14.13371711
24.96974736 5.277756299
10.27524243 10.99620766
13.83190928 14.79113761
18.43347609 1.362566635
11.26700981 12.69583183
20.65556027 16.05894633
14.4838208 23.87629396
18.20131953 25.19371349
4.315172789 27.87271588
15.9610042 14.71658113
27.9474252 1.852747648
25.20029493 8.272706995
26.28629699 0.1655277006
11.20244194 14.96134123
16.13257596 11.05794868
22.08416343 12.66725189
18.03352964 17.06852621
22.40487235 26.38815138
7.163762599 30.67241898
17.0029887 30.83853902
2.661612172 30.17141241
22.40464257 27.42741879
31.45910026 8.690037946
11.78223007 29.99754834
10.83579832 29.16946255
14.14049851 1.915253463
3.75483415 12.5985993
14.53710046 0.823959432
1.522633219 1.044772395
6.361778744 10.54305023
24.58467789 24.76020228
22.35256311 31.26189593
3.482864545 14.41988741
13.65510179 30.86746484
12.01449835 14.51208577
1.894005924 10.94436571
18.87555908 28.88770601
22.28017797 25.00413504
13.66123223 0.1343173304
2.181427337 22.45290531
1.041464771 20.20799874
4.061397693 7.426707474
15.75060115 29.20287658
17.44788341 1.48571075
0.5702949876 23.83930074
10.82223702 8.679630889
2.383619503 13.92890815
22.38571504 3.263590546
11.07963735 22.74457601
3.57259682 1.921807929
10.47017446 6.361968471
29.97701819 19.05398763
5.895761724 26.80357867
27.84793515 4.168668941
10.20519503 8.067389806
6.867290015 22.25261502
17.57597096 11.89764725
25.21752838 28.81437343
29.04539424 22.29939996
26.60453111 19.0511298
31.46332061 5.201333214
15.9050354 10.00256227
26.01391407 15.00097786
28.72612264 20.19608892
12.85417709 14.63065499
12.60139221 12.8995821
0.1108244156 2.604174861
20.49165596 19.62578466
3.90240419 30.26768683
24.0302034 28.99416066
18.79437739 9.904004167
7.053925742 17.33303624
6.807858318 0.763237565
2.716877493 2.708241134
7.660345814 29.21055868
11.60235199 18.0334155
8.330954626 16.48281609
26.11510343 5.18787303
23.87268936 14.34513622
7.054892192 14.11473077
20.60482796 25.21095516
14.28051587 16.55880096
20.23700519 8.512791422
17.84427175 31.1701225
18.93092239 23.77617064
0.7182395719 16.87775008
15.59593752 23.5407845
21.81992825 4.429045229
8.875555024 23.28735401
13.52669025 1.354833388
10.96003829 5.529562651
21.96954734 20.78876751
6.366733588 31.09475919
24.71698664 3.449183
3.103468322 26.35002481
13.44561086 2.813702147
19.39540841 19.77790515
13.90059236 6.022795038
20.82457295 6.580711218
23.47018411 2.942304587
28.60441367 5.139936406
6.045507872 15.47798636
13.12601697 30.2568774
6.604721549 5.971085881
0.8492724743 9.733249163
4.961875561 11.78577828
10.519555 3.252217772
25.08167041 12.35766331
3.06086214 29.56118191
8.555303715 14.78238646
4.877642285 12.58586312
3.01730063 15.01376498
7.898657503 25.64823426
13.77958184 17.54953845
29.22240184 18.1215981
28.46543101 26.77517807
21.11239186 19.67518934
3.912220397 28.65023345
14.17928206 18.22660078
19.14190712 30.17241318
15.97802652 13.3852855
6.053409934 14.66858484
9.637715974 16.00261879
30.19427482 14.9410151
5.55773466 25.89555196
3.896103688 3.211915729
31.04657496 24.40106567
13.4083949 24.76376464
28.89468242 19.17073123
8.365198736 31.13119347
8.060772181 26.80705692
2.114133839 9.691576267
24.35470413 22.01768419
1.539113177 24.02354739
6.690650874 26.01546571
27.19237892 10.14236937
11.47532569 25.15456577
27.46402948 9.296478905
17.02876766 24.17485229
9.305444473 5.954668528
31.42211323 19.60856048
10.30858031 14.55256064
15.16129946 17.84974085
18.24537463 11.15762164
15.91586894 19.30311023
1.459632847 8.20178104
24.5526806 6.698477569
11.18009185 30.58261807
13.19137886 7.104882154
2.009453163 3.781934004
25.31470934 25.58792994
3.596801331 21.0987651
13.11063329 22.94676916
17.0431303 10.7689261
9.519788128 17.65267618
24.03657183 23.98019431
20.60223085 15.06061888
8.293507361 15.78679399
13.3276823 16.56103874
15.12772896 5.879420171
26.2369843 4.162160378
27.40084952 8.233179246
1.623757778 6.68397826
1.499765511 21.33903974
18.87892098 25.97126092
5.474140427 18.47916135
3.040397751 28.56330017
17.50318214 0.2932956604
21.36622985 5.120103467
9.586741396 30.41808328
13.81142092 28.84123911
9.092026046 21.07786117
25.23854331 6.976798113
11.38082802 0.9091438838
0.8236886574 4.847684868
2.091645753 27.3708939
0.5761295082 15.70399045
28.09117399 31.00897512
6.113173345 17.91357002
17.06604722 12.68554126
26.48945189 1.406889731
30.54447215 5.002559776
24.82294832 29.92765071
8.906505688 20.164291
10.99631513 19.36708903
8.383504316 13.16383729
11.87746206 18.81269582
0.9516789467 11.56530439
24.60959093 18.99296217
0.6570514868 21.28202455
13.43056681 8.852577692
0.4140236373 6.727645191
1.153249989 13.17961675
3.065741373 23.10092701
10.78679584 13.55539505
22.94446156 0.5316032685
26.11411329 10.15554066
16.43899955 20.11062768
19.88383736 11.01977583
20.31609098 18.13699945
21.64202216 25.8728848
26.24693025 17.60501821
16.0777616 15.83389349
4.228317807 2.283931246
30.98962548 27.73970564
21.20278181 11.64690116
27.69958247 14.57565784
26.68570491 15.47364174
15.08870898 30.30098052
15.92771281 1.569950759
20.61138896 5.735635794
13.41621046 4.071301781
24.52043615 28.17906294
9.562197604 25.63198326
11.80454942 2.870437687
7.786361594 8.113681841
30.55625045 2.992125164
23.39304332 21.55326437
13.84301426 9.525667312
8.400749065 12.1422526
4.199541494 17.34128524
21.18772261 21.02957608
16.78898661 0.8739481558
13.86097413 29.62115211
4.6048448 4.425462247
6.684214444 19.82222938
29.83367015 31.49490586
12.46706081 27.87379053
26.49012178 2.586933411
21.23862637 14.64980766
1.382125672 2.845173656
17.0579323 26.51037694
22.96294541 24.85866575
6.152941133 24.99937635
19.59290187 15.84372821
19.52051227 12.14047
19.22836012 3.166869057
2.95852702 19.40385218
13.65587515 7.801112118
1.036099758 27.01319375
30.11225083 1.139474996
16.96400451 20.50742719
2.118636088 23.80873105
15.17765307 24.60119605
29.72026046 21.57280539
28.30504408 21.4827788
12.20776823 19.81910497
11.61601926 27.28771453
21.42244476 23.7949622
18.63710013 23.01933445
26.82549062 11.00102127
10.50895612 25.13504458
5.379468697 6.98227357
30.00220301 19.87927899
25.05257047 14.92879322
21.14511953 26.65310873
25.40813384 31.19581999
27.11279709 25.0422208
23.03019512 9.178343744
13.84542981 12.16688567
14.93841569 28.17196136
18.59718414 18.18930953
15.85589976 21.37623275
2.8547114 27.56519493
22.27839478 20.01350884
4.795797491 22.39887133
26.96546375 12.32333435
14.84159093 22.61362751
10.06191486 4.026965312
27.46697213 24.29626206
22.66640404 11.93425596
5.448782213 28.08982144
25.19927533 11.25022542
31.50921681 15.6789002
4.507159909 23.92557884
11.47065651 28.71799261
13.05036873 18.43015021
21.69005658 3.276188125
30.85276674 11.72102417
22.99042765 23.85890347
14.70280294 30.8091519
30.85579555 30.96508605
19.56294302 14.94027623
16.104191 7.06057718
5.177414338 20.93872406
23.0697003 16.05322252
8.736395931 8.641044282
5.665656119 3.103292337
13.6505345 10.3962278
19.59310014 5.296307002
1.833504067 30.58208675
13.1977394 15.7674284
31.30313818 19.00209514
27.14949876 23.27063549
11.5340341 11.06000136
13.7216966 22.00894342
8.734904463 25.84926938
24.03920213 17.70227173
27.7436038 15.38095635
0.5191320533 6.039888498
15.94765867 0.3856140227
7.061426266 1.847492601
26.16477572 20.66137032
22.15055411 15.35135298
14.86519198 8.81390522
4.604354902 20.29175299
27.71698945 20.35269752
2.957303696 10.1265093
21.24797121 12.69848335
9.514371612 24.69846142
17.63582899 19.21128817
6.978514765 3.026730128
16.20873629 30.29168197
22.56786304 5.098310897
18.84637275 19.15823139
22.63907047 19.26222763
29.1825409 14.4267435
11.85790046 20.63231628
5.237975511 29.83398701
15.71867664 26.24963931
28.85624536 13.31125174
14.43079596 4.341645311
6.036130953 0.5253953078
26.72971391 28.95830715
29.58136722 24.43192957
19.70144953 29.32435554
4.311669526 13.58358023
26.42944491 6.701459767
17.82836788 2.720836255
6.53343773 28.85602936
25.96287436 7.662286862
12.19372073 10.34309892
7.199410254 15.59943121
15.16889449 25.38476338
14.68331395 27.14575356
0.4396474369 28.84877305
30.56818321 17.54131508
13.9268179 19.47966279
5.645309328 1.404620264
3.036614912 31.43111806
31.175023 1.951650697
29.86128359 28.73370067
29.5938706 11.6617814
24.11738758 2.620957458
5.964152619 11.91270483
6.296403286 2.205904039
18.56319971 7.561421627
15.25461634 1.636153486
9.195097194 17.05809988
29.18563195 9.358600934
26.08585818 12.57611521
17.99365601 19.95040405
12.05806812 8.875485917
7.887672179 19.64474333
17.3746941 7.027659601
15.14517045 15.51667845
5.198654471 6.315863921
12.28827097 15.67089772
3.954515211 9.007426032
30.57295662 28.85135754
10.40246724 16.77688928
7.62294084 13.29593431
18.54331584 6.117471637
12.91555807 13.46020367
21.74723316 30.4806799
0.6714406164 8.87544692
3.655691967 25.5137075
8.775377225 1.468917727
1.264684756 26.30550714
12.86332578 25.92300736
9.296856913 3.274562496
11.43539445 26.28722522
29.00305921 15.06137078
30.11087547 24.96970386
3.630566354 20.21622661
19.24283716 21.71620448
28.24132903 25.28043386
1.535975749 15.31667386
11.60484355 11.96127987
31.07707308 7.394256992
12.32816322 30.95505652
12.21675313 24.20597617
10.29943406 22.11606817
0.2031750688 11.66895714
29.05433596 8.610820372
27.46298856 13.06812901
4.188684213 0.6621953862
24.93268853 17.13577007
16.19460466 6.281571976
6.684556975 20.77918734
20.47396695 29.58286642
14.8361521 10.55154084
7.420077747 22.79024261
0.08805799671 31.52225638
15.57239391 27.01879938
22.69984783 2.152379188
27.74400077 17.78491956
22.69953118 7.471219942
7.027568203 7.455126237
30.28696245 8.001793505
25.62474608 21.910307
2.258225127 20.97413399
15.81980489 3.558045801
24.40987558 8.147200958
17.28439417 5.320538729
29.25537637 27.2973832
21.42155203 0.03086818193
30.53647783 3.762318299
17.64482058 9.356219697
10.86216883 0.2460939366
29.11295479 28.02067856
1.180095802 28.07264653
9.74298083 5.339022045
27.6173809 11.41853968
28.89379002 4.265223144
21.42245137 13.82807681
10.62827968 4.660736309
1.082769943 19.56170343
9.355682889 12.90711707
4.083179356 6.541759622
19.84825507 28.14905937
1.45643761 5.423404786
17.38729474 3.990002863
27.31316446 18.38051091
2.168373415 17.04536806
18.07066448 14.0315656
30.25801565 8.925733122
6.500548574 29.46215965
8.702251457 27.92102373
16.58703039 21.65278009
25.14161993 10.43349841
12.36020134 1.344332655
19.37011807 3.82449536
22.68931784 11.3459985
18.23798234 30.08909022
1.951736227 25.20115605
19.48835054 26.64514078
13.84910529 13.88536698
26.29357788 30.43401051
6.987464322 8.868939707
15.78777436 22.50504758
6.024646375 13.71370389
15.29970127 5.19461228
19.61770724 30.87943794
10.10553847 9.733511571
12.95517951 21.78279883
26.25570441 21.77310111
11.40311397 7.684859661
20.47185714 13.31992827
10.59787704 18.29620328
14.21888253 20.83507797
11.66308043 13.65584544
24.12364378 9.167548536
29.47097943 3.38259854
17.64161952 23.34859927
29.90212293 10.12306149
9.083586748 10.82421778
28.21906637 18.92942519
21.61986985 22.56713907
9.773501466 14.0124397
27.65486103 21.86030524
20.12213143 4.637219719
15.1692737 19.94545373
0.8986676654 25.39159274
25.50923877 2.039443004
24.58953113 15.55291029
16.05405773 31.2625645
27.00856011 29.82036344
0.03490087816 14.47762176
20.63142545 10.48226044
2.913081983 3.608598883
30.93539202 16.51123231
26.20520358 9.233278153
19.98148616 13.93948739
8.445797049 10.12011199
8.662555735 29.20731933
20.69068642 0.7630080108
5.053541865 15.01678366
17.89126452 27.56855943
7.029401642 25.00193722
3.286257749 17.19459239
13.95505511 5.137018392
18.21100505 5.148153017
4.410930161 29.53856701
2.18925676 15.45192962
12.12654051 22.5903986
29.5463865 5.643258791
2.619123027 25.00636742
5.707202795 10.93332537
1.573023228 22.5279757
31.60971071 17.28345827
26.87305082 31.22928366
8.403026218 5.823143646
21.99578532 21.87582137
25.24745291 16.37421022
21.94957488 8.505805309
