24.105914230644366 27.902501980748422
18.351581356563276 18.499867339765132
19.996270646567414 20.699213023276045
0.8532092242908389 14.134059692958527
17.701341025836399 11.792790219857425
22.025031180182946 30.184133245405995
5.041300440875446 8.6250479662000199
14.961223144354552 7.5658529411670949
1.4900081690125031 15.395425012658936
26.061027774062808 24.111543383169977
16.862102862905171 13.312086475823731
30.133143655639174 0.97595234053073554
16.483418118799154 28.402288278919368
6.7362960242759353 2.5735748300134458
19.21740635919652 12.173005819271925
7.7110791470833338 14.041114958834576
30.83244224443251 27.217979094103558
20.919000604912124 7.6181881289589954
9.7873013425637616 18.180557841449193
23.810202642824514 11.595640356286292
0.34401738780322366 11.654585425705175
22.1640468438497 27.743377060998146
30.026935399458292 2.755982859675528
11.77767829074855 3.5144272317523431
12.398504375526022 6.9811386220664104
29.242294784328394 16.958013984081443
31.421208957824195 13.60570764713491
16.306284063011564 12.375128655408069
11.428097938291907 31.486753705318225
24.990029529944081 28.471334425399615
22.347207399515383 14.441833145992179
15.264429434514593 5.0160090009649432
12.817226952344848 17.74092251557888
11.732449757492818 12.267605379602818
11.471614632156314 18.590863696239001
3.2655870759508683 9.0668856041763704
6.5468188357308597 13.974077992013875
14.554694145014857 14.831266088229908
8.1640724017804587 18.998998398588949
13.579950743643039 24.78796187115562
10.778857138469089 23.543154416167059
25.542867774966982 0.58466149076485607
26.399032174489466 8.5627088168507992
3.2554683812184972 21.480155619370031
12.513129659217151 3.6285189465177479
18.649077052615539 23.139829475078898
6.7875553603736911 23.381642474189196
29.326349610690016 9.9080923581567877
24.305139924957725 29.166492257034612
9.251298615189695 21.354471992916931
14.338652239192459 10.575231989721573
7.6921701077602593 12.049442194708899
4.3578451914924647 4.4011006483340411
30.513982870298019 11.494031915840512
4.7176437391095547 21.584412706185997
17.166806548936709 30.964295167769318
27.822109020915395 6.3156657858987622
14.188906822797664 26.146632477503264
1.9024112838795186 29.441486465612719
27.467730032830605 5.3693529228737287
18.70723772318366 27.169210988742009
8.4067453434929202 6.0348493385786677
6.3547126101433085 0.51979744975284214
0.98240803301960544 12.311176476532946
8.0219690903859711 2.5617610350272524
19.519366052448731 8.7935733854408138
22.025304045857116 1.1301581843477062
4.8886776631182647 1.5303777286825642
2.8043121811075804 4.142079157215246
7.3940636189578433 29.188703834676648
21.873575208856188 8.2491785935581525
9.568486531664993 10.889924486921862
15.945555707923175 7.7155805194971441
0.75060174803022617 20.313164629498047
24.707399870385267 20.517400125470697
19.910782657303969 25.961722313617805
17.316393338214386 10.442864243412362
6.3249178915221131 8.2667500290476923
15.06755487322128 24.543569361963094
10.879734358305566 16.855354588902365
30.182168879164802 31.612946189185191
28.098144940374205 9.6703725175910424
2.8640719819398219 0.94312508748947987
19.541812245449371 6.1204281681177441
11.916339045672807 29.859778318106159
8.8603064252180204 19.873342019992073
20.781974431832438 31.600736760954572
27.690150672466508 25.126405064877012
18.213125118989971 0.59358541704420931
5.8317188129908208 4.0338146649719144
13.637605565887526 16.411353072293199
2.6256013723748293 6.6049869095215001
14.676137311455172 12.910580254769528
26.727903208857249 2.2140613229512884
10.178092720118396 12.774259083634446
5.0860330007147017 2.633411256702507
1.8146083151168126 27.701028546050637
18.858935940320176 10.280310329709033
2.3099596467053436 0.48746762674172939
6.5059077412940942 3.7614368679591581
18.258081314529118 19.602934873904793
21.417299530537345 5.1317720739773751
20.209878436468717 14.016208510090859
7.6253817736123857 25.24210627473493
28.916698038830994 27.460147942861155
29.244062588978611 30.299462621055994
20.154678964372582 30.442706153586734
17.890507631023972 15.93240501153271
6.1065058122155049 6.483749907696426
26.419642045934474 10.768948151247532
31.302520095546512 9.2518032186302914
2.9582932800363446 13.166718602181266
2.9076182680731142 30.997393060310827
16.017930964120474 1.1865820122186268
15.269961842251917 27.364512831448291
29.275157105509841 14.144943078280356
16.791425723449205 5.5753942349098882
29.54259717565045 1.8416714487797434
10.263699122729198 2.4126308885465519
19.391885564313657 17.349916147114929
23.097557218271326 7.4062582567062281
20.463899291673908 28.039124213496425
12.506409330547347 12.910217844263014
27.301835372650235 29.670448615541133
14.463133502336666 19.168417519963192
6.1613525830553648 7.5359303343736004
25.937424133771366 3.3783025625175354
22.81352569581432 1.279584334887339
23.36128106372913 24.110179984616202
7.8368001745628337 26.344928814134935
1.1318538450878548 29.670970400473546
22.45164687459647 2.563532428494975
18.952902542479062 26.25582166488002
10.332827140883243 8.0203081806050314
21.579729663927932 14.871114851671955
1.3923360671993212 26.811098211621605
15.74035715643209 21.337796448128486
20.038673494914431 3.989429213987985
4.0457954450257096 22.105590544245032
2.9484608415769635 20.469833972339195
1.6359428189674963 13.627712833988339
6.855997786211022 9.9120815769466226
22.172222805805713 7.4867548032939339
20.683249918209789 5.277904588191765
7.3387503944457242 18.797137710728737
15.737665008093325 19.576494789491779
18.301140910564392 10.580898549403033
0.70415572068588894 22.392452462444776
26.289275846517512 13.022235990905831
16.680824272059144 6.5678971515447113
16.746108206315679 19.879262258312135
11.531945190620052 20.957648237261726
10.549687433758915 11.819906994987075
9.3831829312997197 12.960002557945591
18.015291715843581 26.208294357438053
21.288923665651502 15.936695398306254
17.29451256337531 23.082261929817683
29.992824169456984 27.713120400633656
29.722981064186463 3.8517292481722283
18.648104066313255 20.541943412730927
28.614957043422958 15.03146646954634
19.688200452185505 6.9091506144278858
28.505408618611469 31.271858573525332
7.3312474681375521 17.707372929175108
4.5172804174005909 10.659972812930631
25.049211521310319 7.6931159832653249
15.66390271692981 6.687578653029739
31.42755181147313 10.922140155065787
28.157068113211977 27.733319762484239
21.444748790766003 9.2599323852788569
31.493946437833142 18.531979062426306
28.472977856009535 18.123027309562893
12.752498959634234 4.7834346782145456
28.111218206226752 4.6950436280141057
25.846298511424852 31.19902439788293
24.260971090628598 1.5471024113028897
29.110413094332618 1.043810994652584
13.503336668648451 4.0136046869724291
12.939069213837262 29.940979927266223
7.1834733173870129 27.174860138517154
17.679806935781826 5.8421590983344274
9.8032355209672541 23.187555085735294
3.5623082677993891 0.050996883272935313
9.5875840230950224 16.165506258089302
1.8429733673610025 6.7028849340361347
7.8087722147319596 7.2732488304041567
0.74544011976528912 7.8830822509233611
19.911287706049855 31.531170452005608
6.3930899567899298 5.343807610868093
3.6373610016561706 22.945583244506398
8.359773295213996 10.479958951275574
19.528346443298595 27.592811158229384
26.286992093506083 14.031901313213188
20.639028940845524 6.3088378225470105
22.36809832317574 31.267816008716892
8.6946511372971518 20.836018461416057
24.629099792474769 26.805809615052944
28.319417853968663 19.04401504970841
19.228569756181209 28.446405234108802
22.563715532403602 12.618993763544783
4.8845432767440791 18.020883377311531
25.114944336416617 22.462435579356377
0.25215699235334077 4.5675308972957813
10.48005261361793 7.158347202087354
3.9062098360925348 18.018820829274667
18.849828258302743 1.4488733052336562
23.667254509627107 5.9218240145078314
15.278422565103535 9.8744801631741677
16.549465089916705 25.683600294595717
1.4311130390481737 0.046883885237725027
12.129785791836021 15.551877110868668
2.8600275044323902 10.351491775879548
11.659466885386509 0.90519206544986686
13.143349043482374 6.2089758151715957
15.591730510678476 26.562622934182151
2.7313116356480109 25.194113076463207
18.057887383100574 8.6549728790079321
17.229357833958783 1.1947269968470018
20.261506398056433 16.391264073111394
28.274222926639236 6.9489930633559736
19.222985265229415 0.43224545666710812
18.286801301661988 14.6655535499766
15.37271484945928 22.883001327834723
30.220338156025946 30.903568997851011
5.0808992053796018 29.953949234935685
28.502305884262231 24.223714006536014
16.529193477096527 10.416757867777958
10.207801976517342 5.8524700540339696
22.312318448422339 4.9589750044563017
31.153725943535772 23.115989990266566
15.482055515454872 4.0635140713396538
20.564152392426998 1.1754914714942621
27.238744809191306 1.4977124501507515
0.64670707614770706 17.542848693794163
25.013348981016549 12.672430894105386
5.3432339870692829 22.67927970072498
15.372673639497915 25.775019067996563
22.624138710179693 20.730681970291212
16.2327474787574 5.0857232123135425
12.510496818249285 14.422711170565709
4.6338827068247372 27.445396338267283
25.966362536614358 21.169385826985778
12.89322797386682 18.786923920002575
28.706379817329385 5.3633145456924867
2.0065314970235062 4.9117337203035127
14.44905648128683 30.057440949234159
30.852477787523402 25.607502609389527
3.2941321705220252 2.1076384770918142
27.466813014226659 20.790602903200014
18.902673912492745 9.2202436706481574
30.130838120651141 13.88039963582467
21.415087734643755 12.776245234673125
24.668681303947238 0.56600737826906222
18.686436409733883 11.702041496270285
2.7255145980784454 14.124542475504832
19.325448531286579 14.631819442318788
5.646336781272745 1.3326178916364744
7.0835848048702248 13.223155029053039
28.365196944230174 13.908650049673959
10.150584873871999 25.101165246033602
29.789803059168943 29.794345962193983
30.978775900587202 1.145765362713788
1.5866194750458296 21.751640752691614
10.664697113052506 24.203285726453373
16.340382694112915 2.046288145903393
0.53983951039039912 27.360108439189133
20.100754785127812 22.10964995658858
20.842544782394032 21.10181509928011
21.185803663568503 21.985693962149369
29.89428451476785 21.895912404015348
24.569323506821171 16.09624955686736
25.820801655591641 19.037709632418387
22.68310937036852 19.460031424931728
4.2322449085158063 0.53108630096648346
12.45327381015095 17.016017788896978
6.2691853984744421 10.490045370915237
19.139873950298899 18.710782825398308
5.7864127715816815 14.675156944728789
15.831334527678511 14.99279392337961
25.361402933349698 29.657402398407253
27.28464295572525 26.437897876213192
3.3507030679005481 24.378926826458216
27.572894484946499 19.873808247802362
17.179853100065078 0.29093454784109168
3.254562053075718 11.165168038349506
10.926274441419947 8.7568831746795173
13.787039071875723 2.3384916309345343
0.056267230034898676 20.994911870700403
25.047464239122057 19.064616568025713
6.5497123995531759 17.340784438618044
8.1270043093608084 17.695344197031147
9.7760079822684833 0.45669402456677843
25.520473013250264 5.4809350836655684
15.849205087772996 9.3229004818971806
15.517075648775025 23.678828165434862
5.0642043434505206 13.149291194491738
28.80539298851566 11.864828382958484
15.942415489832102 11.82208082339381
10.833699881154466 13.891757654313325
7.8842034098906781 23.617898310247526
24.009329203783174 6.8210271697693807
15.435140291926555 17.485139645930008
18.767958244727357 13.713573121453493
7.5347345884781598 30.542825265596292
3.7997088651614552 3.6581154096172086
5.2330063272026512 11.549432345661803
1.7878516689758519 11.789199792093056
14.349721688459397 22.572314903710168
2.1176366018169719 19.307763517774323
4.104145023231843 7.9155443213112964
27.677849192103121 17.585382216482945
16.482699502842781 8.3549966553663317
10.087234910585396 20.627705032213104
24.116744616686773 3.323290232044827
4.1809823246012394 2.6419883627503937
27.188395203668829 24.124010971917667
10.627304352194793 28.774607629251381
9.0432806373379329 2.0264294132012779
21.019584329519503 27.05382991200451
0.12134669731565212 21.806259059876577
27.050639545036237 28.433104647256211
7.4758235428845463 3.3329528803715407
17.153051490723662 16.001155037406345
31.364716431812106 0.20912113773778657
27.462612456241892 14.050271272018758
23.568318451525613 12.444529416107356
21.288656282292866 6.7346943549602543
1.806586971223096 17.048193109099437
26.806496380421525 9.6048078472506138
3.6923271403183544 6.6728294644710155
23.004128391178117 30.120109483037179
16.100819948997856 13.88246586328725
24.532401535804489 9.992560590781526
14.290354675229718 4.1028766956099476
4.2098919387603058 14.181755237006712
31.041626336950074 17.804503416271782
26.00786636696256 7.7552405946573151
19.149876872879148 22.224215301320118
15.362209312063937 29.21838071850669
21.804464553674851 19.792291662863128
23.613024170031061 27.226276552022277
3.0431945587181168 3.1234291545350641
21.087770271262809 20.092070471187839
7.4269227319655755 4.3461389370914096
13.905863769218172 15.381219797899437
19.787514060709537 17.961487398598958
11.062774473885639 19.791700180634514
21.419012620491571 30.910888873057775
7.0776713712635022 21.828734907113894
20.884026052966405 22.83050052421121
11.745416125694298 27.137788417723332
4.5827081410405066 24.177008043230213
14.025594669370669 7.0396273073379731
10.528028486655272 11.163261594504169
22.48743658296306 29.063662426681542
15.90924148623896 22.161285850230158
13.216295731148495 7.5621921794883429
26.113381738048041 18.084164582279875
29.509064562897201 22.834158296477703
9.0946161275504362 29.503094420811617
22.964917824164583 31.616390452407934
6.9552969691749054 26.149275167701528
8.718582020643888 11.451502296501648
10.576341740430445 21.11538335130556
1.0019642325213172 4.5784784154959866
11.246154854488569 5.817350860551473
31.117016056195222 28.11163153824085
11.190040257191825 25.186894796164459
21.256906080052001 1.9796958116100887
27.922485999359335 28.781190025449455
5.3636419741475621 27.162909273091934
16.219234340002743 3.6943892145970363
12.809271016070392 26.177017182692218
5.6480906982613179 17.404261761616073
9.4694427425402807 10.008121642622987
5.0565963377452965 6.8477294104967523
2.9610921762292062 28.943546754266123
13.710915227259067 11.888971681286376
25.515968524324364 14.610793681602432
6.7437383658239716 22.741802760739301
9.5507947290224404 5.5628337698170531
8.169637761666646 22.069686244705178
19.071542383765749 5.4462593260856229
19.160393061500521 30.760014978613029
20.604640013583946 29.031159525670528
27.202517446299048 27.393671583728636
21.261385606659925 3.9770665726548327
18.295947720992888 12.974028339996426
22.161732779823154 16.266335149209567
10.733698006566987 0.86253295947243669
22.370161557563613 22.655081326645071
0.71386655772564644 16.041197723997254
10.959950478018822 4.0371211024399969
3.9591888924669587 30.647422467307184
25.001144939978062 3.6247888184273473
18.05533201050568 30.326474983105417
10.415211107470135 31.264897882044462
8.7260244679154084 26.022644167766487
0.68095216680354231 6.9356476374799012
14.17909954188112 26.755413005615164
24.78607961685827 11.731931796298088
11.917830705741023 11.420641888148156
24.804811256504994 17.217122234921739
0.28878682918028087 31.296035346339753
30.760816210197437 5.2224092939123947
15.984191110762129 2.7408515485718961
17.938086705658602 27.695321917856678
11.243337126342308 30.594801275886965
5.4310612216432075 10.340533626560552
9.5723004700874395 6.8113084432838713
14.385024917118425 16.732428935982632
30.123182903680199 9.642063245523671
25.502667297924226 2.5951031972782621
7.5716203802958288 10.821000252876345
18.664887697993183 15.74362383153559
26.497060703072332 29.552202539886039
3.3722771908550375 7.6227321588048351
26.024644133642006 1.4741774169378685
5.9242376482765637 16.33768951325029
24.529897706025462 23.260743792269359
14.382306362008038 28.991816039628382
8.9154622496541283 30.774477812612592
17.049573603682269 28.775665747452155
19.932568759485346 1.3353294675225307
2.0236313246956086 23.507772267109711
2.2985217257791142 1.8174764751379648
5.3638537969288524 28.726580210383087
26.289884178364982 27.78808993123123
12.745944886978284 16.075144430352214
27.034871055346617 31.091310656177662
30.61431534217682 19.399220045247329
19.926030009622274 10.07056186069808
30.668692142131935 21.666086621024824
3.1310477358582895 23.564993795779547
8.6968381485376636 1.3075158209570823
10.212363852349991 25.945854588319758
14.749939048763885 20.819502415236865
12.522278258085736 1.326821104361672
23.626918426226812 16.191199637629417
4.7272754551442322 16.924398572846286
1.8382483066026583 25.901519612142756
5.175156327353843 18.950259467992243
28.111839098916782 21.274523009857912
5.9353507088217992 28.444448459220684
24.14591334811141 4.684626688810984
13.79985189389542 21.183612930327744
8.2019363052279566 30.174120198119279
12.26450901627722 6.0202414465234577
22.738920808223291 6.3986644932904673
21.551780095450781 10.174876228736807
21.492521370541073 2.5686545987138172
22.485500198663154 9.1002302407401725
8.1801239959008747 24.553009593785983
23.082003832138032 5.0801661273827827
11.148081429883742 1.8829333482850208
29.331592765969933 17.787960777171953
16.705218188354749 22.871877663849439
28.489243017702922 10.607176922222955
23.843831605092621 31.273397550745109
27.789796682050564 11.300051816206306
21.565385180084355 23.41191590755594
5.2572370314191215 20.916523279223274
10.734706903251215 29.767242937431693
14.991531892515829 0.6796324074986908
31.277781296766491 10.01916880641291
11.389130186691586 28.123673140719529
30.409026349265321 15.254139163274509
15.029992383733903 1.643821380749104
9.699433655217101 3.8993717136495638
31.545055024701099 15.542220487657589
30.144794300042726 18.611959219667629
27.979225060739594 2.6822636594465323
25.212581458723093 21.598756083838822
21.874424670588972 21.099021763451766
0.29150336081678291 29.881837962778775
10.678997075522531 3.1278993216049535
29.074308379880534 31.589454303378119
17.589544350043017 14.448500507094025
17.984693739032185 29.349925302456985
20.833557350949956 17.056121526572756
19.116134019714561 24.570861622643932
0.81991411394383773 5.9867540667350685
29.361321289772157 13.027980269762857
11.789162759296849 28.970260015095413
8.4816821516986884 4.3799326157696337
22.949778582656467 26.580791974373621
3.8825811970592627 9.0638799614450942
22.929385095198331 28.101519611685632
26.926934733050182 19.115676828249399
14.994342419667266 31.172571627788699
27.240859582888142 18.39209613301356
3.7583993019266995 29.752522720791053
23.101854313480093 10.720604360667227
15.852956852343993 10.835972856320945
26.930700262939084 3.0237552469265112
1.4350212865147187 21.098445699955462
12.070794962521797 24.816951900908723
29.52061581052164 15.256199435569684
25.122086743111105 8.7196558114421432
30.370281320094758 17.409254820035681
12.862984348255372 11.438869801730018
3.1140795410542332 16.323562098055266
23.620646126599613 22.2057919056621
3.9212230352223778 10.158751635420572
26.820061811780125 21.529647130530218
23.441535478463443 18.812269574496284
16.83071896129562 9.1765449752829351
0.80946915700254474 28.405409160733008
13.382335011286917 2.9686939485016617
22.808278006004223 3.4608173188868436
17.997209200507829 17.612481806219915
31.153375266104856 20.173790109456995
12.76589652278243 23.970921397195614
0.60373173405730418 23.829136440990997
26.603296911683657 22.341563316409026
26.924204552387902 25.214498512097233
1.3817044830956018 24.766698558127409
5.3368150579021263 19.74938265195043
2.0974895305369388 2.767197408316048
10.05039705218824 14.089868214946749
5.9234898365256958 11.702965734236054
7.6506770899537795 21.176414952882325
6.9104877666427136 6.6283562313744309
11.355455293213206 14.585793745267788
11.627280552852671 22.80663422835898
27.285659907130029 10.445409729116159
22.746094522756259 23.599634046247825
0.99564823091507482 23.133357654778752
0.14952314665514338 28.760050766951576
14.092777233585101 13.708814033752375
12.035302802222276 13.703258690541714
25.679974121085195 9.3877094448871681
1.2482933049417424 1.0174638094094894
18.28864593351388 31.308166347480878
9.8454087306853566 28.145693784524919
17.71557966568923 4.4442588288114031
21.420500175346664 26.114938894479433
6.118720727176675 20.280776288783724
22.653160053032579 10.099618327568317
29.031804548034327 2.795194841446595
8.3189146667266769 28.968332778298716
2.5810173818553808 17.728760566223691
13.414658459969402 20.236088227973291
27.674570227179121 12.300785920197601
20.100619413417554 2.4816686253979343
22.125482588360999 18.600186595052968
14.340250071836167 6.3693975264682576
26.652407984118916 15.886370455787372
7.8223666875491613 28.056800229100748
6.0677156418914215 24.354840140408641
29.428885807572911 18.989910313647734
14.37197596470828 5.2116291394041161
9.7499457247941717 30.775760599405316
29.023428880461694 20.728785992615535
22.22639251906368 24.473042840615506
27.910943968059897 15.929012663301203
1.3211280676441466 9.1986528132253333
6.3374184858621021 25.353170742194489
1.811533669071778 16.377723749251754
13.29536349404696 22.485486141889638
17.01555043598637 17.146648361070692
15.495090837011039 20.373233761908498
5.1567042317628315 0.26205848183614483
31.342178232654067 6.6160932382852753
2.1995618241806776 22.687381505064359
16.349890635463208 17.086525827844451
10.158479671879439 22.18607743076538
9.1369424819729534 9.2638155892510508
4.1294918788633002 24.923297294702568
23.995082760804159 7.8310054636510857
24.415674328734298 24.430751723765681
29.739927695901983 20.102073806574268
23.346153379167841 17.775564708487984
19.863802734520046 23.213318274936697
16.900366116917233 14.635510096690531
28.444832121562115 25.659301448980926
9.2099924136472602 12.041585211202069
30.835239194157197 14.461482199079162
17.087246351640186 18.37834325551815
17.271653027810629 27.303772734103024
10.455848090555598 15.524017867002827
29.317854213520913 8.3113279459061555
2.2738223947252973 9.7418940545080872
30.298680800579731 20.764885882842758
17.840842177609954 3.1231877668731016
29.315621873984519 7.2798648695460955
29.43088030533778 25.851145964231439
6.5036143960489632 19.113106578020357
13.786127374063568 17.534952539475995
0.79238954244252113 9.9496141787248114
21.380400159978645 28.169054926028437
31.160686197283688 30.576988750131072
0.47123688909431616 1.0059803453728542
8.4959818316254427 13.540991583341292
20.783175726518479 30.00042654337031
29.861646859142972 5.6913703496661263
29.445706851959255 23.452575160591245
30.235953032991119 10.648677049199012
25.692121809953061 20.170147878270569
9.9536107502439695 16.914883007115289
9.9101738561517951 29.662788699453202
5.958855812190099 2.602608202095976
2.4821767545222135 26.578137533659383
29.39835245319572 26.716890126973887
22.65270147613694 15.392442762483354
22.059281274579728 6.1124404497552831
2.5819235421851032 11.828297411196603
5.2324907140813854 24.983693830206104
17.141573013371612 24.527528576811367
31.001055153224044 24.329455102183697
13.464767408704947 13.720183381129338
28.988402381750348 21.708872439433318
0.21085470131211309 24.538909450546662
12.555003043444772 20.565783253402408
8.5794013654307992 3.4340036656089525
30.870922395300724 3.3950746571519042
22.517645743743099 16.836869291214065
8.6885144562940191 16.601309207237314
3.3112775489861788 19.462674439997613
15.543440218047982 18.782866732207079
30.851416555412115 22.824400147960255
30.466141605801777 28.907427255352832
14.498558272120132 25.181184197681162
21.070449332974672 18.881461871961442
6.556431111054736 30.576278517261681
25.099729572597369 1.8892965245168349
11.895044375629025 23.901360830629738
11.779045703995203 2.4487036247714564
6.932815739714604 11.423361660532578
28.130960467280204 26.522708177511543
8.981582172318614 17.564147658670869
0.17525881741529553 19.340298712183859
11.847366806887459 25.862796058386827
29.040658429521255 16.153326885801039
4.585999113085526 12.412331631589804
24.510721073493684 5.7342959685630062
16.474129160424347 23.968317101889163
27.460177222028022 0.31517194348106292
19.634212026249063 29.210243298844308
9.7225955194630913 15.06083339568295
17.165263673042709 11.607347377861212
19.913728779131599 4.8417830036396543
16.76709335607692 21.475601743596659
31.013278343324778 16.456859295009135
25.068186391056781 6.7986453782441085
7.0278523134302731 20.114370221451164
9.1187930164362268 14.156863384944364
27.782779063233352 3.7479933930732252
1.3650960757173427 19.725628854039712
18.199725446477423 23.584497523469281
19.335444632595756 16.407901583952871
23.19095499334653 2.1783961882136822
26.315200195751018 26.189676217843271
18.480429760897334 2.0784553801766514
24.152196109725654 13.134929956929719
5.3588800415381703 5.7647084818914935
17.100608503099185 7.2412073113645334
21.357659634662816 17.459548021332772
27.238913817351545 13.178944527100114
6.7380401458228674 15.558748203472012
29.466846385480252 4.7047873035109387
7.1152990269552765 5.0915786994968943
19.908074886688009 7.801169883493392
3.3054394972767405 17.350278446666614
4.9769458279015497 9.4421192845833986
4.3193705272198519 6.1786854880087194
25.152145092368315 25.364258460251307
5.8532487987155664 29.911467797682121
20.897312912956856 13.925545164990927
26.306223795116367 17.375433260680705
17.689213202975584 9.4643409065061856
1.3688078896073279 1.98804572183839
4.0837411713705007 11.68728329273978
26.093987308064769 4.4501565500758637
28.136608956030845 0.91103620685601294
28.759529095773953 3.7518014473573835
11.757871649086159 19.788944181058113
13.561806117849665 5.3598219139959005
28.05666067478759 23.549333674180048
18.365231633816485 4.8972612077313018
13.116749711444868 25.337754608787552
5.4522785407084999 4.8809408371527336
26.793001008915557 6.4141487294874215
14.219474119620592 19.822673859292085
23.690360029261029 30.220226847386144
28.655960165420353 9.0661755350072593
20.692506395331197 15.222225877848627
11.679362044258166 9.6835513924774013
8.5947570468048422 5.103426591829729
12.868150699013437 10.092964938323961
8.8611531440588411 0.29983307824282363
1.6515570387199909 5.628806528938294
7.0643862795325454 14.914867941090559
15.457869758594487 30.318553854173214
23.147593119615763 8.5033076311238887
10.362283311935084 19.125661621927033
8.0369360288754894 9.6331706948718789
13.36501457466667 31.443233060785964
21.654971179988358 29.236279141560175
19.044031692083422 29.837655316533674
28.423382786002758 29.876482686619067
24.075793050774326 2.5891896861778778
2.1739708023337769 8.7527697978428787
20.664533951371862 25.422481700307792
25.579514942524025 16.56822063336508
17.13314114515094 3.0198953606260424
26.905470312111539 16.713462338903891
13.005347811477712 26.927541207695118
4.2470442079762503 5.2198819406580643
2.0388653914096837 24.415272231182772
15.358782918587652 6.0381100251942437
0.078691049057147494 25.664801325730842
14.375206092642635 27.862048763615395
13.443063623004189 10.654086954259846
25.596003078564252 15.682433784290023
9.87442137869186 4.5842541464101902
11.208610096440994 6.7588227331750961
7.1739516211054468 16.47303858275567
0.34220630816487513 16.922135917344711
24.964807875939183 17.880250637928494
9.3640107001389019 24.427214711458078
16.99544105372712 30.020808643418018
17.536607836938465 13.050069154168879
12.020993232937728 4.880596416639662
14.016086015000772 1.371021070072026
23.812343881913453 25.025195495133936
0.0067562591687542117 3.5454516510068848
4.0166903460005488 18.905776728100896
12.725020370414306 19.389253902283706
29.547972826083104 28.549249230268842
5.8129342962840225 31.245717557130458
4.5504561667377521 23.227833806522348
2.9786436588371932 5.7454112136574471
0.56598406993397143 8.6993747041428797
22.648654668436041 11.51554802770535
25.797424904018055 6.3428736443306075
30.735952503854936 2.2322728278704749
19.441227046968788 2.6443032372286832
3.9864251602901626 15.180055103664566
7.8817378154701352 16.268288684770191
12.428693255780997 0.12975183548859565
20.303386668105706 12.674902836695288
26.601098615286599 14.955936890344478
26.82455274022783 11.767489681254309
1.8802516719735305 3.7751001970223976
8.9660086402752537 18.727273399091231
21.540245310799968 0.5554089040449276
28.051220219923032 16.80152652210624
18.227003555976797 6.3488923057489117
16.077087550784192 24.924574445558161
24.768454752085013 31.145430200906997
26.808311829189009 23.360011546448607
9.3763187363756959 2.9552465267665582
0.46332547692232867 13.067573595114508
30.065814236906935 25.032128736095885
4.8940344757150394 25.934528045090254
17.569185033377885 7.8941372285663993
21.879578219502363 25.305057037914757
1.8650523248900397 28.437262766615572
28.291020978083765 1.9254636677158701
29.073955233454608 6.254567617257603
3.4014808046090446 12.505273347709661
6.7240873673411095 29.420750702399143
0.28662906677700817 14.773300677311669
22.417904345739629 22.028664400709619
9.0096181290863502 25.362725088511088
16.125707081895808 31.058232611983716
18.71090664446529 3.3544223929621739
17.570472761401511 21.902841751991328
14.344647298766711 9.5257144913345346
13.269091160622635 12.593105824583436
11.177466988240131 26.532504199825112
0.58334631991788577 2.6040441679440107
24.234981147838806 8.8495394261633855
25.910687180889465 26.745856633779006
24.785782023958333 30.225021538563176
30.939097960994708 8.3080021301358062
7.1151524045005434 8.9897493075061732
18.003831917029068 24.542571862572409
23.533417085044281 15.262977161561185
4.0484039366867988 20.68228317548542
20.68335708439017 8.5256499244801134
8.6895358565479466 15.372186489197485
11.145401162047824 12.898005393070836
18.861669522019639 7.8416141928471275
12.956908740109043 21.597323404229066
13.613509146637103 27.900319107392384
13.646977135060585 23.570575105609841
30.10138485178447 7.3112315300264958
1.6614760259724455 7.6856148281241783
23.650789152412528 0.8146872962337085
3.990899611303139 13.536126548543603
16.396376110863955 15.672397520416412
29.849080017754222 12.208082107189552
25.024687241399967 4.5954437761876861
16.315441282909145 27.396497812193122
2.7210392779478938 29.962033591268369
24.394177272099402 14.169454153439858
12.496899081173501 30.781544769026841
0.18981862558063675 26.724415513950831
18.441323369676187 7.1237889850816076
29.300680902336737 11.130344676403988
16.261576164312331 29.691079403128143
24.189305556134581 18.580591009676436
8.0793081679642853 12.652292918460155
31.208573938111762 7.6036573841337649
8.1374060888719448 15.004591995107978
4.3228969635673957 28.214775262898311
30.463184615718962 6.4046698804026772
20.448585714941142 9.5412831687215718
21.989155106270744 3.8259805310523749
6.5877110884079757 1.5141999436494087
12.724353191261189 28.689723890561137
15.422374060863421 28.363202751991526
31.19242138359742 12.301456015580102
1.5822970492199808 18.110228436052925
9.1052534219624111 27.026728765109972
18.220193350605399 28.600837968205219
21.484235351222619 10.905580918634792
16.89948844899515 26.403015102769558
14.256318202048069 0.074979783035313011
11.527853050088707 16.81441566122761
19.795434179458706 23.85868398573264
11.014534188363056 4.9129051144794262
12.630273570461739 2.2464020638632114
8.4015452454444013 27.422263094214902
24.278954980192562 10.66766401425712
2.8093460933269796 15.76683934529763
30.069374437467207 8.6918255129456075
15.507964868783933 13.098701234613506
25.475459209256833 11.246135613003442
29.100416682003416 24.740139860609247
9.0753908141178083 23.676870238761936
9.7402785352036449 19.685909305996873
13.198465492281695 14.892779647115256
28.348422379027575 22.588633840538808
11.841198096407766 8.4222014404811318
15.146120395034055 14.22067090539789
9.936226550694764 26.727988619241131
7.7958324227634996 20.115070305289311
26.505261127920193 20.124394533196565
19.559616754874938 13.203388126783503
5.7975213589701555 13.129529208226549
30.470300979237333 26.4174088184464
10.992468812471083 22.264398601802771
14.669870199703169 12.065966290271037
22.270269825188372 17.889891338848464
9.2090201450513973 22.344879812864672
5.2668411842424909 14.373637107550667
5.5159809165936053 15.789068948186804
26.536368481293131 0.57071689342091259
3.2447561881108649 25.783492942644973
3.2641733446772254 28.252013799434092
14.893267180694766 11.2023078069305
15.529208743741723 16.388073852528059
26.601138906852125 5.29746522227983
23.61930302957844 25.945571800274443
25.925956414427937 28.747539865915865
4.8000152269728185 30.922865644763974
23.699358006391904 17.099794446680775
11.968621029480577 21.639596647366208
6.7830016282830439 28.133978879468273
24.244304133056229 21.485102437725274
23.592529017772669 9.5532899488650465
17.980292315574349 20.729860517810909
26.929634456718155 4.1278961755914025
3.0117499917535659 14.790437474028153
8.0942456227971586 0.012467075391322918
3.7015207731102446 26.975086158053138
17.776482482310922 25.480705420433875
16.067373924921242 0.29864551827531199
5.6087687047932429 23.633949520841217
14.56934444465792 21.864057972602247
1.0837869285170809 30.744592436945752
23.456978299338633 14.207393158468358
4.1489413452600035 16.548674436857066
3.9036014135380848 1.4797310227832781
16.90040461381863 20.576176870122087
20.143385280463839 19.553334481626703
15.016719052073896 15.837670070095609
6.1158540852600458 18.411181130525431
25.269875535274842 27.535987655118415
3.2133298187044952 4.9814098469692967
28.281182853636007 8.0611133891502984
24.738123384685661 26.018318470380084
4.5812721046025606 15.532404817740499
1.9320125253917173 12.933086585413122
1.0040545806812275 10.797808663693484
18.259579085976075 21.957841571226584
13.509292018643217 29.154110168059937
19.024399560538981 4.0317474742404782
23.44098745324273 20.029510906035433
8.7740876840713629 7.9750090362938639
5.8014472850684076 22.057548334159975
7.5478513079547067 0.87525122020754964
0.92607880068014492 25.657342709929456
20.583917111308146 18.374424438353209
2.5606564621031835 7.9547509019613365
22.964182453883449 13.479510022431747
7.6368699194283245 1.7503588554355736
18.297757138189727 17.035496346635835
7.6225380239844149 6.0176664167628227
13.347268888697741 0.95368929880389497
16.367095746949207 18.403513393775736
20.465898362817757 10.977865708355115
30.177642921028816 24.03843467213273
10.554334929176541 27.495297855244608
22.094686776296957 26.749715927164992
8.8674827148901727 6.9509143219793188
15.134074816317497 8.583351958850006
13.901422870791018 18.478922212333529
8.1629338228247725 22.872241886830903
19.144871761558203 25.198872458445425
9.1622534926666024 28.364100531158236
10.556165093429318 17.950481412962372
2.2730522707227041 20.534857883706199
27.64973314787132 22.422913490488042
30.579289653391978 12.956493543977876
13.814969318687163 30.519027905986359
12.528305478866031 22.811015094219112
23.515037974986889 28.945392473033746
21.805860915047706 13.543353836999934
11.781790176777797 10.652724615120112
30.233603565420577 16.287642297327476
12.50987889675042 9.2443980674607538
31.621686331729801 5.5523579140980281
23.744460389557922 22.99790330461785
17.013983304107455 4.2688167473678345
20.17741269320204 26.81298630386236
2.9026228211866396 27.41031995298227
6.3464484600788049 21.217068078326147
10.792268109154342 10.214408834201528
25.603035832091805 10.235110856665388
5.8362030685255259 26.128780070587695
27.339957269078504 8.8794125974761009
11.244086841404696 15.592405294385816
25.813810838787955 22.917647802823936
10.346990544056199 9.421036179568004
2.6803274446812022 22.017696107706772
11.728959073639277 7.6814614105032319
14.87114107419136 17.92263473585821
12.524298395934956 27.749048324253334
1.0010732949620527 18.656578197474357
21.161193017385749 24.119043306622412
25.282173043039514 13.522447863962023
5.9986571842650953 9.1706864782651323
8.0999786868613857 8.7165458674344105
2.7160047254604076 18.70716371704459
30.89189946837369 29.678553590160142
25.965837790388832 25.131474321943987
23.393766197377357 21.170801401497339
7.0652309988267561 31.519197920262265
28.444240032363332 12.854912113077367
11.742901366066226 18.090566784944855
26.048374682589159 12.153263396092845
14.748836012420798 3.3031136122770128
20.649458992281662 11.982288171138833
31.613314845191042 2.0281285544459617
6.170447980292959 27.192483643046998
4.9754333507869095 3.5905372852303961
1.8055533746408874 14.795328650457781
4.1480584724577634 26.173750128291985
19.658344657205269 11.181214588382712
24.628036046434548 15.067588065779093
6.495828875665949 12.474793368372495
13.043317849101939 8.3122178336610197
7.4038910417737718 7.8438147698473966
26.163322345400879 30.50776973252708
20.507500264389989 24.656747312873392
5.0260353455475197 7.6625652543355862
27.519313056522567 7.8366369030837619
17.431085668916428 19.251665379307052
27.746223517417015 30.58127504992461
9.9304673603096383 1.4305454959390929
24.331952338782322 19.881131382659724
14.346925195086408 23.762651044078765
14.252729710125811 8.2661451841229798
19.376029969880797 21.252757808427834
22.757880475438096 25.393556210901547
20.628471108170356 3.3216345998650145
14.906864388711449 2.5240517605159849
19.437226577846943 19.666763189262273
13.643041407668635 9.1659769891189544
21.804758234792711 11.798331867982792
23.39544888440804 4.0871404738721422
30.631761077111157 4.3739381121851677
17.501348586017482 1.9282987065414863
4.3683167687039344 29.146759930932308
27.602792087182092 15.060200443147803
4.3292985343372292 19.979198486039461
28.622266718299169 19.855332058874374
28.811001621434521 28.878840753951408
1.0908405898440383 3.4012530094154805
1.8382984614878612 10.71828307743124
25.220735164904077 24.020746984399995
26.75444915742457 7.2544973298897881
9.5277099191140131 8.3502836615410008
19.765104158544172 15.30620839140154
2.0568187333683285 30.790284239208695
7.0589842848850646 24.476680979730784
