9.528941430325963 9.2942917408341756
15.947621742374265 23.196542756771183
4.0274866390734845 1.4429614309123764
13.256296969417134 28.69344433375894
4.2895644292694293 4.1229347144953516
19.89290667861243 6.1510951692966902
23.454530676151819 3.2729752961471297
11.985876075391392 22.56887655405264
18.736360943290236 13.540920629402617
1.7793174993969121 27.289291503008595
30.133980398350793 2.1793726131091593
26.099573966704465 23.050583701278637
28.654128880771168 15.11060650877638
17.927611509420004 4.4761807862568501
30.779075395564679 31.590985374266175
8.8352057102312678 17.552791848639529
28.044146211706941 18.470430514381469
12.223517520165174 12.360351203640558
14.47533899731377 21.066295761053862
23.04150864708539 8.1146451384263294
15.384895241913673 8.7619662016256026
19.719977875626558 14.163048477056186
25.771170127516591 18.953596188482781
15.182061246313612 30.068682886063112
0.73270509915796 13.819859050855607
18.90397415260254 29.846310818118642
9.4713024417277847 23.479046724268898
15.104089109327273 31.411514380282959
20.195895653724413 17.133119075106951
12.576654141194435 15.30100660009496
30.812597067082173 15.392779027131958
23.466010642136425 1.2251909266189172
18.921311390488217 26.098955070344577
2.0904269317678321 11.849888738616468
18.823586226295074 0.62278128494450413
30.255711944024171 25.38765538211101
11.390279018286691 8.7885115301373187
22.622332088799606 3.2283559307828531
28.712651867417602 1.1152957381879012
15.900405047631208 12.530597513452086
30.671904379265623 14.42146175587637
6.7532064082893699 11.630523696631156
4.2711607555672586 10.516018718649606
10.890938031756644 28.562412157591055
10.148083035994505 2.1376722901673642
6.8776016582405752 7.337413069298429
23.832479910762572 27.019048938970592
28.940481792907814 31.404402646324872
3.0454747684879822 10.061308487459277
10.4805870298597 12.332763170016548
6.4395130872952731 27.207471383086396
23.040179528608537 26.713976827358955
27.443045255615154 22.603969789376688
9.7287307344055129 16.652032486339841
18.350473504127166 6.7218386344739081
31.129399852689371 7.7074440465847101
20.838525424016144 8.9409371486361806
11.52186933865277 29.864577041813682
23.330836175443782 9.1391359406127162
17.973263269635083 10.334133722296221
29.209430005094635 10.281873810608989
15.860416808145683 14.693297457526826
8.7679867305280315 25.069962451396574
17.646934719671503 11.924773064382384
15.434813132652476 26.120890477135021
8.0481494127179278 31.177977794689465
19.170998289018847 6.7221164178274861
12.412393075123219 30.737716227691955
11.993151208591312 8.2980930402556297
30.463519576377273 9.8774601465747605
1.6393268181279066 13.484345643033596
12.881090434717818 24.582812332090207
20.045824104278893 8.6595840622740656
13.451368383438673 8.5841474231233423
16.1315093585341 17.636091862075194
9.7977330913036678 24.531797558952725
26.450513430166072 29.118807062986463
19.394590638439436 28.254872697905238
7.4754425507224704 10.435237451608254
6.8623583718873471 20.941576449455365
22.177243599010239 6.2052589096825548
25.099377948698248 24.794248280654646
24.294329536915566 4.8322449218416921
18.639930647568871 14.4403861760978
6.7330349225640136 1.1084698026751223
22.42976003907096 23.790439740584802
14.660863050022598 3.6143268648636711
22.683122536492711 30.922893331423229
6.1991104656256804 22.072051032867311
3.817885580493757 30.842209290544965
30.496194880951734 29.51149148311784
1.608999847181352 12.764000555137237
27.577412941210028 23.191794703445204
27.704064476611382 5.281636469457422
4.646435894611642 7.775325615605535
14.236914015992523 10.199789010739098
15.011370943362961 27.493204952532945
0.8726314484144263 6.1554494246502935
12.876322841309866 8.0818229673433599
30.407358069137363 28.747633690434633
12.078794843526651 18.286571194798238
13.07134987434425 12.849183386536499
25.706297616029126 17.57511546831913
23.779974007250743 18.4048443123426
4.9678382566281973 1.5534642739124458
11.133083097252605 1.8881136215276748
7.5985026673744374 5.3701008901399661
13.313431425412839 6.0520913512586887
3.8855006588302032 14.611707029884411
8.8698121032341106 16.517071896413601
28.538865597290176 23.425684665900469
6.8133907655163863 18.55260962494906
12.698822354179676 5.4156844149444918
9.9733007453963314 11.633621091498007
7.4058979374114546 24.32359224734887
3.2051667200083336 27.535781107049118
23.15701539639366 29.498342948052031
12.216910103273106 0.045122702371535414
17.948699143310169 9.2881355559485321
31.521555818263 23.732987131061005
28.181005515608547 13.930994460550057
1.8342607875234898 2.7850610129452673
0.83703912103946176 1.9658328272099814
13.491891975104135 12.215868763285886
1.1788722535451024 9.5294211621983695
3.1095860202961592 14.245518401458053
7.9412137569634913 4.8838290151681498
20.983061186018617 3.0094410538041716
6.0304811940075238 16.737398894380572
23.227446817717169 14.378981019461081
3.6118074706621162 7.2784395085897922
26.649879946037395 20.0506909867538
12.542580465949335 0.83399094889316305
0.29950730629675593 9.973251111151173
11.106665190911404 31.474985595721666
11.148405083799958 27.132164706011665
23.029189937440758 9.9931998201529719
23.47525948146242 19.984791420697622
19.656197726369296 20.324131501375536
30.474739906320721 21.098027527344779
14.086444889165842 5.6312894709516961
22.211006494251084 18.459241706410367
31.053335535386708 0.87199594302156058
21.499017713275169 12.362522650715221
16.668945429042179 6.6466583728324631
27.414926983920143 26.906252892344462
2.3121501773310791 15.693099573386196
4.8404443696583046 27.299749069517979
0.12535369823884449 8.7734832966253844
1.1583553479276372 27.809552471935891
3.1644739918931117 30.165675075068098
23.181168131282437 6.9578933721790488
17.00527765874681 23.131365868004572
10.380948456767316 22.211882345865991
1.5423054803399268 19.464508668026703
11.633595711811077 1.0151769897059719
14.182098452712141 16.570558587546781
15.313380127831518 10.949919271608739
22.898185559337126 17.949202906206157
27.616023254224785 25.836618086466125
26.786926583153008 15.722738144224806
24.053312227412309 7.5146371878475557
31.419486732786357 20.711073569067111
9.6098972806340726 1.4243765613460171
6.6411897500135586 6.1663005143861405
5.4995990285477747 28.742667166305466
6.5319211332103384 13.074751990155251
23.7519652566702 19.263217773593794
29.530903131025404 28.168175256361664
21.129198901305532 28.216165268323458
9.1995832580188992 13.949493571322563
2.6709341346396425 6.7926272462300616
25.392581983951846 9.6659017538673879
29.241733088732527 25.075501578043639
0.23916675868978751 17.778718368252218
24.631399070893799 10.191271292322993
4.7002444028963053 6.8810991351411257
29.543300693301095 22.438415029945833
21.847253633966407 21.342724654079973
23.53418496032063 2.2259016463243784
8.3906790964737983 8.9467693430001294
0.6236501778514083 29.512928132733776
30.216841658292996 19.233147359693657
7.1237585481969425 17.028527135477304
5.0147129778663402 9.2133935441687509
3.1467603443092074 0.60994034129953034
6.139375549706207 9.845472108070723
23.125463915743335 11.350800076023424
12.858255537553141 22.761501423104278
25.14077552425243 21.944168092638037
26.411092824776318 17.400017259155529
8.4724403892802513 24.230738363599073
13.250125945636215 4.5203571737144896
7.7330862681910801 7.3806187494853273
15.922813052064893 30.89032227731558
13.879565498431553 28.119035385813302
9.8721217725563122 3.288672187271084
4.8167114315707336 14.374911918257917
28.586471969987088 4.6922940668852888
18.774675563011474 18.002347256101455
6.8137054117978657 19.698966695221504
16.22007480842478 29.992141819534385
1.474961022571996 28.65412211045177
12.190734329010033 13.945295092946399
10.597940489992434 7.9052405687921832
17.443336726277831 21.401312605758374
2.5144615759016418 28.216599296647868
24.883093973330833 2.5567361212994761
29.419445657682388 7.9611964192021958
11.279907521871275 18.056316822686195
15.541704876531586 21.63602436366039
16.680973176941208 15.136434545840993
30.79374205731807 2.6619040333062149
7.8313219085098273 22.651312384561404
10.737482632835647 16.404061478887972
25.179427975682685 14.794439370928602
2.7717445086138834 31.243112714886745
20.103921864782151 26.188863232566277
12.920434300766061 14.331884977649604
20.746014903658335 21.967408335074751
21.664136269154497 6.8962822659600258
29.280508313063876 29.613496202641176
14.680823744075703 6.2511209076121466
7.093396562851086 25.029861681544826
26.684749763102332 25.339870557069407
12.21545743478641 4.3003964259855305
25.334862988062167 5.5261272255149736
23.855276981082856 21.958377822347327
8.0988258192766107 11.096520622114962
28.865582526905349 2.0131603215769811
24.48626860093427 23.483579387742786
9.2094392342404365 7.3749015790574042
1.9653922844464313 31.250903345415992
14.204903481974338 27.142878016044904
30.718463543553369 26.716133932682393
19.309247541610805 25.147339067385541
1.0999548852769407 11.590226436543203
22.493575305110589 20.467371536809619
29.089887796542897 13.499677704572411
1.2986610619637715 25.909567239226316
16.135034070718753 3.8798773298001903
26.374648923129918 30.742209776598465
2.6642887733374354 1.799520341521156
12.948688702082524 25.785184453188002
14.731592691332285 1.1268257158524133
25.860589125352593 3.1855603764023854
9.0610240305433702 29.039443969998853
24.398090793725203 3.2923702636200738
28.57672368781229 17.244284244107043
13.041304280031925 27.073529891054349
26.443711087988063 27.057689131251475
12.769398416266638 7.0082579929550493
5.7136345362944194 24.554085592251234
23.187241803220523 28.484444012581168
6.222721611629356 2.7234742696790026
6.9539508998028037 28.002091859187132
4.9094005260749638 13.263353149493827
2.3929339571426831 8.5697002268273312
8.1258552929939789 15.038897110802866
27.82302843278114 4.0682877094410097
4.7916624891757884 21.443860946267478
19.106971034877951 24.125579687435724
25.474318962849846 29.112473224051193
21.403637879240641 23.824126686726814
20.180438990693592 24.23251466619195
16.853881453083876 24.939258375158406
16.814553777483823 22.274077952996624
29.717524106943209 21.091447310798824
30.582981207902254 24.476330730576944
22.505457764801815 16.438530906351687
3.3661251093333795 16.255462250933817
16.681411738623098 0.34439293899417406
10.673390963140021 29.349952829499127
7.3513816021057332 8.5890704520301036
21.094032548332624 16.318219118340679
20.125028252112791 12.291621989306973
24.373278822133656 20.918817428647884
4.1650887259080376 9.7225721466185018
18.352727744260431 26.876706419705499
0.91223486328560965 14.947777926989531
21.455787031512305 22.450912985326919
10.775052525786554 13.355521970249944
5.2266740739587734 3.916095692329471
1.7781161799780398 15.001578609583831
29.821150617404456 6.530826538016532
14.264162824653013 15.384132871513618
13.913593213528184 0.15213694193852262
31.482440554525446 2.2069508652196128
26.692154702413916 11.681281712975004
30.06515745828705 3.6338943435840596
22.364159985139704 12.688481971772243
6.3893963960570508 15.734801231068202
4.4070010121197791 28.761946288106966
2.0117758919019089 5.819403175058862
11.607692480908312 3.5503568648228234
6.3565405328719926 31.492861753885308
10.296625757468066 0.043855627015816183
2.4045943737447688 5.4306198742093716
9.4114839345254371 18.075877763442122
10.915315380225943 23.212128231870153
9.0848142127661138 2.3628415859943521
9.0189248307821792 3.5753360780134784
31.034181975952439 16.096073261362189
3.6158192036996857 26.862042443779117
18.192708488376557 20.528203790199679
13.218532841292499 31.04424168412346
8.9828719488855882 19.437762903384527
19.244812682756823 30.623364971720644
0.060123900502903616 14.740271783892291
24.787232481949641 6.9703970949440857
6.2506044119716444 25.542427113233408
10.807200814557826 6.0887428014526526
29.289980570850112 5.2875143063800554
15.069180414721622 13.457456048995468
19.024692999859528 15.548016759122529
27.013279559678555 8.4605914605342782
6.1847801514236123 4.6529620868449779
1.3978540430564441 17.622355607715406
7.3525823528454053 2.6945681831156261
17.558713163667875 27.67611122985678
18.71728726900168 17.107922239030355
0.54040437768338112 7.8816490018317404
3.4998146105504366 11.123668333225023
11.53274072406008 7.3465153152087721
27.572613693657331 30.134593704386663
20.988641811823662 13.157980430817625
26.392941224248762 9.2388567546563731
5.2160792699985201 29.852615299377327
27.076261654030841 6.4004040727801197
5.6492862825464458 11.943544002184803
20.250269259339795 18.083614806018414
25.209693999847129 28.296621777232932
15.282202612610787 17.468711922527824
6.8871050663822935 14.047195539297704
5.0034164190988077 22.438412736106777
5.8657816007321495 0.71294911859222854
0.14503033437534635 24.698530501807188
26.40829824936305 6.4105582465490887
4.3271289119954304 24.171277587938818
8.1327646703164547 25.568827757083362
2.9295710061557356 12.575148554218297
8.285499706409972 27.193452748104079
17.722488937788874 0.76170532321992135
13.261133106087158 20.490626046304776
12.459292203931982 19.347792847616738
4.0852073177015926 13.418492383426759
23.783388640768582 10.476056946877257
5.3424630862084488 6.1947559780621884
13.674973982451553 15.254085275855983
2.6292109124469056 29.681186126115595
10.513822076437162 21.23247930073375
22.045032128198539 0.17605661527406372
30.859138592808655 11.915319478860733
19.008647426837523 21.001894253231555
29.631572566921918 19.954310769259603
19.546226401762354 18.467191625700963
24.804582046975646 0.93010290129236917
27.718586671814133 17.316550281658738
27.762666837343104 11.779735897193284
25.641250546902569 1.3152416698122458
27.197739627956135 13.3999678642669
5.7725507358036152 13.939872634418721
10.554025463648539 9.9716121584401325
20.112766979870315 27.7909816638306
6.566070362602086 22.69723412718416
27.280298542621761 31.225135252016901
5.9006268246241866 3.3557409039259483
12.428327145177882 2.0228658648323914
15.749154766004249 26.813565124662986
27.262851353443555 18.258094248005719
11.879997538605689 6.6491191850157954
17.26406120756327 12.771167663961869
11.71276016441402 23.652233662548475
9.8262813200130132 25.349387761443506
28.160353126486278 31.240050996266199
29.568326900399107 26.036502539036103
14.78036807350664 4.9636033322395177
0.8485456040023831 5.1748899497105718
2.6228950277386769 2.9616436860563602
16.249468671095428 20.444121368658411
4.1098332766120222 12.376047700566064
28.654169430713583 30.208725252732048
24.520077871603561 11.244157719342292
29.81053371799721 30.367313261513203
20.435356707891579 11.593909755913145
4.7129305601635298 23.28013875589799
0.74287869847092092 26.613997070598259
30.797893715116075 16.966905814814488
7.1805678689376009 15.964378877913189
22.725379199442543 24.719595164703833
24.723883633135451 14.41162914544603
3.6766897616107963 6.3323033474225063
28.146386118019116 6.5862858590738993
5.8418483513025832 1.8292591916172516
31.402913527966941 21.80733784774111
27.734484027008328 15.869476032269478
25.60292272185605 8.6931226842127067
3.904965015726281 18.971413867550364
16.308535460328486 2.8701453878971801
25.670453706637407 4.1714495492983685
13.455999528569903 9.8521765189662371
28.521807716332852 9.2549501510013901
6.8547825320564639 4.1650920776350464
10.652680631985817 0.96847247829069794
25.334376865381625 7.9228053807325027
23.842462504122665 13.491954863736288
7.7416443411719129 18.289483403564379
2.3165258239166486 22.530190828313518
2.3509980213416046 7.609974760044266
14.356129818743085 30.838016507156887
11.807360237073235 13.207139745660179
17.214508629687586 30.333598565362735
7.8443273582333353 29.059039801246563
10.346809936544746 26.267715210446202
21.871933364460013 10.048436296759474
7.7545109570774198 6.3427314158969139
27.32110607279439 19.39363288914236
1.6388669761103647 10.701444537215965
29.415492390075219 9.2950685441149563
0.61905620467203248 21.403333865261132
24.87371828107684 19.455956317001316
9.2604336560712763 12.485771607411666
12.649145365812617 27.776998200965068
23.233392745182705 12.418375576816699
7.9971422624796711 28.089840218506453
4.7420284882569295 5.6415953902010152
28.870071503610585 20.463280697282986
22.393237558933052 10.965951018364004
8.5578258986297158 23.374526521524146
14.199707941928084 18.449619535315701
1.7637670655065338 18.095985922717635
20.773143905370173 4.0350008416345853
9.7697487843771835 27.419521325314413
26.275564355612453 14.894347720980855
15.226810995131995 1.9562769615300009
6.045905298411717 7.0128460436116651
24.852119372374151 18.391050162908883
29.713101505356718 15.092199963460057
14.440010367468625 12.711194585329951
23.400971077836736 17.190142591439688
0.50459465988983476 15.881665933258603
21.029807493834763 20.480892099260586
27.963900476614786 10.212300153980328
3.0039085908135332 21.831705869460695
8.2652913787428446 2.593216186457846
9.3523825710950383 0.54903995197786226
21.033313184041003 7.7885846972975976
14.441513700983105 23.585587336805911
30.376306722022345 22.18047954393613
30.77378053643195 19.910365807500021
30.726640153468907 23.023189381049345
24.503717457127212 1.8131171463308879
4.1558107591400288 8.6783743012520222
16.159654398274732 1.220739149022031
19.695375205261488 0.40157198806396793
17.035661340178169 19.433306780450838
8.3715508506730067 18.709102067020456
16.42442186375871 12.026379899308479
3.4292192128672738 8.2377173363638558
19.311663216326611 7.7667985164259168
9.8957178436466791 14.648037621535456
24.491711415541545 13.32864762612655
18.46296363011777 3.691573781349291
4.3143187684488531 2.9974441817946862
24.179893188651523 24.777903832250981
16.047913215565305 11.162962370830893
19.74753998034819 26.841926957390431
7.3845014554993353 3.6405022449073323
13.858845655340085 22.136139038879737
21.290715754859924 26.41690376407308
12.039515774875172 25.411720162286226
24.25757668210229 5.6572271151004561
16.27823060978001 5.3033980302695198
17.880848507284338 13.413437760400804
17.067591746398577 20.570684342213138
20.564536500607947 29.021689921433129
16.870041898791978 31.320437695130135
0.48932994944736091 3.0480896341655659
21.359422126549116 13.825681913008872
13.580568064118099 0.77521830090259625
26.975056647444038 5.2065705647929974
18.045948681499052 15.088773701485254
1.2938654446742324 3.4943088387095509
28.022937600586417 19.957846077750219
25.065851083249129 30.785082952575909
12.7177731937598 11.263885494617066
3.6997751448959129 22.90383481921754
22.685339613591765 1.9149103196965203
5.6040182394478331 7.8108459729285755
22.70084259973434 15.592659701741386
17.784910385986286 25.98162905439289
4.4001741777950878 11.810145839421528
27.200515191311702 2.417027109655574
29.822229518344731 31.351298406745574
23.044009002176676 0.36765299735628609
10.683181850713535 3.0840499105594104
17.714448090388807 16.015692048388068
20.78142801307807 6.6344101621245901
11.318369755496844 12.086723877140095
13.719710831882489 25.208510643403343
16.32849418618591 27.620205684484699
16.063004720107482 25.434542783529469
9.6813861748064731 6.4533956467874853
27.887365535949748 8.8144308827822186
8.8930038213737976 31.607958121783753
4.0649283459404968 26.015866226292356
22.324989911770519 9.087017202607063
14.922253006507511 20.607090296930863
27.028731055918271 3.3596063470309607
30.100025360875716 13.006000533687903
15.919479214673631 9.8400414558392075
3.5132020109063893 2.0109787503268475
28.554212630356126 12.805760414056838
6.528399380669196 11.013271628659034
24.99696200167303 26.620317203959068
17.189277252427534 8.6882990209618285
1.5982335893941346 6.8812537659355142
15.551694610094012 6.6428127095059182
23.382245449111881 23.218042959259982
24.392139527777193 9.1740566229817464
25.886118018155777 16.103265148583297
27.114636729791222 9.7503005570412977
13.188665046999876 18.828872834608582
25.269131751134154 23.636689861582287
0.1028672354317757 26.930565966262137
4.8549232185089455 0.49468036582788344
26.460569716854138 23.843858454608441
17.296801344731708 5.1805227279780413
28.716066808325724 21.534398154894603
18.732605784054634 10.988655203503322
19.188414367191221 19.510783444583772
12.735676408512997 3.3477502219242417
19.598650463467333 15.678879652491876
12.580195867624067 23.932366040429716
5.6754464047163529 26.031137179788981
11.820148353621862 11.133956727093956
26.228509553100729 22.322965058926986
30.972552739956079 6.6751144506891196
26.341462233248453 10.510641453452203
9.8704268510242397 4.5569485606852087
20.212230857670551 14.703548301334138
3.7573655192703508 24.639956761809238
10.234133616470995 18.283573336289951
15.958930738426568 13.544771229539496
2.3886343184799976 19.017717270914762
8.3478634291068534 13.33149474568955
5.3236200043855497 15.690258094859949
26.370431754816135 27.94633060507126
10.486472151211254 5.4879476557200402
15.876622029902027 18.586494097028755
16.550997693002877 24.088015443670045
21.210095579959908 25.485714521285477
10.904145448536186 25.19927723789753
5.4712767039570576 17.923158189089314
8.3729494045230393 3.9088131907886456
16.19416347028853 21.686447232887993
2.3275814697099029 23.573580271206453
5.6186293063061363 23.315467828272162
16.552406723690488 16.781676712328366
27.153728376447589 24.387643456235487
5.0014710948083696 31.257423368192796
16.79769974085464 13.705239133507654
24.965373233516683 20.155731573895025
17.549909438236774 1.4888474495334507
19.79651650752756 9.6731100543199968
14.59435500187846 25.689488454373517
11.741910513845959 16.079098900657293
21.857526991206562 3.7519078874441938
21.241180644046125 18.408755465677949
18.281912740810583 18.849439603298567
18.238203534569124 31.508249370948061
0.016101208827872391 27.955201977342412
20.995052776374113 19.274660760301106
25.857890805200757 13.194659654839874
28.553532136234281 5.9831310450363029
8.8693350592687423 11.03322475960641
7.5785380097711474 19.596356644152085
24.969417256502652 12.565588747931836
20.745531056487618 15.844880433842869
6.2955297904747018 23.956042635705995
20.332594644871055 30.161716621776087
3.4587210550887 3.2238889541156976
29.56185334642322 4.0426602388832302
1.9249783482111587 16.560297515964749
12.808421556748883 16.120010312099915
23.93944470407035 12.038754290028685
6.6406912133765772 8.4789917145806246
19.98205292828532 1.6076969487771153
5.2690519409029806 20.07281289201638
29.767681534331288 12.240207060768505
17.377168510305051 11.12303874182061
14.599727844856172 8.0806105733135816
0.065115733685185431 13.471728346467096
25.983510949889798 2.4452857802385806
2.645312936757287 17.127663791680263
8.7539244905886822 30.390714273247863
29.405091073078069 23.374247911665226
28.89730725498071 27.388601253616024
21.420925835353241 1.7260521064872087
25.101578653067889 30.01678337904977
20.979144294396225 27.209955792329115
17.2651315300036 17.502663486495873
11.604610840830285 14.885692574595302
16.992396289276421 26.915732192649848
26.728821251606643 4.1494064294858815
15.216916064134447 16.427769331316206
20.719368233488041 1.1100233945816729
8.3946214017390641 1.4899624525202686
4.2515146168506925 16.432961282841383
9.8217200045405733 13.356791472340708
14.281926396201273 2.8798533467307026
10.428051131430607 7.1013292372567118
13.20441259395926 17.912413758329098
30.302424900175772 17.759493015261203
28.601013419623012 3.5591986863416172
1.3873905711948313 23.002674041882688
23.818497284355519 16.502673175502181
15.424268676942317 15.82311612490432
30.131715898627675 8.801810279034548
25.395068199384127 6.4792001554262315
12.398027215352315 10.139307800815129
17.605493953475268 18.042561654250321
29.775676092126186 16.646600423758304
25.47811325611643 21.158714540919199
5.1062568753876416 19.045176910351842
19.275005375343454 4.1407616387868007
9.7175861947461293 30.720799877177878
20.029009213036833 13.309158457779406
28.014478213339292 7.4359814400228501
0.16442041305767913 31.14810364195105
1.6054736266298 25.291915200030935
18.943655751454397 2.7649854120726882
24.288502859746572 25.857113681024721
21.454620747067871 5.3006121585643875
2.2074423907528362 4.2842136800632558
27.586194379964731 1.6306543659860653
22.159987517605185 14.305864510098367
1.6684864929032355 30.485562171346618
21.788237142228635 11.572222407933358
14.692915768469389 22.277877066852749
26.267596220006883 12.260143642472721
8.1715440337114575 16.013281610311456
9.149428196486177 20.752927006377245
6.4148422156990206 17.782183498833959
8.2190704803710837 29.860976649352487
15.078725009952281 9.7929011043613041
0.14925246596706249 19.805853719682919
15.55080785097652 24.303606936443629
26.52605357866473 21.430012664919559
11.835777713087021 20.967969591821536
5.6927292942051064 8.7479689821759354
30.461963286668286 7.8793067337610481
9.2114712107563417 21.65407207369352
25.264787956484096 31.606072913763324
29.282464621908986 18.593039416264819
3.5100773356911548 5.5859637603919969
29.48640528157317 6.8619350122593339
2.8629001964607896 20.612717637780769
1.3285869289520591 4.4888865253784518
7.846240059800734 17.211757513422064
4.510361887402385 18.198354431464935
10.484268011263866 17.366061041737229
15.458647472552695 2.805499605428909
29.957016598314688 27.064548484040564
21.480548150651728 24.701412166628682
17.755898574788205 28.468880189328996
27.375698794436939 21.521757104876716
31.380077810963172 29.775802099956071
1.3558623423269769 0.56618718968259141
1.5536414864920023 9.0099221963174401
21.822577523766263 19.858623375653263
20.846294023321924 5.5281397948811257
30.666193682039999 13.567024927468454
27.902615680727756 0.73002719652691717
8.9935566443563282 15.118190967742818
14.317051058080528 28.959009373899089
28.664240601998831 7.9672555990717342
21.143060109540897 9.8944940984803154
26.118519080886511 7.5241139423720487
14.483342892354052 17.743464126737514
13.610655779076568 7.1251851194487585
25.401277291966956 27.410674484227815
17.85241182850152 23.65303152245928
0.22667791832058787 25.391223314846442
6.0989412528356555 29.72455710359333
31.018597497245832 3.7740383081176931
8.1334713940635126 9.711602727808895
10.880572390596726 14.198606424763893
2.2598559157334006 0.89156953745941758
2.3032911717610269 26.675635226243532
24.269830427399143 29.543405128479648
24.223979123640529 8.3977072443255985
15.416401937779137 29.15390578025897
11.746778395566569 2.6076783104395891
11.663622825553292 27.803554269202273
7.1819857623741834 26.079288284657405
22.252458980723155 29.424514411801546
13.544770070919171 23.1852951748054
10.643683411572628 4.2403528168093461
7.1633369756887904 30.741390145047852
23.42324768607843 4.2719914676129891
27.445976246397787 10.894816800469165
29.4756643368117 14.264705041822848
0.46197769460938853 10.801492265155634
18.054992811779456 22.671105514725159
20.941557571392917 10.904910093031447
3.2309765032877165 15.409218793902173
26.36100294293859 18.690968718835254
7.9388574886867085 20.98603010724765
25.885346548043934 13.793551233257226
26.904139588544012 14.420154174122853
17.736375584344156 7.4697183190424843
3.0703815337140261 25.285900075814812
13.973444738525544 26.38005307938591
21.154494612729081 30.069893267297452
11.447469732008772 24.685158705645097
19.166590276476921 22.463215761103161
19.56184574396881 16.732315244290227
26.128004155977258 0.1650675803635395
13.349582722389016 21.377712069417335
4.4937524033154146 30.259974111419076
27.771578918455592 29.460275707063158
21.711598276617099 8.4621486551096705
7.1014027179284192 14.821601528461382
5.1803853316097532 11.109871042520499
22.953932811523892 4.8615427805720088
8.5010312265190588 22.0831976020309
29.523373697149427 16.009011518806677
24.190648260295379 28.626984988391474
20.093808482734214 22.751010708609261
7.1138346928477176 1.8728438681569175
17.503656114028193 3.3490607160554515
23.51072890735205 25.673899005238106
28.851081056512392 24.429666946595844
8.5558473035733069 6.5098088040493316
6.8542408993516126 28.892769962191561
3.1135403379830993 28.654864890358766
2.055903668442395 21.590504069265474
22.380962203868922 7.5940635309649709
26.433802874441117 1.5355560811567674
28.810850066887291 10.932248210780136
17.21264970633257 6.2269941203228152
30.428808733970488 10.621761802923023
26.906478730483407 0.59115067226811646
18.531257752323125 12.157322829520734
17.310964412313883 14.485590662951223
13.608964927692714 13.681628429894623
13.362532060577935 3.0648847602740763
22.8126885193231 5.7372115983793055
0.7815510915404571 30.529712764426503
16.827522563776586 10.423335126432967
18.753133608019162 27.56943244875205
15.343237915080028 4.2856289617178538
5.4747033605733106 10.325662898913802
3.7789593390674225 20.895564677280824
20.920344984588187 0.22674773617291719
8.0334179390053926 14.016395567387917
18.253550005899491 8.1062589852770852
25.83633047598423 24.752174566588746
22.470015451086482 25.454605253485258
30.063276355489872 5.3035388126475107
5.85242316278788 30.82671595404566
6.9515065602824038 9.6543461813674796
8.9463768897041245 27.994063632493251
30.878754079346226 30.667081138673531
15.09600413995844 14.699624674790703
23.699570745305923 14.990791657261953
31.296677053435317 11.057240560421429
16.800339719191889 9.4458465088173167
9.6453358351286855 29.138736509533611
11.285160295445401 22.006440413220695
9.9111717379620661 10.785872625449281
24.046751247738634 15.746974754404846
2.1520706418514921 10.279466708379461
12.466377174081762 21.600662995358967
2.9372823685632148 4.1662601287457388
21.288349368950716 17.420396872751752
9.4758061333973433 8.2062371030412979
16.066101378615627 8.387831367096684
11.022616900554949 10.919617449131517
27.832682210618522 14.755110407632074
10.850989598223252 15.329509788375919
19.154771399388913 12.598587133741571
25.137010621085107 15.84107137231581
22.042559861755006 17.107466650262364
15.70858751906693 19.952319002961381
30.743472057346384 18.424762980506614
14.267383945475363 14.077547372183032
22.031601882211014 27.596733181924286
2.7112517937519622 26.011374598584979
27.105856980256416 28.499624616801576
21.986857663106747 4.5446729899862062
16.831303435724362 4.2411089415124001
9.7106301507571242 19.339693228982838
26.393721213968004 26.121019354250929
1.5721520190045146 20.921244954895659
19.618068177856802 21.620637435605559
24.054806206904807 0.30981122579437953
24.17080651426048 27.658490478886399
12.330242022890918 26.501462688672618
31.188650318772577 9.2443474382519693
19.349480806665834 11.226751466695541
22.0902437087829 1.0250846489674297
26.935558648670732 16.718494096581896
16.818572912718874 7.6925649872666577
24.510873282818402 17.575555874304428
30.143114318431344 23.9658453864051
15.248604475605735 19.03678590255187
1.0339690506874561 20.26960020920307
20.003198911955597 10.370043790021761
2.8647126987877791 11.457205590870542
22.088961323903934 30.499525057685009
23.104455180586086 22.413339003806026
7.3383172532673253 21.712412588343984
7.3494193152510308 12.879886295629664
0.70285506768703887 0.25395337519717537
20.53626349202354 23.445618278259094
9.6242592326220748 22.601611127328244
16.800532593665846 18.843493324126676
20.138439408652253 7.4519785196703952
0.22658464290192806 17.077936423974503
13.553226739675047 16.822825428388906
21.056040706147748 31.093170481590693
18.978712768965369 8.7194587526586709
12.195938934862392 20.126161548783049
14.447605105726922 7.3124674139495189
1.7458171394804893 29.419178625196096
22.683640292353033 27.904040199788081
7.5940392630299431 12.075583847280182
1.568056502552009 1.7272594527371745
28.248966079195441 25.660980469111671
0.42174392575848535 6.767312791380987
13.197542899788926 1.8584739587125876
28.921086656609738 28.760940152701423
25.996526203058838 5.1415497182369929
14.002304608988425 24.249035351368423
13.243418676806888 29.937479627343286
11.308485373535968 26.336582290714567
27.018123073047182 7.622562635113268
4.537409546313004 15.45795382254191
14.132708224330944 29.903535756337178
28.63643007851076 11.959959658510247
11.353591519420485 19.186230440083133
1.0812692057044424 16.379336363674522
13.713633834412308 19.850319739408274
20.331478256297682 2.4829392979489109
7.3680317719147794 0.24658888010655255
19.731830637464213 29.253138357437017
30.228335658653997 1.2545732291083118
28.099776326882001 2.7344217081635995
28.745916519245103 19.181171853300668
15.436841901870123 0.53116994032796028
16.589218597155757 16.018501932895585
9.0742745043079989 4.9137153078358118
27.702278549719303 20.828461099149827
20.26575158385296 25.178661435449907
25.021516272628425 16.80711057395466
10.09905549284009 30.243914033650508
28.446252347853182 16.25054200658418
0.86203428532372661 18.838731387332508
2.5874021561974412 24.530506071189087
18.077049299724429 16.575887468678069
25.720298550658796 10.787497854632557
23.595701876024112 30.349363741532965
3.242442056801794 17.596149637427125
5.5702861056670008 26.913603356757942
18.215184638250886 21.829265630766429
3.6888648171052081 19.649758862330355
4.9911279275550724 24.878580671606304
3.2185194372987374 23.475366827191557
14.224991902822426 8.9980067061337223
27.843494071804564 27.487872110479188
15.25793409366671 22.966055956612657
17.766391014274234 24.509331409121856
22.547195104843027 21.565396541232865
9.8290288506364032 15.650460297587841
28.529271714801016 22.194925049763295
30.734453173266687 4.8386837733398265
18.317883323141 25.132365549796251
30.652264625540202 27.869195015060846
21.979287696987527 15.372495574049719
5.1189399474067594 4.9033455492043512
18.095865102529491 19.701116861678617
18.560228289968311 28.878470982549977
15.280264325038255 28.319483346898259
5.2435773775152299 16.865545305455925
8.2541356224233873 20.204190275541507
22.231857985168492 26.420940701027249
10.210893498672498 27.908587239274052
15.694000272632982 5.5791578487958295
9.1377146253914745 5.6809504043172057
1.0042343790786961 22.279855069714955
21.704770536057595 28.939840395882015
16.919648175783397 26.027587879783859
16.817592613787365 29.190889985707813
4.9064242131718396 2.5783260631469807
26.380616687531862 30.0319353837147
12.54873430532907 9.3889203326246395
26.107792784102234 20.309524925352012
14.393182531564939 11.277349154016646
27.348094440737164 12.823056388485801
25.418093613898481 25.920503152906058
3.7123016486671001 4.7677130533558412
12.475238532634402 29.466590416688355
15.020290742098881 24.763996693357637
7.2861252185383201 26.841388636231585
21.859919055650181 2.5216023199302127
8.0016213381065491 0.94134259026269351
3.8992381697012393 21.950182155694208
6.3394752579568845 5.4825630619953989
23.549149439526655 20.962855964168973
19.810314505713539 31.20570473883096
31.085068923776426 25.843007086031722
11.057306700180249 20.413894608115619
6.155986630358627 20.437811384439151
22.08082966435062 22.879642101709823
29.320809659968376 2.7107870840219803
9.1619727155346666 10.044015091812987
8.6261201890044727 26.388362276054778
11.894610637876173 5.6928586524635536
0.075371588189068181 22.796515830121834
8.6325926180669494 12.194159776395473
14.453208195871296 19.502351786077931
27.880851023774763 24.48330729141232
24.826144661283159 4.0987646564531524
15.707034222073601 7.4268516047947495
18.352527967345967 2.0971018360927807
29.274107452931943 17.696987732800295
7.2708477287089917 23.410116910053805
0.14990793766337523 1.169334661801422
29.791289960901118 11.385932432989948
31.433536336612775 12.472146500093068
4.3171068592703001 27.793637957062046
10.465233347315355 23.889324943707159
2.985516956294616 13.222617482678658
22.688657329510882 13.494403338983638
19.090624590844286 1.5739681574398978
11.424537418307589 4.7892893562577585
18.79031471541769 5.1367924377209864
19.656687055324678 5.3205889576876402
28.070385606303322 28.456603054757032
5.700985256529024 12.668662313301708
5.8712054521063681 14.812348380283357
29.542761434971442 0.78558811663438433
2.2036613228465192 14.237800539482301
20.575771274192107 21.017588955948117
17.417218038245103 2.6443594721297976
24.660775383078828 22.570340150909171
4.2212640668171648 17.37966861982375
10.641589468769901 19.423721321689545
9.4823368745006125 26.419834968452804
4.5044165238556957 20.275425151851604
22.568950731020006 19.25013301788174
18.990682226321077 23.440322650536508
13.868715507974661 4.3345660661586702
8.4136865453926966 8.0123778891304696
20.238687553130298 4.408236705684268
3.9499961067672205 29.259066795256061
16.554059751336045 1.8712412755584023
12.018580493516142 28.73909583714326
0.89034491742231414 23.855433063382961
23.608102126240116 24.142743349752898
3.9145910041116267 0.24413106563060333
4.5912662373071402 25.871780934338187
11.281052748379865 30.625264554854155
18.092608240453938 30.786819997371037
16.456189168197778 28.500994672269908
2.99562401040283 18.474811709996327
19.715240956455986 3.1652780506461138
6.996559103132646 29.953595153542
5.7898288805286855 28.203260687889554
21.100073529285797 14.821145959269046
25.302040757243251 11.718187947084244
18.782329700583801 9.7600285710417527
0.62621161848012286 12.30617236032576
31.606055718307545 18.780505751325848
11.664058105828893 17.012143952292011
13.457357494733186 11.085306411776557
0.16228472460464458 3.9495798959276227
2.5131064189161298 20.034933470537528
23.951543315333129 31.062201712557428
10.341425100673231 8.8831575347911347
1.5227540488472815 24.42106636832996
31.032686968895259 5.9814165191247364
18.233833356995881 5.7934761663463741
1.2603509252445764 7.9344662663892498
17.823035023190656 29.629428896355932
12.552630737175255 17.245827636209292
23.773226475577708 6.2658458219088526
20.183475368200956 19.476889877960353
28.762269342736055 26.560258570186061
0.1682410474666225 28.673207212135885
9.9480067361115818 20.494300259037225
5.6189293519415742 21.34245904529724
14.890809577219915 12.079294758032887
0.038507749209186183 5.1051432202833977
11.396967349592011 9.7985621337346682
2.9661338667231747 9.2841535300810207
5.9359411052417324 19.068525686759838
14.117501670399447 1.8662428710323768
