8.9381156272536266 13.684642009949687
25.499316175205085 15.21504616949915
14.252637732081936 4.4268527388577619
25.367873074189877 14.077250415433287
22.839807360482084 27.314184837145707
25.816986465461905 22.96530528890915
25.988301857343011 30.647640818202667
23.523939626007259 1.8665127698715043
0.94730478741047031 10.685179486612288
11.903956446608763 5.2955900379740326
14.102582516451603 10.107134170237696
19.38927436531532 2.375412539612705
30.57737023844814 2.5964704945185608
15.825913007450207 15.540502413960999
11.334416293687481 11.194090316299182
18.587651257677475 25.577885003624324
28.462593593932304 28.934171025909791
21.168424766984302 1.9722734651941225
9.8054096505731003 11.181518847798182
16.595761457799778 30.124414308725761
15.840368541536916 6.6659720495933747
25.470688968756093 12.054671316065216
2.0177981321091765 16.874126753265379
5.6119112592945166 0.92074337415673801
11.280528024268852 26.299182672252119
29.084502911884805 22.470898271871192
5.1106538722164325 23.248003872325562
13.897634628250845 14.980866939109646
21.711776573330557 3.8481552761894862
13.134284858005259 18.220786121914344
12.87332177144002 31.357640285243772
9.8752862482734187 2.1692015385001109
2.0507166342507266 24.710132788116645
14.086720939381014 3.2443951188779399
19.896161638750034 20.299757495156975
2.7699124435716365 29.026843687061394
12.607152533950979 2.5892367540939527
12.748027038560371 24.873290564738362
5.8299334917563126 27.161242859266725
30.795989081422025 14.707733759135532
23.950593043550104 5.2491522766968552
9.378594063219639 28.446827515537208
21.403778316784816 29.771258703547154
24.230702549909488 8.4575614100094541
5.4533536968186773 14.34950810610002
30.102925173628879 10.995071685672327
11.792464681298334 8.7333120405429199
28.371534467592763 19.137253405048632
4.4069710251810763 16.548889210980619
5.7315669991967004 28.076346698478698
17.511048304203815 31.021569222839357
13.29760003274267 4.4532153424630847
13.221550019726871 20.965714917013795
20.31885893120976 7.4462617001707603
13.684430385059111 10.953979958273839
1.3296516690324285 13.168146155489636
13.986557054951723 21.387136009937571
26.535447349651047 23.718153292798643
19.582509163917891 15.695380369719627
5.6248478993652062 26.25113531076089
29.715961188655712 19.909808516642684
11.491044653200369 25.277408548661136
30.267534051466015 15.295738912297619
18.671788500855261 18.454521504189543
19.954137352033644 31.372571758880511
26.01455360535347 5.3799583114708325
12.3746797340442 0.92741408622617461
11.452471079806067 22.815166381772414
21.285653176537629 14.939188536035378
23.749241192594063 14.448765671111289
7.0248619670245391 29.417412741021355
10.938639065350129 19.138949041012154
28.272902243683522 13.375429242354556
28.576030637977546 19.887191622284558
17.811396607684962 18.305886533591973
3.7136026283766186 13.181760113503007
7.7195125098979052 19.158393226648126
12.212300580534524 11.117077049833327
15.299875283283679 19.409899664278008
24.137904131527829 30.713540522417638
10.760767637662427 7.4098050625566882
30.047227022033699 3.4688338749566325
27.286895987098443 3.6403154791739634
6.5232294605832291 20.796738127544113
4.1857225420122282 4.9008945302663403
13.501953347500478 8.4470152577048569
21.039227384496151 8.7477539638203563
1.5068108647846152 15.168382905239387
24.196082823581886 24.530166159618158
8.6189511719759846 24.604409024003449
26.791427457083202 28.072678203032183
29.999779269010016 17.82044069270238
3.6368101419111154 29.018829759267515
18.061456229009348 20.901126431926119
13.796450359733347 12.298467633338262
2.5420332498420448 23.355926507962003
6.3328468914703322 1.5441645646744415
16.286278631471774 22.176094557352741
4.8801951273892312 29.783740387184412
10.089953799791045 12.595463767257076
22.745795249829364 14.80583968833507
6.7873586778037742 15.050525749698686
23.558749454209757 21.689668331967209
17.706183084070538 10.866609459797864
4.614830954174594 13.635384759584417
3.076324888800106 9.9954085305110976
10.769074139985394 30.533566440511205
5.1774601346379496 6.2590181198193982
9.645242626255369 15.565079486303542
16.348952103154119 12.721180234296884
30.095812262707284 13.120719583170859
16.374206358524489 25.038462422539766
22.690040473495667 0.021135211915046592
0.64243761684891287 25.861112193456716
14.645429505609483 20.132153201765892
2.3332507773954658 10.774853114503562
28.402083084956541 8.4091510349201855
18.455399424679012 15.634411093103431
3.6061910875062235 14.587124674822888
10.23807465466122 25.232229790054085
13.242704728791177 9.5737743179237356
6.98829739526398 6.5298184501399339
31.440525876942306 14.009839970661755
28.554477988573442 10.378532444220667
10.060373796382942 28.007138709883634
29.423572043395481 18.919137676096671
8.0942232929025373 25.320661908473593
12.0978865959415 18.719414678944656
15.751796833539942 30.82334631204677
4.7335411315796607 17.861192803652219
18.89987064432519 20.499074492161672
21.336389441673163 21.700270687993239
29.015131512807606 27.247655578627224
8.7853919822661766 27.558670422250181
7.1283448352491039 21.34212285253561
23.898246917541385 22.557358303415935
15.754629925045487 2.9503975440281853
19.3678820993626 25.98968930637815
16.57461660160957 9.4339184656858581
10.013842123460874 4.5217211141275149
22.73485093187838 22.818462423645109
10.073607447999347 0.80349757546903
4.0966770488281465 27.051884392982867
20.686067511239074 28.547801310745236
10.004947062944014 18.004083430045043
26.569088880756539 22.262001363266805
6.245432338210235 3.7504993480289932
29.228726023859714 26.157937951474356
4.1599684560860322 10.865176460257205
5.8702262758016914 0.1026650684639473
29.922181097574772 16.451497662117578
15.227700848385645 0.62341356880466769
12.220494861610662 22.591609460915734
9.3578844915283739 30.217181933814079
29.782706984118779 23.484739836588883
26.211173266127084 12.723575011904533
31.565158348021178 4.1960698767921256
27.608546019687282 22.064261503418511
30.706777590092933 7.2493916094671391
18.944524232118923 10.540450492441343
7.1220100391144632 24.054538786777076
13.732698057964221 26.955780160425327
10.653808126281 11.6640580591481
4.8051044216621293 28.688685860420446
22.385348561372108 22.118583704623468
17.314327627707577 9.8660116076313287
13.789634504842136 1.455866303546542
1.006531476342132 2.7749773327303497
27.678247462879849 6.7095259474791025
10.10953505113341 23.651131240046798
9.2369657442205266 21.948124742676924
13.878699174513976 2.2020762308080957
10.318760487364619 21.160213418104298
10.721273510965327 9.1484315866476038
0.23493458031731596 6.5196087177011686
24.864091900955618 28.20476343517787
17.691274230202225 0.92973250156988818
26.511709506941859 18.099873992932
14.326054347335759 22.16115276644209
7.306139905935118 30.565372621170162
14.225146775333668 16.005036936604824
20.270585411880276 5.3812687457515445
0.52368216139419221 14.206321403981985
17.868049933981709 22.256286062025413
4.8314607842108535 5.4581723168720764
8.0414650173743834 28.773432016829908
19.108138759769698 24.616195401584253
7.9034522876704436 7.4772538044231851
11.312711605540377 14.430347286338739
3.4734813804639315 12.019640359987317
21.889117583344571 16.534997796093087
10.807865119752817 2.8267372172527807
23.50089710988221 4.0063493333543949
23.892931019184658 9.4258471541112616
30.041042908020376 31.435711508962438
10.52806102416112 16.158953286966451
4.4478862395127159 9.1648906756124511
6.0454804437657881 6.4411867508582574
29.39424525431016 7.382087883633071
31.392081172011537 5.5657252878788359
12.781112007433007 21.926831772041123
11.407273409472239 15.520733375680599
22.205656025142108 19.195606528442507
4.1337595670039864 28.152402383822071
27.12394640779144 0.72532863314420482
18.557568252127727 1.9103270240195034
0.96816247909521302 29.373995922754411
2.027284937143278 5.817282967575041
29.812810736343895 4.5516080008872173
10.73300752590232 17.110966405220296
6.1255585857335584 12.046614673692325
5.4455727556665821 30.597291412838388
9.1604711135252543 5.4444175056965465
20.176627182262848 29.164480140715487
16.863401173207546 7.099728184931779
19.13118396968644 30.679895054243335
10.169422040191906 10.367621638070979
24.322330062255183 21.253004967946087
17.572276540875126 26.357875845857908
17.174977627773767 21.45403840692596
29.130257821553588 6.5276424348415638
9.3083265829478066 14.64030420910227
11.994457834828964 23.784138136198553
8.419363394003657 15.559336835993603
22.127411757554842 2.6621066680427541
13.130216158871759 15.572761548572592
11.160321663047849 8.0974728799577171
1.6253357199114691 2.1888609250966393
28.428918249095215 14.999431319177605
0.66482666998914819 27.000862175651775
23.295568279893317 29.854149684908673
0.79783706586189451 3.8621682981135805
4.1692488237209702 20.239413354259511
12.676416024058167 1.7389768915424233
25.388991463525699 24.418849156773067
19.513438405844564 7.7719828152562176
19.467783672709068 9.3737056428951249
4.2892145002278719 12.219467471761343
10.077368384446595 22.454332398408454
17.466561234765248 4.1657953025837022
20.752849915772892 30.29208036683973
20.837075802635706 25.997521843548434
10.368708497716712 15.069267386289463
11.239356939681558 27.700953586258176
2.9393534810516324 27.243672124011731
7.2249040122823027 15.556598382351364
4.1687362119442151 23.249160566600217
12.587083903838536 25.629313770187874
10.639061824809691 5.0881517094807709
11.955814669770549 30.671775752554076
24.444298943344073 17.135147131787775
18.112818050070864 2.8555062913494971
14.246942306873068 5.3992903843534679
3.6837292373621442 8.6145307421388644
20.387979843463373 22.678542686458091
12.734424837580129 12.499165502358551
12.549278536855269 8.658468890199714
10.853130551541748 20.042928442020241
29.181508745523228 20.981469100120336
22.106757017238266 13.276912617782816
9.0584400053852772 11.548887062068188
5.7542957121812712 28.98663217028243
16.883364139111954 17.704878367915992
18.081125897143519 29.65341565192962
14.72380612906549 23.266008305233928
8.0036460749728544 20.825454739488123
8.1151352052892261 8.7120715324380189
10.909109297745788 5.9750341810991303
5.2760376910774776 9.908519156820887
6.6359710793234346 8.8001926360901379
7.3371664787427102 27.004725831191745
5.1133631320933262 12.923885384829047
1.7475967988912471 28.797304544790745
26.860260136510462 1.9508052867143315
25.956252195412187 1.4370063553627093
14.286538233478064 9.0092780038107581
15.288834230509174 1.610428060736584
9.2643899903317557 23.171116479951625
9.118232184609905 1.7418979564125121
28.967508024411242 23.565009393544575
3.7216423326809993 5.8667101469894645
9.4313504217613122 9.7506248318590885
11.307419288021659 24.635667492955562
17.519712585079194 4.9202615665216705
25.714394631681472 25.527184917555275
2.3138726162085033 12.79000988109007
0.61096241100673587 9.7937110896628958
22.820139939301676 29.089044171645586
1.1448895016303102 8.0479504561900406
7.9607936810775053 21.925760968759683
19.913377792242507 1.0726150557666603
8.5836977842892601 19.098534410801552
21.65620014880891 28.932820474082174
16.264560257509967 13.721605033020982
28.009304718188442 5.8575683381390586
25.044629904456627 8.9847435591480753
25.959868736080921 8.8871452836467792
0.63480676113922374 15.331581834160218
22.280398400684206 20.412231023810726
3.5908309281102126 1.0188372806023651
8.7795982606378402 10.170351738696443
24.978157429120788 5.6711480431908887
24.062635249955797 28.908396793117642
14.983777014665996 21.036790676605481
25.014875324785997 23.82197055982051
16.555986828496746 5.3896998218839425
1.9959937417762827 29.917043905422474
15.527600682638496 29.890123878743815
2.6950198187303771 4.8741199897377774
25.061162299747856 31.15415145738784
1.5879421197416763 4.3213742145736491
3.8288324740984683 21.499332614615533
16.812054294635878 6.1474359933878091
25.558199585073144 29.033447118296305
30.264939786330366 22.419189314293149
5.6048986165955244 18.072713453201814
3.6029698769605605 19.216288080024373
21.798535837935393 15.652675815756144
12.235052758739608 13.91161852988057
22.528636299841718 17.174276752513816
23.385091912856158 16.702966403137953
7.684924002992009 26.312575936133232
30.646145533425415 24.331957669083465
3.2200010666315695 11.197033186482361
21.128091473110935 13.836812244891895
13.820232262554541 20.074581911004941
26.243032438628944 20.220327684122022
4.5775695244332777 0.27758498665660514
22.847056185612651 4.3562342488284571
24.867863500035234 2.5030106322641759
10.832132040002708 12.874818094723292
6.2638000457999921 14.194986828568389
1.5328089495914365 30.609805197588184
22.861729778701502 15.802283260305858
22.128728492736695 9.3313638406435491
17.676455551796064 14.753589780144383
5.9580477138801946 2.5706986527461688
23.782125736048979 0.40701300910975008
7.2363559712351062 9.4301173854581108
18.690152958758908 11.325548351413639
8.4561843381133226 3.6962727115396135
27.748449116815021 14.515369481887618
14.608529565112883 13.604813437807879
23.531104743866386 2.5901395020198703
8.3660553896412999 12.766926205058716
30.719617286475103 23.386220883686178
27.641292839627816 27.476478890405332
27.636784557849399 9.4462294132343754
0.26736109079613013 28.532678520286719
24.303673521457394 12.85323162410668
18.470563359199453 5.3566449503425915
22.570142194793259 26.493522272834287
27.821320964253157 25.94638639573034
1.7559385354702446 27.127271293926505
29.167726302538508 29.715728018809603
10.639958992541464 29.428756949670575
8.4303403961595009 17.699691487571613
26.07448202227091 18.87582857910563
2.0736612388842608 22.522603545365094
16.684218449042255 20.775599827218503
22.537589514362395 25.475283812718029
11.460218703706261 1.2073746582936222
1.1289687368161738 1.4229205497052273
15.535962052085249 26.136395531013342
28.069515586299186 23.184252014392055
19.080014108833609 29.30648024573286
29.212809814169816 5.8088615114778435
9.2001102527708962 12.517475001677525
30.976033397840553 21.166764542457585
18.638248653847899 21.737985104927304
27.642848875939428 1.3135060586116374
10.635701047184083 1.5779983277298772
19.885725212751453 11.514088108457853
9.7613095967505803 24.562708041465275
12.560606390058547 20.338069060441128
0.59935320742083831 30.938310204557151
14.814869646806365 12.450607867536084
6.1592645930290395 17.18184304353532
1.1093193808410093 6.2741790237222874
2.1588985830938081 20.66791013125178
26.258978087608277 6.5322219300571751
16.520904476345333 14.666744952067774
7.5302477959253755 17.072982468046671
4.2776458998352576 26.058269380083832
2.6482277876521327 8.0376717472967343
1.98175578187699 25.565579481557499
23.386027642473529 10.163888851820355
8.3048510783903744 5.5337238627337442
4.4866203058505985 15.685538230121244
30.810126462496573 17.171366950133127
26.826569324118413 9.1296712805844393
0.26990017983130588 17.526488849486004
15.324309500514596 28.986567491654888
12.35803010225853 17.012664975811351
26.787622986875189 25.432199201961044
9.6531187441015369 17.040642776243896
21.273327061787722 11.833795278368456
28.975480167890836 13.834936232592639
7.791524644087426 0.87691008642174639
20.270286512439835 21.745691115800717
9.4115009192307664 19.625654869225592
12.4375121242569 26.450918373019061
29.350885989047647 0.0845821557423721
29.044750797506147 18.040249168233064
31.14194451359085 13.034342621249666
7.8693899924233879 10.034163427071451
21.70770713943379 27.193029393544805
28.196523595213343 3.7974314124139035
14.758943055863972 26.526700113879329
5.2241105292959666 19.090226819572909
13.489454519388875 13.168406427904266
25.049782621553401 11.283823328560221
28.250234407642058 31.473093082038535
27.295396349142532 13.697684113460344
20.364741213282038 23.688325185134136
22.863817375936076 11.877963678283551
24.950506595453842 0.28379498198149927
28.972714906391996 4.9027106688641133
12.423006465530884 29.371703250473569
31.046379947940089 11.939050986684723
13.255890326889967 0.44302971759295273
9.7271752481749285 0.17783295434485094
10.993615342447239 0.1249078264522976
8.1762091376717532 16.51725509553394
24.213592654614338 6.7790866636923308
20.646633335444928 20.317852797609156
18.594032190542919 24.126427335880269
6.0289955769956682 24.182111531475023
29.075350473841556 12.703309675589106
28.080563813015935 26.720473290294755
28.183684465392279 2.5036737091098216
18.178984556268158 26.765902456626691
8.6201161844822138 29.333373216860299
11.526822787803491 2.2695147554012625
15.835036750088701 27.527777568233251
12.483416446502167 4.1042152911220411
0.01124584924995793 23.512693918709974
22.597392047766355 23.703153905622528
8.6147721631210334 23.822353567352415
7.2000692160364004 22.614600081362866
31.007293716173088 27.468505692194626
8.1413894644073803 27.763192304756682
25.790871190397439 28.13252105634934
15.562937664586386 7.5011768518254804
2.3454882412316498 12.071297147571418
26.435949005938856 24.508218656965983
18.652561156243475 14.543750826259513
1.8050811889137834 28.043524912187234
2.7312178828599643 19.93526527610873
19.049104880119952 3.4254418794732291
30.386499594278732 5.7248413291129356
5.3590109441254761 16.799199933087134
11.928556874644418 13.128464188850126
17.378850975399367 23.643491008369576
5.5353247420493226 24.895269557256043
4.0826727657243698 24.670071371127246
18.510268610655263 3.9966362809847613
9.9717181633168241 8.834976074253829
17.362376157452623 24.511130134572657
19.900913171497596 27.84175587951216
28.3266364967463 16.145619757872893
18.74528886761362 13.243820431103794
30.361014425468952 29.082291663499532
6.7307306645042964 18.071852775918245
2.0126917757428351 8.6399408444077679
12.981007347510944 11.475309107401149
21.669040305646462 0.20292030199363767
28.557535211664284 25.39717510716639
6.34410965746003 30.836743499549129
30.97438997651015 0.34819229741991298
9.8931143792197975 20.435070141803276
10.989916232686323 18.148298577811904
20.659017977710214 3.9065410215269134
15.872229106266069 23.267843253511526
29.240409521406967 17.014328393968597
14.12152878621033 7.7698775840209633
7.2490734917812594 5.5869087606777716
15.55826323653114 18.483450247357553
31.070800233932328 3.5496065891811135
18.187146997019664 30.506351481639193
30.397097529196476 9.9273446145408375
3.5825019054898792 1.9420015314041741
0.084852310229469402 31.45804404556602
19.362547350337771 26.878083893223746
4.3344890219410024 18.916808412216536
26.550867967447239 27.031280497507915
9.9155928284842911 18.954320021906401
5.8868244391265758 9.1707977569796721
1.0055637597165283 12.233852736790595
8.6323785057956659 31.61561436993075
31.133275072033864 29.930270323427123
16.223263216002682 11.953608068514443
5.2806892384631707 3.9722360406626516
22.411277399459362 30.147672295432987
12.686398077401089 10.132807449467361
22.050369654760893 12.495947104296947
23.618975018409177 6.0854832549177589
22.136143624347863 14.256330576556653
25.486171085678897 19.490834466735095
21.256318634532803 24.902243762099051
24.260916633409945 18.485875473397222
27.411470920870993 20.320645946129751
20.919883026801941 16.801794568391735
11.92038501604325 17.906806740475805
5.4306978223930971 20.729106457796341
18.020170300474998 6.864976200478714
2.3561794353226451 0.61678784337010495
25.485387096651024 7.8889121909502364
15.089711635642958 9.0689667139901964
23.274400945774595 18.696506190245234
8.7227085816929755 30.845723172611965
0.30771893653369048 8.3287186221210234
2.3167090990946844 21.364800419019076
3.0410726130230006 26.35968048244364
26.461734106724894 4.1163102558719826
14.334185894552357 0.7096023154135892
28.008589233504203 30.473711152380233
12.753337598142007 23.909059982742086
20.125067117818389 13.864489554960432
20.616083561430514 0.66820202093655401
15.183402310988319 4.4714986861589505
24.141441855638817 23.195927569415772
24.495953449575822 20.285840915240161
0.17223315173490264 7.2555984249565695
21.753071631841397 4.6703928654421034
29.872612790314417 21.722980771691955
18.621718348963668 17.381985509655735
14.939608903320615 10.407155259471523
1.6450021706971472 31.615215012366107
12.456427255220312 5.9961544681687107
10.289687022982443 27.189313531450878
22.487946181773889 18.165303542335085
2.9241866809852968 9.1963069839405964
25.140561074077855 25.773403196212897
8.1972022342068751 14.851662933738327
3.6787078699337163 3.3596033900664959
3.4693072664829652 15.808806588438657
25.527800173677871 20.703419884462019
19.626026244288155 21.365113310213562
7.2837487181892486 25.060713724115267
29.376538479801827 14.712174273921276
9.1172346235511306 4.3956200662097347
6.9551663357574602 10.496982731935304
28.000472622582457 24.20596281501459
19.49331668927605 6.5983455004924485
18.565828413818771 7.35356659052173
10.752785796971443 13.92079649406152
5.9098600233587035 15.922513770706642
2.2684078067398383 6.8878297064674587
31.552635523631608 26.471962804265114
27.58753057559764 24.74147507370909
14.638518160635501 17.801291813068158
25.872924779209455 0.72850407758827362
8.0090856899391394 6.5099824802432593
28.409145325280281 11.333147853374866
31.003201508383277 19.749648574993568
18.08593961635361 28.755951954069722
16.276416811202314 16.426352974707513
5.9680370557247189 13.148425350520586
6.3954559025741862 19.775140096162186
23.64992470707671 17.634786231912212
21.364754436041995 20.948480177060677
7.5626512871351341 23.5766779322039
5.4330358782487913 15.322823187469904
8.0218032827864576 2.8500798470550772
14.660967004387084 14.638568363995866
6.2401035069963182 19.008564169303934
13.45795093042957 17.594397076312493
29.187866865591495 24.634391659059531
24.630472423650705 16.258969059634342
8.7695280642018751 0.98520080690488165
27.323795878496384 11.293959314237123
23.282260497529446 19.600294619573816
14.061965597946237 16.852174937835123
23.263365294807151 7.2000551882698129
2.9749528980967037 22.001745957560662
31.554790762488139 15.58557452340064
5.1155629138344905 20.0794273196082
27.104607055427902 4.8419148751922982
1.9428904553070019 3.4542732784882282
19.997385154485762 3.1764427895891876
16.895794705329134 7.8870173445343772
27.102442769315736 17.422002405551037
19.160542931294057 4.7876152059649959
0.31312949419469233 12.771035236211283
19.153724007581019 28.329377295435748
3.0566525482190907 13.47736111810088
1.5969319786113492 11.396762402946893
20.320988319376223 12.279876183505511
10.859743235306988 23.743809000819606
31.259583631287267 22.169429647761536
3.379144878955552 0.15942530206520844
16.160786364482842 10.720356789426553
20.518179994707207 17.549922207312651
18.167931192883159 0.24429572593872087
30.802134351554862 30.713681141604685
26.694398622082034 8.0160014065331033
22.079056571219176 28.211857957453372
5.0023176987208604 22.293110170875178
20.053143505342042 10.146858878733578
17.532001978649767 19.194105294953911
25.932913801916509 3.3085524785980676
23.417954428637508 20.399522643829126
10.890602987128759 3.7944048888391286
17.21237462655882 13.536625404633913
16.507440259546183 18.523581030319487
20.409662042119546 10.804181938409803
11.972535585581962 28.466765685613375
5.1960213226516938 10.97495078651262
18.335649726442373 16.324727468895183
1.2971147388417115 9.2515055545354681
24.510566433461413 14.059900621796846
4.701034005080488 21.553592381647224
0.9550911058072985 0.63318122390570841
28.45363348525407 21.926306963831031
27.271918912142308 2.7490909978359714
5.0945990566845838 3.0950900620587816
27.798935788949571 29.524323407305104
14.080700449796913 28.704855849662952
4.0673159760342177 7.7581807621710812
4.8619031248205875 25.630567880197116
16.946462101270477 27.432805210213655
22.967403032684693 24.92354039495703
10.804702472922683 22.189637759865896
3.184069565128826 23.759788707781098
11.537792840257376 16.681147920969249
14.52536339489332 29.669729378126977
22.991547825551585 11.176790528457964
11.730604289686454 12.243100534795218
22.04130773516107 30.876248935476738
16.786600457490948 28.699009343113222
6.8550444311960117 16.491427814753138
7.2519222459544253 8.0030437900001736
6.4613864013184195 25.313050102935968
21.621335478058374 26.024086944399617
23.284791093128479 12.852531538808842
0.28101545255989108 22.417060489479105
26.127463215321082 15.850885477394767
10.111058991150253 30.859350530899359
22.498684919786999 6.648354450753728
16.978281505465741 22.692241817792514
27.152756362043466 21.16929190078358
19.379581791876969 14.565942311262491
24.488602204060047 4.5979583943986571
21.003735238308074 27.546601247375879
1.9169936200933591 9.9577545828568415
14.951989267769166 27.498377811152533
26.183670623062572 21.461471545460171
2.4161758088394594 19.115426710814631
23.259202701774083 13.666477186704935
8.9207155046370321 7.6560502067105505
8.9696072812693721 6.6921862953778808
21.715612153166163 11.218156517735261
10.471275298401997 26.195867564951389
8.1028118757547887 2.0790076064755638
27.098823267787239 15.245551844739559
9.1478110911090464 16.482214637214415
6.0930955429582765 10.31353468065462
0.82471432128536859 25.086016015282386
17.922816312677064 13.624298210048195
18.748366872780775 8.483844065981522
15.413404604085082 8.2613724226437437
6.8066994067533635 0.40654050789975976
13.261937452433125 3.285397570347814
7.5978003837553869 12.441254037973039
16.633570682900448 2.3889834671925265
16.787230556333245 31.303975952417698
1.4706681684416956 17.676010252425208
16.807913760910679 0.84028372037400922
7.3243569612865063 19.915485103477156
15.459504707061997 11.493276624595845
26.46106801112002 10.156269942925482
6.2242869770811176 5.3631716587560136
9.0984080370213096 21.202032770532153
9.7220982140639638 8.0275542387828676
16.978871956988172 29.571438249116159
27.991157481074389 12.252833933327471
15.108287134910606 15.862866226887158
15.529493610442151 24.603634334399469
6.4798143248430495 7.42438082966284
28.686337974442122 1.935427885097375
17.897884066518472 9.0847075825867254
24.96388623500718 7.4607232864035335
15.523043142992526 14.484029827972382
9.2901715182171039 25.549173212284263
21.804942423754436 24.444723447490418
9.1951915596097926 2.9501426660088845
25.225028943611548 30.028704279564497
17.567735416456468 1.9264369184118955
19.913020534685714 8.7372024217983064
21.588349251743928 1.1145134195670063
15.894987781970315 28.496369490121626
5.140979507739754 1.9945734823805752
30.468140161335633 27.500283792668117
20.382522377137445 14.919266472701699
11.957348789612158 21.286729076211181
6.5266996164339197 11.385715640652728
7.9868122564298512 4.5371192481692439
21.584003365516764 19.680428081300128
21.372428511674244 6.6229482073741224
28.038475723782859 18.0012280598493
25.220264901122384 6.4438567224786016
24.511088994176756 19.445827204047426
26.567842718561909 11.725471054912118
23.411799435906907 23.973549027757368
13.52532949014755 13.939966797846527
19.397549015121839 19.234177513152876
11.31582667221115 21.180708835994245
23.459820576184661 31.002630137306745
14.980100444582677 3.473993410856179
12.70649970142315 14.563704346500696
11.881571440664866 27.158851378328155
26.314867189609632 13.679904290449484
12.120298604792458 15.50054526428897
18.571539866222299 19.618502504168458
16.412071537201438 8.6540062134817681
23.72198735723666 15.616540738655369
31.42822542421148 8.8939231934055147
16.310255196534918 23.875239199945511
11.625464487334012 29.85040584543956
27.628298534140008 8.1463418177044566
17.79883674747337 25.218968609630764
29.973570051046146 30.235899322843313
21.594535694456649 17.819485339192326
27.475046715425499 10.399131716285265
29.215050423311894 11.838319822693647
8.7377532869721577 8.8529446930539422
7.0501541632933273 4.5937331798132774
1.5075005651405751 7.2720452254610874
1.194833637571276 16.452178931221699
15.930821213972729 17.384869392628946
0.38738278244587193 29.872401954534322
28.981274112262266 30.604577613367947
29.36877736587558 8.0277113371113487
3.1610741625909506 7.2840736251103975
18.227221867022759 23.199621484267421
14.468226510174404 7.189844626674275
27.252372804118245 12.662045808935392
20.284112065210245 2.0279972880680308
25.155155544787188 22.576790769707852
12.991934881756475 30.43551997274983
19.407509393562169 23.334429270803764
22.340162273758036 8.2878679581093788
12.047925003918627 7.2895620092571223
26.382822004740376 31.486648348718049
28.119457093150729 7.2281005626140526
4.0242230131276662 17.41160601287573
3.2679920340911899 25.619032026515761
0.063600196974992015 1.2026364398715801
12.763764136284998 19.392729008528825
25.146441090524359 13.027906184169018
15.220353117842889 22.411391047749628
7.1726461660360918 3.6067553213037726
30.909126508176023 16.242884501224228
24.128519227035969 11.061392823514108
17.95554066705812 12.25280489146464
18.555162648369073 27.590927357337907
0.10897740240275776 24.69193292902029
4.8302372666536399 27.279835112737448
3.0176437099832807 6.0432687565471142
9.4353042285539974 26.681047006039307
15.883527132305611 20.224638264865803
26.535847910686826 7.2206163164375123
16.280652640486309 1.6295966387718612
30.449497298222976 1.0345425952200535
14.711091524936501 24.0846805988933
0.62767915432117116 27.879534325946295
11.577372500085657 4.4768124425972049
0.37901213353235319 5.1501102703548556
2.9697075084791549 17.403523745194477
5.9126443822033972 21.690595182674024
7.5190247212195178 31.474888722181628
2.6928128013242305 2.3469241440441051
1.6666284710260826 24.036389737167593
13.399567988264678 22.678773288390186
25.581116794106137 27.037942838646931
1.7767323774173844 26.322449985699908
27.25952239713088 31.300045898071907
4.1235319538057702 29.957656320602524
3.6308139518550608 30.818912298219789
12.800997308290553 7.5606464043879615
25.595961194703477 17.562714307257167
29.785534707303484 24.974945083187347
12.914345501786803 28.22016066707128
15.324286285850038 13.154657815184745
24.895831100140953 1.7564001595695076
26.356296193297084 29.52670552407902
8.2878231196921206 11.122042315592219
19.570278390486788 16.530364089048575
11.705398438235095 0.0024218850128475398
20.064131316321511 25.340970166330258
20.521700148907449 19.227679570997335
28.303161681327285 20.826516911605225
19.880797829302004 18.428446398903276
11.020676672403804 28.703521962400771
6.8609359597281561 2.7008272354237461
7.966295022096828 30.070435510400408
14.883273560957267 30.980449153188058
13.909916253442114 6.2474732065110006
2.345392809244458 14.139337713811113
1.3825759921894762 5.1887052723752474
11.051226494073138 10.110368323059451
26.926597407173411 5.8131815470118342
19.504002348438725 17.474948748644682
16.379338165771962 26.688087469501937
4.6703502892110693 31.170761486227185
0.38605378865040119 16.724535736114927
22.690535713958852 21.207506521634727
23.884120444250712 26.78419298453916
15.18798852739828 17.011763152627889
18.48760250322244 9.8318061892671249
6.843924908498777 12.878509874787376
22.898603451315616 0.97448789382952405
29.442451336710612 10.529712953923994
15.047918010580069 6.1891273502946778
5.0276174349842595 8.4660606550573814
29.371268780458553 1.1828953795075314
24.219180890255792 25.350721022888273
1.4565463277071651 14.022763023087926
28.960832179367262 3.6603175582204974
27.189769708832646 23.147495806275092
16.193181567894463 4.4970293895013169
9.826407489360971 13.783836743219185
17.533628387966825 27.989778087667382
1.121902621140926 20.104275265414561
22.392037787146919 1.6945875766130305
26.966090201896584 30.200579345926414
23.20063158495428 28.198402578696818
27.022827975065272 19.515852643605896
19.743477811748885 30.042602655444725
31.39698065026445 1.9314244218808636
4.691134238416427 24.254679471647208
8.5453121865690669 20.26330338631427
13.019803181197625 27.475768328924971
25.447555157709438 9.9453304461229646
16.715384456509952 25.773503339179143
17.120640700872588 16.329991454689775
13.729840166691131 19.109307521940202
15.980166066475784 0.27260534342488063
24.19513006135729 3.2874081206483852
27.458218325896411 16.074906223154581
21.451594268392071 23.544886819719469
30.170291820406131 20.61661952422385
20.589557841203032 15.975928922635589
13.895132746694161 30.293089664893255
15.470903187845947 5.4371098704052994
6.1992068115714964 29.764787515836701
31.613853223036461 20.792274742087731
29.2312613360589 15.758083902332343
14.519124608878062 11.491192912868689
22.049445727738558 7.5526835353854782
25.564560899501593 4.6190420207084397
4.1907264544758425 2.6264997760064954
14.304233977606318 28.023330688829539
5.7433087516493426 7.9093180622436305
30.121977933863896 13.876698880750542
7.929871795349924 13.890961141157559
27.435949779774642 18.763044757662634
2.7573007824517632 14.974338441449065
20.214231381967284 24.480437908823255
6.3609410208497499 22.441410048368095
7.1821784824260924 1.6255261560490939
8.6703424933192128 26.355616343246066
16.49240923794132 19.495491819830232
20.846845870407101 12.961889856398498
20.994223048489904 9.4781834731286043
28.036516367548096 4.874964317415948
21.135014747819309 18.567622778783242
28.449469539969556 0.74741349101877574
26.010591269339908 2.5554317895967431
26.378412734918243 14.630410784823027
0.15557275228595063 19.627689860065786
15.727606915359123 21.401224916124214
30.717270289116584 26.063407585823523
4.2286657606177673 4.0824273552498562
5.709914465720928 4.7909948114394476
24.092555738335907 11.99011781280293
30.907278001472964 18.198819731996345
2.4039408955098449 1.4219238415881403
7.4407793448072743 18.245668958689091
24.996691312993843 3.7217397652813267
24.591774202444725 10.160501980058145
2.7223792588802613 3.312114875920682
20.672801591019873 6.3837204974981105
4.3720139843894303 14.604981354004694
30.188434306719078 12.060223335902604
9.7327833490351292 29.348741676259792
31.29981016642008 9.9144602172960372
17.485521396932608 20.07004678547392
3.3352397642979712 18.256919139736681
24.905299849454092 26.832320845869635
30.031382939881727 1.872844850637378
21.076278221735564 7.8588070294808645
21.439805122942321 10.36836246415996
30.875989794236855 25.242855587228338
9.8618045966568655 5.9928921261041905
22.105519127467034 5.7885006733330382
22.977017246251876 8.9169259036456197
9.8987890892513839 3.424990318394642
1.3039175437358761 22.835387416011102
3.0136622163371363 27.968932340389483
31.02735655525505 28.718235472311143
6.5477337391352295 26.25839055932941
21.100965661867043 5.2575377348947923
6.05785264560319 23.316366707997492
3.6495642425444919 22.631163434278534
14.005211603731343 25.320840707747738
4.1144400982731337 10.051958579470446
16.343644398766507 3.6577722225096347
22.668672347440133 3.2121985463554394
0.92224702868460184 21.076197116695329
17.148549874645965 15.389117734838118
21.42536860378949 22.723969775359187
31.189176088589456 10.897434415044168
20.855473154740526 31.16428954316298
29.333849933328604 2.7771063052157472
11.904756784036193 3.2948489177193512
19.184269624193647 22.538606188404863
17.633640766269888 17.14661967566801
28.25074807381306 28.134262968296969
14.488870760000642 18.673781943166404
20.343173768382655 26.800242071557069
30.665147430026092 8.0406970512254485
3.1370476530921438 24.728991674058349
23.639989881842521 7.9448601346684704
10.019029641920675 6.9257017521296458
1.1374258271152324 21.768316598232268
24.626264136336545 15.269314621856756
4.1362723553815508 6.7621173736230382
11.839320556176057 9.857944952199416
2.9594921511404126 30.06972947083047
13.199651371525286 6.7465723283201058
1.027271619011993 18.501291432629625
28.175477156801367 17.085751985160055
0.80877386165096654 23.762033743992337
3.0294851487286545 16.460521756895211
8.3787384914205418 22.669949491717588
29.569118661921852 28.734919814777946
14.932511726476578 2.2834804165047196
27.080546597667755 28.799039236271142
11.50751459517317 6.5644032072504768
5.0329874921549269 7.2539755994365525
6.7902972700544133 27.744323423021886
13.832182928101746 24.525317057638063
25.552901813692202 16.673595640376728
15.696715058681438 9.9160774488082009
23.666925111149983 26.019327625094121
7.5842853816860911 11.514946438213924
25.097579399551837 21.691524683434707
2.589223218120992 31.096743808918418
13.301048036637996 29.306516772561736
7.0206130928038544 28.513498299676741
3.0355179591978962 4.4570072297417918
0.16085056279477802 18.607690257160176
30.399560653552602 19.038879874421784
8.9532423914959551 18.109582782397734
30.550535754874879 4.684192913744873
5.123424457533396 11.760853332099225
13.593122331498131 23.421789872024863
13.094137331059725 5.3547316174827095
12.955158773376681 16.464988122102696
25.078891022099285 18.252298077423813
3.4945726616436272 20.604775452724564
19.049687687608372 12.167746558292714
24.089688729733627 27.737614662230733
21.101603714660971 2.9563725709159216
4.5975201930142919 1.3079398906356519
2.2082703424818915 18.247727537515601
24.432930307178459 29.631487982465138
1.4342016299522082 19.450111439131803
17.901520994450209 6.0381328911047181
0.33067301975538327 11.395013178827705
22.850343578220368 5.3630805776785495
26.651997993139595 16.711415245066888
7.2191056814632804 13.909179471806642
29.892502755761598 26.378938756901597
14.149836324118407 31.316096496731952
25.997535848417069 10.885559338955064
17.373855969338102 12.233556914101335
18.998643320048686 1.1266722188581559
26.698512881520958 26.311598541038375
17.291772086981879 3.1994838546758695
11.719922255959816 19.871325679816497
30.43080614268024 6.4786449710193912
19.515589846810879 13.145549199837252
30.263819708804625 8.8601121106291991
17.757073852002883 8.1847779005293031
19.976561012272704 4.4368907886713371
28.652331072704289 9.360210498229339
0.19485856245763258 2.7277919650855962
24.308880244503644 1.0907264118266087
19.058304313330197 0.07359823727925445
13.667165883382397 26.131812757221155
2.1054387256837863 15.755722761215408
29.513332774785972 9.2588670520719578
17.016486070614082 11.045682069222135
19.329861072129212 6.0098983579469021
15.033795032551929 25.379051224009689
22.454648072093292 10.244323704156342
29.522724734377221 27.826287521039031
