8.2710118006605793 8.9168221395001446
24.510790764056839 2.0414488760750733
1.9197315735262104 3.1156353693312031
24.577052695483509 16.79298731478071
17.544507136811212 13.282574698303749
5.1584329493522025 27.197210840962974
9.074148688917175 13.661043636363226
20.190187872779052 17.998246693548992
5.761300819915272 16.297641946738732
21.931530188102222 29.245353371122928
17.2562596964998 0.92932953407171104
22.73377080764908 28.709373115779172
25.469333991776001 23.771186833534124
6.6076916214640207 29.174399457799773
6.5052117390856559 7.1578680398758809
1.2673827766553507 5.6568308465635537
10.778203832949249 19.634775696765779
11.252458054287553 13.107362302678542
26.194143187556641 21.478839143469152
10.336101318289209 18.276457008625218
2.4134845016403723 0.067645537730325875
28.965737133776514 29.942855979658997
11.856392861151091 12.517874956765532
21.56676069694803 23.867815234340299
29.211426052916792 23.291878645720306
21.689730032968335 10.171797099639583
27.191564680271643 6.1971201801705913
7.9637558478276773 11.402668642514868
26.836424982066561 23.379305009162994
18.26412702579508 12.232150727104607
0.31983540101312613 3.1595799845708044
16.72767521118006 11.824081713867741
28.85630830472034 25.565779247906445
18.819561485224334 15.618563388102041
6.2426768470254022 30.4092544190183
5.5623968579463225 9.3792173180525751
30.438531252598324 4.0695438851339603
11.217682668666617 14.055952397014781
15.116160080214927 22.836772161031341
9.7789329732693844 6.9414624728884862
10.850112668832528 1.9043888165160834
16.792160875029612 20.181711570040996
12.910403615992031 29.332914735237019
22.213089499696967 11.159261322156336
5.283812532900579 28.570944053674626
24.613486456974258 14.978050588746761
3.60543663558011 13.184737475535282
25.283691092037021 16.203175808681319
6.1868611173936481 20.005855651927909
27.490917201287861 24.282792666040347
4.00580707864406 29.820222315470083
25.782196619671165 20.495646875162397
28.870309010266084 6.06489610393227
25.924861082395491 3.9817017974481246
9.8968541577674589 23.284194312706909
18.302784172940413 25.63335581321963
19.874956575662342 25.819118214849357
6.7228374435329625 6.294001535516637
9.425459850358191 12.646710591561199
23.448301758583856 25.9918526096005
6.1167305907871627 28.33730033425454
24.25533824311783 27.903702204008834
26.816805664820485 28.888040929259365
30.264164975111601 19.266338878000361
31.569889305867154 8.5165503091877142
28.430712310094268 21.629896256086983
3.8531738846844013 7.4059431805427405
17.218438004247275 8.6872454141413566
16.227260924396592 1.7069189103264206
16.750819888903472 20.936416447978655
0.36125917260860424 9.4983266884175741
23.757717087411169 2.6664664078845295
23.798986587584412 11.127678795244377
0.70971065907858499 7.9976076568132584
23.078327008363996 4.1570552035891906
6.2514271335596652 2.8646514261661853
22.240568936555597 18.996114459715841
13.901239734077803 17.254106462840188
25.149625111352893 25.977111726930623
27.604747964770887 11.93066336627537
27.642704008880891 26.290002310788502
20.852951874044404 21.112322887658525
0.0019069622717126028 17.044348009578389
23.108065418695343 22.373008647462331
22.713789723023616 30.466529183670897
19.226774722343077 4.7860223397181025
19.265716375484807 20.507447096955442
30.593156594493244 25.378280449009203
24.035881733693955 13.864221819612688
9.7705031838377057 3.9035372692569017
6.7970599960853493 13.391454268467799
20.414588888856219 5.7487504508918166
1.4705066979584538 0.034361858739615218
25.273825217760148 29.66614135738331
3.9187332230775782 4.9482158757598036
3.1094792492050041 4.1103931767443367
16.544093248981731 14.558898798164709
1.2188004244711215 8.7607460914990902
10.532760740936663 24.03996846879113
31.242759539520478 28.595239655894012
2.3667500627709104 22.883549206479451
5.932223409541737 23.345835531167133
28.514472820167523 26.557073305710283
4.9947508036275616 20.498441819589946
0.8014863790743928 30.33321036230069
30.749525812288461 27.400477279213618
11.061701321439537 5.5923508981677053
21.642369608872549 22.053083531854917
1.1229655521160053 6.7984360894493587
20.232154176980359 31.257334410318212
17.685488848055495 21.686238338628254
19.842899792164452 3.6298402097526985
8.6888899878582997 23.60500702879775
1.2380939713792756 4.9767778260798794
14.97260471550547 11.578008000004202
9.9299920079858399 10.988721829767506
26.955497862399625 19.654290757459545
25.582497730697433 17.583180580349445
24.415018857354958 29.042143548682848
11.69389635992855 1.3932252250985371
13.560725944364588 15.957752446839427
10.701111860844161 22.660862605984903
19.266675866676984 0.13150157870148022
16.677063431970439 3.7463672954286418
29.369671092725916 15.645355422942313
5.347305151466732 3.6906184031719325
24.520840647054509 22.217619203984974
8.4488517639110885 24.745011216550278
29.116646347040486 31.292738809788009
20.289765063847945 20.453941553075225
24.087443093165703 24.329347716760807
18.188332323102063 18.382260000865898
3.7017257989322392 25.295499329316627
17.926932425085216 15.014431661246713
26.00980550808287 19.045274682476116
14.066212445583439 26.166649221884359
10.385857419835187 12.206755325604494
15.911524407431939 10.687785086751228
22.831619512135816 6.5429648922985777
28.102549377214341 31.477233964656936
1.9493734455364435 1.8671157885045122
25.472266474015839 2.2803879022609665
25.04208766295055 0.52237824738946215
11.323555254943377 24.097006559476835
2.7214536198655406 13.471625881983455
6.9805655153645514 17.237462209832039
7.4340411150551873 29.518604196860046
5.6169847454261159 25.947636481136943
28.334773741511313 23.487501308068591
17.621706642792986 6.9775273154699313
24.856854375058905 3.8731821742022281
3.0645988524973968 2.0561745437603869
13.577013683024331 24.599499728584277
19.09623043566291 21.270312359562094
20.733884601427871 0.88464974209703573
30.374393812933945 3.3413946965866446
9.5612703508047687 26.998662266817508
24.560806843984874 26.81479516837376
14.25132040145917 20.37534644060603
28.554149040598713 7.3651817287369203
21.507170806581335 25.09026993651344
25.33991633815506 1.3294134103917656
22.787489571438758 19.435109260676455
2.7301151636391805 18.63052733094316
2.1769607570952312 7.0072152967718138
22.808184554300464 12.730840520146003
13.403028994298605 8.4227490662732176
12.170231018467685 28.087581525036853
19.522892073281749 8.6159596101717035
19.150680463289518 24.603707228176091
24.304441042099498 15.634555507793614
3.1470244467665176 0.46731649191095753
21.198326193211859 28.740301623658993
26.316125603469025 30.286479052846364
13.962340551001917 23.302657222494744
13.568599592129518 5.062141830079578
8.3717054884182467 5.9557476951096238
0.6906880893256917 25.660594232349411
5.3931651057818817 7.3415369924784866
25.318519622929976 14.333625650153836
16.598971974916541 31.517196240082086
28.027325892826124 27.702860098623603
16.581870355522426 25.700933650316848
15.503100298946325 19.746105512268699
0.17196689216544384 14.570358353441664
1.731442415881923 9.7688874029846531
7.4768111882487256 28.464022504566756
9.2468285966969237 2.4200597628821856
11.034073196374106 4.5626849223318429
4.1906700180068643 21.15840680451883
14.505152956757255 25.374714692576475
15.239405208790039 9.8866755011416814
6.1140874954312983 17.303824993812928
10.177116609380619 21.958728763962732
13.255611063638622 10.260433622044447
24.292076871900179 0.32392695282785361
10.525193651677888 6.3721505429243921
19.034943765713489 7.4969823947572971
13.352040447728498 14.301799785372058
25.236120328916925 28.241414164462984
27.869430034634608 12.82528640963546
9.1699898144683161 22.640717999066094
10.218138381456308 14.214004795360328
0.44452275922320422 29.03194604203399
28.647154045973785 18.660410166776341
19.693132249389297 30.484905184737865
0.55505604267925024 13.743470590471579
20.222465241864203 21.757957052759231
14.553243150398769 10.309197962891444
2.6118381527893986 25.33832280387999
14.614248838431305 2.4358062388929866
11.890832047915316 5.4888900146442783
29.277720769992303 24.225950457063846
11.869277875664677 27.025896502539027
8.5395819649199147 10.661241208097405
21.975608149976978 18.032515207534463
24.247232442601742 21.047285711756192
30.263474124590456 17.199783975304538
7.7671265196903656 14.560802365329724
8.0600105958405823 17.817575824863454
17.667015521866606 14.074212697071451
20.686017667180497 8.7026941693379509
14.979551596412056 26.453847778516632
29.477031852961893 13.784814551343814
20.196380841732591 4.5466160114258001
19.92348179987448 15.938314630947403
8.3683856920076725 26.635583929441502
8.0517850554309369 7.8418731257472807
18.174138911689369 29.986566838311646
7.6878849922552419 22.121477378576611
0.2035028562922816 21.588766363949865
21.16743144205784 14.23082142344353
14.986655342756229 16.734030567956772
19.981214454751466 9.9505136861989438
26.621993769486902 15.163419521345228
12.51280691257392 8.4225962030320272
16.213860374079069 24.012835580446893
24.16817751800118 30.626604732260322
14.236742552980269 19.525823224245361
31.155572203464011 19.982670107225513
7.3126447648596509 15.122930628728103
16.24856946769712 13.948225435834733
1.2198099903086719 0.98229567765312342
20.437289007369841 7.0654943785044289
28.551630346525485 10.771226460874189
31.606054079119648 30.998391270639264
5.2281606599994612 8.4302002363883126
7.8672284197047135 20.372172136854999
6.0901665180573374 19.09247978226832
13.810682806264177 22.086882815902392
29.742036503483167 9.8093128893136967
27.283836518479617 17.627100349140154
2.9010072032465568 7.7663637272692343
30.015643260818099 20.918431630046552
4.6586217161788426 3.0193806563867636
11.227003228226804 30.970141304166912
30.912876713017674 10.317611873648623
0.52472452847965845 0.18603635743506064
15.52855639609907 31.543506052518993
16.296400252923096 0.77625343574589301
6.741443392502692 4.7927388568753351
15.530569477695554 20.454693427238073
15.802113768321686 3.5042690468505886
21.613322740614493 15.208504773262504
23.356081132818964 21.60293936121877
23.092201534835532 24.628319204634082
15.854592416914699 21.488264788438492
18.443706680626619 26.808481657278463
6.1501519054524465 8.2296108547401712
1.053722045037937 22.845293856064728
27.62840875850112 5.0716128249637977
4.9842444525262346 6.7653440901344544
7.78327996797577 3.2840124571023463
12.975746663574309 17.050996661756699
27.387733671098037 21.437179911547222
11.091547313557307 8.9303916482949059
4.4081341527446121 27.935772885269131
31.144729615224033 11.745930388051264
26.935639473825567 3.4368120411701244
24.317037230901082 18.625703135539052
3.1680046371955939 9.4877442350554571
3.0807715060732996 26.910645263590901
22.178068966953042 0.94895689036153497
0.33852410259454691 11.94862421401219
23.128814880643574 1.6164610870473517
23.405614655139228 15.148072352966379
17.214922854041653 29.882130718806469
15.253390386265822 14.250433276881475
4.7083100195332435 26.41776594378339
10.888389909623404 0.10506365305662206
2.1119551604187436 18.206963152472806
19.63130715452083 17.225021980074043
1.323883268361228 18.75608964097583
11.136783310446127 7.0483796039204343
6.5111712963415886 24.324653499125102
23.544114033738662 18.10320669268803
6.7122240253202898 12.473180595922253
25.672182237863812 27.870094405999325
10.028709803574806 9.4284625067871968
31.404302640191506 4.7444670816278585
0.070829906376976073 23.18124573777936
27.436934077378272 22.823473420641768
28.035336086701125 29.244109573840007
0.91597174259080283 11.24542661874721
25.564293591889676 26.750663831889533
22.75047373354408 27.02448280374179
25.945197407451307 11.473363157638033
22.489309821761957 23.159872361958119
8.3571912507066273 29.697378924268488
17.216924439535525 22.408464013295117
26.460881043087369 10.620838233919603
24.852952593797443 25.17396776591578
13.148802300751631 20.226046761568256
14.595652914971524 29.94002096296482
1.7111078021201427 19.745954702411169
12.385596861332873 30.932650239312132
24.904951145455815 12.825481485757583
21.103425247336933 18.018648711867314
28.10334226603263 14.415831424334232
24.429996140164658 8.165513861201088
4.3427496443926499 9.1051410208332957
11.079417971468878 11.771448645316125
29.481809227095876 6.7493273225503483
1.5096452108340053 30.651947050316622
17.401995538666288 10.658673704559842
31.134042951706071 7.3768619082422831
16.309595145703753 4.7769646940751658
2.4437992528590158 10.246684018917852
27.795017303617868 8.4801239059944695
14.598438593390959 7.9644061269824737
23.285559994267555 31.170992293540401
12.631752506352305 15.910169106162883
17.646557238876674 17.443922915661751
14.219788374309601 11.061349196697133
6.5606816127083345 2.1225708437392297
17.336583996593749 2.8915552459067357
26.721495739605285 12.553288236010369
21.487097972065044 27.955555686990305
19.61014641392423 2.5411856542650679
31.441367591716478 15.360139504147286
20.278823360232881 29.347952095510557
4.4781964104459586 24.684558077829113
9.8243108421820526 18.989635415285367
15.791285796708028 23.182951967573739
12.221267468908207 9.3001913816451989
25.060647874952618 21.224504604582471
29.015518464036788 2.8841645317655265
29.356152114366235 18.523180309450815
22.337419306860166 24.6685839727283
2.7761103391310926 2.9688209897613991
23.255796031560013 0.35886376287225741
22.036417204827593 1.698573367931685
11.175694276594351 26.823959636081195
17.598496228942167 29.08204474510207
7.4575091903577757 21.258023599371576
7.4892812746346644 6.0864061818025696
10.686901443917479 21.131121911480044
3.6626439372698667 3.1875164803584797
21.062047603367649 11.216992736160678
2.0543273086517866 4.1811291812287523
4.2025939121021896 4.0854904258382394
6.4780447320812184 14.434595366988649
26.037039320874875 3.0320031170419779
30.17443927855464 17.990577720658962
8.012535179100178 10.017092038157552
5.7550304219995816 6.0618345272964209
27.76829818292196 20.712308485396576
9.0584617130480023 6.7659460011151351
16.540369926045713 30.423546199961567
15.273322551155218 5.6668485664647896
29.092844823096872 17.392057112274774
2.897560430823559 22.243531600824177
19.510363632428923 13.530379614760237
14.44009739448509 29.147758078850899
8.8228419469145543 3.1325316114817023
24.705501061512802 17.791679892509634
8.1774639972299283 13.00464103194367
19.731413523727923 6.4272210101965701
3.2914498657050286 8.6879564722183105
9.0525963457157594 9.1833898308877817
29.200642351350403 8.4805057357059574
3.940868271103271 26.010651494491693
25.417002331273956 5.9558751703041759
4.7300103444476083 23.361723830675349
0.69965596952723352 15.960090945075265
21.495541501037888 8.2352475762060084
24.352623556099459 4.6889272357837966
30.004135224535741 5.7160173493462896
14.385003617483616 17.825923545847974
18.02166164707727 19.277990613555531
5.8241917605612459 13.828070235440967
19.240701568446358 29.359782442745374
30.536148538627696 30.893640644082144
12.456234820713615 7.4110092194680615
0.16877401585792853 27.629473815555404
0.58210501266008075 24.585364202556796
7.7368317511917892 19.563932778292461
9.4125148518757431 16.633718420911109
4.4594502062093966 9.9258885344820431
24.450924779854986 23.684128694521092
23.939485316093691 6.176160845171756
18.374275364057706 8.0865081431163954
27.843355394734417 1.0822614755578071
9.3758191690353812 10.181003140438461
15.95616675923069 8.4809588342137587
12.414735394558315 23.030178955456023
2.6095919925340985 4.9500379541833306
13.188550140641912 25.354150135449409
28.154203990649968 19.868352600573868
6.3054706035570387 25.006863002620701
18.301869135567976 8.9596404844378021
23.721751717770104 16.852200499751252
18.946083693418068 16.60778351979247
20.544870971439302 12.091589521897616
18.588561115035716 28.013289296692314
0.87091930887082203 20.318368394582471
3.0627980171737716 10.976523060779723
15.817858242437637 24.67492045272953
14.59083896618281 23.778691158664859
26.763037252698272 28.337782617042354
12.189678626260745 18.547851708539824
5.5622499582952409 12.919017524528879
5.9531334080957423 11.341950644377725
15.192860312577846 8.9867938831273015
17.881943819183572 20.869149251469484
17.337075130166077 7.7272735017051444
2.3363027920468951 1.1994990168303834
26.650083458784486 20.376328494838095
12.903643481143211 19.385370953946097
31.48886935538475 29.957296869149665
30.583105023900991 7.9349090795129262
13.0304125350718 24.032031891926003
26.994283982046788 1.4586665668722474
24.688087297804067 10.744851232812628
20.041329083925479 7.877618177903714
2.5027167868759177 30.570499724613995
25.987677589358587 4.7676629620882034
1.7150427128225749 24.695031932742413
30.816553409026323 13.442787723028177
22.131652405100894 2.9037361943307061
28.583840437195438 1.4105271374623374
0.65946093541239947 26.740418467035912
13.745448803555798 2.4886817519533437
12.096601509109741 24.127386881623593
3.3618975317987436 30.84250244465786
29.545805907501503 22.137617101270241
30.516395132204192 1.1049574229852246
22.98981386317887 11.025291021175246
13.50524189041171 9.5557990005765774
10.833825607876147 9.7770954087862396
30.295910091327613 12.306050867578405
25.811213081304835 15.207547877280923
1.1819166463904505 14.597304628831619
23.797980789242992 27.015552227700535
29.568704299919599 7.7464143708585587
10.137237226832289 4.6622049582901219
2.0809860810622691 20.794647633983754
8.4979392030483041 12.144867837780156
5.2668432824516609 4.556680344555506
28.607710851918849 16.759919799583379
8.3368266709645535 28.443064659165746
14.274961516424458 12.431677536277908
26.574192185778369 8.0840437873761619
0.85348264943924046 10.153957745700101
3.58467239287961 18.331634314025973
4.9913582546131439 15.291373535615985
2.1415759249062876 6.0749002743300453
14.398486126968375 1.2493383074409568
10.737325298028676 27.913396362117275
12.093052957614757 10.004519317032127
16.951917483704396 26.913843514905253
7.4755691701151514 25.04651915586247
29.100646536505337 27.244770220011894
4.2600121420777803 2.1118827177093915
7.0566407208893951 7.8294249327288261
9.8109463793559133 5.5823314826107868
25.840860276210385 29.365115682899184
18.162951745665399 0.64840771030949451
29.205174323025233 21.0999157242079
29.556907897332838 27.843269974843462
2.3918681848240029 11.789566657890836
26.486060860589987 26.011375740392872
17.680314907324831 3.8307141562557896
8.6351798442007954 22.077589094092737
28.798691632398086 9.862769081452873
6.1734134870530042 21.343783890614038
12.432960690519177 15.054023435754944
1.312475818934695 22.194912770999334
22.283921398208179 16.919958759206136
30.937553199494282 9.2453782003942333
15.266753788272576 1.661872862514675
15.328211173397532 12.685416809094535
8.7015802766105441 30.975757164993915
20.063642347207146 24.782495104077181
4.3130256303565995 19.204588333791669
2.2380101325337938 16.234529319226628
18.624522870060499 4.081367145117162
9.0572285982198952 5.3890426338746371
16.662931305316619 17.650545856581651
26.326001499939391 13.21688620218101
20.012958954456085 12.849499414429458
3.8308244218162941 16.581358474913383
9.2398521883268963 28.586443986823976
1.6991729330479297 26.764506706249769
12.327330178969522 11.664906131909488
19.677328762103485 11.799816319550329
4.5334741653323984 11.435821491727809
12.154791598465044 4.2938913680447435
21.975137919195607 16.106604123395435
31.383414928830501 12.931003789912657
4.5497978579749834 13.624668489286391
27.393785961147103 13.782763160446898
19.96560371497085 27.697604461944351
30.81252225034175 21.698844447178288
11.12294732555999 15.256030069289832
10.55693091618758 0.71059605337472798
29.703276318113517 12.98100370701764
24.072099216294582 12.591584713055402
1.3273964110003951 29.369108870937495
8.7816266310872795 4.1725083010111312
3.2969043203582058 6.6284666386797806
17.055299005779382 19.382217494568629
13.982802770799431 3.8711039830536382
12.144603438327401 16.890713439275103
27.843541724114424 18.886924312618252
17.573700552715714 26.326207878820007
10.539997325729509 7.9113236973061154
6.6624145205825238 20.520086275040917
27.803201460193335 7.5466056392647545
3.7367259839544293 10.487797382681917
4.3263894686921516 8.0563543292494977
26.059086271793184 16.369408651094037
24.707769267871733 3.169007177870649
11.533783760368161 17.718514912372004
21.572322042824837 3.8401766337062573
2.8851190195699288 24.454151612929831
12.91757007845194 18.042849738660887
20.665446055828923 30.193928314797493
13.600987183866909 7.4603625292741853
7.3793143267585162 1.8229022882340575
8.1903042067543943 0.91463783283349487
3.3201113023407816 17.278085405713117
31.240262391870477 6.0673041284362457
18.914969811747618 14.616865717384604
28.427568815164857 15.778590074673508
21.839340120779461 6.6470825692423228
16.222146239956416 28.928274642711255
22.523750143090808 27.690198651591274
22.795259200702187 5.462375047867897
12.910653796216961 28.39789062745248
6.8239099371251113 0.8547282949593219
12.80726237489942 27.033905586546854
17.157960773136075 15.370432467044553
3.0587963155016404 14.559945428390597
27.266986801034804 27.30678286823181
11.806193979828691 19.692320916320043
8.9550795540867867 19.464319314854588
22.982553424103315 29.721322049512541
12.020883705163863 20.398056661868033
9.4945596252517372 15.684200998640112
21.699609251348885 30.990111218057727
2.2607101057054426 15.287058243185232
11.61597513367926 30.103519059153907
3.7414979369529795 1.4373310677606361
31.292669012513262 25.383274550705334
31.309066150295337 22.563066116017701
20.095710347311062 23.354186100302222
27.412630979931095 9.63862706684343
22.501205029282676 13.684960243813757
30.993607972407919 1.9620076241208948
0.64700403577374554 18.572008149167253
5.9494440028605382 18.258819143223924
23.157321238020284 20.700985841191944
28.339884906927011 3.8608347905452898
6.9817035655356836 27.612802562995149
26.564256117110272 24.344977755204841
10.130554503257974 1.8873455865353939
12.651650585584019 21.507704213484342
5.0277169327460705 18.543168917239004
21.58883319304795 20.501460716920217
21.348193185910919 19.567966722917895
15.906353984299496 26.728697120786002
26.60915147335297 14.175557018176782
10.00484958746881 27.949381941147706
31.42265749488492 26.475528858470312
24.87943606220621 30.838983296551756
16.835685815479788 2.2956327202777862
22.179127637873229 4.3127752916362239
0.85622379228081591 17.403694653727221
28.952704230452497 12.238013917931621
8.9152868618241321 1.5467044364239493
5.0855474745102374 17.296220728043767
4.3504793451552919 28.841854082613658
18.840974494902341 30.544284055605704
12.670909233652807 5.6219667323544247
14.672687389376106 13.520737327180608
18.207317379769798 31.318812109300541
15.378309492287224 27.670836956610291
24.09725054015507 22.850301862771484
5.0893956111836305 10.719460595184575
13.013761499484039 11.121585556028323
13.343830285697946 21.138099156314091
11.063495985949542 16.964594342365601
23.856775053545711 1.3088683667057297
7.0955933964234692 30.520631304718187
7.1409813101874509 19.056433505015416
2.4621335219938656 17.146329681819196
12.041286937007829 25.171840873688566
22.810819111333977 2.7272136871670036
16.016528562175889 13.008816398065076
20.689372787497291 24.337865432223939
0.18157345943966896 5.7006902636954599
23.647320486442247 19.402828945278646
7.997060086309105 2.2278405439309776
21.530664374313275 30.112305689955459
19.455235301318474 18.470302704771807
17.841372887260924 23.671654037910439
29.614082254924558 25.076691410590147
20.551407771059132 22.543597194153605
0.44931266875889064 6.9847133342256384
2.4661045384069151 19.767899394162441
26.233762676760993 0.85030423503901487
9.3616653300627579 11.572701078278927
11.91123834944395 25.782385024208153
25.481025322472256 22.292940527637306
30.907763855064189 20.710943875985112
14.679889646984281 21.143972343495165
3.5284972610953407 23.240354562669253
10.818596819659753 10.733755194555201
7.6223296758578281 27.152405004414216
18.470711923743693 24.736167561863052
9.3260242883263924 20.282040283274796
3.8611835953162119 11.848718347150204
10.85842605660415 25.565297862710263
19.226470784382144 26.124068040665716
0.89978073776481471 12.919181950264536
30.36479450389383 26.616681368401007
16.50680938425322 10.197883876782699
15.076628795880096 6.3664096407466069
25.613383704819615 8.3155415868554208
7.2220090190185271 18.158671392362848
4.6396996392142142 22.443940498535522
19.985723430357901 1.7652071322556151
10.185921093765643 13.243495579072354
21.239164651942726 16.963378081927168
22.27795552234949 14.279566841972104
31.113461934563066 18.769386500106478
9.5668263547956478 0.82459439917651611
15.717095038952152 25.688755900629346
17.612308610743362 9.6941978360059782
26.535849598223486 2.1214467211407326
5.2318847302273399 21.395137938742703
15.138166429227617 7.5071353127252625
1.8927552712848854 28.754976476634639
25.570846074645534 24.738345050962803
14.859897519519475 24.601575583287591
4.0391788639864634 15.46122178342887
0.34013707042253966 19.641296912303449
10.328373589619344 30.450729337404081
16.035732765410511 6.8465102077549718
28.003347559192125 6.3068319565211644
28.257282309487902 24.637655188782066
20.922990934545258 25.741724717335671
30.737264439314043 29.613966609516954
26.858304823861815 7.202867118649773
11.44943257533591 21.166036056316621
27.679359633587691 25.444515661787648
12.853901195778127 1.2057130868372086
3.8416320315699446 22.128725746006381
21.651221442746966 12.808931185264804
5.9769873175637667 1.0894313915411982
7.0601641585923014 26.008498308967653
23.497424845340412 28.368950747083126
16.942310790923454 18.42362132628956
3.2488989974025144 28.388926380615409
30.020133834943451 0.38415185558296844
3.0565578553539967 5.684376323622792
1.1576471888943924 2.6255094264508916
1.4854448842600043 17.177715581536834
3.7721396128717317 14.395921536863099
10.365343745413869 26.525858598193643
11.765698893220524 10.843539681857596
17.225719353967047 24.352407840913781
13.735679478628745 30.471227607851262
27.552266599953199 2.5947264767774745
6.615160044654055 9.2093220836329817
8.6057066800645181 20.943853145594964
13.832628686444099 13.462290394093355
4.3330965800144803 17.788838277343274
5.9731651615230952 27.334853930778856
0.059407793995601935 1.2496229460056894
8.5340090183047277 18.743081707898487
6.4828064809597006 26.410618050475424
23.162485049778613 16.395547608127224
17.850530721532017 27.671644753727101
18.309738350963368 2.4666580522281185
8.9914315817121686 29.849222220872253
15.730206865139879 29.364196231644144
29.68317949269003 26.240098350602537
13.034938066270845 30.029871593297305
30.123982872896217 8.9625998145424752
14.7185161460279 22.002711055061891
9.3273255429215602 25.225073108480125
13.060211299093709 6.5025886154282055
21.173158001183047 5.7625079935105683
19.117488554165451 19.268724816916997
4.1201609487420106 30.964318156990583
4.782311991898724 16.380535146057845
22.443455893713814 25.829731255268818
12.569083753755507 13.47710373804008
13.554618843285242 11.983537097411382
13.69665644519349 0.46357244018814453
30.338945599468474 5.0354824713768851
15.854925210073983 11.620976511927072
25.354772562218248 10.405487418672312
26.487770318323378 25.336333755231269
5.1502070232777015 1.4117233980579134
27.366306204946561 0.14809094625739688
14.209135210244193 8.9940520992270656
13.747974072297653 14.915680500624923
15.427901223655947 4.5629115383418055
5.2105398845740183 25.210160840072493
4.0734578909904648 0.47651651940703549
7.2483936633676143 3.5316138883964396
0.66200679684300712 1.8723363495518441
29.869347288449799 10.698078680330591
21.800045096540355 11.960894399442962
14.740078388359853 18.772496477334464
20.826249907339207 19.026753916259928
18.612043855877022 17.622393138625512
28.567195702333951 5.1090570606965517
26.839250555671466 16.643685223866672
20.943166342440684 9.4265671493323548
10.403895711916238 25.064774704640268
28.27050437062147 28.458606019226373
15.636620400765811 17.287021700463438
11.981596144109512 2.3443487124459099
7.8327450042060098 30.917654266925616
14.021951821043771 5.7212675805517987
10.062331985804425 17.42501829663442
5.892692416535434 10.135826348647445
25.094565786478821 19.886894778338885
19.291635625341787 9.4742283710094757
10.170571332385245 15.06821751752827
30.55950953158759 15.608764340466065
26.481815297286541 27.079498199862307
21.26200308974612 7.2192580451448514
31.136209757877758 16.476696824247551
23.096744533727374 9.9494139956434946
7.5943629241982462 24.027870430035446
27.527106000134399 16.238190120439949
16.484251271327267 27.692426091683231
16.1956635528141 22.061777042083925
9.3129785334382245 0.092337406201078526
30.445546997069979 6.6612690848869134
23.553797944158941 3.7091519002367987
9.9056732986687006 29.320391249588486
6.7322417212234917 0.01043091585451243
2.2327164072762216 23.69688352924328
31.513177388802497 24.158334534306992
7.7093770476825823 13.589036034771633
18.9393974455331 1.6266184475784662
24.552953906194411 6.6281458474758415
1.7010726446863054 11.082247650767259
14.828362604766289 30.939830497543973
8.2223449556916943 4.6075402957156397
26.165420887227175 9.7473757322458532
13.178660865984815 22.721785264778429
17.175182114497453 16.480413666849756
2.6206070887413624 27.984148765666433
5.2984748314375878 24.084764400860855
4.9364134778772435 29.956167698237728
5.4017198937175177 2.3393449795465147
24.518981263879947 9.3559614718329023
16.420882523829608 5.7286804217409477
11.007930953599551 3.0447450368229929
1.9141605736423351 13.2897733024595
1.2157545193283503 23.811543351921266
21.184067989908975 27.219576248082426
29.106293441016277 0.60876234712199229
4.6452288732073574 5.4540500035964481
17.854625830273033 1.6248670382690937
18.524490342595762 10.135377060281517
31.11627672881643 0.24053097562248782
30.061219900322314 11.438028150724076
28.393660369601932 30.469690018003153
15.181614028416664 28.307051204464056
20.517213869286742 16.644928500431995
5.6751737273151033 29.624351929005208
6.6734726509020357 15.994159582949822
7.8900211053225862 0.31707018243058116
19.43858481559765 27.224266234035543
8.1462657168822261 25.805503638916363
30.728745174563723 14.303975451331567
27.172110773415341 30.682142123578153
14.09935129832823 6.7256499523950106
23.686782036204679 8.2472938900555413
3.8183233288050982 27.261231225126163
31.200032821950131 2.842861989787087
14.318188854577899 27.302739347132242
23.211937577031513 12.22264745804102
4.9720761160756011 14.437530566524686
26.281019954649459 6.0519145451144496
23.09352520456272 23.57552143958263
18.065304697681547 5.9923792354276557
20.929999578934499 0.12021126531472662
1.9011572026129224 14.35019065153827
15.53350664333821 18.204469781465288
31.316565915887445 18.010520877498625
27.529188097452383 3.9708371197107337
5.0329675160889975 19.759023537767877
18.459130162662017 22.304042143528086
6.8057041570342571 23.172742480075858
15.025786741277756 0.58609998699492316
29.842189590590234 16.387244700927891
28.922543598236253 20.093703466608243
18.720506813947402 6.7038856044613269
23.635794420761862 13.88741810591821
17.080765458363523 28.394638140892845
9.004752005575769 14.377227848873231
10.306414807544147 20.191389339550746
5.8761824491283212 5.2794050633021881
30.400194173092803 28.321302024731366
25.046150824486624 7.4128688250494648
25.350719552475297 13.573832949651091
21.027431386639517 13.285688241113469
24.15753328871028 20.040840226201972
16.965721047684248 6.2221194888033331
28.532655488273612 13.323788126391079
9.5114397528155408 21.328999384978331
8.6481139131887144 15.213701999545576
20.975890309566132 4.5749040011396334
16.905448194091356 23.123851304267653
5.5525123222166357 12.075339759834817
8.5637333858281117 17.064962927332136
18.57952741481305 11.053679442833127
22.908523272081919 17.856587017698295
28.79059782135975 11.534717032461682
19.425340425109209 10.982120960394246
9.0639957869627032 7.9303643423597654
29.924888261513797 2.3550449491917389
21.38078151938322 23.137973306549505
27.34869028261323 29.844286551214932
19.462655238113715 0.77164213916051916
4.9420527448739993 0.50620710386529988
3.595073500139474 20.385210967803001
16.009325557679567 19.011574303959339
12.586731755387758 31.535037100438355
14.731265495169303 14.83800486091055
5.6188968004733582 22.367976808535463
18.789970368256451 3.2305684340434935
0.15077213511383589 4.1638661450360557
22.588342045904614 7.5041881370263672
20.300761372333838 14.23176814649198
22.103338554703711 21.775743721641433
29.900023884355818 30.623515049797792
5.8212740465064154 31.404195793872134
23.038163457758859 8.8858024563479816
7.9917856176423596 7.0493816729112346
9.7623545853621572 30.845348222519807
12.431390299109228 2.8066352301714081
1.5758063129415441 12.350512786443606
28.019401975206456 17.596166108266885
19.83933903628343 14.98401691278581
20.102450195814125 28.467286330989051
22.372715066051359 20.564096240777506
26.355132203277755 0.0093851060823041382
23.97761678620537 29.679537628890085
1.1337054956819381 3.95243958375963
14.336208607968068 16.094568655985714
11.523373610681196 15.88873441841643
10.593904885312572 29.337104564030465
23.634706160827108 5.2453433971529444
12.912600792369162 4.3122652270828032
17.51605685665503 11.511728433557348
16.091761684322606 15.550572308751619
7.2312746260500944 11.992160413560297
11.909545384662575 22.007626541277606
6.6781521918099971 22.181487495689353
11.480930198702165 3.7013417372358282
1.7393979761903695 27.57182679638597
26.781945861543381 8.9554609704718739
13.316503005705375 1.7147629725535773
1.524741622563432 25.680226365095383
21.17862187455427 2.6548570188665117
22.247851062131698 8.4516573148487044
7.8421643298478614 23.146601021933066
13.843194788474124 31.435740904726433
16.460571868237317 9.2382858319387466
25.269009601494339 18.960653777142372
19.23499232699934 5.5852778432710677
10.153585375039961 3.1342897683523336
29.724208368504542 19.727506427381012
27.507817481468884 15.230578088075177
18.753009578247312 12.497055593334219
2.2208426726173447 8.8428337631002893
28.213560099279153 2.4394999294536444
8.2389640022705972 16.073074083515582
15.680837874140241 30.358130011706496
6.3224167519307439 3.8718937712358921
28.884855905375471 14.669695207512028
0.90911634369789296 28.083842429449753
12.939899917737977 12.760117687137186
29.28260769899946 4.744503220620004
2.588629360551995 26.267427630761066
18.040434201759606 5.1564484894645055
20.002282584644124 19.571037109922703
7.1014895929756543 10.245789882682962
17.261812197524023 25.155150919332815
13.597525040074872 18.702156023321216
29.967678398523113 14.708902976380685
2.4064751522109105 29.678095667980415
18.662737775213309 13.653385657993814
28.364329012096164 22.462856614442387
14.609986091474745 4.6958529914048102
20.555911927007877 3.1604494180629996
26.820500189632408 4.9805559768132133
23.914629873478816 9.7848123966329759
25.783944942154683 23.069162171776451
24.990130509100727 5.2411804975049732
18.747045077500125 28.825748573414398
20.594063575510802 26.661915971343074
11.946149939981042 6.6845242630035564
16.991022009481743 12.762419020938118
29.281871579881141 3.7335726078300615
5.0937889513911037 31.019466405667831
6.8073129241464736 10.953317655105069
13.684075689663572 27.576288557866821
30.122961671321121 22.576341290148385
10.426300478798781 16.307721075633008
11.444226528246604 22.865633310540062
31.464328077598385 10.70883503222835
22.785174878221955 15.265278026731911
16.267018676778783 16.524940066656185
0.7558032809504347 21.152650033520441
17.305052857181515 4.8041104976412079
26.719013702238779 22.150582690315581
3.1659127329467762 15.798695053250325
20.891692788700954 15.526890494472189
25.680087414301248 31.058775486798275
21.890392707879094 26.377312856517104
13.948063003018405 28.639540808885105
14.689593034032905 3.4581672827246432
20.988816316164677 1.6920268635551323
26.898461946523678 18.627526980040006
12.039082950597114 14.294671050429361
27.641850242696368 10.418200391241667
11.374105891763179 28.491801253375009
15.321964551870757 15.600520465078905
6.0091980543596035 15.245964927647334
27.18035429131141 11.329545150435772
9.8258857314365411 8.2973306994628899
3.7313415960503935 23.966039962779856
19.293575162416463 22.189216873508492
29.87429165959411 29.428438116395192
9.3835422536790354 26.032638599387752
15.70126039861089 2.7474472420078229
24.624063668118108 11.729630309838145
11.749354330414608 29.418807382890378
1.8546843388533709 7.8657150538251752
17.412532440088942 31.132691748690334
7.5145004190116564 16.423043164566696
4.184145110149827 6.2114377520113244
30.470517134496657 24.246076936835699
29.246025042052761 28.818701710928789
18.016481684646813 16.306902517726193
22.117524811104069 9.6367887404747652
26.215592687525962 17.767282529362763
4.5220661903113175 12.656622656561751
23.55592799923145 7.2407551032822353
16.33826557583707 7.5998573426704858
13.034090270909447 26.27152499158462
11.523010531542885 8.112324887226217
18.487091430289897 23.298307522194332
1.216010507467157 15.838149300627741
2.0134403103279404 21.550497815219074
25.712322817114003 12.106117343381237
11.950462519150221 0.62628049656984808
13.137431304829809 3.3038952616096524
3.237185997677654 29.370310048800505
25.876924661260439 7.0672124337900586
3.4519204503300633 19.564802282725445
20.53674916587439 10.624900085788308
2.999771197593025 12.354616546263371
8.7500798179206871 27.581301906781452
28.456355545401493 9.0294065635442067
18.295451186240303 20.141732313629422
29.540704663910482 1.7313611084489193
23.871695666906835 25.467815141817262
11.234411460490929 18.677978370645135
3.0954231101678076 21.140372691139316
19.409145729393575 23.484077874717883
25.371122712182245 9.141853524178897
7.4086495626930136 4.9662948021428566
30.416247071703513 23.514413735356477
9.425895281834423 24.213385758272683
9.181060169855435 17.957606221606383
21.990412265334882 5.4245415611275174
22.122722404435098 0.10837277462667154
7.3661949333023511 8.9653414069357122
