13.018731258800392 28.479387618031321
13.628008998356766 12.035163139975539
23.385083108656758 31.386618735058395
20.068003267638815 6.1312337851451089
15.248758836208728 17.336642378676935
21.650576565204123 3.2023330441786126
9.2455414844186965 13.50816879508276
2.6031394304289766 23.765648587835063
28.903457944930903 0.80102198441064743
26.894437736406882 9.1363763612707167
11.195323409584677 16.127077681945085
26.657500801414091 17.687547566799829
17.382811052806957 13.586547372164404
28.952360811082464 29.865969086175575
7.450292580150915 23.559325870612088
14.442754306783447 14.740200957697544
3.1735009003439192 28.396629321862026
6.506143215721905 17.884697015269083
26.355922842385372 22.350146542937026
10.294467516101172 31.026819074439455
4.6992653652019252 10.245408196084183
13.465971519138906 2.0920072160279926
30.143891068348811 29.831271922555189
13.592954612040044 25.461555399191489
24.871460929576642 7.1679785246473902
17.456801358320746 11.836616868878059
20.922786920161968 20.013995333032405
4.2602233592775027 14.617235338452986
4.0578196217065425 20.086087356168921
30.595542851327615 17.803130214035406
26.928572748818773 27.151137568579731
31.267283351688828 12.54445305227223
5.3162259481289373 5.1338196441863149
31.049122878580569 27.945541251215545
14.147403412319335 29.371971634541378
29.491573529751214 1.7273990216791366
19.757100368178413 0.11952680205334366
4.0122474420662924 1.4521294651996157
16.290881015448768 28.494642855040727
23.565856498556752 25.558906938276106
6.927081046736733 12.326014399109116
29.206109730823634 24.904080782266647
27.516315575197783 4.8823078334815788
20.618239711450119 19.92595861838965
21.622760343151651 0.96272203503173981
13.663899489738334 29.977582360766913
22.877365046691416 17.714514156770562
31.461682092003326 31.013849115829323
2.3571933468472177 20.341883250090618
3.3625444475828865 22.212184746627088
16.726181649070227 11.701187776243051
8.0114172308951836 2.9803676016345562
2.7967041489774922 16.164487419698879
18.904920127345548 24.370760821105421
15.746896550582273 5.9202765136700437
14.452861188878234 14.426515789858655
21.492104659959292 0.20727025031404278
21.219220558664563 12.151468979052602
23.380839353778079 19.522636814893097
4.0238235891953051 18.836601711822738
12.835986758943374 2.0818741533367655
3.5598732005708227 3.1428391031391274
3.7074470911950228 8.7453641456040536
24.880667819977596 23.312432703634546
0.70563655918924795 0.66507450720332317
18.068360587095267 3.4286096242359703
29.490104821139781 22.409890985325742
29.822713349438207 28.696309046660822
6.5572965425605716 29.787104650945153
1.1272876104518041 11.809596128843227
27.079429381166459 10.201209364878222
25.029369140696463 30.829591323208369
30.479203993104033 10.981267534248946
3.7179360533560173 4.3755396243229656
16.676706433082007 30.624408826754678
26.534163505841146 21.727591291242963
15.13163025439874 20.083684538760522
16.367584901173014 2.0060947417127357
9.7431003564985517 21.828077937072454
26.307459713942812 13.604683004754412
24.636799287141216 12.643084869227348
19.631777490061175 28.848462511800086
1.9787751278933587 3.2824991470066585
26.615485009435321 20.382135645029191
15.558302575037674 6.1702278694261841
14.257355251568331 3.8013083244055514
16.294668254659843 17.782970435225874
30.307164566292542 6.6443735444475003
28.557820195294294 3.6090715425820994
5.9365121390395696 14.16094324679981
6.8181267480548051 24.89195844278537
13.654339010405524 12.175692356975317
26.868419203495417 2.4565916325151007
10.224239725152076 7.3185410670179261
6.4922222996696224 20.273489115632685
1.5313859350310408 23.521151773603275
16.523772523641306 30.902798176841316
0.15074414744078068 6.3889628894013111
20.346676232871044 27.701922448611182
31.539846719399474 20.266265104526024
25.834232213795769 13.937609857899989
0.78918272041209203 20.863582391763625
19.554773919101187 0.61545687176906105
4.8172742904866634 28.528315730116475
2.3360238149435659 6.7671209210213847
18.15952870823055 21.128585602077369
10.116548802970312 13.528982843587425
21.552510060781199 25.455230713836446
2.6400810145804345 27.316576262638414
15.009566343583479 27.521250171608077
8.0284217115490666 27.588353865598599
18.894600185740057 12.408428408488783
19.036616804986661 26.281227228908843
30.021064514392169 20.770101647565077
31.078671108941748 4.3730854819703069
9.4369289021435865 28.474884294724767
21.761524700772309 9.724189246190349
2.5146575538016851 31.401627604238676
5.1712533421878479 21.576677447422096
5.6076300235581096 24.718925455925213
4.3748182344700135 6.1229377852123514
27.425665629544955 24.906249913708816
5.9382739160913873 1.3508187709688977
8.4314212047360044 14.081158567731777
1.8237544760316364 25.363971587410017
18.213130170689055 1.0494908834308643
7.4127023690774561 14.340164042088652
13.805572731436747 11.021389902977097
6.3781670468616536 2.1760097549080855
3.8380000961898713 10.895829291317931
15.403404942139318 30.493745736414901
24.793974995217244 22.425218205971184
5.409172261715832 5.8744509589053777
11.756675023164361 8.4576092458580678
28.06702003274825 25.652675975031666
8.7657134732596838 21.857037711133916
5.9336353490186218 27.470410225415357
29.349231958616485 26.726294781652005
6.7754317355546689 19.081441803148749
19.457561047590993 29.543232345782275
15.59889274613664 22.781257118069739
21.433842752853753 13.685982394814511
18.74620716496996 7.0302547286003252
21.364670011819229 28.235151650024196
21.02893829460864 24.441565209017863
28.31976718173749 27.712943692738662
29.44947876776898 15.550743016240492
11.833708650609678 24.724855535007116
24.270123009450074 24.015508758424943
10.884486465645569 27.394754591881902
11.609833141648078 8.934823462371849
7.9286450204146552 25.740068386987616
29.009059614932557 29.169394943768875
23.938034233838906 25.581128276895356
28.566282070262062 18.357440921433454
15.458685261171782 30.30723411686953
28.620304528386214 26.219505530155271
22.138437078132508 14.521839455898757
17.968645714361958 26.57539360795241
4.190733993261393 12.390193789621851
15.183335262920361 25.259206866917665
25.996113085449846 13.275564656189779
31.08057302765733 13.247112006605166
0.21405091354639461 14.310556708839311
3.859290157806242 0.26239258518643532
27.967470943701127 5.473664389357098
9.9564942783879271 2.808013382911617
29.961986006925144 5.8228557343383907
30.78491811307746 5.3421717712010128
18.882952768287783 9.6995126548155994
9.3242580001600572 5.701130269343305
22.315781150518006 11.564091354012653
25.888881991881995 11.188490725562769
22.204142719451436 21.659344111956269
19.889936118343773 5.5921152214376777
17.163317207157085 29.065125812786228
9.662640546962308 17.197385064060839
31.110070530138245 18.929378819445933
11.667910153518607 21.220550468827582
19.17172685690209 26.958676267601636
2.2846297208374708 14.302166325167457
20.078510524319327 11.321299886325093
0.75118157666800867 5.087217405929791
13.473383563454032 10.600213379215798
26.595619660720214 7.4663480891978535
31.6095212154422 2.2113766682641813
2.7267190198647984 17.505234231043879
27.681747700381958 5.3083256204767322
27.725781415675925 2.9493096783398558
6.3094682077076563 11.451295121009867
17.556257836820333 4.2025130923847334
1.1572087155292758 5.2445265635370522
22.365214678561788 25.158636487201886
10.499042176583702 23.554063241697573
8.0086395627272058 14.020282471956078
10.48645735635673 16.878819602527017
28.963741889137019 0.14803245329272541
18.970948226157514 13.096718795864884
22.272358188382494 23.205036071853332
21.686242525669083 19.368470742311946
15.212029740982031 18.684548324828551
27.960810546239074 6.7379521642861091
19.99121094719245 14.712959477447274
31.347927142071114 8.3863364191432606
16.468814754654769 14.377449382365898
25.702278753837085 18.83917278904838
6.9072809059585341 10.849002120574829
26.068383952691875 14.926601169741852
9.0758318674660359 28.534502309232629
23.658097829111597 4.3236935395362819
3.8903546326077723 30.664468759691001
2.2099338911486304 7.2946496350395877
9.1591780290665632 11.874715630913892
19.30141552730008 12.501305608253666
28.13905053361761 8.4695369776635054
9.5450724444444166 8.981930399212299
2.2100376846314718 24.420181245813239
28.193847596228451 14.556623732577046
0.99817464655991506 7.2896129038204212
27.405252317355323 26.608904786064784
5.0363030143165632 22.632228484575776
23.221961123661224 12.676575606862311
24.198364425539626 6.0333315093374456
8.1904313090440493 19.274234686848001
16.202055934037201 14.465936998583453
0.50224086949017821 9.5734680546064421
10.536224333517552 21.129169678305814
1.3649527910458312 2.6418568848156903
10.994535742906821 22.75916017095793
16.839925070544446 27.030548721357476
31.315333169552744 3.5368256680146155
17.909619126468073 20.216019633670381
31.00013555355439 1.3488599862462467
15.78712600514614 12.342522120237359
21.583821413264559 29.72950570501683
15.317151846626654 8.2026190541764432
18.059689378805665 24.760733073673212
14.219879334998915 3.7325413484186596
18.517274767174406 10.010835074267755
8.0718213826043854 11.242132772479259
15.868615446584537 10.056590141226147
7.4522294785129821 29.437011871089229
1.7408986078143867 12.640136828349958
0.17713923458338271 6.6581146182328643
30.493050221026053 17.012201975441005
20.183759132004919 10.193154803873856
13.336090128512868 4.8839246601467172
3.9871463513446166 23.777408266596634
8.3832933243870045 24.535046810584767
24.303368508547489 17.754128249888861
18.379154629773712 10.636625805067915
15.222432412605809 10.31499732002036
17.017661105323761 25.88849333898084
1.8666775924645895 18.759117759979961
5.9580805794558138 8.8801864314900563
7.2201943009694665 3.8509629623075483
15.371047115212173 28.331403052063706
27.525422083288731 3.3871835757359907
18.129832202825352 5.8923722189334216
1.817406312877569 19.253230273368246
29.614586569177849 7.8479414210299874
25.926827955681389 8.814358200225584
18.219250941124596 18.595675473106649
22.332361002104882 27.328726693140759
3.2021598408822083 25.69857957544637
12.957827335235836 17.638591623934733
29.678496375142089 19.774331120168988
19.503443866529569 17.233400546123534
25.756209942320538 4.4136286234323565
3.7009672438127592 15.913418422648462
4.5937559902721432 27.24646948288536
23.78805826441376 26.433284391374688
21.928135556913343 21.257326694277054
3.6022351369969443 17.786111035636779
15.121804146612391 8.0007403116890377
15.698957513647724 4.9744503951974215
21.697184220478711 18.596981056950803
14.341486898221698 9.7259078160259111
14.592988211252528 28.912795881809952
20.139075641187489 9.9191001813280177
7.6110183091703689 12.614942174552034
24.458457186859135 21.063717706175222
7.3937866825649188 6.9885082914081744
20.730213913663988 26.919589599543908
12.545414542752404 14.967455176506435
26.829643308023723 4.1895612167455445
31.212433366187454 26.055903531899826
20.853446827844856 17.882852727638348
21.412563886046019 17.535765302641799
7.3430048820297271 16.411478451463335
25.852233992719786 24.433464303344625
27.123696748662017 29.957301467245298
12.840396299151314 13.955710137976151
29.402657269830815 27.612757090040176
25.182537114594432 2.907640411919624
29.913963578340443 13.102574165903556
14.752468663713334 1.1258571202583076
15.452722387121691 3.3344219830588431
10.921843607701105 14.454244788768989
23.357415759985294 17.46427671141209
17.491381783381716 20.542850433017623
31.143844362641058 25.30667848830381
28.092929999010234 13.113148342299077
17.696376286127247 16.565167799751453
12.835042099823516 13.374751315246991
21.744550888557406 27.925814120637956
26.702327503181404 17.35664027257393
22.352041072839011 30.230521923326684
22.869935211750491 26.453924504062059
3.2972371919187147 13.206328881782103
23.38085713317512 29.227256571445192
31.350976578347634 9.3363945271482738
25.046216725495206 10.656794525868941
11.36342485207215 29.521350320322643
3.0064389091299382 14.710915050407321
30.384026076275021 2.4490853768397596
27.507184799254958 6.2338053259382997
8.6212368021781867 11.682197444291761
2.385716805391739 21.864048860650382
28.651523499469807 10.58921561457592
1.2002509881308312 29.460788075055273
12.459306904426896 3.5083473533811409
10.221487148800069 0.64340687190931989
29.834952506898127 15.319298165040175
9.4157862235855276 7.6716624019242348
17.692084135609676 13.67960709196517
24.700065832637357 14.004144590437363
29.278068797690558 22.546672916119324
22.025179247260496 8.4022411563207715
16.369292595675429 8.5241697998902417
12.105600745960675 13.866431002609781
21.071305129260384 1.3118981482929539
24.138866838793373 13.54760086658883
0.53785606230602145 10.022101159736872
8.4580666040419796 23.844742134988085
7.4573983113228 23.061701510600926
6.2090657762646755 6.8642533658857445
18.596845900514605 0.15680938724168644
21.818917531117968 11.419591475259679
8.5185087623021865 0.32800005962805751
23.792412900657066 21.330132156775292
8.3579658485373649 9.3723374650907463
1.7740745922445018 19.037930130843467
25.093577837718556 19.656446741725308
9.4386288014219559 25.907058128361534
21.032594792795241 12.834570112672257
21.766596584219162 16.342135919401887
5.4868916013915383 15.492511863004655
17.289156629021466 5.9629962985350202
26.370497384724423 1.2191238989695314
25.338505590026426 5.1959498322226798
14.436387554231668 0.35191803729286669
25.09842543956448 31.233181472014991
19.852107090352888 21.525988265317551
23.967507394869475 1.4777286490992443
0.15786297381303549 14.948308523624695
4.2598513032041101 25.917972796723387
5.9794615038787642 1.6177333251926602
5.4503352234677767 2.8753440321885706
3.1512774141453592 15.182279251782877
24.019106609634257 15.13028739805884
13.792170414084087 22.423345018768096
23.559157844010858 15.94913294958757
27.239942298701248 31.303414386685102
11.559704845528733 18.786657179219766
17.380014101470628 28.25356798944701
28.342408415103371 1.9757098111358864
15.003575578583629 21.764714538214832
20.540149330788999 12.515200607234979
11.8211093754853 0.88697692417275564
8.1975018616458115 2.1164579681902627
1.8957573434851047 27.574755231402094
22.791280813509285 23.395251413171991
16.50364958471534 2.0572951577826162
29.680914462809294 15.776583665516437
9.5400834504947465 19.585342317856014
12.438427974991562 30.296199779437419
5.8575958360916074 14.830612049412126
30.468342798104246 24.306269675921065
23.014232380037164 13.042277298921109
14.65939890552662 22.560193640172582
6.4032637237269556 12.211164997786328
4.5375392323947947 4.2499603738393139
23.815973173094086 31.316869505307391
24.613398143398314 15.611383339304108
2.5136821378674359 10.963161427682872
13.603790157019102 16.988195214534041
13.280505353517244 7.4001671952919166
2.9816815191820463 21.157211622739936
6.1849311465361252 7.5723037661975736
5.926457120276786 13.316068683936001
1.7647495197215424 30.567471480448646
29.735321711047661 10.853080259934076
18.195542795728073 15.645741256611636
1.5110820726076957 25.964798473819954
11.57157182236867 30.129084584866586
19.858003732127404 7.81690568831789
18.681700770845485 27.04953609020718
1.6582606154419526 18.366727442142089
25.407497564400899 4.6144219570317411
9.0859002616268114 26.913293825770879
22.546581365250656 8.543968495605224
23.971623133134614 30.244539402053487
9.5386735661858584 30.100601760869299
25.306870227015111 9.1700675331523946
16.271106657830437 20.64238631931017
6.9711698051447994 25.364144150206091
1.386181787755115 0.26628589665921704
0.36344056696980798 22.980817165959184
7.2100609927585877 22.448350039318608
24.766484558694749 1.9712521806560102
15.026373614079858 23.185137414874841
6.2584104287073021 17.023563668674438
12.600707942796271 26.679524711639502
12.725435706832148 19.634454119729483
3.6237763472201792 1.9499603554245999
9.0959147104065323 2.8839366108033162
16.997602082756281 0.98045777108945653
8.0430142429382148 29.161764972065292
3.4613733065976664 0.97187310013533612
27.18068986889719 21.431282313897491
4.8707681355061867 9.0410471852226273
24.120916591442587 11.877795675300463
20.876970302742563 10.981043689774973
5.4640068621596596 12.912817618538453
19.670814556094125 19.143080987215601
18.300715614918158 2.822246380940391
6.4680185228026872 3.6568695393122996
25.403976104295868 28.125571747688618
24.636007572865033 9.5293802967082861
14.873188768401979 18.674807787018782
18.344095562809358 28.890758452497394
27.388334535486152 9.1171609658883774
12.325191667954631 0.60328366376752318
14.941625108278041 0.88029693678913679
24.875115506876377 6.0909792987569791
12.94284382756933 16.541001111544549
4.0092314379839502 19.432920228507008
5.9967951555206369 27.738983399070271
7.2855702948000891 16.095027449561989
20.235791498184437 30.818821797109408
7.8339471156662368 21.061444808986227
19.702099519500322 1.9760082117706665
25.649856082646608 11.736220265142638
11.676838969415295 4.5537328277668552
8.7705148973525144 4.2029363703096232
19.286812646074612 29.491200674572539
27.410361559888401 23.652692201928659
11.728625532016055 26.551498899151621
20.652762760150782 9.524047623958797
0.96887283073491182 26.091251337569002
27.548086006001171 21.890681376995104
1.2667856049580739 29.274433721496063
0.79453525831680694 15.452679547988648
26.624702102754892 0.4220347903151011
15.002206541266892 0.1180072958306989
0.32732125511474036 21.230102097357427
13.828638219978215 9.0192089281960151
16.19112150905816 19.659256145150113
29.717129137583523 12.512905992853078
2.6660334740182194 29.958931308102674
31.053617408768105 13.252560901949836
5.2615997780377457 16.963488893727376
20.798544505276467 8.35238608479
24.58681744798012 22.481603234793099
28.950520167932851 19.21291949219632
22.073252762760173 30.916747645707073
20.483656807873473 8.2539805654106626
2.4967477952894042 29.357432748939811
26.10771059055341 28.541800644180931
25.009276886862697 7.4865015007933184
21.368447725080834 4.348476065119498
1.3375926840062524 16.613700877359335
21.794579108545026 6.3360022241050578
29.916283265091622 10.160024338017681
21.669156380534464 24.086757034669613
17.193274069802019 6.9546243445111262
16.954551014094488 15.488972212995371
11.296363169509396 12.033948891619367
10.469878678084083 1.3426932202867758
4.6248881179518433 17.693189562234501
13.386190812477961 6.276195433679951
5.9509128589533589 20.235067146777606
1.8538854224369417 27.514735527430599
5.8510301020198066 18.66239590361668
18.076806694885597 13.719852938145104
22.412966053852017 21.67293978123725
18.637576040136441 14.546144166188112
23.464837832434437 7.5465797764329148
27.815055068478625 18.98560641875704
28.817107997229677 30.509273165735038
18.324827543740881 16.65845865801267
11.057340303044564 5.8460871857277859
9.1677298595794046 26.175253848140198
13.927662249947661 20.904028024493144
5.3993631109994329 28.752097641042578
25.844718397504828 16.57548771999064
27.825609874282453 31.545825246246924
26.880217275070795 26.086349283428227
1.5070342750557935 12.401851390285545
5.1740763059122781 21.386415733922419
0.10394658423882501 28.193423298487915
17.803570183385698 27.435234118252058
0.17471848741354584 20.317608686428045
25.976013334103651 0.22562215363062035
13.751322298428247 19.120002008943381
31.159691070618567 24.201019275170474
27.817778692533004 16.649577598889309
2.658912171564777 10.276564151243944
4.2993810484657935 7.9349235419887885
28.264502296307896 20.25032289020988
8.8362568183791907 20.321253753412616
16.058981548444354 10.088779375460421
30.682885804549805 4.1188148331670051
19.991882917250354 24.761578362904586
22.903555516399933 5.5573867444916685
7.2575648395056067 28.689277972217099
10.625726992963889 28.537678601333354
15.787540321836897 16.233031894896889
15.233144923779378 26.501676993442672
18.229894064507842 2.1691065753646646
16.338265377265511 4.0283912139700631
1.9869739203349452 1.9087225466756463
13.276376711053858 31.008088695181943
17.749606056366613 23.182988102186268
28.724504228137775 30.575431430291172
19.968490632209711 20.860000862303075
27.817244216193941 10.827246054040137
4.3443764058610723 29.261684992592102
16.236203701805692 14.99007176431958
7.1048957582650161 25.889593761563109
26.212761354138475 29.973768587799579
14.498512085281643 7.3205744021785248
10.843283316378219 1.5226683785339523
13.92527229693318 26.920068469032643
24.808445248759291 26.477443814190309
4.9016696679423157 0.93231297682045344
6.7483494909898623 4.5307229296339866
4.7850064124684311 21.237752670038347
20.612201735443367 30.45857835121404
12.184910808478477 22.735671511678667
26.079029641015985 4.7087136160300194
28.460102100355019 12.984988223452588
11.422134340664435 11.797000292013074
21.898052435331607 22.020055175977923
1.4956769157700498 14.951623908737885
9.1813058522681281 24.146499025075965
12.322904335134201 23.279570185831961
22.132789450636427 6.9378389800430913
25.73623574969162 2.0432434462198872
10.215123172458838 14.377697578944304
6.5036052293856326 0.15071839270955883
11.672766024680525 9.855529627716713
1.1486124897141639 4.4073900318133505
16.232554343125503 27.106056760237109
29.395517847004498 4.2683485256923133
15.744418653986425 10.375514467782414
11.290922637151583 10.361098878428955
10.921423688633972 27.47295372169377
28.267002514078104 20.820077008539535
23.159357903958757 2.7802338434924199
25.943580101080958 23.944815970874643
3.3553992185548402 12.360850804177424
22.40937306107654 13.222612175855218
19.057695464995504 8.2330500193240628
23.25870571964494 8.4515229308676396
29.497971682307412 23.633628714093202
16.068435913505979 12.660871837827674
10.020408839269567 21.29524248692292
18.724745883452833 24.8920085846805
22.485448121247241 15.315797053140592
8.2170163678894355 1.6484584814661134
9.834243616677993 9.8470493232652583
16.725403629801754 25.140573745658312
25.291854618115938 10.900224114191067
0.85671584239164011 13.683635435013203
1.9159171128910581 5.9756555032254148
7.3268973972136378 15.758853683057348
31.128619343147331 27.91843448718128
0.51261477398488009 16.710898566508625
31.381389181760976 28.962822966214226
18.182874813146565 10.300657968859467
28.104598783012971 16.79654018469153
16.927882494423187 19.055151541028437
9.8653843554281426 9.8132490216446087
30.328022309505425 15.096893848880498
30.775524835608575 21.632796576577931
21.866330251589702 30.42343898663999
14.072533465554891 24.575280110014244
13.786634484769941 15.144106011884473
25.376673387381945 3.2722220042517867
5.087178237872739 14.942757455544932
18.795024112841194 5.3807266891633621
9.9432081143213047 29.854147208844903
17.591900032530511 22.790314288933981
17.28147055098589 29.134739001971358
15.322414952489373 27.671311592304981
14.851130679220432 2.5782493275268941
3.9119458656689701 29.664244519125383
9.5019129818707633 11.001992742882047
2.0129756501921374 9.7845732941081938
23.207362203254618 24.289392636925271
19.822331034005728 2.0834991487233743
4.2645969637630321 26.55570802957789
4.2267504763806976 24.06544476909994
7.2753357851651295 9.679337258176286
11.7005357304302 13.110150739810109
27.348132093337107 14.664551247901812
29.585180426221577 5.9597123119462232
18.152450598778447 22.463615399293552
26.724603693594439 15.464711271558903
22.498766205693663 14.839315273860086
26.197641166864649 26.748278201556307
11.009711722490394 25.430703422543537
15.683382670188623 5.3581219713192016
10.324379194109824 13.471799867644924
21.250518371189941 14.316275193257287
13.658249520667166 24.971936720016178
11.79856453784212 6.9752982140855426
30.514094286784786 31.512281459169831
9.4247312278651876 11.308180419025151
15.935578371244773 23.446338482328358
5.2926906037991026 17.021143665095611
24.516060371914161 21.369217258226353
23.844132099203687 28.429951597814053
30.799196086952076 23.417739629108588
14.117165218537174 18.957329547329163
3.6743215438589365 7.2454456138132075
23.724587770500069 10.92908637593488
7.0230587791205794 0.1799961784684129
7.8719933207843305 5.5183341856082428
17.734859469823181 15.793258541215971
4.5725893030348521 6.0420015709481838
20.121946600703225 16.848029793015652
11.41357839858885 30.726861711317458
31.264966370233232 1.1002525169414035
10.540041622137169 3.6705206059190538
8.737668589491328 0.72538180021153986
18.959645518427749 4.0462182723125171
27.311325551447975 2.2755813128184408
23.796757307497362 3.5637038806530006
23.540356806732831 5.5555763079665548
25.327126771777806 29.751373416804849
28.614017959443565 0.83586041453872317
12.530456375858844 15.928650543042517
9.3237639443723825 21.267100633718339
0.53940321045779893 11.595685272280221
28.788212302211448 25.366199133194936
1.2955307757232759 30.001944371428579
13.39355073977185 10.592617852845434
22.812998541073235 10.044562633982187
13.854311402709717 8.6724386500101875
22.135349891174858 9.9244614988370348
24.959853977541069 28.362860367932498
9.8534086499265445 23.227780289346295
21.507459235079651 26.609398932360364
22.66831637956588 19.995943663736071
31.126795794177255 25.750292629244882
16.040225087897152 7.8652306205731746
19.722094283726204 4.9798090614133281
22.103268233410095 16.895655313536487
6.1478138991218474 27.093798739494535
25.890093793384533 27.363666511371683
24.279450382618034 20.595926269446984
12.183365322305635 9.7298475665132411
1.2542337483466957 10.91958133214054
10.047860919403199 6.8691055763378133
29.094693683107586 22.086658988192973
8.070460876703148 16.972121148059738
10.444019611009074 8.9143927086942032
25.734146274549229 6.5661168495290116
24.447426826598551 2.7149836887325138
29.490597462628362 16.721606443980445
29.330757117515851 17.310136861483535
26.214827980890774 19.047275748063765
8.1435121340767331 2.62446876875876
13.546994658686659 5.7886043788692474
30.895734939098233 30.324546625133927
18.585965836465029 22.627907893776605
1.8826461277436757 24.709754408125242
4.2615544693757208 20.019626621081724
13.402678731673447 18.362225141970551
16.792385439822489 18.10239392920753
11.342055354840822 11.394733528757474
5.026463816884724 16.732608803616415
15.675376597041277 30.051279730912789
14.793179768059925 4.2777753986269733
26.582721129906389 12.573826181886693
11.209912252479283 22.86718764711221
5.8083330659742316 10.340425038279433
22.649093463865842 1.8170687143279813
0.55110953661138717 19.24946066581867
0.24141636150193857 7.9340694589765439
28.977515209108329 28.421640400367885
22.440749252960252 3.4446567422917971
27.362121977468426 17.506785291835889
16.139134946722393 0.76028069731179426
9.984168811594186 5.7130586983588749
20.733433206983548 23.07888938716145
21.934892057848074 19.947298917580351
2.0619042817948681 8.6961202647496094
2.1169414178660744 21.613940370702803
7.2803157915431909 9.6704334530680178
27.459281545939763 28.621654903257646
21.190687936639506 4.1987650808197792
11.510776363176605 18.877817897235754
15.706338601017947 16.331055261461351
17.038188866700569 8.4434669771886259
24.236303052830817 13.852487348052959
4.1455626255746187 18.95831745198933
27.120206783376616 12.141605072932428
25.492916284625529 19.884421643772693
20.224951925175489 22.371318576851795
26.019589101650435 22.311016561721459
12.804444070672812 18.109735096700984
11.61719809773677 3.6462507084603804
13.361822050122141 8.6056957592182997
16.889301700953876 21.988320438256711
13.765605405053915 29.099374297064433
0.181993518153312 15.932990168231392
17.27865069468924 9.0916966610418228
12.059245637038607 11.328879292035994
2.4193967587005578 12.826487115707682
21.860953091435501 6.5980110820789797
24.977974009066195 15.668432971214388
1.353169320500331 4.0032031844215865
10.99077222484887 25.448810259415453
3.0934764612930641 17.242790152809
4.1299129572792781 26.276418531981108
31.015055789567288 10.948538687761443
23.024948762104465 23.079203151562933
3.0293230632148989 4.8981004437935267
5.7649424851216429 7.8670785330177129
9.1394599506719647 15.183139189538043
29.040248000037117 13.717600950823652
17.84291155669753 30.300144577126236
2.8981506122485712 22.375489974555411
20.655066386585229 6.7019828664951344
12.914716979952875 28.320085794343573
9.0373881861548586 26.256009738416083
10.516085988839244 3.6204186013632751
19.865906697698311 31.603717070036961
19.305523550359165 18.124886729022975
19.951888260647834 22.994374162064506
14.7849201485094 13.891921233244101
11.449556043494352 17.28728829970931
14.835665009246675 25.84447076667167
4.9637895232603748 0.11366804525478205
8.9014379240663981 18.475491730897893
5.4829037074840885 3.0967446909276819
15.258414151173266 12.550997836202859
6.0528680097856258 19.315393158741941
2.6062024425353436 8.5967456895429226
24.154846011926722 8.5296293540942951
8.8430565513415118 5.3999507960778166
10.109382624595638 12.362998182079755
16.529673215970313 3.7437140722626561
26.024737321507011 24.66576491068372
8.1230294607760634 5.8711299057929178
21.908702993347848 1.1968611506244726
11.476055356261664 20.22532599947677
8.0067077478663631 7.7649194503115364
16.112259463234246 24.8076526193185
8.8537526018532287 15.851970408848157
28.141804245531809 11.511330206726509
19.437638711119522 3.0566772028210392
15.429605091103097 2.2888499249864718
27.68886418732243 15.408021357774667
1.813488393792438 2.1565277543095305
18.214930283471638 24.177338024077297
22.300347616062535 2.8136566527146747
6.9843152572506124 19.22969012384921
23.090470090962452 18.038973578894858
5.7636728297368309 30.778766032748418
6.1719679502705205 30.093995794706775
10.884942988179979 19.088807259751981
13.626390639566559 23.872262301683385
28.26214804783994 23.834046414169379
19.732997956263869 21.192254775139169
13.472097371599256 5.3392495096221362
15.722461176277264 6.6933177032469011
13.788927637674869 21.348085524696724
13.677230927234177 31.171498926252621
23.506615842331783 19.493906794098365
5.7991762789250831 25.097004270036329
8.6072319030768547 31.11142584684519
0.040246593145526081 17.07536135173854
23.021925773800536 29.277768070682757
4.4089635272379635 14.525318282866403
20.128635768531158 24.857330092728461
12.596671725965672 3.6867092324436634
11.66721265091971 15.062734075747413
18.494759304626541 18.442607796067527
20.679359877550322 16.490451908207927
5.4407136274792585 25.471997529612185
14.250766867687787 16.155258011950046
30.744056392535725 26.77285214849503
26.916237228090854 19.138141996968205
20.195679982976994 18.568547400829885
1.8852641441659028 27.671909899955935
4.7986510092731081 3.2334102729837833
18.148834940288683 8.211632652329083
25.818964015879661 7.096700843337838
10.080007634753718 15.727824526510499
2.6381932239106303 10.466000666565717
20.404833055698621 2.335890131349339
13.115395762787148 26.778251963797242
29.587517508754758 21.580466717713978
30.481514362410771 14.494877153262649
25.576984142746522 16.691221449768086
23.655572832522736 27.396720176872158
18.479070708987365 20.461229466592485
30.656467016175991 18.59986898184421
8.2961727894488817 17.506907818889811
2.3851088529138988 20.454471776230623
17.555692968573144 3.8026538894527242
20.086205903057696 4.4813584888090494
29.487893218524256 6.9110989504158526
29.29304887127671 7.9014262059101483
23.997265691570988 27.792663363165037
20.211280259905156 22.945071403519918
11.765660567946345 7.1413150144386499
21.215409343974017 5.0830562162197177
6.3792050560858415 23.457936568519994
3.4070263905278453 25.539848073827251
3.5176994225635778 27.71025376232723
27.394866034831288 23.880934152158439
2.9483297234424 5.2525142963148372
13.232625313280046 0.99417674205191453
12.064312220793687 28.526866058749135
10.833481935777243 18.182519084404909
6.8419721788223162 1.6183910166002426
0.14520546477475874 6.5602292509302806
17.172631845932337 12.090818037064365
9.9071902757210815 27.697316151590591
4.7461587575709689 31.214408449032486
31.032255690791303 21.543007713494202
0.57520906926703941 3.3659498137881121
4.8956216865304896 7.2277582860660612
26.809550596744536 30.517966828009506
7.9797731200927364 9.9751440523055912
9.1426548680883961 23.297413651179536
31.126520072364126 11.568697971467959
3.8032960374633804 3.1885553332778689
7.7280907050679888 17.938907536090248
28.787444434345019 18.048600140734397
25.279079966678154 25.802811716829297
1.6574100781460663 0.12546051057595503
17.39049638998727 1.570359249389198
1.2730346059280297 17.249413008404709
2.8806989812929253 2.3112665250934388
13.963329284806285 20.38980152764675
24.100718105850763 24.133599910937949
10.933952812428069 5.1055420336576578
8.0061235113057894 13.044046614207796
26.693517047188493 20.419159021387333
22.066198479484807 28.483781345522203
6.1278277417312985 30.219196256708322
24.281044208650677 18.57355278649931
27.816032783621587 23.059725951010371
10.93679618631513 31.185844257517456
17.479524501871605 31.305259117213772
4.2439028290188663 29.332968820761451
3.8819732476917324 8.7537073542101496
9.5780961066968544 8.1394539930739942
28.971260868176788 11.133874526997801
14.424588384296326 16.206987460377579
23.419705505854022 4.4167304874901916
6.7739520628543692 21.727610286081834
1.7503387282070593 14.054858788620342
16.26981582349141 21.130174687117751
2.6981354605846803 16.384327741776485
30.705238845685859 8.6166381709829434
7.1158309434885725 6.833256270644771
31.438778123525434 29.562346149881396
29.906096581522284 3.4186029612728799
20.537006337504963 3.0783252598177953
7.5820606608248751 26.982236603973643
7.6323260856774731 20.727670474986812
12.404141580246916 23.251753208847134
31.015557213144969 2.0979904775264204
19.01315445643754 11.660992011639802
11.715115219300857 16.288749638578615
7.0261660886432953 14.620446907711747
20.12411538902419 15.199154727607429
13.462938675768465 2.5175797906016255
8.2701533776098923 31.208485187559564
28.839702590001124 19.996629173976448
9.7362292327989337 19.52860041509684
6.4510157836340722 8.9508072037159234
16.845570871300893 25.292977183401682
23.45551655604789 11.428759393478554
22.720058274263817 5.4891934132240499
23.306357727078016 10.168629982717357
24.468573928734923 0.53838259090564811
13.164615591324143 12.924024762617799
29.804264883297023 24.445850888925666
9.7498575826619174 24.529684385631953
30.320297076838653 31.363754295681932
26.905604961655634 29.182314425471148
9.88021406444064 17.491245946050881
29.621231826597484 8.3303886603457453
31.509318983365453 17.859609971905122
3.0990016246536909 31.416391629303348
29.052600998444966 3.6119685203478848
3.2249020831332644 6.4564467374067389
1.3197035876572671 1.0141463546138818
7.3960602275603087 31.343142910561465
16.557559789058072 22.797910363360941
18.019643883622468 0.021927296439078526
20.13177284829359 7.4808478653851047
6.4137716353933092 4.9672676169124559
13.025852733722392 21.418981374043948
3.3348286689987838 23.601904265967107
24.933362600964532 17.982642063956266
24.950170195238336 9.2563169426089829
15.679649535761808 20.561602239597988
8.9324472908676338 18.869326433264106
13.382712952176911 26.684373567685977
21.563390028812112 25.660064258963846
15.671957098856529 17.223840444472366
29.337524897646873 5.1188585967469056
9.7996599774111015 1.2871129711870191
30.441256902308091 19.325398834318747
25.62682216017674 25.464345284248193
19.070361634274445 19.786006883695769
1.1742919953030033 22.323570947074018
20.54555163970846 29.133197596169595
0.53171540336231249 27.080352291600601
18.656897869250827 30.052721054801104
17.927353242793178 6.69411034180811
0.32302693367483581 23.134484581062257
11.122746127909339 25.419183371087538
19.663905581384117 27.599672372222546
23.159091062613946 7.5490042654924441
5.9663993234053594 23.409927588096448
2.8311724185081522 4.7212523516602953
31.375277526430317 31.177605242061016
10.95293514592629 2.0920609528015439
4.7969276088581827 12.458127346967878
28.827034647352551 13.094778428408171
17.20590077000023 18.453047503564655
20.139212604393986 15.853857455319822
13.507415117935494 23.796109978387566
29.680603880861284 9.4217738772740276
22.752056730944847 0.7951317843621839
8.2896301402140136 7.1106213769669271
5.4758849489699477 11.29091200136962
17.700585590286074 5.4164464070095057
14.961599182529232 13.433323413767186
8.1392538138739265 28.99523695760665
19.985016713106788 13.888767224944734
12.326326877244776 5.2502793749949603
18.090101752974046 17.073433970520192
22.684121101343226 15.797451849944505
0.49063343968487205 23.094355796414593
0.73574017323421759 9.004201538814625
4.9109981576056576 9.9334386641819474
27.300409688127914 6.9147271837759368
6.7029467356963979 27.330200654880965
12.627183490127408 31.38203752567432
24.001500751924187 0.947215735445048
11.762477828217076 20.535930722385309
24.542479054740483 29.664323340476855
26.501192329057648 1.1702770512348986
11.952892212693266 25.039819957692373
0.82800187992024699 25.005937997492861
9.8681503958559489 4.1828451223176693
29.697614932581395 26.579929322235341
17.085686567596856 10.654010890769255
4.6909907396231247 23.883317197875858
19.540918985697761 15.026807007909257
12.193113750371866 2.0996314200847577
3.9708668436684462 12.939389363951923
6.1332323569803435 5.134074659814174
7.3904652624820963 21.72427921691866
11.328636009020503 6.5213043344302131
27.067854278996283 9.4728545535182747
2.1052047884123621 7.9529284126294826
27.545380662624432 14.987629979494667
28.695123755761912 9.1935167970006155
13.858751103965105 6.5800657959864886
12.362305849483096 8.0668817598978055
4.9429737951715707 22.292010859754772
15.797947678525007 24.347960963408863
24.821329530133621 16.625901478540996
11.582388570536301 28.308187618153838
27.670846376628475 28.336043532783858
27.526404432177323 7.5914154787198393
7.9812090193046172 8.3646452159623266
14.739882992827122 11.844259689381419
9.3315307874688642 30.335094411858751
12.348472436441998 21.00756696939121
3.9801179219544234 10.889378285590656
18.067424537161834 8.2442163309584533
29.294036452653895 1.7647302776148448
26.842334343746291 11.660383602601529
8.2756165380242663 4.3649033978531389
19.996585013012464 25.859904432307488
9.4165472313816494 15.725159756904308
