17.447468996922794 12.971076242736753
10.934517610086155 8.5012041254044828
16.252607778044851 2.4013626993285095
15.722732002206749 4.1394313717966522
29.47237030795678 19.491061315641044
6.1646973473935134 31.244422097082886
23.083289795108524 1.0421900625570226
3.2786504126518743 8.9727403940019315
23.527411829372792 10.458187366099187
21.494295453337891 30.649143140970509
17.994820030489244 23.395556591573143
23.834839065475116 6.5925168373344833
15.261044947546539 29.618530308400295
6.3974512895142306 3.2347589327322006
16.758163485934528 8.2164271988480415
21.614080541191928 28.35771226905171
12.671025291130745 8.9491974854663869
6.8901498908935306 21.144232170835988
9.2651310230053348 13.668673261232053
15.386782936961389 22.858037987814697
24.935266332041259 4.8844613796310172
25.60585116213857 15.876619641100181
29.747785366862697 15.325080048939197
11.247376466085958 20.758260939425554
26.44228933436402 20.314153736650852
5.4161149602910648 1.1404709660093766
10.14539826595515 28.7156883160573
7.7456588980608219 1.3636858921900832
0.24931375795950478 2.8091255415493217
12.237294604452078 26.059142408891905
13.771075659821754 28.678424377163985
7.9289693574923898 15.48326572564762
20.129824654645592 24.542527704897843
14.437552282650216 17.062258921242819
26.957265214726046 3.856835848481909
14.647929637391213 28.232246491257811
26.947628942922215 9.0078472528560116
22.272270044927399 10.566558268909434
27.708006499893102 21.46228951499139
12.119424106030582 16.346561695379624
28.108609334142521 17.674061732725626
5.6920765549449488 31.193903877831488
14.657524097768125 14.057019514039254
17.608022554957131 28.887618070521761
3.4724414716589553 17.321401150360099
22.461480041483426 15.659506264691849
9.4616448544035929 27.498749073776555
24.042864661846867 5.7108019062730797
13.535722571814459 3.7742056424256396
10.83226574207584 29.069787461046253
4.2524815776492053 13.7965613959222
4.2290470767773014 31.02273774030725
27.653578808813094 0.27964878110673169
24.12498025550823 17.731631623474147
24.800973700898933 27.163537620494917
27.568338188717544 19.107459190089596
0.1534578759374815 28.971805008453703
12.062267435008462 3.0318233624250737
8.3024165157797505 4.5416493140419067
25.661595946244432 4.4909328820192087
20.557042561076095 14.647693454094874
9.5442537802331326 6.9753893956353394
6.3784526059912725 3.5304875092801331
0.40179951221931415 30.048770870506214
26.682940959370253 0.10812769565294281
24.074617218594913 8.8329267712679052
18.054685430308478 15.451113963552492
24.331973301161788 20.145974748657483
31.57024562566686 15.249222237997984
10.126895860130634 1.110642702782743
23.305975092525653 23.429457498884236
23.150720316586188 30.892096834376495
15.142723959941215 24.538331542999128
17.054390158894797 30.120304402055158
25.352087354164823 9.540161150393681
23.120884342843816 11.893161150580204
20.226452940717994 26.284867150850602
26.141454860036944 29.886317364533326
19.188692150545659 21.189989580446341
2.474136190009927 28.739481440240102
1.0772330008336748 28.257356186608142
19.209366321268799 6.7013225047980072
10.64335683106704 20.55787442380997
26.574260822674056 16.51295453235635
4.4686992109420256 16.941493030232699
14.914016649056302 8.210667021713121
12.375930387770955 30.734240219792451
23.821463886498211 15.915010683211616
7.4434180961562362 25.43020755562835
3.1681237093785901 25.221001279484103
17.705624482752942 28.081213977857303
0.010968955645119967 9.4070983782177535
30.639133084921284 12.47792398937686
7.7910082404558292 14.071416427031101
31.40342664516098 21.219381906773783
29.180870245886975 16.758500221895442
6.2520179171816785 25.53499479650133
22.852829109301396 0.97880760109088527
15.88708960399579 12.709268531938053
21.18867161073495 3.4719376195510998
6.9864583866064986 29.218511912068045
15.965142174271007 0.12542012368806199
1.1950644521904139 0.65415320107564645
2.3164856876688882 27.089515913818268
26.436765195812985 4.8601581194589469
3.8096043781678697 21.026491140662756
23.836237357484965 3.2998062952447738
11.726262923051955 6.7356721743935655
11.228577503828474 3.5312380428855277
10.170616346765808 14.539262610431853
13.688237865870292 27.10328627294728
8.6700969294831722 4.1335416797690749
3.4274913098419595 0.28815974917929288
22.016235012345188 19.202105429184396
3.1670035288663292 4.812398172293892
17.439884480694634 24.493017731762063
29.688947470833646 15.656861255168449
1.9097913332648431 30.2301008651276
14.443792947215275 16.385959788910522
28.994323677603727 0.032837707069303647
29.047525831107254 10.69096275862616
19.4898666996394 3.8670055542442086
18.240674762692457 17.133464680042191
26.110094815178837 5.5642275106756731
16.222085848638343 1.0292469277113727
11.303671842816113 3.101800778630289
19.927726420778178 19.071011469307219
25.85456118062454 22.358019071171309
29.404158683019769 8.5024883710132304
7.432808610748487 24.020303858316939
6.4115941740012019 10.436546205287366
31.610252852125992 29.981696633691783
13.045585188313403 23.603523937840652
28.610648855980898 28.482225238331026
21.555996394539129 29.676135918454321
12.97158566570976 4.6166970415509754
2.6408422948165993 2.4883880552134157
22.649049203081415 4.4037517946080893
16.201589421202847 8.8814408781925405
19.611701636905849 29.290713985316131
11.401165689627035 16.628430376491377
19.863325068239408 31.224686318488462
26.509506100434269 10.210421680285039
30.746039587122006 28.560957105049212
26.498634662810204 26.191343613086392
17.805186340342843 6.0093455893083547
20.94871455182874 2.2903771281306762
12.96389066089748 10.315640392297942
3.2687593464220188 11.125347222287687
24.603101812892426 24.168796680503736
22.755821971995772 23.449223376896402
8.5437241004497082 12.438335093402735
14.714952724423229 10.386875894954571
14.015633235732608 18.355800487226173
6.4778018642444017 30.699397804372161
6.0911872086842447 19.776990971240895
13.918424763705275 24.038643935440543
23.024683833129277 3.6575467176697662
29.484534331648476 18.612530494337442
4.7139710021972867 7.1710303152509489
28.618866406252742 11.847504331892933
9.9112822790479331 12.824752039173864
14.651353299420824 25.736199260406934
24.770840051011664 18.612260637754833
11.961708076705481 12.423704300997505
29.115256666617388 16.206522188506458
18.175568540424358 13.108044776943961
0.2627137903307793 26.380210216222231
22.966843203469924 20.879561274316139
20.771740396903162 13.576562037254016
31.260639287735383 16.74491597985077
8.0098338091568948 26.180437822253246
19.089186068544826 0.016557443412606739
1.3088546194593509 12.783791211623029
20.092126804914749 11.188172891504138
13.375663979653712 25.806033549541151
5.7434608470497075 25.858360342084179
18.42672042639564 5.0089806630752136
15.092737705060491 30.719612460726289
4.374570399810314 5.6556429009490641
12.617321354564625 17.00304868739012
5.2626435437539358 11.633703419426842
3.4334882411964318 8.2038001190592293
12.569594862452821 9.4429148601915962
8.2039639603723877 18.146820885702009
10.174099935102809 16.754827343393799
23.61957650321672 23.254619107245254
15.241161824898708 28.863201408024604
12.88424481579872 24.259086205083364
28.022561757686287 30.360919775259379
18.390775359319722 26.868570566925474
4.8958134685867796 23.884455146678867
26.920704534062253 30.660879646531583
19.259660364119064 10.427698139519933
24.880845672142666 11.663673828546699
3.0801933574435889 31.037522288975918
27.01428830471249 27.512318764858506
26.758608143048665 29.480457124996406
18.407229465834369 4.7143425065736597
27.179991706073807 10.079410000609924
6.0318923747326005 5.2880145691860712
30.110214684760102 27.281070062728613
8.4366363312679393 7.9931689486284778
20.327111288953649 1.498618956434338
30.961928775888886 6.5270033559458556
21.3881104159491 19.482477427380712
25.212395360828737 17.608101415498538
13.070201905644041 17.759007117700424
9.4759728213733823 5.396037560592803
13.964846912768342 31.615432075487462
25.185065006402883 9.995373317595055
21.63204088350124 4.323299458438651
26.650230875963899 28.101320085916235
21.189109449456581 10.543893039237247
28.895215194448902 23.693275072429287
17.388695126168585 26.842528541233772
5.8020123565694464 1.4179354702397733
19.019440251082735 6.5917286453797264
4.6619254653444369 18.630885786695234
18.617624684402035 8.4205431447264409
3.124110731156668 23.462063849760678
3.0724628539149563 16.887360150438283
30.60513471974701 14.130476503045408
31.211283794623363 20.558194150999235
11.53004654760853 23.030404956068242
14.874753565119656 3.4160980791868489
17.791301616616 11.333653471397946
7.5770411898117134 8.8507656453223724
16.586390093199316 28.744529636448419
7.0614650276400432 19.959731706744101
24.328282219697677 10.720735042664735
17.275860174490809 13.100627523363585
7.3580594006113431 21.971847398222405
26.72746690020524 12.278518391802047
22.15951190927284 25.675490554860652
25.804162645062576 20.149249568956122
4.5217077486341841 29.620402516797608
3.7243594789068699 27.687855396748422
7.873878122475233 27.691970698368909
4.1211495163471934 0.77466794886154899
16.395301582193895 19.090727640521806
18.897670560496437 14.770243347104248
12.101217224154906 18.131812725794955
10.664255492799803 13.410052002895466
27.082900860003882 15.792434207138886
27.416843501520074 21.01177789614902
1.7362585783913884 6.9007112142045557
6.6400705181915098 21.129350966552099
30.413224029311227 5.5285764082276705
20.280153701125009 26.137170285560096
22.932519057726697 27.697885586375019
10.03072413634902 8.8101048773633863
31.509854021016622 25.199990953580929
0.10039863475512924 27.416164971093888
6.0872966775409827 28.277097942310935
0.098344447157274376 18.135694065262566
16.189781162599186 17.653006010890095
20.583353635217733 15.47531399769618
2.8908723036513524 16.839936558647658
1.7500656620268997 9.7704027223165397
4.3242450515458515 24.770871926435351
1.1114580274904915 20.54104674481048
28.7121454595949 26.193468629218817
21.240820505427813 12.027803211129255
30.761049004757137 14.77299231293353
23.716718641162775 15.144512966780313
7.6126979676241353 10.881479609617008
29.520820186375012 9.8045813344774082
3.5509958477740815 12.535834760888489
2.0459753601778119 15.283831042305653
18.889586006066605 4.7762098316440031
23.836158731216127 21.030714964012009
15.981044335701784 22.368761960408573
10.99675240496966 8.6707602649753852
3.582182087144846 11.742545498285837
13.872662752605409 5.1771252432806376
18.756366046192237 0.26931581923054376
9.2040129550787277 31.403930384739215
25.571020225394765 2.0210152840574294
14.881686179798212 0.92072835869166592
11.68173695570025 29.819316031779586
3.1243802549833783 15.160359003921254
3.7290588870664028 23.701613894132556
29.752581729421234 29.191992362540631
22.657611182825782 6.038895568615013
25.875369513726305 27.736756715530383
1.3755646761540552 3.9355276832814825
1.7586815469241841 0.73257164935510144
20.711804415760991 21.754181059587076
21.249937706142099 8.9826567654264711
9.7833421689872893 0.19373741501570862
8.5651019987264085 20.351231082077561
1.5449382341010029 22.348426524782592
15.697587395815999 27.322632915724935
27.707852698270703 15.075445734137736
26.846490087192485 23.451830231829923
22.999765855608558 13.456831476049864
1.5576003161567566 4.5405756282159526
2.7710273652668862 23.848715397330054
17.264332505187866 10.381984655233458
30.938429083378608 7.0714206481474058
9.4763036585972387 29.976635320577792
12.116363155474732 14.161963777276679
25.466213030722912 18.432955725864794
29.7131627034634 26.100787870628579
9.1814199042290294 17.378951669695564
14.904178475230506 5.4331415627432849
31.121583746231089 28.399182404693619
11.965585132313469 15.054139358923326
1.6303375774030471 24.335611083413049
30.159182767418027 22.060569241395815
3.4579281721371999 3.466360133638414
22.38403359019448 21.630653327799081
7.555515433989985 30.215298490859855
0.030385687306564765 4.5683632214078989
20.563653229677659 16.307849514758146
11.257575817031659 5.4723015329786877
10.847505298139771 17.930130945998844
13.251437139185233 6.45716159221009
21.732904872410167 12.077704675975053
24.503617141534328 24.763670022955225
8.6948242777732325 10.49713830423873
8.2326944828467727 28.680619060713216
24.226053668422242 29.724202069962736
19.83987391175468 17.907510403579682
27.96276453552376 6.8176579106707544
4.5966004282719819 3.1952238755352642
10.700127798635274 31.016244149205026
13.024790360475087 26.26142446826136
10.928674055258721 19.237577058887407
27.16655309347404 9.4212845199258641
17.94349948664545 10.335725880892792
2.003429091564588 2.5049179175048404
2.5865704596197614 21.37238582540536
6.5166425054667227 27.544925512418761
2.8109727692472823 12.348006363770407
24.458584092603783 23.9546313390384
30.095146040877705 17.065820854948115
0.58169352098550042 0.85666040612446193
9.3418447896418879 16.204013413146395
20.675927838347395 24.554956569403274
0.54056486099154466 12.057877411885533
12.552917991915958 10.4108589062212
19.873758456932435 1.8666776157011447
17.325569738728856 0.78787622869079199
13.594714916116969 13.643810541873531
19.197483679554757 13.407132729774128
17.857100707496059 18.957247890893576
5.4444667877129564 27.307231507467637
13.418636993463551 30.551199294737966
27.406346580428728 25.078803927186254
22.084153638677993 17.356160265673541
31.618345361720412 27.29101270908081
3.6777201283786982 7.6715735247857735
6.4120650410758104 5.2774771480080336
28.374317421754842 22.937614694028646
23.045994022701514 12.862676498134268
31.211469379033829 11.036528815285363
15.520027452323978 13.884714323425422
0.44483354337237629 24.079358820670496
1.3846260913477455 25.085938206650848
27.539140114368674 1.4955270760429098
28.416124181613572 8.6835691563711919
4.8094655183899082 17.29470396069005
2.5460662042267828 2.9379315960291312
30.703204670024245 22.884994137505807
19.415752508719951 27.819230479915767
14.921810779515967 8.4984547241993162
5.2990589248686533 18.113855847128843
19.548214630113225 22.896988191394893
0.12963638641412684 16.267312771967728
16.770705858911008 9.8246016607181677
0.91449058883633094 14.489265616006383
23.168414209847693 4.7862917565148422
10.428258912442102 25.636148307540907
18.303696029139267 20.32372464645189
31.234088951392312 8.836771486587395
22.832131456190552 31.050698985915297
15.21786419156043 3.8604632853328167
10.239967241490008 17.903475700656436
20.415754974413574 26.090956302316414
31.444156630802873 31.009235899082483
6.7042731747914903 13.6389371979076
16.815271756250347 5.6776359158301597
10.003579196664687 3.3622945168681126
25.477839293919775 1.9998989298896008
28.074105423160823 17.128795196342836
21.356975290960619 27.506573325861801
1.4526810241888404 25.430877780606256
15.818893814434661 19.675840337691586
8.8525327665854583 27.814689970596
6.1240871910164243 8.3481086782262484
22.926884226490191 25.793925881670813
25.205269299312892 4.1024231232523078
0.022268466113380483 26.120862783171024
25.887941001404677 12.38017158999442
24.908748218396124 7.1710256030785509
17.862670963020836 2.5740551115480583
30.524572540903069 12.646292230040627
4.2800851512841529 2.4900369837062613
13.180738445941815 28.316128299738121
0.4682516596420252 19.342690052843423
16.116116862965757 15.499046517616941
28.592391460063077 13.484389616553511
19.54263632625366 12.475310541280708
28.015340430204937 5.0518101359871181
9.9288626448570394 27.756337373475255
18.972000197759613 24.731379685158711
2.2571404531831281 19.279319250575057
31.051731719989231 21.731592367041529
2.0342162899665044 7.8966592843829853
15.108294984599517 20.274149928760128
11.281796447336312 16.473610066133169
9.2737016708562319 21.664504561173008
16.393084521337652 4.6899525107291966
17.652589365089661 7.8990024395630352
7.8737746558670798 14.936817614958086
21.830820198793013 20.203710960206351
18.350715915011794 24.08708118853848
1.4406686242384383 17.861789681167561
24.065181893298007 5.2384942457093642
16.638536871921055 25.225879626455548
28.470408503567846 9.5699857596809501
9.7895198596398956 3.4387619099892386
13.95026141261822 21.750272442041506
6.5330633466531705 23.183849993132519
15.102820577800109 3.0870696392684804
31.422211864345282 22.972112824205137
16.948173584223106 3.728312972462958
17.03422929765922 11.492930970298891
23.799693416564928 6.4980717949862878
3.1994855281477514 1.6666033346859508
2.8045541739282598 5.3553226213605036
4.2697914070274345 12.476676059584419
25.548622266398709 23.032223482321402
18.925004493242259 25.798700321421002
12.5098841088514 15.470229929521109
14.549967247692676 26.375033089088802
26.823411946319897 24.782154961194493
0.32568080114443054 5.1061136976746857
27.982191384878949 23.016277264319214
25.017091166274152 31.523605399696173
18.978167825353367 14.252914086590369
30.034488694983779 24.411489995369628
16.592063714294348 23.501483297878298
16.357375636822262 7.5314882397540543
4.7972455264785365 10.039031095120151
23.947096172849339 17.791257386105961
5.8115859598206523 25.63714267776907
19.148468274199367 28.495851597630192
5.0755590989287098 10.298841152397834
3.5337822348947827 29.620346571432933
6.7469788377581956 17.146956252587348
12.158068874916198 28.723480276578972
29.550685287832039 3.8653978830732667
6.2553831732151233 19.155336756806687
7.2391113678720602 13.46752222705404
2.715287853190953 24.980688301405909
25.16144751855207 30.231842994599532
24.005000723873831 12.903330328528844
20.214924570173416 29.247318180759727
5.5877733720165699 19.201381002799124
18.815302585215303 19.864797368497857
29.012728495206353 13.739833053533481
26.775075808573913 0.53598198451096779
2.5525437891527933 5.5678635786018971
5.160622992578296 14.527517463421527
18.050531684687645 3.2482836440335063
0.34979780090042945 13.198597229677807
15.709378874512858 28.054559396030598
28.515450173075997 19.044524429392382
23.688314960684735 28.259033132447115
1.2324346832602104 29.591642866880239
6.2616185922719563 17.607844169124586
20.129851602663948 8.9263082353000094
24.630229005198085 27.423234038166918
18.409604079238299 7.0833036954875555
28.117470672589985 16.538588380921592
7.7167403006468662 29.906118487402761
30.628215137596431 8.1989201118038597
0.057445907512235474 19.700978827012637
17.392989366492237 1.4107227770865887
1.5446186524702743 21.032923758533478
16.253235681844593 19.459918305197622
5.2504129456670992 12.086648121873521
20.631439107816309 17.713085466988016
16.432625925802927 17.981848223743061
7.0099693833838277 6.0536362200204152
16.6172874333345 21.563524945015757
4.5183294130664438 19.370432423608349
6.4514253627598741 3.5660465023975711
27.539082185646166 29.522021250972994
16.314946643157501 10.96757688568807
22.78910578576777 29.70834511345117
17.859576295527855 18.467876225375988
29.657555555477884 4.5301087704457439
13.363129548833205 8.3021809504158171
28.225524128213443 14.854318164152359
17.893782497698009 25.484773612475248
23.565851760549034 28.558010363524136
10.929843773304897 26.381049452302364
20.922401080186617 0.23972111983552222
15.274928601786518 25.123852056717688
21.359117765424187 16.879508562770123
23.056869504269152 22.460661838722125
1.2468725564395897 22.749869510688665
20.277221672749146 30.028368491345979
29.23114338920815 27.053852874497089
3.2353642288380917 19.488846126905234
5.1976469625165684 30.235507460451153
20.805031680207804 27.233155326512698
17.672137563977515 29.44399132404472
3.9490020792672627 21.844761008029376
18.91980019921731 22.146938297233408
26.895066987448889 13.840377071568197
13.879692495105568 1.3865183473403782
2.4638760020493038 19.208378318373619
29.70521457788713 28.489961236103529
30.80390597734268 4.8552380884555344
0.067783689652535381 6.8869674589313865
17.059773703524154 31.288809729124011
23.181092646137341 19.57622799929673
16.527636836755523 16.236627938577467
27.299669960513455 28.304945108229145
29.672194137692145 2.3892633103282885
25.105619491709504 19.919210701046786
4.8970645405070865 28.919009900306225
9.4754182734657046 19.788200277958687
2.1308983296455053 26.351226161275072
21.624550709029037 5.2956808678185885
7.6267923136631133 5.6343364147875272
14.122757010142982 15.402092139883445
4.2597447474541461 9.2416586734540527
9.041933178470078 24.911654719485266
18.754942498459709 1.4950692194908752
30.783603253849172 17.234320005376848
25.118098827445451 1.1394697352219709
13.977702826316632 28.181483611200218
19.164534948937447 2.9124561368397126
24.280434717455339 13.621488491401095
30.885238853843575 19.329002576656141
24.5515817788636 21.980113640821244
27.260016772716114 18.90216856407628
21.009612516137963 12.427609898367489
18.773136206900119 30.245783209582189
7.7564283251590203 16.248604169378233
29.407732387917438 13.851655174137907
14.72415810165406 22.847145949711212
0.92023441790581673 8.8085798836633433
22.587179937879036 9.2887080745409847
25.256396602429131 1.1915856396092601
6.7348633817295926 7.6201158520749264
9.0800463635851685 26.31559855982875
28.981420285295588 6.9918624739426534
26.346366922572983 16.025209108947983
12.041630177922732 1.0668886156442263
23.106296035772878 18.591597754188101
8.6561716402648621 23.659660545144384
15.570381642965518 11.377475065578155
28.671113944535659 30.59131189301328
25.462933756331964 7.2385653813969153
28.837632406132297 20.939988520910795
19.098313285970718 22.735832722285423
3.8655464076070292 19.629491550440484
27.517684699459256 11.026167496667581
17.34042187984624 4.3822326433533698
16.139632239606442 24.12797174428853
6.279270941617245 22.250098448497319
22.268768124018408 21.789760576920742
26.7469793179596 26.245869083444653
0.69818836787491867 14.142154707519287
15.253366470368473 2.1732603757739835
27.37076444352526 2.2203671329781991
14.632923436353968 10.131933467712711
13.015244092415525 11.403742069278636
14.596621283799868 11.933419486115312
20.232627453894242 24.278115942894221
25.686006652541419 8.1418946817228477
16.415137925859042 6.4284851970679986
2.5375471583555047 0.060823401829623265
14.086353265606657 19.723545694826075
7.2526750263451376 28.439542599944907
5.4417590018294755 12.226342174003156
22.321665860223028 14.084818981876706
13.34393857336792 16.080266616158291
26.761552438356873 11.783075416346357
9.2568970481942365 18.256875155628368
25.644776618763817 19.3882749652863
4.2043144829304877 27.166710480073721
19.052986306648656 11.109626357063743
16.926432807091082 30.481626636454358
23.259171470431681 7.7547071202814202
1.6584217273088031 3.2882911009588121
22.197561960554623 13.386136433360647
28.836200546650538 25.298526612180755
2.6506286156563483 28.604034449399006
20.736336992472705 19.929578707143243
1.334394606635815 20.01655179673919
4.7831942689740945 23.779812488870515
2.8425902132793999 21.873372780747349
2.00387096207738 10.072234948207708
19.971213929798246 5.9297046022660886
30.653180647934175 25.233460440808486
9.1441061772519046 22.936189189131877
15.288000099483176 31.195094176091615
20.684618279652494 20.984000388818501
15.220723721190327 12.786146273772561
24.080385917605007 9.1483725591407801
22.397118509830953 26.904329321862058
19.646502605295336 3.1047254707619065
11.936509334299545 24.236015817504288
30.665968695918405 21.369620367973496
5.4829051530537116 1.3895675578956048
22.034209554701995 6.0220142913932344
25.54914459354799 25.429679710305123
24.228703711056294 11.788148334444807
2.2996699332730111 28.072503059240919
10.524698730479109 10.983981043977533
29.32872008647989 7.1009414943029636
29.319263288315625 6.6764459505384988
21.902818986377184 10.29325873123887
11.506800696746589 12.424243767204754
3.7375097727230435 25.875021010150853
26.893513372667321 18.258249231882754
22.734487322879829 18.545662942237065
3.0112674679303884 17.116527033028827
4.7039402418690877 1.8043421550868415
2.3170348435112338 29.736831071997038
21.807981478911223 15.143220448273691
1.8074539383273567 18.210717317887816
20.308339008904081 13.17831346070272
4.7156458091126208 16.482189334865691
25.179775674418146 29.92591822059692
24.994267795095624 31.130876246132175
21.111587660502938 6.8726969820642347
4.172284058006424 15.034454237446424
7.4694792492132889 0.054726045895061456
19.791580259422254 1.3546635535250133
19.729442495397119 8.557810580019801
5.7442980232463459 24.041775258636783
12.687022314541545 31.027466794220391
6.1468640103646814 12.81237705477035
3.2669283150695869 22.766505438513025
27.900019576116215 2.8444707005094068
14.608988130550355 17.70439201389453
11.145174342223804 31.14249911765349
30.124915285949022 19.399457254808869
11.503545128990236 7.4604175305750147
18.564724812116157 20.792013326205222
1.0959347496863479 11.577986164906887
5.9214700625347305 15.379488721320003
30.317699941890016 23.725869985960379
1.0277475610919067 0.76923968681570887
7.6156654336036924 1.2463190102272752
5.1166196799909036 31.436639719139894
13.981570213221085 30.392079140635243
14.034437717486188 7.8897334337644462
21.03644430064189 10.226390027845282
22.244156672492217 7.2533879215589776
8.8884396682529783 30.107946054300069
12.355391765633939 1.99350272870256
16.454627284660411 5.938412246529464
1.1216123999569314 16.04471849632796
3.5554802312527314 19.537638858499953
27.38170407683906 11.675907171735947
2.9888440186358602 30.738659748992077
26.773771877284268 7.5121379151599745
30.04940366423514 11.41083178421531
1.7197561722649504 7.135372604809322
14.766801168122365 20.013811235205562
1.56026305959524 7.4612304484404
13.947486649996007 30.162218964506657
23.562771349144505 20.331734031969305
16.889717118509811 2.8313973853299084
29.816586583182751 18.001333782627739
23.828645168609729 26.465789449075515
2.9341067955412177 14.466532146420638
21.509673043660932 23.207376686398096
10.065575574451994 5.3153406384162531
24.814099359631925 14.41413014539461
16.698087078744248 16.955878548862007
25.137879897278911 22.267270032737521
16.331558596279461 26.03303821593898
2.9975145698585193 14.503429858685084
11.808746463859817 27.606651233593155
23.037236325470833 11.193250818570334
6.328686481888548 10.193038863407763
13.002549247025293 3.1013288386494371
17.864912122151107 14.599814938130196
15.564128636832487 6.5392382941707083
30.609529769527956 5.1536680227018463
0.07634407847007442 10.125230332296955
10.103446718638455 18.727402071876345
14.034797826080162 8.1204591874271923
11.962589175788635 4.0504162706594151
13.326443259870446 23.828140406324014
18.429734726924593 16.406148239054023
14.357684513466182 5.1719264782257417
14.245925715560903 1.9585393641276927
12.574770370288926 11.349642784856906
28.26376001624223 12.743778119359336
6.1268161726807779 2.5086190934054651
4.1887136402844503 6.5927849513062533
9.0109176669741338 21.007740316783732
15.433101438227469 23.82166984735985
29.401056324915093 20.315557359306275
12.35453620577303 6.7501052323202391
6.7058979390512192 13.655137390909132
21.763914067214444 2.1587261249714405
20.4830540140774 23.440815439518875
11.669406819070904 26.758374584540558
7.252100224542156 19.801912667120448
26.192355221629267 6.2927567654682273
27.03285124694834 8.0622825635059918
25.426845118249922 10.498013486473631
1.8566246513627371 21.508185860276097
5.4122096366714505 4.7181689637824507
12.76412613223054 19.573209587444257
1.5669451260572043 15.932001112562045
29.476904526196087 12.222184335686894
18.513261542508832 17.335915187133086
29.184699607607797 3.2034905354104017
24.23893959661898 0.30498354345031703
15.504372807027471 18.078083233927597
27.461371158383635 14.578798066719537
10.525636466537335 5.6303373893678392
22.486776423482642 25.263034375278068
29.501558201507212 26.999055147444391
18.670901162358543 12.413383547617286
4.2252891847789735 3.9026988979764652
21.929773705088859 8.2260017436648898
2.4728288167879775 10.60634533548374
0.87383276210655136 16.734434660703947
7.2716325108190034 2.8445119844221121
16.086609228120142 26.593163100289555
20.171983867780607 6.1770445068436164
5.4180969275851405 21.177058553306789
22.254441187962264 29.03565781233101
5.6429434234263089 8.5583266191832728
8.7786806085923903 13.055480697347656
7.1800671759421881 17.737268557186422
17.706549472101148 22.66494950885507
8.8850580890544339 30.333175968143539
4.3256628902498209 4.0845188084948338
10.092939490888266 30.48375281974571
13.016141177305116 12.964400841254113
7.056299125115669 24.375608654073996
14.114545812764337 21.389460967079732
21.131222026089706 14.524682931925696
8.3656591873753516 7.1429169369570031
4.9123283981141421 7.1887364124439035
25.578917152614366 2.8062537534575949
10.099466644261748 8.2257096772421363
9.9607371656692791 22.489823081364769
24.238218277442627 26.777713931168254
13.579138877320137 2.0569902543828986
10.00765254433041 15.398722784429406
12.829103756184224 21.795446438846955
12.486813211294594 28.30571688084941
21.709114864939526 0.77147930675449927
9.698806679899393 28.266197372904323
16.207584611523622 21.084529977733425
10.783917734112594 24.784756995911948
5.8018475564667815 7.2057132832168609
10.172363939691749 24.076956410595002
31.245090286833289 12.486873830074964
29.797368455170627 0.14167827282054807
8.4635673547770001 3.5988888761767743
21.701258174069476 27.699023797144072
2.5873347555384583 26.661438584279612
8.1691310372314856 23.032592277771787
18.402613505161298 20.329344221767563
28.174483761085231 5.8599945135330502
23.684403762893282 0.52735540487653743
8.3859857196153431 24.722339576640596
28.613641176943077 8.4535399217926468
3.2204802820188396 5.6007475280271173
14.045265595535875 12.572411679952481
4.6074113414386755 9.7198064605572672
14.058433103454755 6.6014298812213337
11.6641119049888 7.7454844695227214
10.817185451361745 5.1149870501735277
7.7630577275114208 22.395067816355262
13.505969462443723 19.69960029441528
9.5527024445374593 1.2624163546156968
8.7774151522253501 21.474609508439368
14.956368888114232 9.6958020799791544
20.934711585439821 4.079388454195219
29.210558310108183 0.82319163586724187
1.392503423486537 11.094633798223626
29.685263297378199 3.1880514915774785
11.197268723033106 12.059507255049446
30.957116639739606 1.6062688541295753
8.6929912930352113 25.692659297274488
25.662518893485132 14.058615970067988
28.635399006849088 5.1351892437037101
1.3375512164755965 5.480350735044401
11.767537316131468 5.5432423296350937
24.764045320487607 21.512921045427184
27.152012386740317 31.524979382136699
25.626244313317528 13.747407839491599
7.5200141387846333 11.334291847083781
14.311854477576526 14.472155255835977
3.4758567769214492 10.268197473272108
11.972127506119012 21.970024655817351
18.978163478769769 26.942465401586798
21.578603024832223 30.988836042678756
24.909980095998272 25.405784281189099
11.736148957238502 20.024108742320259
6.3597479485928226 29.289506771816633
5.0209331368021504 21.934203728474031
30.780675794880779 14.539609482850999
2.3266882592043139 9.2891750537749544
0.22899408867501075 10.529665903447604
16.747600571166863 20.804113639349122
20.170543398038802 28.789776911115187
24.512862062091219 3.0345568679547372
28.160748390653289 24.169673332525683
9.3018460600894439 9.5758651100129963
3.5583694190006097 7.421721497980851
9.0014905205602176 12.149014217760266
27.396979890178098 6.987276127592124
16.546331792796899 21.511478883083715
9.07484272859306 15.918505259098989
6.0253424552427814 16.549014394037719
30.332233008874791 10.234652635654346
23.297616575244295 2.0467112424463223
18.0573449419092 27.843547768520327
10.437172185345064 1.3071534300990479
20.271728210290494 4.1706381039537028
24.118303246208036 3.1110727947590493
6.8410489539980022 11.992269192102588
10.183318168366053 24.010273992182459
28.26416527171823 27.723835741787486
20.047869830566235 16.491742106416766
21.859390257236345 16.726504690189348
10.822608336498185 21.317798449512921
13.717055973208176 21.112661346243698
28.798081067575545 1.5867526587539904
0.8682245431132859 8.2013097838150113
29.502797366764945 30.215463511160721
26.127821871057805 6.1555127728790255
0.67334538945877909 22.941181969569218
11.987306556976391 0.87036200362936045
13.154788306847683 4.2345597121090783
4.722430756107368 20.945636602221455
8.3399075263917375 6.1217851084322037
9.4314110795832065 19.842034838666514
10.490811385359695 15.031379309692646
2.8133389709203849 1.3373474126683056
4.9437043060119601 13.728457964261258
18.187095374123132 7.4799191505146929
7.5882003515070515 0.11349500898469365
17.802494150502415 25.309663593134466
4.6237357501247001 25.903063143985559
1.1825030285825981 27.21167482489637
10.624137461979261 10.493662335345693
29.668417801628333 1.6198286168048628
28.465919963656042 29.191914074538065
1.0342951845324999 5.7282503637863247
4.3605514639623708 26.687609656770672
22.852777463026996 9.0360977693009499
28.212110673180455 25.55314359343933
20.599178845789879 21.014517961928682
31.406412703970471 1.7004738196561298
8.2024878506920587 2.0052182789157498
20.792274398433019 22.129309923275745
16.293782981909818 14.717999966018805
11.025908984555132 14.130398807700304
7.4833288542137684 26.742559839232584
26.328948692861029 23.196210960775939
6.2303005764584141 9.4491739827300059
4.6559139430222833 29.151091681892918
12.409455189105104 9.4245506331208322
9.0414903440071246 6.7638577516912797
10.564364713109878 23.119562533725869
24.154382949092881 16.141247338537447
12.447770002988241 21.564098693347358
26.780949555029324 3.4241493985860805
20.714307698558894 5.5259993037025614
19.918471489991962 18.504151747725029
10.750572630141153 10.453154536451065
30.692034128395832 25.231628896862638
28.88923260862498 22.041309152745349
31.594860145703024 2.817467197971717
0.57616216578182766 2.9391328034239663
11.965195216981446 18.526383710981779
27.315844494735952 26.5683297364018
21.047890057660045 7.6073764252827774
4.9419494768757906 22.055799437256375
4.4825673232826944 14.878808527078339
13.218375950509524 0.82649731107968205
8.0118647503835092 17.013717592498402
0.85071920316463112 30.738774736879339
23.200598945380577 14.88697981714242
14.942786997690565 10.580250356044049
16.627917736083841 8.6765487255223714
11.809476860107077 30.238812280646179
19.14450387156047 9.2859711336956998
17.839542065359357 9.507957924366929
6.0657087664256153 23.610430868776305
8.8204041355899747 9.8973014705052904
13.975028387991673 25.883041465573186
8.2267904395339073 19.283923984934894
19.459394892432659 15.29384364490827
23.3957820273477 16.320562198552345
6.8805772094986573 7.7492003771981581
20.394435356384296 18.785249001440469
16.050048329059905 16.212878636804586
6.6024061640590608 26.868871298320876
17.2022773898242 15.041176048448671
31.002073198105986 7.4947169880998059
15.484416930815749 0.82159884147688023
11.381160909642571 28.418180782341231
1.7373647813918689 14.227265048080216
8.3466113384080334 2.6932585071286574
26.830441306626781 23.831437518858085
22.451182552425422 2.8589431401373897
9.5052510164509503 11.997680687289913
18.678911963334663 16.731223229952938
22.537312301207553 17.691537753638908
26.701674946591844 21.57186697699013
28.986150471830911 11.042354561274571
25.318372348654837 14.316005341410174
30.171225614125959 9.2716054109684709
22.2139791306418 1.9749061902984648
10.178969227454152 26.090425217907462
20.844201339093992 31.59138181163582
17.969708138898635 18.711883851022009
16.191887213268316 14.221869269920495
8.7424915827714464 14.635176984864675
10.125111249495976 2.9227408122181902
12.104854451447972 13.668757855621775
4.6193769264666944 28.175356157800699
7.8107837095816048 8.6956187710400119
17.767061154014055 22.501670910034406
1.3900454009500682 18.084857283219254
30.01757017798101 30.094548998763972
25.40960797855702 12.118130250080201
22.773879175485465 25.31034735121332
0.91605824828462457 23.793241079418319
6.5279587653575319 15.561537856650496
29.689293617421672 23.871548735561191
29.071312932518058 21.796728651956002
25.382428453413077 25.332144088512887
11.586637247421125 25.934513906167368
25.51004107887492 16.128278564509291
13.385289131107948 14.552681766065662
5.0653735852214057 5.2557227618637077
1.8944187808726038 12.908961620316514
31.481163270064037 0.28090509743413855
25.678760267946974 17.283052005209033
7.7905552995879912 18.43633921186651
19.721000886600017 9.0023122866020273
27.265020239150175 13.537883890615152
15.21977414177374 6.564135872971959
13.749264950884445 12.018055128419444
7.5577609390056795 11.278074240374018
11.222870851596687 22.271459680072518
23.638860154588105 7.969709705458925
16.351347573234278 27.171847780361375
30.824814149886084 3.1653557166570288
21.013116771985541 7.6716431637430524
14.65678112292515 15.874928433943907
30.215963382478797 0.44298643131731535
9.9429180899629106 1.8365164713725601
12.182548640355661 24.15825872799914
28.428801752943464 20.161164411925125
16.104254210699587 29.813909881562591
6.6376479334189646 6.1378945677272521
23.242889405753658 29.895430121862766
13.121566269851796 6.3053407825544321
28.23498949424387 4.9218712517303089
21.721061768517078 23.395638880357428
7.8885266769308435 0.80549805560719201
18.806477542801524 30.473842951543535
26.718286401770669 20.936857296888238
14.21262046080537 22.440454773787931
10.425130610074531 10.746694007431362
17.655001296256284 1.7391792923897091
2.5117217772056364 12.812571700421929
31.180681219111637 18.099365311047855
12.109555396985938 19.621364089984919
8.0966131781841515 4.5885506210423674
27.552907892877815 3.757196113789719
30.490840885454205 30.817776153268394
13.887198889003503 18.383850897662061
11.820609450362275 1.1211276946310873
18.043570201230647 31.344766221479656
27.434537744613817 2.0666158564178647
8.3668276281377238 9.3784640105702355
9.6326918437364881 7.2257519784586597
25.308928066613721 8.3695286908847741
25.01935127148494 29.087826870886968
16.540669408681165 12.538723009105194
5.9714099248164558 15.366252881982758
27.187328118068379 18.163709021440148
25.427991071797578 28.196135798143416
21.999837510033093 24.76428541213923
19.591618155894341 11.271701401267041
