26.683341521286003 1.2876425803786538
5.6001348318836897 4.7581449716028255
5.2152491241108869 17.364049728730908
0.93877990070752582 13.481831060428494
24.492053492553392 15.301657915071816
24.306340412061893 19.126120850027181
2.2621989221475904 19.936792863327405
10.512262376325005 11.902796871869564
12.483391391122124 20.399960379632166
12.868685659254886 22.927161413033179
15.637908399721727 20.38795554054073
30.815221984559106 0.3212201088713168
25.862124643737104 22.555769482428222
19.04211653442815 22.399386066340302
12.446285965010453 18.616414265497667
8.3707596801746167 26.215778989119727
6.6327186590388392 0.79639640403078149
7.7149399926193496 15.101947337114819
16.924008439104128 31.347915167404999
7.1257489209534253 24.056725850123446
17.446235999878446 24.089912298389923
14.653474017492858 12.802492531301015
4.2008444110521701 27.159032289053837
7.2383339287665658 10.284365052732461
12.382085084937266 26.083913908798625
8.9469292257209059 24.713126983912591
16.89074202577649 14.89554288527996
23.138922216504231 4.8346545670615786
3.2549623554452567 18.521755261211997
4.0985446367250784 2.4386014207666196
26.435543494946515 5.5262749026814051
20.897233990543974 1.5517376539645369
22.771639028057198 10.786524464791901
20.051521343065108 10.809147280020474
9.3736881834233952 11.758933095303753
26.91186104628963 4.9317416376039791
30.237953868558943 16.440317756658253
31.568728628131215 24.546407240456901
0.29445195898529503 31.153017069523912
13.858457255063717 3.344705002407514
20.779058285559881 8.6598643758279081
8.5287424178238762 29.796959189698789
18.241633268576397 23.830756774156061
18.191938652445167 22.368876297167439
25.21097317803174 5.3834275457443503
20.397183437439299 14.073601794384432
26.235786745560404 16.977825699080423
25.531513561570016 27.959501456014479
6.4777782920170379 21.301250217405247
17.986677567336571 15.605481096640956
20.396761489047879 28.639827538254409
7.022617940421636 5.5367908199450842
23.250223392108019 29.677664733251522
10.955671678584439 30.9782905413187
3.1957795210371471 11.775754428233036
18.495904304983792 31.086045384827997
5.6569306525066976 26.978879230697959
17.928956828619 1.3934607183239531
22.471657133220351 0.60050193979801925
11.276008478397882 7.2083344364874238
19.594475707534912 1.6742932320571908
11.539072858289641 9.5052890876092579
21.263575985373429 23.686949184598042
20.414368265910085 4.1018161435558582
25.117350446526682 2.1089761973007564
7.507522202923349 1.1794506006611725
3.4005052362834132 8.1887761300017399
16.86282675567578 29.617572217156546
23.915703953307563 24.005337448923019
18.013599647114926 15.06824405962154
14.743386662446984 6.3136655245364715
10.677606727226545 17.652659478153492
9.2629176184570809 2.9546456958558718
16.612102376327705 17.794890686190914
28.367346010898885 17.939430014062729
3.6926060401975884 29.04798917423641
23.132256660069981 24.462205752303472
20.945792183811534 9.4701657785058355
30.017333893444697 28.889258253937406
13.962505688461491 31.201700642972309
2.5451315009527651 11.780873311681837
6.684494563986827 11.969310119732254
21.35875713244166 6.770053775836999
29.784065441362511 22.141738570270494
0.12870941415258816 16.501744026906625
14.321143670005258 2.3448409977645546
1.1000123378449471 26.091216963142095
4.1769119783211766 31.313287238289568
24.148412613611015 20.615380543378617
28.980514801273916 24.425569529325021
13.295074179135108 1.7330783207053178
2.800780527384267 28.179819178635544
1.6830233886486057 11.043994605036428
0.20704057985948052 14.813129584141308
13.940761982207389 10.127181945513442
17.40522367808089 17.779881000020222
2.767330072586546 13.295469923899937
11.748013566041857 29.156038656674934
1.8903528928953275 16.708040240384946
31.225882193651632 20.39524853843551
20.539976580456756 30.513024372809639
30.436609433884726 28.101330068998571
22.014468704270175 6.3715513061983762
18.651131168903987 17.076863239474751
22.17264799063167 13.437722677837648
19.132603734051269 16.351235533226784
16.011764657079659 16.329545469773691
16.207788965820221 9.3966142846843574
30.653550605342783 10.346293417871067
17.812637858910708 6.3811677445427613
18.998204429244062 1.4896215082378141
20.481503684947263 19.352291139655033
29.672683278516971 13.629526798795547
28.483455386829302 27.846240010912027
11.93969605288466 20.797961118828336
3.441945897397515 28.650939963304619
6.397514500696337 10.73887388864579
0.84996132125115287 15.948485615265177
10.884610065112355 22.575976496788073
26.795065842779021 15.372521789743137
21.710800874229278 31.084442859596123
3.9256646177537573 22.756380375100591
12.16294023887653 6.2003166041265079
10.197179416338836 7.8260325737957954
9.2602460895057508 19.538010124170118
18.562646811115922 9.2799472655875803
22.126118194888125 23.844641786337824
26.589176699471295 7.6770730728775396
15.021842226924523 1.8068851917792157
23.228067228446886 16.947311610991846
0.0078854422867676386 3.5741026417406734
30.679701255870075 14.529157612795744
15.505852611299611 24.689994124261652
9.6817823216301662 1.9665833839279274
18.125668331382396 25.75111528370693
6.70699457165159 29.088944526379429
2.1956966411429497 6.7517529031764285
4.6885145638486918 25.066073318407717
21.927922592555703 7.9990112933530257
24.176314769832889 15.680067207856265
5.6337318772664249 24.702254598079247
13.974724569342522 31.433979659780032
16.194048714350348 16.693655089253532
9.1689107174234099 7.8475847772785894
1.0235106612787228 3.4522675116927481
30.243319971321345 2.6360920914654042
17.632291035461389 8.6446994673188353
30.583724444360357 18.53889376210855
18.099328041287244 29.410126917333386
5.9066310676259643 1.658830686899639
11.245213865086319 20.987719798114206
13.045961949765324 19.819934690063665
24.437717166735048 18.999567067822831
31.188264043911992 6.1824193685016695
0.62189628032811251 8.9601688205227852
8.9264547866002459 5.9673526904974921
8.5216460139331609 10.983304604851115
5.4754684839412464 12.665194680543285
25.308738022846541 24.96367583394505
26.974531601251137 5.0773281220661888
6.621934332112267 25.492325354457595
21.787872388214577 29.850240619728453
8.1507428218548839 20.872567245586804
16.590430011920706 20.913903079415181
24.702144634587473 7.8226736765317151
31.06205910913231 14.208866861443109
13.034842302598467 29.133463177323428
14.709904969931843 4.3394733211357375
22.587599222227041 23.784727958815843
3.6208820927897216 16.500627649694898
29.527367310947731 17.160545908269313
18.656443158808607 9.3166713779117156
11.293202377355575 11.327541390795515
23.460975556574702 6.3290497498217908
8.8201597281924009 26.202686651242484
11.644261078299074 23.25785480057387
28.359168404731747 13.233839556366178
9.292667418002889 29.795551674200912
8.1686416281892971 0.60360056858162869
20.150349370911869 17.859801797655646
31.207229183467955 6.3330843830368213
11.923550589099211 12.919559107116042
3.0071686667109145 16.010000418069129
29.924885481515343 21.909418658950056
4.3159336808114261 24.493012032935354
25.221702730484907 14.238260192208912
21.857607005130745 4.7436184390622076
6.464047118903264 31.072913947416477
18.034323259997333 10.786530477024113
10.313067049426589 20.778079207103367
26.674610213310356 25.596014925850572
25.407158151427627 20.606489771538715
29.13943681375072 31.437070207478289
20.852278550761177 8.0423900911160278
10.922126711532661 4.8638751922767156
7.921141128801704 16.199569285816168
25.816553152241308 16.330573617997285
17.569489149810543 15.03340014908078
27.253640162799062 27.649563405035678
8.8214805307304118 3.4691275406312991
3.9791439258278603 21.083750218928568
12.602841421348057 31.50223564020985
8.5603093866207356 6.845865924384495
6.4597561170596505 11.368547163082324
30.597169031885951 23.938936639520946
30.093687405001621 8.5932146966076601
8.3226582564222173 24.71280898061606
1.7927211865292878 24.69387610916483
31.347858055412672 17.979118621466402
19.792867269722088 25.422217727548134
12.299097373282953 7.2460132516148628
31.513864398323896 26.29588192670354
9.8689511513301493 15.640257996916155
15.036132850475186 11.988899696310924
5.2768178464420785 6.1160410242655798
9.9466115698321129 6.2017139187122083
17.711927299141465 26.570809341179196
4.4557853380236656 24.207875856509734
25.486384193178154 7.1884675035034986
10.091236776949275 7.9292963787483046
25.589803880523984 30.080074651797144
12.050384632356272 2.116373437935744
2.1178860361655452 7.688176618940572
23.525811178285181 18.477810715640718
10.279000120130064 22.294466506456676
28.796333332944194 26.279257069511445
18.139643416718567 13.500862003719421
25.559827818256046 9.5590507265729947
1.779615432005347 30.102563587233512
23.407423674666774 7.3124671450967309
28.895096212019926 19.408645311875269
26.722621221378283 5.9606608280644053
0.8286981682171759 24.012384816195684
3.0935140076918377 22.737105690783295
13.13430756799008 5.9954265566330056
15.39939185158719 14.731860400014169
7.9556832207400214 20.236359911604268
4.6462094265672826 11.38558125056864
8.5129368303064243 12.49080223841724
29.188490931083166 8.9372624321408782
2.5341149057958789 23.117854802951165
8.8816522100712696 31.044056023790347
26.018393154317287 29.457229940675372
23.493725522619897 1.5301472725601728
28.857122923775822 9.8548727745618194
6.8505755533077011 31.328030113393819
15.618488771267041 30.671781002152979
12.150958048443012 8.817534677377429
14.901663244627604 27.489165728303206
17.80213593257109 11.22393933994619
15.655488689754554 4.1675977825193646
8.1701248107744373 22.444637064509131
19.172987167691296 6.7593358218630142
29.957879685549401 7.5431945415916646
21.340923483743918 29.939997772922073
3.4324011195758208 13.768122553261342
11.419387312750114 29.987621443876339
0.99874619866196546 18.018278697577831
24.326274173922528 15.631451317717241
18.330076784731808 12.978380685090418
16.1090682617113 26.992378385958315
14.849515497266378 2.019893758761901
0.61014303259255709 28.46172004758315
9.5476441220410635 24.762585139678247
11.362232957184585 27.377885481555968
27.283537026718584 8.2379108235658283
27.509274885044253 18.08711740570531
29.139514945777602 3.5245985530027544
27.700633540470175 9.7161533688055641
12.288734820372927 18.416685110538882
12.884142130690901 21.465887419846059
8.2629021288293991 21.81878136227099
22.711434452134558 22.42258092260095
29.749105947932982 11.79205658882398
18.13827618077973 26.931424881327683
14.165956610956531 8.1683429308193816
29.359250909589143 1.3635939307954748
10.636773492815186 12.792361021000755
24.231671037258977 11.728885916931546
0.26556743460862775 17.477783618044075
5.8545658772050437 4.4454248333633224
27.446196104719107 26.059996513740092
4.1000295089230603 5.594374182413052
27.990225780035427 16.266953966601005
27.877749943648034 19.398055593116819
14.811719831165716 4.1067637710287421
26.014442065250968 27.825222225708291
24.766453907103987 23.358652881295559
7.6005562773638697 12.367515970713907
25.244738487928782 25.970060416172839
14.252621828009575 17.939067100597672
22.472067715429663 13.374569969005442
5.2126295623586554 30.531490326512301
30.041164713970133 21.942498107533513
14.169578599726631 24.543598881727007
28.941474533783442 9.2459753257160635
5.920717839202001 23.635726509957131
20.206401168406536 24.603985454067832
6.8824562899617403 28.024462276601373
4.8713373214476485 26.795059905479469
3.9705289138823643 0.70649331600909504
6.2825107071162432 15.796287199501837
12.295558441799688 11.600729603892715
2.7729288726983148 21.695665366889546
22.72756501832259 24.668256656732876
4.8777741230697984 6.407060924277526
12.815057950138257 13.906553698252658
2.1768015560648983 15.588355901627191
14.679210735805723 12.797354036280506
10.861596492794632 19.945303016623949
24.924759175040457 4.2051821533073275
2.8740339394897343 2.0578956636025807
1.2590395036561659 29.166256936768168
1.7357830618564136 17.065747778150826
24.049231056766939 29.248288394440838
4.4411116305379501 15.222408294263165
1.4583058666311568 30.961198858548563
29.648315468055479 26.126510659472888
20.401501284195046 26.609192558713335
6.3078434667435559 19.716061860940506
4.9826943921603615 11.33154568437763
1.749591993714672 1.7941190529028679
10.506061491058182 1.5647843599343407
1.7800193466285092 19.644227001987037
17.71937608706412 3.9108116184027248
23.289339457829612 22.002372950506103
4.3853309618324943 29.727656860784652
15.069360284295181 1.6755897736097407
14.259624503993177 22.42656060883629
24.498306259292352 24.708424395662565
14.936466197552718 22.010542078300134
15.028860433657069 8.5150457914233595
4.3127518614426519 9.6789408090445974
12.917838112279849 22.486311114161524
8.2129755997315339 9.4276423387246666
11.658696191138828 24.963264149461999
25.556657789918027 21.479516855417536
6.0816131318735556 13.272955209626881
16.095327252047117 4.847438440520988
8.1292803707293846 5.0925467157440041
11.829664163382274 18.735870095502005
4.4937468506693721 5.4233434055929335
16.75972848262904 25.051187923358864
18.859436544224302 7.6450583458388586
12.897610406312351 3.045794116555653
30.593268015963435 11.536188391006617
3.8858261973158332 4.3064549118040469
25.763455212138044 19.855565482828769
16.889388046793556 2.8562774548388798
8.8869417145545011 30.044327917351279
18.20439880097878 30.919778728759265
22.074275205572985 6.8762692363355162
10.557519790713897 9.5477556534331356
10.509690819414315 22.959751830565953
14.092837789224163 28.186234727805054
31.229581643182264 15.83890087840898
0.46209044439560754 25.638728357686805
17.242671522532174 21.941010993009776
4.322315148042728 18.716596089629746
22.293346382822172 13.378965209943852
24.959100428346961 6.7646570300382942
5.5814727104995852 22.864856619633503
28.948333007916517 23.564339857476902
18.873924708181463 31.381898158377687
20.021353125026032 11.495288813357098
12.090189689398393 5.0257813542032457
11.315045588872145 15.342941464990576
5.9335178481350059 22.094586270939068
0.67438061403761873 10.521421274905776
2.9730556267154533 26.229650701086538
25.65012327230842 31.61509048382176
20.252321256829834 14.931451275439827
2.2542301514128749 26.003915620868177
6.430761068062373 20.409064600965785
9.3593976936812009 9.9332154742197414
12.689651694208536 1.6559371034157548
16.630325311862141 16.328029031115957
16.964667859140203 25.760885332490698
4.6677278201858341 16.125430239149921
0.26630268151569048 7.5926252885907983
16.747111764919598 1.9105013782827882
26.064679922788887 2.4512386369608441
12.754349386516115 10.218219640117049
17.080254779732655 0.50627365313801764
2.3695162851440368 28.242768185004479
11.13312856316027 13.500155057122209
5.6639263671499354 17.693480102052394
19.595963531541084 26.618347859300542
8.1792495866287496 8.1276244107712934
2.725645806391388 31.083516289970131
4.4531279932778478 18.843420356809926
18.073510639033678 24.423903524473641
11.431529168768451 0.80241435466458277
27.170919605557334 11.546056306072359
7.7498534890972675 8.5529118337670536
28.047916887516351 6.5646163191743829
22.283228110426499 11.251790947299439
23.668164757028766 4.7735342647898102
29.669486096964686 3.7425431947446532
4.8254151959379135 15.113756228780797
22.420930919126103 11.140384122852842
23.528991874415535 0.75221641149245555
7.2963148749118423 29.176513874309208
15.285126316396919 0.13245030543099764
8.1313661223806957 15.314574476804752
26.492245029645762 10.877251151750658
28.181259966937592 20.879794475631286
19.838957511872504 9.8565609331470778
11.039506191253208 14.71915771916302
25.039178189475997 9.5164639914946072
27.193254704560324 10.960925656472496
2.6726604475402373 24.428505229539031
20.769159968921379 6.0316772451775762
18.285897333832441 4.0256532456755076
0.16503576493753944 19.637350625432184
1.0872425456745634 28.603682449546231
30.882476211301341 8.89069246527235
13.557236579711175 13.507873272883113
18.696803894799405 14.97265004116144
10.962019105564368 5.0306702870954245
25.017509458850128 0.88892111833818321
30.429684097178015 23.74964299952121
21.014126351596367 25.016815308066619
18.620492673093587 19.713316442185928
25.64792587808402 11.91774556005897
21.646615813366527 3.9539897742491741
5.7260568253129724 8.1507823786150961
6.337286193535034 6.3310176998614081
29.895344332303186 29.608012917426723
29.352022321230507 7.3858652815098713
9.085641910282849 16.846737539922653
6.8920940045813683 13.186749970518855
4.0259437448043807 29.674967588818703
20.138152754395691 3.5886671727506738
30.943283761682952 20.796252041409961
8.5730811887398755 23.348378611117766
19.960423350697269 19.897488626136351
6.7319235259049774 27.305250360856128
5.2868719062114371 20.946140332099919
31.508911062431636 28.993669665221667
13.43860891625758 27.032667241918741
16.975993916493742 1.8270135029779424
5.5231357585378262 17.200231075812884
27.824609263360632 30.779717472821481
1.1347484114419459 19.559304677935174
26.705770755437278 23.823014263509734
17.111372905321552 12.473631406669142
11.320309915044147 30.906524501026517
22.152652643058175 3.0832749496723904
24.810879817024436 12.607210067953663
7.4088711241832383 9.1617137808013442
17.863676480245811 5.3741958958125018
24.876410720742843 22.25849717255182
21.704494850404359 2.6079022237781957
15.972211718658929 12.896690006738954
21.582525279783479 26.744847466564682
12.570101864071853 4.8521407494319586
12.81568196584942 24.489307622431511
9.8383821639394231 9.0865301102951541
22.974652197794487 8.4295892886279766
5.8123382598519697 8.0710184806383261
12.980914890332967 12.735253068116117
17.571735942503668 18.439551110465576
24.070206926087707 21.231350231992092
18.206001191187667 11.106944213215424
13.024927404544812 28.635912411034216
8.0923010380870917 26.925411051001237
11.885053787114813 28.982431737518219
29.844281324186351 30.300559904280885
10.25309992494876 13.462020280710513
14.50845687370156 22.393927090915913
20.222801188289058 12.233115875582977
2.1017957887131868 6.0500847089924354
9.5010859424880429 21.821912577062079
16.655930075561578 7.0380973776848936
26.467703174712248 17.508724025742413
7.4714031295705556 23.92966162373154
10.574056879970232 20.542950959187632
2.5785207191822557 4.3959515706492391
31.08208003291065 3.1921292036490225
9.9232320455569756 27.884833914358524
31.059333104168768 13.139509982360144
3.7791986748803255 1.3708522064580273
25.659788413159308 18.203784556534359
14.413401100343142 16.148163685673833
0.58863446769086014 7.0934859208065735
13.186075009685899 29.686668832291382
19.299360435901747 26.864634210604571
3.7801673220377969 8.7590738498481748
2.1259547482839016 0.46047290450236256
28.305570640387554 26.98247323838876
20.636405972857251 1.3212535456760146
5.16590311655394 1.6060310513638902
13.238779248841228 0.20277051304114263
16.281029966702199 0.18770387498941066
24.422101331025264 11.651472182563392
0.13821168401405787 1.475613755454007
19.003784330580721 16.71176329297845
6.5096344090213343 29.729393887654908
20.332289266447788 23.918796753826804
14.694491309853708 0.62179021667279566
9.3217992690800031 4.9602306351106487
30.135021544271652 25.719781396071806
12.46364726714763 16.016025577837752
29.200437467127685 0.97715743865809968
13.44654631179513 10.965113615640595
2.0240286956905766 12.094691240087387
15.165549516436727 18.818152169856585
30.526971873808709 2.4306677811167128
1.8236605808477053 24.723991313443413
1.8755081525040009 7.5891861755113563
29.147987515706717 11.228104723025323
9.7367434493168474 18.426866649475389
16.152230127188925 20.029389369463136
11.988105513817249 9.0957508338718114
23.692645710216915 13.982397380863423
10.084978375877878 23.416575842989985
7.9804501019879375 2.7716721590035167
27.886524284581892 0.88667281676688003
27.879587467340794 28.282599298653604
23.334657648308944 7.0542001062473236
22.702584075243557 2.6218207384238843
1.7281274706439931 26.765432760893891
8.8433860599496192 10.339904691880509
5.2212484759288564 13.327386426521567
31.535481413188901 21.394247128368743
14.868510694117123 6.59131681355698
18.752665000297306 29.26052971476588
19.96127460260394 14.367688046258747
0.30174848986318209 26.561224064903502
28.859300468306991 7.6257304971944189
18.440058834601448 29.457970415901308
27.126083191830965 7.0528599160994263
24.808280321827681 7.8897321348318954
29.641051980576773 11.893349148264182
20.116680351572029 8.3213108044089541
24.473703720863572 12.953381398028698
23.066604546454222 21.593110691025124
17.893049692810536 22.069943992811123
10.324061088954771 13.992473687961917
17.987720577069094 4.8549482448224657
25.110672628741348 10.456342460847345
23.949271943899806 29.678991213791097
22.943272260796007 8.9762008964808384
15.074213357552479 5.4925399467311413
13.089160029510632 13.691874517262541
28.42572288290744 0.43259873423267275
26.332119406705964 19.936596395717078
13.289069733628521 11.832154915486624
1.6678476810024769 13.977240850926464
20.529402173193091 12.400607338496023
0.3891523330133364 4.6928254820780637
21.815518225894071 2.6106569009798535
24.842464747895601 2.4832142600625859
28.79618135606394 2.9927218548615415
28.327307679279876 30.641479161029167
14.979516325799652 29.71068397076959
6.9238172616765965 18.464016150796553
3.8753840930184706 7.0610502516838807
7.3141751542335163 22.920735436783339
30.457294124599574 28.013046676379528
18.415243753308733 24.542344040442444
4.118543685041903 11.771339695181771
28.838359228534991 4.7210848045201148
17.588619714429012 7.877870092608581
16.530932102795347 4.9766275967356108
15.892482756390189 23.888412832850591
0.035208518702969281 9.425268464863839
16.157035655734525 28.353116072732632
30.660635728317349 5.7722242647404043
29.452010092373474 15.064697063446292
23.380739512871518 17.494289938532614
31.057875288803125 10.709302358897009
12.823703467075854 23.625137365198373
22.983652270732996 26.297567765604857
10.621672238078743 17.011393252851896
14.753373605567607 17.123600169920689
15.147992755740981 23.495103643519872
6.396389264704208 3.4061864758045721
30.186733782995152 24.717446699157087
5.1014244627844318 19.181622410266804
9.9635698439637999 30.703206265082052
28.945284586252349 5.6561252412731839
26.764635786565201 8.5100366332414161
22.211590005281273 29.554874423328293
15.141544051310364 27.380610140356318
24.057017496114728 1.9522063157957312
21.563250190243753 18.621447427957452
13.680786621756658 20.539636006270563
15.32679166997463 10.827052250087341
10.82416966578316 11.079850736233311
3.5336035777226678 16.686862738035707
9.5845177440808111 27.001962156558445
28.43012875818707 1.9102961819798245
18.175799359327812 13.013881470542078
6.9641298641418539 14.824332916669471
3.7976481361954213 20.683725257809424
2.1534413668256254 10.742554481890281
30.86324886794862 29.292904573185613
9.7872492184409996 11.020702566757427
16.189648079932049 28.995179060985524
13.710257430558915 25.363729017759166
16.482550494899641 3.5575232903878997
16.578517951161061 10.549818459205005
28.10428774089225 23.089349780718411
10.703994597084879 9.4432098571412357
2.3378117002909549 29.72638587313217
21.317796386656056 9.003467954897495
15.98701678488068 30.044166209137487
29.600272228060991 19.421730074206078
10.960988079725917 4.5269089767401436
6.7573711648530175 18.958214080139378
20.005089367464894 20.362319673385098
21.872266844705504 15.769940046537245
29.211962615663055 19.961128584991844
10.732841799376525 2.7986487680987788
22.160163425288019 25.786610474734839
4.9498311077136812 10.85129670785617
15.387495116649173 13.955142195126383
23.843730894020808 17.19914123468655
24.886907696611253 22.684262652634541
17.045458143764233 28.992298030758587
27.712281446915544 2.3445466239171542
18.457972719612567 8.6364870262078703
11.462284798950295 16.252419504896654
20.953520636607099 22.165352610584524
26.650378651074405 16.210338454046976
27.514479887844679 3.8193322259861753
10.472371455018902 0.43307056233321217
5.1271030195223757 27.458225720781122
27.188629153650481 29.42153763688102
4.623985863323834 0.50411014027156387
14.859136610557535 25.185763973229779
7.1557975357451831 17.255993547768284
1.7879032077630785 8.9038500689594695
11.298679013991267 24.875333347384689
26.73274646295031 23.324712531342232
27.163500308814847 15.351696997513537
21.226906073071941 5.4677578833372831
31.119898049372651 22.106623838006961
14.264316099136421 11.098842133852637
4.0906953292685877 7.354818631909974
29.20803749763245 14.759850803897086
31.503740206105675 1.5763930876157062
21.599535355496037 11.164098025035527
28.280340859377802 29.556339062795328
16.232166472123954 11.669719235234842
24.416665542612648 27.256972592666965
7.444915600566226 15.017143218274089
15.341524227133249 9.0335613316340329
20.636635369058972 18.018121019749088
19.173676376628705 17.634591504799332
2.1283807560103938 20.490957245549225
15.177254086831075 25.317754953525505
30.433622612720079 17.382856496049691
6.1219623156443959 25.666734352520567
2.1585159148966873 1.353979069345981
22.325711413213309 10.20937813112976
16.757318439692142 9.3351323886478799
4.0515715334492759 20.706392880173841
3.4664632657717331 18.040800409167979
27.516241540077097 2.5984894337558013
14.0897822033506 27.500539657187293
24.041928098852654 31.133415786067182
30.633006514497271 5.1930290618564889
11.356919917527867 6.9420893558350096
10.590740245013267 3.0469008994390223
16.473285052167107 31.521654676217501
18.182978234225452 28.136007483378961
6.0803346823084841 1.6370079691631447
10.966218792274477 3.0444868934458058
19.053640726477344 12.684470042719317
28.972261112273305 28.258068636787279
24.884502967567741 0.18171103839782449
0.92317589529822253 12.157293610775103
2.0414344003358025 5.3516965384446058
28.755685845543802 5.7427576117762822
2.8140762706016336 27.185792783170651
27.711237985141185 9.8098313609786167
6.8272055772149773 13.584664431157687
19.748342625899006 23.076700446029786
19.824855967183673 5.2013954287648074
22.504247749740095 0.040418093687770558
28.737085020367491 15.315055802154916
18.656436696159076 31.581783681971089
6.6906382811255156 1.8890157683755542
26.880021774194478 14.575789812616485
23.730213192532453 28.420285589529378
23.665595837982778 4.1565856937044998
14.533497336377216 19.836234169388341
0.1040423863796745 4.7565083806937771
4.6351885206507184 3.8870449605146504
0.89164520147072468 22.367857621494206
2.3251571259581456 9.4911880712390619
24.366539620984835 5.9568329947968284
20.446839995540323 16.525887154465583
26.943380788788851 31.557723542314193
21.654137496589698 0.23424922408152715
0.1588087569065828 30.327603176023153
18.34597253325768 4.9635028126836138
27.158122485359776 22.646188814934924
23.237319450560527 9.1267429615909013
29.141569290600582 20.571992890419711
23.906976040792639 4.0601680924141625
23.664406575961458 20.202964795084476
15.8846464137234 19.28872342988997
9.0747616369375201 0.57645634415748959
25.386239987348457 29.063441628789953
0.66969034545932626 13.1103765001209
30.180827254198327 1.4054885432687503
14.866353955366357 10.438373629357947
6.5793721737058215 22.647234752222513
3.8435343622975116 22.378406532566874
30.801667923550532 31.567682417370744
3.8013433129273047 25.7687217317464
28.753903272575975 25.325888310419902
22.521574707891418 18.709915593895257
5.4459174794861411 29.479410260201142
19.337806071140541 6.9636685347233644
2.8822395261123699 20.190986671368893
28.53248614437053 21.558134660818851
26.777054593349856 13.194575198887113
8.9453451849424059 20.826916418204007
12.419721100699675 26.878429262596104
11.461388661778809 25.671678243467092
13.137268809294238 14.736512951003975
29.871362628203929 6.9824059693555265
21.58167301372745 26.816323854642711
22.05572681756907 14.907378116534701
26.660192961384386 30.512081975608659
5.4342698432511209 31.352750158791544
17.859823987522173 2.4409500487631322
2.758027799171225 30.700839216770081
5.5928573303488598 21.640504442432572
0.40936524829673954 30.815949617820131
17.203405434969071 17.240269112924693
1.1080830085107527 5.8826716685770739
19.6683084540546 4.1011256109448784
6.1968451134584512 8.9634374148125051
25.895505058381914 19.091435475779022
9.8481738702032864 16.568826816717685
21.925643158210761 20.381845528891933
16.360648226399952 9.266044838622145
13.113211081116305 30.737506434403898
27.905811317457022 24.539089882815507
6.3403249357133893 16.770266810517693
7.1716298617126402 26.945105238172882
13.103376711492267 9.6266042075183478
10.772389458154063 0.74309214129764412
8.8328015584764046 13.416810331128449
8.8370907235878846 1.2467819900748771
2.3667147829497956 5.787416884827258
6.4901005554026998 7.4636702699845099
12.802479931293728 16.291178911392802
13.695331378861534 15.323963508065845
9.8596269479080512 25.534040186358165
21.278796294268439 22.689029736032204
17.753487062561856 21.164650482049545
21.490971082020177 17.445352116887506
21.70105972538887 20.572689725287219
17.155821667973935 28.012626839062641
11.139691764899659 18.979657802498863
14.591150501723904 20.956821612226193
20.331862597135224 27.947635368659448
27.4911716442626 18.262468496201869
22.932160327784622 14.577804507322663
20.267627407874922 30.463596268552966
30.84876986948241 31.235426883718141
0.33070331133112807 23.64484090181562
8.7096338686043548 0.82450811789329892
1.9827870838964876 23.042536334547236
16.727459746056205 23.417821000392877
9.7231698771940174 15.437182764589176
26.371923760560932 0.42811151867511205
13.792694772610115 4.4451370333178941
1.8562506866908097 18.072968850885722
26.767900925056995 13.469040474032731
29.281204220166195 30.582857614059971
26.205950871205854 13.639200257243886
23.38232492501492 30.84852091339836
10.985515531876985 29.613358399661241
29.303935733268037 23.130849965749125
23.747818890757756 12.425673124773306
3.6474566734070626 12.560874240957357
15.877545559951722 2.9742953073850464
2.9664920669381298 15.303365868309236
15.44675548020312 22.245751628531956
20.771350816058007 12.529821650769112
0.73085610617333696 4.0876003750871135
12.385051333305404 7.5242891966441974
24.156875736993051 26.281803780221608
12.464635842395568 3.6990065440883186
17.103844945672034 19.919467418455124
22.836589020582586 22.436784606790098
12.322195246148238 0.59893038066948834
14.203849206235379 6.5450034799515118
5.411812938133389 14.32583285304189
28.987715512477354 17.735920535680624
13.282885412582083 8.41869396041605
22.100694072134189 16.403160915465943
23.84806590242745 9.4632949938535873
0.016097539528356741 23.660199757364765
7.9160776368121528 30.657981102247771
12.88587568369922 16.903715199749186
24.133562797265746 31.026418183448765
16.952129417250358 13.165361813997301
20.288112774227415 16.065081855109597
14.597423108731416 15.305514584015695
3.4668871009239015 9.9516776992547413
1.3863227333246486 18.570466315825421
28.324011759984252 13.97568149871414
8.7833098864038419 13.346236082711302
13.178968557979864 26.781023698449648
19.508684367109687 21.451103308963518
25.02849185519225 15.12674921854525
25.637001122903687 3.6750298284284391
10.813014548892573 17.830309360753336
19.357605448666824 2.6138478145222899
28.715543751526699 17.167868685842642
1.3949543731082545 21.610198329115857
7.1357184326118732 19.052853583269645
28.437839391951854 12.510575469630304
23.080326038502768 2.0950940524478288
27.145771718892956 19.281549228480237
4.902166096257047 9.1702947548115912
8.3998346209016219 7.7141874660793572
6.7303457072817672 30.818375568087863
21.288998802972635 18.519722915343262
14.097329069398011 8.7126273023570775
16.509583724377471 14.397187049646469
5.2087452222837314 3.6229956637293377
4.8468145718673687 28.45343664654246
10.149484080774069 27.701108102117228
23.347820472899922 27.866609785890713
7.0780500428393953 4.5752948230643238
25.35050930981895 5.7792282211197179
12.502210182736423 2.7956103141609718
3.1949494012707764 4.8707326209972415
2.0428625072740201 3.4348815124850405
14.318323719210275 29.712881317521649
11.863481136622992 14.769583551172058
26.95164720350272 27.271186746248645
8.3374679125364217 28.447026014916872
29.678454208250336 27.013342060556106
18.535705421612942 2.4228214173578944
28.12660565679564 15.694394872586146
10.857567692038412 24.39702517288141
10.291614689034262 6.5009694063025787
12.469354359475204 17.174164610202126
3.103469853391263 24.542664614486071
14.09611486366779 18.249148417175856
18.841629878664083 18.629686498038055
18.49987505670234 27.160266214923766
9.2594451170522092 15.199065741309804
28.877232382677565 12.782578258592432
1.2709385884791828 22.128491838563544
1.6214432073205796 14.554894941561875
23.977260938426806 26.66040504926416
3.9270314125495487 31.320737318423284
23.307198845986644 25.795418726788785
24.765607516367112 3.1843089706118368
19.815632987021075 13.672752990764147
15.370210615210446 14.077184064227744
30.557858162172405 19.116415726925844
4.6856479037084267 23.234133212553196
5.8360436155884425 15.747656668243222
3.2338618253842966 10.024429723547748
1.3194555470609526 27.680125832427137
25.574817875084879 25.043090188111726
1.8045491309630923 0.27980823750336115
25.136369707395087 23.775869806919605
22.246271174348689 5.0690645701902692
3.8662834040187337 26.388797707069784
7.7608308198448759 2.9584011026804462
19.992808249806572 3.3216933422156032
4.0449060908274461 7.2217720500630511
5.0951747583210683 19.736083345514665
23.939681963038502 10.426514635328372
3.0704819624923747 3.4924235690234751
27.17029889753395 21.438530967316844
11.024087725786137 27.170619536229683
9.9822368877325296 29.340932808367977
22.304699450241884 12.661676156614613
6.5148624283183469 3.3614227973425002
9.2382926660145532 18.969898184357557
30.396558427946065 13.728604185401801
1.8884950014757702 3.3033359708923471
0.49246003290729734 1.8030431438971202
0.12635779185720195 7.5160805379195459
21.171575604171593 25.766060445969146
16.677946454327852 18.995676668859211
8.0235131314975323 11.296890944989785
29.443139087207832 10.209475923952283
8.0240039081038042 3.2507434300860214
25.788457600220998 30.016482393457476
6.1867005129018784 25.442017102578674
15.848845979930646 26.622828248500866
21.641619596212479 28.163640512614375
27.456018951608932 22.573109779839736
18.951162946681205 19.276571097734589
11.515838970156667 27.705482703294059
27.873180852524115 7.2552769188475397
13.812833710934585 20.211642198428777
22.62864349429011 28.152981726491731
0.64603394476827247 15.565329899094912
25.289789034267852 9.0673663830846909
19.692763974825695 5.7869112182233513
13.764880756464374 18.373637547577463
31.332250056383529 11.848801400755688
26.416557514702813 1.1019405357751113
1.1747644366153656 1.5464756532924522
19.862378288746712 28.911756881695819
8.968413175990861 23.013117411486224
9.554237143578268 3.9803533893020075
14.69164202432149 29.334972145609079
27.650910336600685 20.896139357346971
26.43882849161928 3.5317722285253157
2.0187420666112037 8.9057627973355515
31.30507201493894 9.0477516854242523
13.330641338701467 5.0087405826633971
13.69393574051302 25.62455796656764
16.61357810692358 6.295755129242635
5.6809337672550173 28.427590194272042
19.926101092734488 0.79861477877690001
28.765409199959059 4.9937198866679156
15.318369337067963 7.8093581374867815
26.713734955981469 8.8346627824036545
16.493742997539393 6.7095934452739669
0.94261006876461495 10.554789275530664
14.719905500278037 15.869879777746458
3.2106502233399428 18.059209318995794
16.33838258840759 23.167911739043308
30.171880593110554 16.226390841544674
19.750480838711194 22.827769728707587
19.534885883123032 6.8995275841234687
9.1861105359425181 5.3414450125671733
13.419065307138439 23.913959271128846
2.378965713711271 14.188119041926766
6.5406460536223827 10.138246899505329
8.4338894542604823 17.565589399650168
6.7367608663503855 6.9328234199391252
7.5304027838450862 5.2007945510318567
10.330635558120244 25.611558084067322
30.638580463524534 26.212883694445964
9.2549807109790194 19.38283138240719
24.922892256402253 13.889805037555144
21.120119498868902 21.126870472940791
8.3836574962496151 17.931692083995895
0.77633345878369875 21.212404064739047
25.299951750004578 17.621513610352345
7.6540554934669363 20.626694420287393
24.698405889577277 17.29303970113374
5.3541991110585228 9.2920330990705224
15.213198400663249 17.835558165469688
30.045661270498869 4.2667304507238155
18.21485373901449 19.742540131024974
25.803753107761093 11.023049698810231
21.022116902539821 0.75523862934509467
23.136216654780085 19.522007123667549
7.8813750720696607 17.624660280185712
26.173069039006929 26.669092106684431
22.197386330815668 19.855661734283672
8.0881239406155618 28.130880117318384
16.375741019430816 21.688815033287607
20.7892306499817 21.490860821520098
19.420761407783047 24.851989772631491
26.728504114213809 25.298563897494034
9.3144909126007391 28.103053432995633
31.509815697242693 27.341116837290915
25.252511885735426 27.679722334219377
20.413077943706984 10.29264198308088
8.6652549791139304 13.593379465304928
16.727671192666342 7.3104025741641285
16.437076242840707 11.396609194831228
13.627852138043279 6.9533869602158926
3.6729098790761578 13.731222305570363
26.319686429965369 20.898536581811413
26.958528057886191 12.666415280650353
20.594153637027134 14.954089925498712
3.5032817374493752 2.5110372569559654
18.798694653860462 10.750051508847855
0.25557146668617547 12.385333510766753
11.922890946997859 11.433966920815243
4.7325611763322195 2.7034874284845429
7.6113743763119261 25.42102962386479
16.260390262416841 26.401452700591019
4.6876783034105696 13.99448535829217
12.083629819170424 22.135465841276147
22.076057017593055 28.108884781396764
27.804428459542414 29.312407837646408
7.2854897787161486 6.5404155367704906
18.852092798703406 20.959688777097792
27.079926460668773 3.486119233747615
19.97237700493713 30.858396678779947
22.089864936219367 16.773927387599205
19.899516923251067 28.53463649397202
27.746651754526194 11.1631336068422
27.681052124211714 24.817021621050994
31.031655336781288 19.272892527131049
22.512741938576109 15.309992522543958
