22.978970812548948 0.17896411812736104
27.58611546685324 25.709557768254076
20.81169808236351 8.5990159698818509
22.550541896278464 2.1016666489661113
9.8933353295707551 8.2052923961227666
18.50778117146502 2.1267558789092291
27.750299015780289 7.989267042614614
9.0859049502993123 0.34053802250014864
20.850231715910969 29.469090726772517
22.582668863314392 26.244976340537029
24.167287776858604 9.7988361569803981
1.8251713133724421 27.440926449392922
15.411835782582678 8.2663482685430463
16.847301721839511 29.538787321950696
11.683120643334096 12.70011184211736
16.124852060994296 14.722169174315615
10.81171193803829 16.002004586978529
16.878828206349155 13.022791365540062
21.447223630195854 19.818301975243411
25.120985369241865 21.715243175689398
17.955490233798695 8.6321132362891753
13.102189386621008 6.4263135290683806
23.940792927617622 31.430512947614783
9.9091713228081133 6.491587101695921
12.276972890921037 1.7785056022624717
13.271016330455476 29.857369152559414
7.0394809918011614 14.07855469383848
30.981361750010354 14.638687550819238
15.451562976092061 4.4944893512607367
31.172365556322852 23.488478570869365
20.793807196328796 13.357452687937169
25.473912548089441 9.5000262857022602
15.539175254937925 8.6520461604468828
17.212766652518109 27.597650164448286
13.912241720024445 12.7315846331988
18.250028029479047 12.450888845004233
8.9425429440774522 5.6794707856138062
24.660353653435799 12.612420027082729
15.105885878414663 27.94515662275958
7.8420257709405217 23.90115832430067
0.37964083453569736 22.471887963144876
13.625115544741037 21.97630834927903
8.7654967027781421 24.334071487403122
28.705408207245164 15.034283118712715
6.9597962868010175 10.49463642115397
31.003611567447262 10.815001251722583
17.467907029921189 17.400928171275456
6.5077489553195154 30.05380017709075
13.239609469194745 19.754718565843607
8.4345808401876461 15.69070882194667
28.183873425092337 9.5275719563332864
28.791492404238664 4.5634326351245527
28.847844569827519 17.273722302348091
26.479686280544573 16.547751984529384
8.1262806834442394 3.9222919468733615
18.553606105124622 1.9872578580500373
27.059486900132008 25.739449990313304
6.7607834299955218 26.982598173603964
15.21379371581436 29.770672056927459
1.6082611104729432 26.496982383121395
9.0324002791090123 1.2762328479540355
1.9683621711511388 0.93957671099709583
22.946530695894182 20.304626202716136
2.2573596838667855 18.063054600147673
2.3705442075415641 12.374266169194854
1.0311634307852873 28.376293300273257
14.803380398311111 28.68195809616374
20.984405667591954 5.5352390212472145
7.8409625090680626 20.17124096510922
4.8434401316139839 19.452120764791271
23.336866878343638 12.820469192773647
8.6545276417347203 2.1112851520897764
27.647304972113041 28.746341114427221
3.4073769889083132 14.364599738951174
10.617819695007963 12.06783295787802
21.719601085179889 3.8016939043153886
7.5922442308775135 17.555183339269426
21.055228629642816 18.805116803359041
18.314419620445069 25.609569944442118
21.725449342723348 21.637361803520953
16.481629293846925 16.09145703547728
8.9501758257545241 13.367568777603774
10.395492176371892 9.7459923300187015
16.455049159161305 23.852755851555326
3.1105185711454979 1.2553282242455821
6.3564653549620056 5.5176108817536882
23.850522963173546 30.937389360961493
21.531980861062497 8.9789680188612131
19.037451100006635 20.381517642837053
26.181187748911647 12.137248790885822
25.700708372992953 29.568870574465866
3.9328563380835067 19.362683374838195
25.366974522324636 0.66629708953790456
24.315270795659917 16.383331821648156
14.756699411743528 6.2800619395492054
12.997082522043851 27.814681256052317
31.577305510773538 10.781245392805243
18.505841051862468 6.3060613275111379
14.032995510702868 8.1643393114719398
19.855295573159481 12.668478577251204
22.138147699267837 16.297561522089261
4.2723247988706623 29.399806830916621
29.006932576974009 13.499916031877751
10.706800102620425 26.348093492905576
31.415397141187444 31.427365338952999
21.214524332297081 10.635132866163545
15.729445690414218 15.615009158210613
30.182888099697532 20.422758887569934
27.212949521113192 11.512736557561929
17.076847285708396 7.0912200833869541
23.618202462248934 4.5122038069240604
2.4007420595734024 20.510289011940657
25.033192208959623 31.082822429427292
27.045913645334995 27.881260851487284
26.757875403989839 12.711953535353883
4.4203623428059817 24.589161583319161
24.769068292408541 18.755773661954802
2.8352857116879679 2.2566921359762135
16.290370698471698 26.888505395556557
7.4605924350165171 14.218674158930604
13.109693457821553 24.575310596174617
20.346637748285623 4.5286205898550209
26.409574705747467 3.6053519728387258
8.5159636073038776 10.323558854426024
9.0476765117505629 20.458108534340017
20.296322311270924 7.3937993295637199
15.948146135592459 10.259561998861267
20.757934077178128 18.813173334759963
0.86394833842448682 28.297710816794083
26.656486616772206 6.352089455797767
4.75612593093574 21.445372985261823
25.483993692660654 27.794292648999168
16.652032124569672 6.1567163540810323
21.970066733191207 27.400400963688966
17.077375657825726 30.530214633626404
5.6672376344049153 5.5560550501003245
18.833420125731994 26.612009447248997
5.481133611154549 27.718124953439048
19.596316927015675 30.753872859305929
16.894986427520468 22.006204676579003
25.980003576162392 8.2783622072187359
20.957342365820459 11.07724807607001
2.4289772765009854 12.10790530280066
0.2253724704880368 3.7658179692686913
23.970050992590799 7.6496601889558553
27.428787410369104 30.620531761224367
28.50121596439347 8.4802559311070311
23.685344133603547 19.72457326057004
17.171876426770272 19.408740311085769
10.312125332512043 7.4358341950118962
7.0679515055688933 29.008617185293041
20.741571224342486 29.253699580285652
14.21550135090866 24.082214657439856
21.935439463674051 17.122722097884775
0.34961663536393001 9.4340050463880321
20.970151105732985 6.5572431151232449
5.4962932057950704 7.8261480809786015
26.091499495894919 5.6729033968223286
10.844520984731123 30.889909843351809
13.271268406164211 13.866282352011881
24.564098108972413 6.9204366074576642
31.136793508194636 27.364818066396509
10.095455908745143 26.985366407257029
17.37115450800157 14.817634940372738
11.376049668078048 22.355054750919837
10.236192872906328 18.786085841852355
24.926236525752699 23.476711462638541
3.5731678539427998 3.1293460565723801
16.056139107557421 6.9480703336570215
27.748844755395925 23.691486927110478
19.794389451379182 1.1692467418046215
3.7858795089972102 9.4363027316215771
9.0346887817918837 25.591271501814767
4.1966201443095725 23.844520632769761
4.7589999481819518 19.345388952763624
12.632233336557688 23.091470839347362
30.947954520460382 2.5045963696575591
1.8283692411110621 8.9695617153099345
6.6075975838950569 19.800841545464639
16.59645184579119 24.13930551434456
23.541188895222788 21.277924165081537
17.229125132649234 0.7015277078558636
9.5309126327618792 2.4511248542667889
15.611693545766403 29.187163287255409
15.112878765132269 0.46283304462951691
23.157741569928337 15.141543900118913
17.324942350564239 14.650517285561088
7.1047980448184989 14.678582764539927
26.511971522626908 1.7791481173668433
25.780954097276236 0.41673963257653024
22.416646138570911 4.3524550609760748
24.750587820301863 18.872352702500251
16.628096144324825 7.6845302164384499
20.318158184280598 29.102473348523027
27.117902631642938 18.40832484562964
29.569175442515348 31.529860720745148
17.402439532337944 2.2348030100996996
30.894787483051129 13.889035141025687
4.3426754555939668 17.180078260830065
6.7126797181902402 17.840787258238951
1.6898193293837298 22.4501777433154
19.411348499430879 3.7486702392834972
9.8938095851351715 16.512334831294122
26.107055677851662 18.956903971767623
7.3879413977851982 22.407664023833426
11.392254947872159 14.748096226214395
1.0748168448340165 11.396292473780312
1.6994566717234973 8.9091533884339924
29.407760578099701 2.4681553415676158
3.0156804632800691 19.059488518051538
28.576573078402578 30.355121961658543
29.079119270885478 22.300453748316265
23.393839245301972 13.007694296153932
11.115884651493863 10.81337371331742
26.661223394673819 12.099006519839028
30.307936194391988 22.293389470017708
9.9051852374714446 5.443143792506711
11.446453778316464 17.891254682457959
26.949309591620718 9.3666878215265186
9.2285361337330745 27.323473030688199
21.779852803042651 18.632519972057253
25.897502799028683 27.566959211291451
10.687988224889173 1.8981813033197956
5.0371067119033963 21.069150727184468
6.0705675396584988 29.202224447310233
31.621591188968182 24.686148864373582
28.881187416372082 22.487477732849758
10.981358994161209 28.210976669986731
12.665166972761549 11.719251184422852
2.442300383160092 5.5172736142472214
11.109813154635869 29.146698712247385
13.213335034583558 8.8251385393741355
17.359938492428789 3.7643014025020198
1.701776002058907 11.069388476154215
7.4560451465763231 30.50304020006725
17.332241010821424 17.536270869026264
25.269127592890403 0.62524473999087393
15.311537113716984 11.40011582609079
18.14269810971598 24.236267389671475
11.213403025869924 7.2167260413295695
19.839452549847817 6.6073369304621865
0.35453937777021499 1.5054166318228968
24.421182643434172 15.764981865658571
8.0918309805308901 11.017678792061227
5.1034004324766045 29.946344039405375
25.082388847167756 5.8374004808930282
18.66517013749603 7.0507346991911231
10.084822598248184 4.1685557300602074
18.359820197493892 5.9619401453341254
15.967942823266378 2.8513346910101354
26.246668925665155 21.375651192531926
16.474360643675414 27.685694963095319
13.063579837310835 4.1505907293323432
14.095605475848679 0.18359291741233286
5.9531005403552761 6.9755302183832359
22.216110787017438 11.654486746265992
5.8060089634338885 22.290605273772886
25.418179596483 3.1874292681594341
25.518980081878649 10.016489481344278
30.85754534737686 11.553921601948213
23.189593219638947 0.74895910835778512
9.9238482512009991 19.486781912482797
1.0493075915989849 10.024632925032666
8.4856027296847305 15.923373239008551
7.7566605707924152 19.533003291765212
27.127661585330319 14.826231333404783
1.0313293497219236 23.001448952086186
28.712520724753208 18.396442632768593
7.2539476993949803 16.163132472048339
10.599247612011004 22.197203568917718
26.239846728877488 27.228817792295942
27.85736922720146 14.937620158900639
30.867332611716986 8.6700881327691715
5.0098269383071221 14.041773108764877
12.146728177287045 20.774648473406163
29.910802988523404 24.272667861179141
29.529403311206213 1.256394311040512
10.513392481487847 21.104929317169614
29.05732641762911 11.287600038357688
29.831932057683403 29.00916889812579
30.167245115689699 11.407960901164998
9.7190607938087936 29.896961199666329
28.530115479384971 26.772589365803974
13.734747044897915 1.9715854271880238
14.736811459614561 14.486563333424815
22.844941538539413 7.4421829338910905
22.271343583829292 11.256246647206504
4.3009571533600104 22.848360545393998
26.395700002768219 11.466804768447309
9.695833549630068 28.808425429442664
21.357687764073212 31.351619494035493
5.8183774983810324 22.309690011739889
4.812392097297316 6.9568504645187685
0.50873824460618422 14.47432122663175
28.43712218961317 3.6812108002190893
18.431345762238411 14.136223729912027
21.666315711426034 2.7551654115382531
13.097526145514419 26.780239451123805
3.2545381459711344 15.834591185283028
5.5326844142736729 10.456997392905834
29.109001283084513 11.064580648010899
21.065764673220066 15.487593862355038
20.203644752052661 10.492433659686604
7.3044951271723075 1.7903094660451737
3.5541532344854243 26.78938697208045
12.335311350378468 6.4798834515032402
26.306248732015199 3.5634355036201817
5.8175219453618841 3.8495585239759369
24.796455465730929 25.857659059870361
29.571630296109749 7.1115245237636397
27.63633695770266 0.90447377015012786
3.489927346730274 9.145825644751298
12.16260873654039 8.34656027387671
30.1200985825194 28.056170532884323
13.032806379137206 29.814671998436044
30.932023693170738 1.4817859502267154
10.571825700121206 22.829862802160392
22.115344563597731 8.5896190057173953
7.4078701632975799 31.547699061909061
13.29738124562412 30.084262178737351
19.564704984382391 22.552046996578568
20.778475173751083 21.564533080251195
13.030921244743183 15.392477581174429
16.649500264626404 1.5344742279803776
1.1695468820442279 16.701148196372344
18.417966434301405 22.706850902374903
30.518887206338544 9.2980359180614283
0.090701217654427485 0.15819569741398934
1.2920970546431754 31.072862536497524
10.988589044497644 14.142687171948749
18.479236225987442 30.511647670783276
13.47197684016103 12.342330331337468
7.1344805559403124 4.7160089205213591
22.363271715517268 13.187677028068858
1.8512155566217141 24.340176549572792
15.705157434176934 2.5386916878542665
10.305177929400436 0.23291640704739347
15.790357674150545 12.490066542969766
19.87304263958362 30.909753426100043
11.206499704197023 6.706990689528296
22.451006540313195 4.088365278361529
5.9003491056680017 3.6941210183272779
13.825903788432433 10.826162143679381
24.514638849699093 11.680661853906168
0.98526862457720343 15.562335280438056
9.3961726488191726 31.400547901573574
5.8333643630858933 18.926246893412451
26.521729829173861 26.04132387281804
12.733905915727568 30.934003482959437
7.5711709953985142 21.278921518163049
30.969445942061459 18.760696068558115
2.2970081001518921 6.75117134627643
8.3233875190466051 28.158691694093413
24.781183221560497 14.82357289524408
25.600548877316701 15.379680713658225
16.146379295471373 22.411111625973092
28.353935451403892 16.856652967675906
13.550254646076359 16.225278739145281
19.954755225509604 14.111613057463442
7.5573197397343135 27.461200527278169
24.669272205686578 1.2549128652694008
19.272598138116702 19.341105060835147
0.14734736379068261 25.897148598410869
25.01024348164994 29.395817840660385
5.0469896737858422 2.6585202538358725
25.705170220661749 20.125510008897152
29.703528359365759 29.633724279577674
31.507541966739588 24.05449256126052
12.28333255389763 19.740124628604928
4.3892169369735905 8.7991526298530349
3.0512087700941617 28.933876039802882
31.349032978212264 3.4316630154226107
29.753141350263046 0.70340214069183871
17.318766838348914 25.170719693284276
14.075738589399529 7.3339521779723746
6.4777926402075927 12.587305174748488
11.885118939365972 5.4389050790213451
29.800182196882339 6.0343708113112244
23.327147383768501 14.262009817492917
12.684133968893562 21.955757993673068
15.582307753393241 25.065478983231159
19.697731920304559 24.340581354611409
28.619030932708775 6.7202281254413503
22.135947768492109 12.315238907508077
5.3394212250032247 10.879569495173046
19.783790344453291 8.3594426860820299
19.543811967351964 28.983500235772837
23.897602913143587 9.847519110169463
10.092749764064754 2.8999914783888161
11.787384850580734 29.030998015410049
27.903338008392993 0.041365920436051341
28.446309664347147 19.589399164722415
19.727468349769914 4.4609042898066029
21.43961535596469 14.454960646110955
6.529893855517658 23.476408695695856
24.211247412741454 7.7993655471341912
4.8339677232509528 7.0877763650646184
3.2278455638811914 5.2526481139938257
29.426395006916483 10.030058171635813
23.01548900116671 24.470107871524824
1.5446025534503562 21.038505619384516
3.410048469578375 25.05046515604225
21.00641752772804 17.19462908055942
7.3399159808452721 22.537655135853239
18.632245422227214 20.702298681328998
5.5674233741242629 20.492799121768368
12.689342465157859 18.239100738009554
23.034208379070858 23.095017815321548
6.4545401312999369 8.6820377257885095
0.9530746205159677 15.46925911248891
3.2765080956379076 10.25811910784468
16.981967179857111 3.8975464014552825
1.2417268554551693 6.1790280943924314
29.717590837417085 8.5173532342503915
3.6020100337199286 28.647931770268912
11.640129627234069 17.865775919012826
27.96211155380751 27.31897347352859
24.29976936546932 2.6534332497363464
4.8293370735028702 14.863071437299855
0.71127377298922945 17.689364975985484
13.055778728819005 6.3974186642538111
17.557476713922881 15.989984529806515
22.281266479930142 25.013033346702564
3.0690815665443467 6.8664266741877409
27.832932454096493 1.7521366479358784
16.519863074120714 5.3210433269774837
22.074835020584363 22.975107166587598
31.374161211870994 13.204589401793719
9.1498857681237933 18.346663041807549
16.369268623622414 21.481424046935441
0.72054249625083622 7.1160710673639933
15.461406289236081 17.06173741823136
14.355729306320121 4.8615253033544743
29.505778170473665 20.494868176494812
5.756447906634695 28.129322222593576
1.2413911496130146 13.219738655269616
5.7795439187888933 0.46988662601715375
7.2566520058308921 7.8918654750865525
25.673751662969323 13.706550941890335
20.372230327948003 26.080636775816892
22.646596769269301 19.628201946184145
27.865324443625195 12.350035268808091
14.782126080271157 16.184602969194152
10.336005872542327 18.541264277786571
19.337856801085788 0.7327533607248411
6.7323888151891156 9.42628799572962
23.270087898905679 5.4909674339470529
20.915159559103898 25.109166178113
2.9344241243444542 13.225242429607164
16.147111140447215 9.7891619981241274
6.6990498274237984 20.366527972194305
5.3485775889908211 25.686296938473976
16.90486494910699 10.700117872382865
13.127681770311129 10.967571182909571
15.847359885489272 13.706270929477284
22.443168713320244 15.039930361707476
29.097952163532092 15.446910498195168
1.317772792256334 24.706787996756592
24.846420086109934 24.816923819406441
26.501397815258432 22.182308249496483
28.664737486068013 28.07502788568814
29.926278425030816 30.001635633913928
15.553414248603438 25.153534726782194
17.136108742595848 31.035666240879333
1.6314420735374433 26.366182240111232
2.3995756611316885 16.826071075872225
26.161365254533486 1.5984596307090873
11.521228465033328 20.270940212501912
4.2562105368727448 17.730925909772736
2.4814527445891907 4.4036940106164453
6.5760815871962395 10.473280834271993
10.962198346639324 15.851092838824728
15.587231417537623 18.196974772664834
30.867721007028436 26.703073754460288
2.6862552415869492 30.761732833422023
14.42075269246342 3.2253752092123404
15.849598612616413 21.556333615668624
6.4608312134322485 24.060750158646126
0.76867332051301251 22.783932941450885
8.1829835388637822 11.492640763786177
1.5538379512713092 8.0596370466716181
9.3485639258316802 23.566030156161986
12.497960921797244 9.7739758473982192
1.6358365417037917 13.636514796968807
16.133279311464772 4.9055067641508234
6.5871148670994728 21.617438649746703
18.369793120124864 15.921907931165139
7.5824357469974464 2.6323547943617718
12.321445446256229 7.8759604644117047
19.524448465704907 12.962703317348536
1.4085320564586714 2.6025401179956775
26.570724229356539 3.4053510741549968
5.3150975950760584 13.876720349254951
23.278849627590702 25.366739300359647
14.09795147746833 28.705372612068356
3.0024792645675382 0.74837426157554721
11.059809957400189 13.620515729887106
27.700998214774909 18.966847715744933
20.737329760558332 31.295395953176296
14.128140317524403 6.1121252579809813
1.8833189037046667 2.1082166130189695
4.1651964393538048 0.43716592386191877
14.691284805830488 8.4110690236555534
4.6899003011667277 4.8118757689443878
6.7974865223011705 31.544183847644852
4.0775190543609119 12.069636535405566
29.80498606197094 5.8423036718971488
19.125220387683051 28.1645744313394
8.8219574899351105 27.205863397815296
1.0126211436888501 29.850469570686371
20.738585082424748 1.4233031686566253
19.590340781601306 2.6767388253321962
27.773707729586992 21.129248622584186
28.127988223406764 8.512292796624763
11.538570462213132 17.430058431700044
1.5598217186831469 3.5098720958143903
16.445006085802774 11.208999335078156
14.527437682093911 14.513901061659002
2.2079816862116441 16.318371460188327
27.769181705372329 30.203133563651743
18.799514660245041 16.496951458776085
18.45897798868268 9.0189447369247144
30.196616150582866 8.164648051114769
17.403387452414705 19.945417324221189
2.4350176576312221 30.49334273350825
3.3344340196087119 28.174587163242172
1.3589271072702125 0.71829019149355888
9.2630985762434435 15.154037186486171
10.865222202874182 24.064377362751248
14.635743755647511 1.8043440911017374
25.773779812643312 20.397257012444829
5.0424087206431789 16.296079572131717
23.992429272184488 22.187136855914048
27.992496146197571 3.8684237246475597
27.917977500570483 2.6359087113748068
0.75252838426592961 6.8879088138995996
8.9899136549716694 17.425956255499887
15.044577600401258 20.272333275682584
14.161201123510992 24.484265108642617
12.767975448236713 2.1420683845317976
0.79278665662464043 18.025022263194746
22.321978980520331 30.965315653044637
26.83631536752177 9.7481368150241714
22.136413223234868 0.59183251647358959
26.848195357747052 7.2543615335212275
12.333625574763376 29.168455965532864
22.462915806759977 6.7418274575185118
4.6590736258984027 9.0073484441186906
23.30511684232739 30.30771602593456
25.834906055703506 10.256184187258208
15.664071710726583 15.509155520145718
31.259288238398749 11.903695872836796
26.12236283017516 5.3870035545851351
30.070538852345901 15.216166904300716
11.240359396260628 8.1527696415884829
12.045890764221337 23.21768923715895
25.141460486996575 26.457539993809153
11.045098333491566 19.44784960408878
5.2231652656476992 9.3547833332571706
5.8980987942158052 7.3288629001622914
19.293201803510382 15.804694672298126
30.695402590381068 7.3363479296274328
17.226590336080548 23.430029372830312
23.400477149383022 1.8916267904385611
11.985452154577146 9.7858648657721936
26.86353630708707 24.795575774658836
6.0153558037226444 15.498057946077035
15.257535209116543 12.45899695455126
4.67302796811971 3.4448747424422304
19.845559536185366 5.3519237252787395
25.639905469964177 17.462820681932403
2.4968500469631647 17.749782610598892
17.779754502079751 28.565505242241702
20.81633342195147 23.902459294138481
27.401746699257064 4.9705143697492762
14.394578407328929 0.042914515400657174
26.138026200841523 13.906650535304475
11.953625387080878 5.1858674980368757
28.753903474906867 12.86225051972742
7.9170680928425989 12.605604566575689
11.027126612742602 4.6910560708837385
21.356271233692873 24.303272506685786
17.834063593567983 8.2656852610660057
21.846517272123304 22.568555228670121
24.66144690855181 21.543733923992136
13.02708396694732 23.030831756749656
5.323233277976871 24.373263287678224
10.554873864134402 23.91415100121683
9.7337771267473787 3.3789352623889721
18.248223673519149 29.635186277097684
29.948573401217335 20.532776822866509
13.669162345215657 17.23444590665801
6.7207560127268628 11.581657256561799
13.79980889856842 8.4798757887218184
23.367530278406072 17.671926501458511
15.961304079702327 26.486057768125992
17.241456940419532 31.422066462044359
16.048521993764965 2.9631623100600981
14.101647978115233 12.967210177647928
9.8290573498143363 20.59805800035566
2.4909333841655443 22.432919431755334
9.5006828475075498 11.704660816279462
19.043591113775218 28.227660441193411
31.136272089115561 4.6469452477084134
3.2417161582137375 20.488346777638508
7.025623688929592 26.397227781066281
13.821550505468462 20.810141772010212
12.924067858887929 24.935745920915831
16.246063702634775 29.039193227846713
29.325971966254844 26.325169734888217
24.686333772756058 13.899757609128866
3.9014147670812309 26.075150322071512
11.247864338317905 26.727390488615459
6.4132159965363096 12.901500260198457
8.3402899703688966 22.968598776233939
27.360650398855412 6.9272234510341839
10.823478028464331 2.2074080136794136
14.488577152412637 19.442825112374315
27.729049681164856 21.769726393751871
19.839714739720662 25.130658870802673
30.357809555220364 22.482465800179693
6.987513379704656 25.855074164229478
20.689258009364242 4.685909072930631
13.303677150618544 15.261555496932504
20.378610421607274 26.892500590919596
22.082678708996184 11.051680010755074
4.5767479579911852 2.015137354420284
18.050283655138241 22.674335261608835
5.4190642003686991 24.008472259379115
20.644839518521689 1.9326741320187526
19.731659773691621 18.515718508486032
21.300540410766409 6.7063806555367682
29.835034273960584 4.9299732855713083
18.046894403377642 21.261999216774967
24.376311588280835 11.692431992499721
18.010598709000742 3.3885355049564128
27.551526215677768 5.3183076899734241
8.8538682161426525 22.662586424429186
3.6860771987815171 15.93626077147991
24.842501514292373 5.2861429229341121
1.8858837008366083 13.970682586945221
0.10366629785289548 16.038373145823478
18.004433779451201 13.826197921164241
24.010065646890411 6.3131336441949966
30.826908774049375 3.7816191564518697
3.291693294711052 7.8804269672650404
5.9627076718119829 25.545647188317147
14.412371183112999 10.225070107474414
12.138084089042918 14.299202419035234
18.052546350696129 11.318550878651788
31.619436318033465 1.9878873705715974
25.508203919160735 23.130009441342878
8.7026476339662278 21.136454715575226
15.234112681212077 5.6216203472468838
5.4396883650115608 18.444350357155699
5.8218452844253621 1.8567880300920185
24.809492335074033 13.513706681979336
14.386599783506611 3.0994136562328496
17.862856451465888 21.403566803205422
4.1753703790580268 20.996032324201721
15.659194229361539 1.1932018681186396
20.78468854632732 22.579236666273975
16.873055948480726 19.497147602492994
24.131540025784982 23.968728907607534
29.182545613912573 9.890987194561788
18.522240795961732 26.166668006058163
28.677774366120019 25.717273483226556
14.350694953578378 27.514422024910772
21.8585750267066 6.5322983262927368
10.469621171533609 4.7196777492660553
18.631022287309467 14.296818787435349
26.875960590075362 23.489189559402689
26.980324354188102 14.250361291803987
15.945180995643019 7.1674276721433694
6.3856312863486817 17.778032966264306
8.139597359153246 28.523677415713511
28.715760824042782 6.9968695133024621
31.004884979567656 30.808022044095441
3.0027501817934499 14.223052311481291
18.641207906083352 10.313086496419272
26.833986055272003 28.564691394178507
17.107015341067097 9.3304929637968517
20.932089719823232 13.182735556547961
18.029861957272548 29.076764748099091
8.2627030327336097 4.7063851033781612
30.92372827265639 17.86672316316648
21.357415798019542 25.335172070350236
17.846957440185708 17.358844200507225
17.895535424615694 5.1930048984339106
8.8701078812564251 0.43589864104342912
9.1404919935591789 13.585288687131683
11.475686104448338 30.600854720928087
11.074266106566913 0.67468048613108988
1.5715501658970943 24.977863049443055
17.573692521398122 12.667643091650788
3.7903405235487728 11.447363071028239
4.7296812458630413 10.81712634042527
20.381696726686446 16.424771555780161
21.722600755369672 20.09855634046415
8.0887109439184588 13.230996076956769
23.45008571494153 19.670016839590513
26.568989360600071 25.385752783124509
14.125050016568817 21.347460352085371
12.754796982257929 17.761545437251502
13.565254390203197 27.027622176992995
25.164789214553242 16.765328448840634
19.711339236022074 16.918768367300466
24.465384171770932 15.924759053817308
8.6040526571806488 17.562837648201366
12.460164852020295 0.61841412747418556
19.445185100200064 24.134909989866337
8.442583640624127 25.196913400920266
11.932155518190081 3.4396125946777567
6.3235074599777494 5.1506903261604808
13.969664221786749 18.413575534561165
1.8683316576483604 15.384119341979346
14.325441379328229 17.051370632711766
29.598185685494865 18.59810718271137
13.157673192059519 14.81676088154483
20.804255811310099 9.5611677976322476
24.206371008593003 28.260663888357847
0.90147947019813179 11.825302576206017
8.6223177833234228 7.32785413652309
7.6479223180660547 24.843104635330118
12.186505876598472 3.7417777069334006
27.228107813698227 16.371476940060607
23.974890467107134 2.4747464217348853
27.100883812335869 22.259690927580802
9.8824831910235229 6.0301476897208808
8.5407436097385379 7.6751438585009026
31.268035476861566 16.780919443072403
29.102319887040657 3.865173975369848
13.466228555439384 2.8668943531789219
18.551727726488849 6.5362331717860114
20.002423273158929 15.071105728423058
28.407087564524389 11.015969876363002
0.16796744182757914 5.8652083761933538
2.603493111996523 30.246372755363737
30.647082897311506 16.186409082549041
4.3836486594624979 22.685564536391468
7.3522244998619035 17.971254573124945
14.58826004606335 22.469001922531806
7.7192303781203888 5.156556443177573
12.734095191386164 12.648155736364235
6.7591285253337379 0.7791060971005811
5.1229962982736836 27.287785924343439
21.605430100169077 28.758555287702379
20.276163709437871 20.604502472741853
9.5215273858161957 9.251409927688325
9.5600833148654392 25.416177482626139
22.252302938114884 27.158428886376143
4.9311909826736287 0.91977010801835235
22.518480112931368 21.334906850197342
23.413224219825437 26.903916896647992
12.465328907521247 19.8611021077487
0.69623167537926589 20.42635204413525
8.4248661107204246 26.872900351684418
5.0656297780989537 27.295796457456898
14.385875727620826 19.892894413838601
18.964654860773972 18.29683690574538
30.185991904349791 15.100242815685739
1.0210293495731129 26.665943566774772
8.8468546743764396 3.8957574872121765
15.454177094981222 23.979588011007138
18.556971467962011 23.68635187307008
23.524933892179295 25.92920106721245
27.050907664094009 17.88498403025854
0.95346141137063889 5.0118384011614587
0.12170435959884846 8.3341916859736624
29.232725074264533 2.1003733018324717
14.554208914070548 4.3890838476908618
11.290228174019667 11.137100953811158
7.0664486137547842 6.5574644468258256
29.395577442082935 19.290752352007761
8.0329532750604109 6.893381557684676
6.8328866801732007 2.2095425434282503
27.163940124241812 1.9165665708719017
18.061435477294719 1.3338301586945593
15.238540285831231 22.972015235994878
4.0021008696211346 0.16925266515589454
3.4590373735495996 25.448317704553652
30.608978091424575 31.3440700010092
0.50753277293285493 28.986927860346523
2.7085729804884653 26.382677484508772
7.6070047117987354 8.7167795606229213
11.009172804955172 10.964183977050666
4.1156629496094475 2.3323833999850643
6.4040909545354019 2.8852699370547117
2.1008263984566131 8.3125250089306135
29.69563882514246 2.2319113848794183
12.964109021816094 27.855497869283823
20.874781554445597 17.519393012939936
2.4301873117070731 24.311902267663932
29.152450965628898 24.29446476313543
14.157268480852677 18.28179404011102
22.589563483694416 4.3971580610344514
0.44268660044626823 21.023875460689968
23.436861382755826 17.798807420445378
3.2554787800934917 18.674798053095273
17.318071918338148 25.403616883293438
9.4298897931648451 29.646341386659302
11.809442722537446 26.464894479931328
25.787241355599498 17.461328991001803
25.00990420018227 3.3098729510304814
15.690447459457692 26.636890718990248
22.305802173266489 14.120846228188629
26.713283301124189 15.106415749234987
18.157760927364368 26.229074397762794
2.848381784079113 31.225399114101272
11.981310889995081 31.482306016497397
23.210370909302611 29.260273228643971
29.078745802666027 16.19946107898534
7.7604678688052733 3.2723366019511113
21.254097198839641 31.316213598753794
16.05663134033777 17.405592579704024
14.083838254103252 10.432529832824997
25.795533885813544 23.592669001980969
9.9203101769501369 13.468052770461131
30.500854562297331 13.327458272768276
22.722658235488002 17.336071401583954
27.116683745091986 29.340615931035877
17.667460667136471 4.583391139387988
28.111051976875356 20.55306847530915
27.381540397754261 23.658760700246322
4.0645803762751962 16.819897180599007
4.5915125834022525 30.102952099673978
31.418976118228482 25.625815275459985
7.5903513297823384 19.547233731718826
20.351913668142469 15.271270895500992
21.911269449480848 29.497986555712689
19.035341914255561 8.466097990025105
26.683765474277248 31.194816207558645
9.2179639704199534 11.180076018631928
4.9249696225456994 29.921490270260474
2.0234579641682737 28.451304027874276
8.1003684766190105 29.983236098653052
2.8619211054840141 21.221962328561748
10.333992878318552 8.9489823808151385
24.144428861259261 27.867645097635933
9.862492563563249 16.499328972224966
6.4799358792356676 12.348256363708284
25.045812047061887 24.177522396210062
20.257750341992253 27.227397746128577
21.540321917242064 2.7082904929634615
20.265961558675791 27.133423412343308
7.5225390531796652 30.391200437999682
30.939806928876298 28.948773328488375
18.699764515191315 10.49083749469181
26.300499070389481 30.407921279141444
4.9384813956066882 31.046557040145569
12.101015249264178 25.533501871084752
2.4867503175621741 10.463595020571752
12.601089765687099 0.77356566424238415
16.057861378218121 31.030410885159675
9.4516624088503196 22.509960152674211
24.464890138031318 29.806092919006069
14.158771497552017 26.236960921096635
2.06183027181544 18.835184922611351
25.554213666991707 7.746977580544689
30.933890902578963 19.952860199595964
6.7019641988718837 25.218309542055156
22.765080818091324 9.3366680356168548
8.9257554794289504 9.6640824399702971
10.480922714942023 28.389304801984668
16.360732823644923 0.77958408856662409
0.63733103688029202 19.034030932659274
22.979209059013026 9.4781563168710257
21.728064929081086 1.4230931939654297
18.908403986759961 30.966319858584171
23.418914378623267 17.833677751545931
17.536997405689057 27.581024838121934
30.386833471286828 23.960358291630662
15.143828203004079 30.271001304230374
24.502494407890644 11.17312271269576
14.297623823611577 22.796182873371592
5.192764253179539 17.171786295847053
3.5552073474549371 14.84058193900727
27.341095186351893 10.19930958619382
18.436964748679969 11.660336503237449
15.385974075782132 13.390584970564717
22.777799124936237 6.1290021521961791
2.7091806036456179 3.1334071864618527
11.440629464265669 27.466358493171807
24.883493095209982 25.814727662641516
30.562261466349 26.991694815406593
20.488454786372746 20.805183408400239
16.929120247247877 19.302188931715886
8.9411166788984904 18.52683007032142
23.756621225615064 2.332038335998539
31.454625901709207 9.3354869824514513
2.7163875035920073 23.487339413545477
8.5494837983231342 15.19302285763302
15.719941391411504 20.868901461990788
13.939381609798199 0.76912994435540982
4.0490524782072184 12.944557345858311
9.4755102057747429 21.048180455450964
4.3443724637735315 26.516880186328972
27.225837631265158 19.566148334965664
1.1520337004224945 4.0192980110256098
11.760196613051194 21.429657936445654
27.889713379963485 0.24036140363563255
2.4701296730564 10.627643987387058
8.9630362465786657 29.81284562428494
15.681453304207496 19.559626485312545
30.482545157507005 16.954584834759181
5.7282315440311633 0.15357849553583086
6.3966752862420551 16.053778740049268
22.71507414759558 8.5217617373016132
29.920129834086396 12.891232791349031
11.264057807102672 16.075358465914071
19.635061735957606 11.359711528708647
4.3839957634325399 4.8793642797507761
12.129454557489813 3.6502330120505722
20.239572850005942 8.4010333482153694
20.225368209666502 2.7697885186716236
19.583593125015511 21.536035591578774
13.453543826626843 5.0469963318634088
31.131729771407606 21.784856828685729
3.339003167056124 7.200586225657478
16.960077162718534 9.3978710010605546
19.580817737988323 10.209120522878226
8.0648058577193478 6.4189289667076679
24.714796474420172 8.3763210812119109
28.665359612942737 23.846477337227864
22.60404367986223 15.661959504563651
20.275209883557867 12.496464421142241
9.0978961024833467 9.0530558410401412
13.291257711583333 25.359451128366988
23.646043565423987 10.654356579059485
27.188972040002398 16.746054599229961
6.4446811165610756 16.151754335722419
4.374666332328526 12.047860251759577
1.7592024190381144 19.974457932114557
4.35208456269054 5.2365619669739392
22.78436152980742 28.525010120970489
3.1983972950530157 4.019142401114765
22.853040382287958 23.876835530955201
8.2030436715217263 0.94184904682053727
0.087069422344463188 30.232053128589779
10.586325471470406 30.756720141915874
11.142066247496048 1.7796560206127552
31.183428719247619 28.321137192395618
30.321249096776317 4.2086693830662538
24.720652789062619 21.085234752713415
5.025793620367824 12.575377995273131
12.525738633797857 16.327900330377204
24.932608220201264 4.847343929640088
6.5825671574903009 28.473293990797497
29.239543786079555 31.425354764175776
25.078232085799055 19.085907299451119
14.753814170629132 10.388819090425885
18.728670168820507 18.019761414571171
24.240514265495353 27.864451370664955
24.205107378291174 4.1301648534655646
14.788989273157519 25.848403177440193
0.64186756121884503 19.243156348618648
22.695232541112283 29.581682813263424
14.739161843929869 30.814382968786195
30.561113307193981 25.39496129260381
31.611720917462897 20.847920204317951
15.927709501359054 18.148937470436998
1.5600341304233292 4.9504303772281064
29.526009812699201 26.197657674437291
3.1173279816038169 28.28286014658369
0.4362040324860092 13.237212819709747
29.067793411807394 29.336672012452766
11.723300772685601 12.841540037327052
9.629268419356352 11.898086202658581
28.906083005078322 24.689004036533504
29.135836898181253 21.84778622149075
18.867773145072388 3.9672545190733395
1.0474021709628085 30.264960067758899
18.863938694387166 0.35880784374118196
5.3909816442663692 14.51530928757446
28.201375338549479 13.754442339747147
26.029727369180126 7.8327852281961334
28.832276119279786 13.140317819114806
31.608480988954472 6.5631703117469939
7.3164179882265605 9.0500874373887523
20.028811769354999 22.883618150202775
28.020102840829995 5.5690442923809726
9.84558449361157 14.188908510152219
3.5481343716358156 6.3068624222697114
25.537311463431646 29.858030719469252
11.983303015531131 9.5919191346768979
29.065922695822646 17.451402883276952
27.00350940850462 20.319464005222599
11.139350168699263 24.89762475556374
23.319222942075008 22.468114751084215
2.9722725604416804 21.721737325549327
30.65247233224456 18.324535164316906
18.951000545156617 19.281623900928118
28.624830104727693 27.843356928765726
21.891784044334972 27.177212282885186
0.84588942315606397 1.3083732892009712
30.750849917550791 6.0927569720924275
11.555373255834658 24.654367323772654
3.2975680208510254 23.142260076523339
16.761297759190224 12.078260452007706
9.8984430346275065 25.315824098745715
