1.9396398766436289 28.367823086034161
8.2021509858112935 11.836411585733236
29.422516276498953 18.466863157749195
27.215235633798667 23.964259462790544
25.471131574973661 25.275100564608042
29.7749057463875 3.1921587417845019
12.626831313881498 6.754353114635208
16.935201679442017 2.6670930438152358
6.3827489857379183 28.41883590997428
12.098655701160522 16.352188087579407
9.893300349184651 3.9958479312310917
0.0084033539513850303 3.2720188337127376
30.672280901010815 4.7152259060134813
28.155003896462315 28.476000801148714
11.812995881586676 31.151569681029137
4.4747595473829325 26.350309108032356
18.006171666696684 2.1660509472289338
2.9373945346799446 13.643862220783392
5.1378613002645181 28.732858315091452
31.596615908685987 30.967123915380807
30.41260350419854 19.703675696930944
28.277769192115198 21.522057455134384
27.632729477769541 9.511053068754066
22.430946278905051 2.8398194714598448
31.20063276860024 21.233722417709707
21.881814194179498 16.871736140289617
5.1863413929996405 31.327959433420162
21.023259565657042 9.3460741701049521
7.6522987935816413 11.357280865678716
18.250325406118055 14.061600450059656
12.094250634861487 8.0824561762861755
1.9254909444379202 18.380770177149486
20.420980523420102 12.037340828379229
3.8660284418849589 19.635993769409712
27.621015940509633 8.5213471892266686
26.800015799210684 11.266843329809236
28.876782000891343 6.2495763994084008
12.238902815963382 17.575417911576373
12.385933577250867 29.500780398425469
29.390298874685165 26.240445227298551
14.852329530775142 12.653579901661381
25.343656305018399 14.983970124534503
8.092922604454218 30.747043002323576
30.391021836553659 9.866552628215624
19.995776115404936 4.8956846407268308
13.516698949249671 27.871004665795635
24.103329699520732 11.696179035195668
18.310761053172342 23.962489661588144
21.497616103352652 0.96082230182025419
9.4928993198595162 12.488385708773189
14.767648945621637 6.153375976869393
1.1681123677086347 2.7893058275714302
24.198245259952422 16.000997725379598
23.830883622981915 17.14628977342014
1.1116663914838498 11.780830882719687
5.5893463026467787 12.932300370785729
30.997619113564337 2.089402524111339
14.915161707840616 7.5966396358804662
16.380524941274828 30.362490933451848
15.688067960949923 20.321026577550796
6.394885104326014 0.81303022438824868
15.010188601553468 1.272086356701599
28.831172440718429 13.219888891012845
29.916048899004682 13.533208461508284
18.042417946652005 22.213945615087585
31.077504747701386 17.045059412643251
12.838594321852177 18.251836572974717
10.820326571883193 28.655520798470093
16.721671374284274 27.071593959921419
20.335910864375741 28.172121216534126
10.933115134332246 29.392390248535676
13.921793394446242 22.325041180574853
25.663927239155168 30.585731664379804
2.614986606328304 2.3080272234072297
2.1600690512280645 6.5754373819446315
13.799490760590793 27.404344443673345
9.9213557868547042 23.795088134445439
16.328209642994739 25.335993218924241
16.022556380498511 0.50174954346606904
11.031186739651842 27.598813120721022
7.9270856051755967 7.3258876781287166
5.2398780260436029 23.859638074718951
23.228262303515891 4.1847024246824551
25.787034416169352 23.169569224852648
27.017526677807687 29.418846440746186
10.345299147579295 25.985866646975282
23.470957362309054 18.667123809208519
0.63624563270643619 13.443200958918997
3.3284356022881671 15.811041013282656
9.6410483462580068 7.1186210301101038
15.029863956853035 13.853218691151264
7.4560368441809475 5.0552515349831841
3.4360252410611309 29.837822748681152
11.443109286562001 7.3989341140379645
26.689792227985301 7.7180646643764685
15.318596724504522 26.124310309278865
28.154986927337042 14.070665175135403
30.717184123787639 30.773160920569591
5.4597524355638187 11.949777094576264
18.773831459885784 17.965296111942447
0.60063417476608205 28.035723848553843
13.235082401453086 30.106057171316994
0.40050661237464602 29.21495569719654
21.808655949869429 3.0940352743154991
20.54009162826247 16.254764594131906
18.667586815793154 18.12087988207055
10.396527400152143 0.10791937859861803
24.517065244203678 22.532337350946698
28.284353944546549 19.613062561924604
13.175884428451353 4.6427677838350014
12.13157360681072 0.1520927462056037
30.778049752612798 15.152145590676144
26.329091104656907 12.326796312319669
5.2408586000719151 29.555692713014412
28.094637729742445 30.076420850747152
15.893018287103381 10.493087418046557
17.508160104619591 4.6526711140355541
8.5621022542643139 29.769725372954934
12.546417302536746 15.848104292958691
4.2266115012584082 10.493734402434814
11.47423392260286 19.666180946000587
24.161813872690015 5.4973978526280236
18.067332799533453 21.567132785011392
22.370886855554573 20.639739854194005
23.153978804892894 15.514396699317553
6.396721939562636 14.186345023713896
9.5419433052114346 27.376067758113088
6.3759225453055484 4.3687039659556195
16.422853171303004 24.505593520253409
14.652870309538251 2.4300773807935965
6.313718569778505 6.6958937392088931
11.210736926027334 5.0839232684243232
5.8291675311736943 16.181253911410973
21.13807644135856 14.220587406940622
21.372888381963168 22.028654773423575
21.803140195497662 25.081970546819928
3.4356543190619968 21.918647985379796
16.130023894995826 11.108052127543607
24.238657787319902 18.185802471758553
14.921666974550217 24.030439439559807
13.994474475161628 30.487432225121232
27.325323961465539 31.001801423991527
5.5940420552942411 6.015838275392448
29.242666746225932 23.711496294325141
28.140209416045806 12.596440085172501
18.702851082561612 16.862868660531703
19.970259213765441 20.659396655393646
26.344148031553484 18.508362817296764
3.8453443150483109 12.52340924101615
7.6031891237312363 16.74702227753302
9.1124584131079125 27.123513271911524
8.0282539525489156 3.1051906509396661
2.4353596593174047 8.7883654152992801
13.939044647481907 18.468334128563438
25.062634428388733 27.635461899388062
16.715626241676894 15.165721566698254
17.019856377300144 0.18811748662430036
17.955215056534193 10.08645671266726
22.952090729474353 24.928750957194442
22.984256842992963 5.5051116714661408
7.5579410170636843 9.3469988600945548
7.8200087027476677 15.240656428303428
12.478559613355886 27.893447525630528
9.6262212354664562 28.18171384433726
13.559224753654309 14.426274152350581
14.639974720112569 16.383024231988539
10.259141723554555 10.89109187615089
19.147103565636094 6.8451081714561095
29.787602772149917 28.825386728352402
11.486542350776308 30.868475513088271
8.7546566327182784 31.489551576033989
1.8955068142064924 26.676333487137498
15.844663003224744 13.925761572852588
24.273646169309686 18.406977026909097
15.249510013416584 9.3055527999035181
30.862079073848712 4.9547693735426002
30.394632906833021 21.315750333175984
5.7679764462805787 3.0263775686677987
14.816660768121244 27.23059005958509
24.639155757106909 20.659841744657573
19.581921559506526 23.813097303221038
2.0747667701679848 6.1062688064590089
10.551473880985229 27.033940366577387
25.452869426195161 24.842668437339782
16.314107366911124 17.955867830198365
31.11898942604796 26.196421898210001
21.998250240278747 27.224630932854367
10.296023670968975 9.0633938554801219
14.951743352492317 11.015932059969685
3.0286497388856857 25.89815096660346
27.318136314417277 31.46405946893082
18.873021942877074 11.51554255878184
11.462388600818739 22.188505684233519
16.387028953824906 28.902640139305028
10.830093430030585 12.950356788658254
18.545810965454102 13.909290533250996
29.00335817367516 17.133070756188097
1.309321506524779 16.323598830323977
24.57020284047125 12.915628484918614
3.5609278681942684 0.22831333924765917
18.713230628438797 11.387562859392572
12.897507564212567 24.236317269570662
12.767273008287471 20.450076050329727
17.981303733005664 20.032565918023089
0.43426781717820634 12.311962095611493
23.726261414210295 3.2131839101795676
6.2166681431446147 30.522431712963158
7.6500690960010491 23.222264485052385
3.7112909083942078 5.0071909929435936
30.671573730682869 17.863567166361751
23.650641236289353 2.4559207150700515
5.207374360485451 10.075027471118567
25.404608669520009 13.201971244102012
6.6682514756324398 4.2287269482574859
2.9096970472528021 14.777798141083455
23.730992043099601 13.163826135958242
15.944827228333605 29.68164151358285
31.582003598287592 3.1062014225135903
10.437394653372195 8.1453399853782713
24.079483401180049 13.66436350309737
13.279426133332352 5.4872881936701869
18.778107671719084 29.504647887177381
23.040867108445862 10.965289873784554
14.835713551592162 2.6445886369482507
15.547251461152699 26.964395262282672
19.860214045991327 9.7966268368162108
3.8652174225798217 1.0842369622766663
9.0015356402925697 16.328782564764772
28.53996423877004 25.684953404424235
17.904982131014403 27.734619274991037
12.037273362444541 13.512670160369534
3.7519199615960948 20.12215069668947
17.772985296607477 11.316031015873044
27.024417097044683 25.621053361087498
12.76118170981788 3.8592022236149925
17.685893350432377 20.343187136259473
7.947571374526273 5.992016182125611
22.76072272389019 17.88494007253049
28.162312994592007 26.082474517506398
29.178399314026194 0.68857571177554089
15.1979165060471 15.127569551490353
15.95705314027968 23.641484661722121
21.010848358484175 12.849210387185272
9.1561784147092293 21.938037371940926
26.329752071724414 10.909377864818289
2.305989843896449 6.5241980027323763
20.968892107226925 26.096181863348324
26.248233089941845 6.0126332510875509
5.1933819800403969 14.696283621799509
29.364753995097733 11.343985141483978
22.588531252936988 26.695505343798512
18.199093375206225 1.2459651925039208
11.398999834597085 21.165409138995834
23.438261911060426 27.753596909545383
7.1696077085122019 19.542192927186626
11.52241970687035 24.365845846838607
31.210785230253997 15.133165384092464
16.530757323535944 1.9878047060836277
11.967618591360017 4.1334763469461411
8.0466855632973111 8.7485536278395735
11.79401755944404 1.5622378822292058
18.091233656754518 29.689895210784179
12.235215754180985 30.639888961819679
18.33753854780063 24.846746263132069
19.881588425083837 26.563702870291824
15.086275289045989 18.116480242649832
27.43171278266804 5.1387422969215626
28.999145315002757 30.601290970220376
13.420090753038361 0.75039674101003118
1.9356588206283452 14.118912955669309
7.5491675726900844 26.389705377056526
20.33624397430706 24.827151809225466
31.426026377150013 26.962908836130097
5.9360418343132784 4.7441289503665978
3.2643469476263234 27.560437526721628
7.4949279838533371 22.157893279345856
27.345110612175713 1.335702632440938
17.150369913367907 7.8860074710330093
12.222550254407789 1.7193635642260034
26.529315314905201 21.887000505505391
14.756950658721797 23.464591119819705
25.500165725070477 4.0832611795039666
28.833438910902139 28.418799900750923
24.127476942073827 6.7484382092887047
2.4869403758618507 11.502497587348142
26.241484201219514 18.426558929885985
16.049994207264927 2.2811946604816828
4.0938855388251785 25.185167877251772
16.962092892277322 11.153034774203853
10.432612776045136 10.027637877681041
15.188782887836185 22.797288022749687
16.203563470174842 19.690134327040475
3.558892624981727 5.3405594849660192
3.5487605117656744 11.311565163771183
4.6022421955516135 27.301127397901201
21.620756054958644 7.7132925464820463
24.898919847629909 6.996490093707961
22.609669757523246 22.868425515962862
23.696436596669685 0.61558636901697372
12.002124164168684 29.042934729532032
4.5290961869662265 24.884794965106629
25.898117256987454 28.538668840035005
4.267731614587726 16.508756036368293
13.877027521086124 19.310139892427433
28.207468841680477 15.231566602703747
8.3250802489370574 2.7486394919022201
18.113126120125749 0.1897686920966648
3.6817864283053918 13.270135208745746
19.607979805108641 2.4152434776286733
3.6596880740759068 29.450550904215802
18.291330681108789 24.992496293761349
21.003366764929915 29.722154196604457
19.952746384822749 28.907358969402722
14.590507056438428 30.608889806456077
20.135902930097739 1.3258483739437226
18.315159260100135 18.499295696069346
6.7078266205868138 9.4720222996436316
28.748937844645418 29.5194134269627
16.704567920629167 19.376509321483034
17.252058848836203 27.7035533052345
18.764052855439285 0.33016441511578531
30.417379150565832 25.263060524137991
17.36941671165015 16.478974707155778
18.573607755967412 16.013404299773253
15.496407806636846 4.3346371799875163
2.3555535522786082 28.368540398715876
4.1368357180066448 17.308129629211859
24.326287323713753 20.099774601849472
10.900742288380391 6.4606832677089363
20.315199761220779 22.006111427463029
20.392550003215213 14.757042271051565
6.1139096222170286 26.870249934797879
0.28972926428918733 11.931040357927289
24.264720262382937 6.1540686788547028
10.64812843925168 19.471087115679079
14.345402799473691 15.936935133362764
21.520426449436659 2.6266448778338476
14.008230516671015 6.1955868309797122
0.48311288319049533 7.7270236536220951
16.268735697520793 30.43983713132852
20.160654994293164 1.0464385820155777
28.242029146829459 3.1291334048920247
2.6178231853904763 18.674558472976447
22.7477144385225 14.36041238073609
1.5805342904488868 26.183987200081177
9.4599223747042007 31.441659418887188
31.35314697315917 2.146994674276355
15.164394374240098 18.607785350662194
18.955419190831826 28.066368143046944
21.554497239255046 28.459608915514028
30.701415715800923 22.016262056169811
26.031292704777229 18.771411035023899
24.035743755499162 1.9704795515301698
5.8723190783540398 20.746101735352457
21.709720480173811 11.017502289603501
19.075174107513302 27.777497218429286
3.3622246529477811 8.6457069798222523
0.26765306036568154 8.2392116848490353
18.352928303672801 5.7680493117162035
17.27212713942507 26.367923999909365
14.57430097714043 0.11785306345601383
2.06438729063309 31.115198145480562
10.837881256706543 2.1226643329299111
26.303034361609239 2.1731344208022985
5.8726145058502288 26.739716836736889
11.173231077177919 20.785079836296244
21.35964356941923 15.246340367484708
12.019938162117935 26.274938485602952
7.4379872398709672 15.983556202997763
21.292969980840898 9.9783866597153263
23.227263930498076 5.9155814224365084
1.1180105713961273 7.7214331444254993
13.508519046555479 7.6983391777517642
30.807467816434215 6.2836680147930615
15.293024165085964 21.152457147910457
21.624021732694267 5.1401872349466071
9.870650813277754 18.33566779964347
8.8984297270355857 11.396084704405496
6.7591284777659926 1.1545006903894286
25.765420789252062 15.734234415244424
9.8686588568549887 3.2363219125178655
28.252564304911818 1.5787719207232422
29.632464854078588 20.32365670514826
7.6875361231097328 29.456124025208506
17.56742116597778 9.3632383280122795
26.823975866684908 5.4277216880309203
11.085560526810434 3.0418234803250583
27.737506656503101 18.396463159569389
31.085539365870947 11.530731336718262
21.827066299271465 23.155567821041526
15.322898074450441 17.121262693916659
14.506426565813344 8.6724745759563611
21.448163969506925 27.334146531882961
6.367571148121514 24.540318467194798
1.7805037990105226 30.041701670122446
4.6143578310965756 7.4162551631153493
31.56585877828309 0.9996227164060385
20.222471980637536 23.051155938308231
22.59948989857844 3.8300967940826167
2.1423706484360783 16.712280017475965
24.460652565430326 2.8502829868587649
20.077822579187327 3.0560312067452453
10.65630718401238 0.32527836611525324
3.2690414817118567 3.5673187031859444
16.845364482080633 6.1468543767919481
4.5734106691906264 21.760148410437836
11.138328073204793 6.0879557388684464
22.617612008844016 8.7205895427071862
10.655046723168505 21.955047672962039
19.093061348140537 26.503087295156572
27.532879229813616 27.698484565815772
18.686619881280254 20.800975122669065
23.558324252895954 20.572803541510105
30.611280936822254 13.923126712386923
1.6533280120771885 31.342713023905489
29.313988069201013 5.3293868914770464
6.9269992410917025 25.451131665164496
11.823234422302891 24.825393493279485
25.69821879232564 8.3132777328121801
31.00413033615208 0.075847006470001491
7.4028531904317179 12.631864248679559
22.377554519699878 6.7029097750040201
24.241342900913153 20.495628906456432
22.684458489218898 27.059570684286303
5.6541454010387406 21.736868756406814
27.290618173939379 16.805061063264066
1.0650420337371462 5.7324826155728399
6.3945950198356947 26.327071887311721
17.203625029843831 20.703141423953205
25.275631164332303 0.99151342420977173
18.067985556200124 26.155273614080301
29.837226529309806 4.5261977376797784
21.335702076630206 5.1422229830612158
19.241676433842418 18.270963959540907
16.689659524147505 16.856406541904327
18.723615836699995 9.1149689274512351
26.464968612705803 16.306635343413376
26.572851565582734 13.399366124199624
4.702880721807686 23.033016252188457
29.463898306166431 26.900726827144592
22.303745294932547 7.5732660517811832
19.425355040343248 19.750171377474906
4.1407648285292904 17.536266988450322
28.963629154183565 27.813860603774653
12.235055387986868 15.886904310332838
11.043370894286902 3.8639814538574409
8.3865921961728152 9.795429823607499
18.159218633645082 8.3032261839540151
1.3395426584928689 21.898123927068834
29.475799126080041 22.400811488137876
5.0598587752231792 15.516135613992484
26.915028411764343 0.54519854975525395
30.826280122672678 9.319744786271686
5.2577559141206054 10.21273585462975
1.5969067810514082 3.4387860076534702
10.21192349418666 21.95837754960607
24.818682154346838 25.013929917565214
5.8315569851745686 2.638028617418493
14.203888662215778 12.554501711462102
7.6804828619161967 22.803128707191583
0.24450951170823992 23.266530438147452
12.612564318668756 1.3718959501786487
5.7322794766027192 17.347104851086886
3.9703461035170573 30.085775401202618
0.69863265649665862 0.53563388253970123
1.5543796122005238 23.320840908574151
24.848032465749203 9.2199482391377963
25.41795796939191 16.086822120355972
24.724058479297124 13.896139688859847
0.56775317795694558 30.233391813147737
13.648981522070788 23.733554305313511
24.294335294431548 15.502018042952933
7.8601827151133765 18.640577654800762
15.212685189592118 4.5006330487273702
30.607232799832786 19.002318161018191
3.5585316285123998 5.5138473445607392
16.839170642358674 10.008441497183211
27.282500077631493 3.9185953402776792
8.5860259345167176 13.540669436632466
4.5121132525866594 28.811467629437065
14.550540184282831 9.8554094373850241
30.279817153787242 13.158365380532342
20.754284367195861 3.7632705870678826
13.292451530614082 22.587697179774324
4.4387005788783416 1.3232361235495007
2.3230011574892653 25.104696321930479
21.200921137527946 10.694100208397106
9.2078605849928206 9.9712283975728511
25.207638018502113 19.910129232766561
24.719410064750051 7.8813004665616848
3.7856754456773563 12.807092203320833
19.391600039088502 22.819412935136683
30.916017588862761 30.252036196220168
27.127124444299124 26.863404285009704
19.356007700496431 10.514228148373432
10.552875496236945 11.638328294336958
16.908766818066614 12.604173609498186
29.190032919628042 9.3961021939511173
2.5507081651270478 20.806163915106108
13.554558765625661 10.007109803891748
8.4893778468366676 21.468709652069315
26.749165884150166 20.703927114444348
10.138766941937112 20.059737856757067
7.7589422490577453 18.045570839273587
26.301864855527487 2.5847200788689437
9.4916679630382674 17.397136861239048
24.527341947476241 27.399530567932295
12.062958161938134 9.9151628599303336
2.180188936976577 3.3838173247168863
11.617090144371176 8.7724898206507333
8.1948039992079291 1.7225303308749189
1.6470747756904802 15.020656705108467
4.2575357921735675 6.8892885533325829
27.06092137953426 29.987604870427241
28.233296566976257 1.7254159913496891
11.412420679751426 26.134306177196706
13.270587335308107 20.664460958322461
30.668912770416622 11.234023181170178
23.469574387301737 4.4048561823472081
5.5561109087511928 12.197018585072241
29.720070592086444 16.250396206397284
6.930019860563136 23.382109512190109
1.7449057726546213 21.009191410967304
7.1653102523006647 14.120131784454085
27.266075847614122 16.33234808108093
4.2917845687365057 5.1993068150379917
1.5957594899958825 12.356819580697199
19.637987681157732 31.306324338160614
1.2648570755488224 9.7637992391043618
19.097903845283234 15.919496888299751
23.673528539564398 30.208548829594818
28.718320759596839 11.012448933292433
14.714083908977775 24.709454937312607
14.56714379403217 21.032286074201657
4.2501675258580072 1.8109608994200044
5.278086504757777 26.765231381507601
4.2033617927686127 31.203350898363439
23.341458850741862 11.828611754972801
0.79505550204758646 24.148573703599101
13.758308442547497 11.208483423139333
1.3164327794928521 25.290705263422932
2.3585399751197302 22.750471935222308
4.9726922730751602 19.309811246916944
13.404732315555339 5.859129992452389
22.303881013656074 19.176457557172792
4.9618249017621743 5.8986939526082089
12.737563028531865 18.847838123270616
5.7466474912297087 22.448850887379812
21.575273994341277 2.132279416355054
10.50661317980488 14.577600135147538
11.979597581426491 11.847993517255455
6.9314998589180936 28.697487313580162
30.005272130096195 7.9165576273069664
14.802014609988364 0.36700410503468028
21.064794209465433 18.865369398524194
9.6247543182422284 5.6284383486851777
20.894076364403599 7.8667416023719809
26.577071104993969 16.610006345411783
23.214149054665896 23.111397903353591
20.049687664529973 25.417834678107813
5.8550376360436047 3.9526939661452416
4.2344490536777517 28.209262731562792
19.144000564007641 30.483158691061636
22.534745900534812 16.565310951038338
26.769811002466263 1.0458278169624722
1.8886425574777814 20.311081990307873
3.9529044379689084 2.3764654169304835
12.369758049502709 7.6195355416530504
7.9359243994797888 2.7864061962117663
26.505559695015208 20.251172338560384
19.919325555048285 20.585280795119086
14.685649249154077 14.940769028457481
25.584642109088538 30.782882007013406
28.094897376348086 8.9589093502913393
31.311139752904797 27.403616092030472
3.3836098535496517 31.32226725979541
17.518567383541129 7.57219432536687
7.9190922307643969 31.008506225744412
25.691180500986384 3.8781799132945167
28.868547771443147 16.529854158784687
0.20011535711717035 26.75951818082401
16.528540073981041 6.4552565769520776
22.765094783412259 7.31232534353828
15.077066540539994 12.668770115576086
10.299902555210515 9.7748922324017897
28.213052417614943 4.0546348752914145
8.8938564606254484 23.942215680204395
26.291388083089505 7.6688008849381033
5.4798576801823078 7.4162472501790191
24.576271518566113 11.167521461481337
17.22399225600849 4.0593867881129428
22.327129368787112 13.117997743088504
22.974843785400644 0.25179623204271595
12.662721257149528 11.799884490842185
21.784740954670639 9.5606553829980498
21.33167974198615 5.3049214753814837
31.182712952127712 20.45803389059482
13.410058366785673 26.072176933949994
17.430584870643731 22.49649877985199
8.3349254420060692 1.5795661486307091
13.049446694973328 13.389663747874939
13.721470569389506 2.3010169349213974
7.3531924166874107 7.2160816364378224
9.7372346715925353 0.61923256328182696
22.411154948750607 21.568109708589468
6.6955379722056465 5.7812508338801516
3.0289718203068747 22.849620269581944
15.300100624973352 12.03488267558247
5.8582735590091612 9.146227336069046
7.9425018178291165 26.834378466782805
1.4105274958072263 27.503617135318358
16.887366466558653 31.134898884440151
16.962558347489249 15.811274480431052
9.8123566083734488 15.432309618914168
9.0188696870778404 14.534603490157323
13.015114436909121 21.978206917347944
20.392136531624434 24.090334554251765
5.0749914860425145 24.834072597443079
24.243201194929274 9.1090898667481266
7.2025707308831404 13.475339984958035
7.7159880955697089 20.81158575191979
0.42320173412641726 16.790570494448044
0.19396335145468976 9.9287274666464587
1.1790818843754143 10.721880382702244
15.261931334390965 7.7235071700147149
20.357279489444149 31.002393246873613
10.364719898551785 6.3097658408389377
31.417191017153858 14.717062281016853
4.9933429760373951 8.4540604494161453
12.427945678934618 9.7135843527146779
25.192551955794446 10.806565437411495
16.006279872007571 7.0897172033832412
9.9216669559647865 29.546205303130208
10.531239048596204 12.895544150892167
27.977477559782127 11.334182763141909
1.8109689891505698 25.041388280497873
17.699889623250968 12.135834752367577
14.623211952242828 19.397521071706471
0.074853919760063739 25.689776725844691
28.484143864613635 6.753543978059839
13.582015335208091 25.364725685498318
2.1994094819495622 30.54717094839306
29.771032520878805 23.004508549450719
15.3978347414936 28.923198753659449
30.929113254383541 6.2300170656134917
24.141837843040484 23.02453695595193
6.9268091537585406 8.8579365855326078
19.931805925087968 15.296350865225527
5.9055514525373622 19.360855668161104
18.257356656115327 14.549350002785591
12.380558002619875 12.240993257181353
31.011988408425992 24.354964290944995
28.256050521039864 20.499583753951182
29.278282177606155 21.496377735872663
24.745785851175377 30.141963949085117
0.24709406619897964 21.673325377173477
3.5250498817547178 9.3409325521529976
27.1761033473319 14.624435752898041
2.8033335656950622 27.346155409323739
22.707557740856558 25.330117611578665
28.932933891646691 0.037971147520493999
10.849542387507137 17.658568479895788
15.785611721488227 5.2617872453237684
23.755907110820893 30.07780851750325
19.943737974300454 3.670569282063386
18.470321739182531 3.1671230619901407
19.253159848312251 29.678368935481377
28.353233738877474 6.7814228340236298
5.9787595619538854 2.2990655226776417
9.4180630374099703 25.894160872950327
18.857392611219336 7.8247640255830673
25.735093816208355 2.122490550058973
16.569501778548695 13.4414560129715
9.9011421466777154 23.756037012943789
27.266386788423777 23.875907880920476
16.745535117995306 15.610915160438546
17.034732334455637 22.903820325115451
27.441918863640037 24.408202308010303
2.7860994906158716 24.120377474345261
10.344868827066387 13.206226845207281
10.968100152516328 18.145217314461696
4.0143872562665921 21.187681920971148
27.088606364619771 3.1919360617565626
22.959468670432951 24.163841285925415
16.486036869163168 8.4262369204017045
6.8953609702611587 16.790305424780762
21.869427563796744 13.602893822188541
13.348662924087074 14.364111555859173
8.9543543296925208 25.119721142875797
6.1044859880642441 1.7330969814044248
22.047489861986698 29.530795754257941
2.5205686008615351 10.232811076389948
5.9614498256405435 22.104186667592248
6.0109594891272042 10.765846323629912
1.4746224920208844 9.4264133096496252
22.098932335277588 19.428197145670151
8.9631517032374468 19.63210458415211
26.571233460252369 9.0789323082299607
7.8844793471359651 26.217570049004351
1.6048683388308018 18.17003394381641
0.35240087217258209 17.396990932793923
6.5305404651354007 7.1820003754206212
30.744159642724771 6.8353547213776427
25.372857106233777 11.258252924565165
0.69764388022552459 19.664398557683981
21.004868243919304 25.458619132036439
22.172801036585749 12.012983055049435
1.916096305195198 16.307340345331781
30.508849143960184 16.896290281676102
25.571370700191334 24.133327473928187
27.044765740761093 28.191536294142686
27.860420635284846 4.4387758321927553
7.8882882221231698 19.412329977436549
0.81923375162451273 29.348666911792709
9.8563888534867292 20.175537849272736
30.701871510721492 8.4199464245631912
29.353794850308567 30.580539360796017
30.941069412354999 28.910642075683548
1.5246808923384925 5.0185936948296348
11.967059568075413 19.468794335524361
30.167182749558869 15.605067716731696
18.168499630390954 4.0914466460022725
7.6324526228666425 31.363726328874424
1.9228009555935988 19.308197402828522
29.918906495907002 25.250163478447345
17.037114048369631 12.688720082361927
28.73909623370227 23.796283564751423
12.32769784403755 28.197559627461505
22.489175183415558 15.470745048840852
17.744029544955318 31.385408439597239
29.550607442671637 4.5943596500610333
22.817764876226509 28.701439136680118
16.193538769010907 17.478524871244396
20.874072227542747 6.8851227717508188
7.6442356003433432 28.453828862307855
31.554731064846798 24.532552063437798
21.018345851098655 29.562342604528418
15.034493606511599 3.3593413430897696
4.5800480001498167 3.8690365692076463
12.170973001980682 10.872935983034653
27.572196590144543 13.003420089384045
29.582158797089882 8.402535233039341
10.027451233839786 8.1982578706096945
30.535748720911503 10.109842434857709
3.6228454814489108 26.664883304604547
30.48928812450416 12.243147915408526
18.719613341124838 23.090999275645977
7.4598580965366583 1.1086249463755977
13.960428542368527 16.106806743983125
25.221988008632877 17.809144910119855
13.109274089106947 20.339823656330793
30.022387861894003 1.5324248351104242
28.283155629903511 6.3885985123437692
27.256277290511449 14.484923618813367
20.907822198995937 5.5818410039394992
9.0832988051201369 24.847431177675301
16.160393016851899 21.795048168782053
17.089226957474118 17.986150460576379
21.47328529175487 22.733972641188203
29.449688314646046 26.778822691993231
5.658789441814176 12.258962277720977
31.528768913947424 18.039788834125801
23.87956465389626 25.369013768349159
11.17531094726229 23.135932406522546
28.34009547294264 22.698375154862333
5.4912995187222977 15.487715861184615
11.401568839313047 15.00463203439738
26.216476746719245 30.941413511526196
3.2492635434328276 14.975398673318596
24.641152915939845 28.047926268724432
14.471372810218094 4.2794418267192373
2.2024448050479966 0.86234572456544512
8.7601676285071015 12.657738745157683
11.083130920345445 17.764258447072343
8.6275878045096572 29.137740434106544
13.051667806057434 13.891082954274889
10.207168380668222 30.153611163044719
25.89260306545275 22.67267921296267
1.7511942233462281 12.96429279559306
24.501196158439448 26.358460177121486
24.601132871267616 30.246886860009308
0.75303633743221043 9.8276466138041663
4.7704898925373103 19.784815687624256
21.440249947941126 16.826573775276518
9.0003062590518912 17.21107327742984
1.540590688418928 21.372112276817813
17.370827605856629 6.3601971725972302
17.416053788292203 19.175544798834483
10.097525933120826 2.4368475410173698
20.182795269583142 12.20051647356852
14.150507655815023 26.184837015724614
4.7494784925002094 13.95528082062906
9.2433725291501201 16.444920594852679
16.71987012170662 9.0464576851175522
18.040083615537288 13.606939407154121
21.824400451602326 20.362709062110039
21.785815714042798 0.94653574149747643
22.807215859367048 18.362557592334898
27.542447049368981 10.268439543083717
16.596911506218259 27.330240892551082
13.353781047723801 3.6544026486564332
6.3962631652860296 20.747442501175133
8.7709458966176452 27.734956574905155
19.100259531138352 5.3644693723802206
19.188313417574399 5.6041360926288686
9.9522606269246676 29.680259804408848
6.3971707718338715 30.925028354690173
29.58372338104741 1.3731747425984642
21.65141948207707 24.227009105665434
11.484855941446593 16.414797850690988
23.624529453636086 21.903411863484038
17.287362687490734 28.817987825047091
12.395234939318676 27.312038453352351
7.048310790347057 28.296932702896054
25.486049737421958 10.241646264317021
19.70196035920522 1.121459739125517
23.478453723510302 15.553269533061187
30.002195730390284 23.872125091258788
29.434977789335978 31.094843132881902
14.366030479858747 7.5479272837253584
0.35761079823020786 13.842408802688464
14.074216625771903 29.641121128783322
0.97694512833954628 5.0166855341380501
2.4856988232240753 17.993005445769668
1.5044990311342124 1.1855076849234183
0.53930638364961059 5.0196317841700324
29.265225321056231 7.5447468137625053
23.032221951709719 9.2569468238716421
2.8533855418943328 10.566300664095904
27.191191940633381 22.972040755084873
23.407741893870323 9.1126125639696856
20.568608649001071 17.510381436137472
0.27182865744762402 22.450804595589325
13.307441485899147 2.1852109405821949
10.974539607155956 4.8269594440379944
7.7662140994499937 14.969116543319524
8.9560463763925782 8.1572668686710585
21.67919935674038 30.97579415099182
20.813870323863284 27.747200846648404
4.1620443031713394 10.13730336089071
3.9711923557136428 18.086140063346267
15.086398763921935 28.735844243658253
15.126152467430284 20.47638718386148
13.451680821509497 25.413008449290373
5.104844493375678 0.36840561968048591
3.307972166886699 16.797754056550168
5.9538728255349387 29.488445807694283
20.394847720442833 18.512700465384565
4.1004138142506061 3.1090886813720791
22.399959890210596 30.687402571060343
3.6519325749019838 22.418619995104969
28.626976584276552 24.872552063169181
25.518664152650786 28.713530204084336
11.219222015100794 25.88210127808399
20.104772344240939 12.008103261480308
15.464664031160824 5.5338007599566206
3.3248845541592527 7.4553684222061012
26.109924419954016 9.1767163939079808
19.867726480451399 21.768627223367599
29.200625360247692 14.926430081200918
20.658686065174546 14.381698605165615
3.0714991490029977 12.034435966120203
9.1691916610076163 22.651379351950723
23.820080863108615 28.535036998632552
8.7100986731329915 14.117148451566321
8.8240218014766008 7.4957013763937432
29.477853047933721 11.045382940005211
16.723204418029848 1.3790309096577822
10.305761800839552 14.792351777378169
8.8293769528728792 18.315328947629737
16.836005546175453 22.567418158320539
20.203989098208773 20.239896705097017
31.362368781800328 6.876804286478321
6.9948363821934674 24.284185211390227
12.904255306963327 22.090864409720581
25.790230848833769 14.352187501167338
0.83025007164752651 15.806910660373941
3.5460891129930663 19.957754598006172
30.970646019793566 3.5175904416091952
25.41751056753705 20.841950415949817
6.1933585906107602 18.094987141750785
10.789397197162769 24.538817048884471
11.923010495827572 14.160842226213981
0.36076622770689881 19.632694021972512
22.969653625822172 29.444522088632539
19.644939436123707 7.6894926523217721
15.71066394449317 25.521598750533826
13.940443098931878 16.991966574742751
22.517366806183219 1.1861691236850778
25.677672021852537 6.0609331377733078
24.859846687610251 17.405007670429125
20.695801406275432 18.892580622504969
20.448672557666399 31.007788543525429
16.516197540826276 3.3700126206683363
26.734501992196336 26.465990667839577
24.039196088975821 8.0514876357633884
24.243758383382417 23.775873409058722
24.88048070337393 22.339822737902537
15.374230657826679 22.064464976363819
8.7526658505390316 5.0884163514431942
12.504489698343312 5.7952389491033438
10.42641625527931 15.834910240931523
4.4078304364599239 23.577956600706642
26.418917187523064 28.506283882007207
0.32527587351751069 19.180637518167284
8.909469999344342 19.934888148246564
19.18377633068566 16.140293797171893
12.564545680301512 3.15558611609536
17.397072898685227 4.6706721980320118
28.591722702883064 14.954614498247111
2.3059661678626413 1.4544447329528447
1.4542678215099789 1.7485303711889049
16.633105838267923 24.638946020675693
23.588502139046451 10.231649304527625
26.962030189668742 20.681445517927706
19.357662131782511 3.6168713157317893
13.192825586935294 8.5022368426069548
19.328882711698789 13.6497353229922
13.068308944604219 0.21513825981636198
26.901526471904528 22.028620429239616
13.838551377155769 29.391524366787017
19.404868230968443 9.760530853703278
29.777205828022186 19.081702142409387
9.323955985277852 4.8030522953999544
9.5189169234812301 1.1373419828184048
2.5365012187553071 7.8831226704474933
8.2451938151446313 10.046219360862137
4.0844731858081911 14.827222251849513
23.728171579535442 26.008352061788852
28.653436173653983 19.132695236298744
19.191984859808056 6.5619561681723244
19.283370025242906 26.630618285964555
16.152989667662609 14.61742155728907
12.917845755211943 9.6250726074486064
8.4798032878746614 6.6325194070224214
29.535470055708711 2.2120260672432583
1.16043120086583 7.7467440084626613
6.5028211478028402 18.678351790963443
8.4511619013897761 4.7479888121694689
17.780673747680733 29.603093866880354
5.1964150779787399 18.283689980247892
20.525210649643032 7.554509783578526
28.547823180399824 21.123802081081589
27.711536396784268 11.549673746151637
27.111922362602304 7.0504026748602167
12.716600744501314 23.972077155137281
24.961697319812227 4.5338704830023122
28.721905833463104 9.0862433882540703
15.006241355893852 0.30993476110334917
11.592258415534145 23.038745954256502
26.15876965805235 13.021850125127711
20.996084304018034 17.138913248083195
5.9504181983720237 31.090150290066756
2.1478956048681455 23.569409118058111
17.97335648958973 24.815599343540512
13.645178530533519 11.534463220209785
29.511861121606444 12.971437358114024
30.314198126549282 28.409450380581561
3.6614460870713565 24.718122853445617
20.002086192337686 9.0431946976785937
28.856766740439681 3.2123386623557075
14.752963809381237 28.031917563862592
25.061965507825001 0.99599167878365724
6.5827250379921045 11.232868992742732
19.596500561479974 12.930804758360582
30.670249080143677 28.802003239356761
10.367826003049252 2.013394063282715
6.5362357777968905 16.728028961518472
2.1909581275855459 29.1528764246214
25.306552079700694 3.9092596754662039
22.104063424033782 20.969186022845371
27.042394225197551 18.779846515776327
24.458917676714883 0.2549395676498708
6.0648261586845971 14.095092999792419
10.651795211876935 11.135961442466895
7.5841351677026356 11.397104548392292
6.4063672194798977 24.429322794212776
31.343425499056238 0.43163925299354033
1.6471769056168322 4.178983385221259
6.7547526962980706 20.717327496423351
28.33447704357317 18.205785993043502
25.635708029137302 26.479740833812823
13.355144247995513 17.548593463160131
31.322153410694366 23.422183522145765
15.111651738340264 9.6870223572267768
22.783676927563349 13.547088985633318
28.585123235292766 17.054610651641855
26.092026191301624 5.7901097350415496
1.2818020338493439 14.421188955025524
24.081717410000099 0.96565467659022275
3.7853319006521962 8.1276449393115993
18.377714198909324 2.1443444885822283
22.426397183816469 11.341640799155915
8.3667084335693183 24.742586796686972
26.606818713320013 26.010823737792037
3.2932045392070211 3.7099787721131925
8.2717532746370033 3.744338926270903
5.8484207862510544 8.3773535175449148
22.230428673494917 31.415044137406205
8.6906864079431507 21.486237961985861
