31.258790629613618 11.70405145315895
27.806518449046855 22.885658137111008
28.616993981325763 28.240814016688145
14.963659582929495 22.796335346887201
11.54718193594333 29.609147656493626
29.218788120967336 12.538324588036
5.2271743663353964 21.513490547564096
16.151331053598003 28.603238043850471
9.2043135222974755 10.91233583056141
25.146616145508727 8.5591866926128173
20.06559897226834 6.6479908048942873
29.490968968110085 20.48664153103962
13.441522285271724 31.236694050033407
0.29761502304346793 14.919636416980191
2.1763180437582932 3.7011619345259166
8.661870349672542 3.1123002354932301
19.212186484985931 12.247071325979901
13.301757029922781 27.747175036604133
29.477842237280736 30.09589151079097
27.026266288192193 27.242885367722639
0.56134765916458207 5.4442490211585053
1.8273736055374645 7.8728777374387908
24.23024041757013 14.970711573827526
22.344078907266464 9.3010369631362924
7.9196623822797783 2.5193782591112068
0.63454974237138762 25.24472494801056
12.037242027680211 25.213818917610723
0.73949769362557005 20.921407476527989
3.6374169096671256 10.362858934109257
22.196596755713902 30.353413153045832
26.344814357045387 25.530972598274381
15.037461252760018 9.1885056925062489
19.109931696622819 1.3628975319713459
14.355384154383968 5.7555947364644648
15.756908236735304 2.6707074705746714
28.942634831017408 18.941630886633163
4.8287944301009222 21.497335884833152
13.01190833798036 1.7594601997413881
30.91643829769875 15.471426590358652
18.401645273821607 12.869110415318175
25.664337767357097 16.508417415980517
7.8453943602686493 31.07679093267404
3.2450585913037098 13.659491334376645
30.765176670857844 17.826136735767722
3.2534313268437036 22.034669630881162
3.4862618599385722 3.4261323297156516
4.7016101466901219 25.40839388053784
31.367081969019186 29.411360580556654
0.90495799998984239 27.344330516206632
28.608505338356917 25.534124256857602
27.236543999217965 19.947514830836457
11.345968905256129 18.283494421275172
5.8417817713508082 6.5591223558376246
26.564533873928973 15.820926629790227
25.105866696608782 28.205718373783078
0.54071142027560049 29.387488344330656
0.8405218808842525 1.1020990631760899
28.528181463517324 22.751252350040858
9.9056366074068123 8.4939162922519866
9.7828984953949423 1.3336704569399533
20.158123970225603 29.223657511548414
6.3728842676730721 7.3330847949382978
7.1774237953120279 30.98591457968352
22.132753957252945 19.686640369267614
12.628290168801655 13.677833288021656
11.754797684206645 16.292635423035378
13.955598417533162 21.478094112390874
15.650480355937043 13.635747632696804
26.99415620659903 22.103517208620357
30.793352972294453 19.665333740275095
14.497713434619072 25.405493850938168
25.587549141565599 17.846335656386731
6.9932445718479288 20.101041406647685
27.934145389310249 13.137227209783532
9.1088475965831925 30.156707566304235
2.0225383477672518 22.547876467740572
24.1873748240229 9.6579753340763421
17.322404308706755 28.169454575648647
25.790206295407216 0.21106698445618471
6.8134767077519802 14.382118140503144
7.423045386952893 21.326359449894071
12.800359502101552 25.776159693748014
17.188733048772047 16.946675044960561
15.275960698295759 0.85686668925722487
16.827776344346006 18.351808218737592
16.402162044675727 23.989509131483242
5.6532090431511772 5.7049380330000901
11.474630696784482 15.292503203059937
29.869462584827733 1.8930782488913838
13.124646405984487 28.418494334574298
20.382053459714729 9.3285695241738988
21.61543764023012 0.92489151606509801
5.3338603356805976 7.9817884765573517
21.010299793191166 18.723703972617766
21.709997531874468 4.4296573769179073
22.299377132358781 5.0411800344835713
23.618579456145273 5.7751432668025675
1.9080669920897346 3.791821037176923
4.4738756115541642 17.236209281295345
21.677346523141949 0.99123916991658145
24.850881519401593 17.527701952429787
4.3099245513885789 28.92583494642798
28.94804335277901 21.316689347415835
13.498883681900567 6.5248721280142146
29.90012076945791 13.153288162679329
5.9263959902429901 26.831754911847998
28.702038959374736 0.28506201195573783
25.240973494010753 13.653325389422525
2.6429549169445767 23.856884811485664
15.071466454106572 17.401834680336371
24.727341921472949 2.2670596761914794
24.07476761415592 3.2972582802037116
29.781277444730392 22.086108324126954
18.599786595689782 17.434919502824897
24.09944986646051 16.509151348496083
10.75655963367298 28.336682872595798
7.8437928206674892 0.97765600035278122
13.567363964224032 11.324952420585673
4.4020040333231822 6.3944849981842236
20.908544578637837 3.5293467515594781
10.790606228530333 15.23565649904419
25.94894023409757 13.322054277417497
18.164629305301183 18.356420593660062
6.9786849534223361 24.552292051030705
19.992195299167975 20.29255362711951
14.156074572099161 21.362543537687213
2.0831282496697785 26.723734936851223
13.34379104578947 16.381762410725941
21.722972401906116 28.861475630413402
23.983564641718242 30.240795611561548
31.321196589828769 9.3417122618321322
7.9049579879790564 17.146187061490526
20.578641347276875 12.690231906348703
22.622648239653181 8.8103859955079677
10.649802118595263 18.729897469605266
22.305439570384781 17.956470578746121
9.5177006435350755 19.089504062500033
17.196384135809485 20.650623587060814
27.513035624963422 9.9821367836495991
28.185446137677722 13.863655170963488
0.92677677727190033 9.9245590886817219
22.487107701838433 11.470076029338506
2.8533465634089867 29.985651254927316
2.2103030110455273 9.0619089074173118
9.9074761838512728 6.8806960819004024
20.089140191439284 13.560420206887365
21.356254091660062 20.847011218055499
16.388024304897545 14.627710662039869
19.205324857189574 21.978099766007212
23.466747831809588 2.6285591112858531
3.6080651039222129 8.7441920635537986
19.212510932441063 18.986719505067505
2.4674374622420858 23.100550530440316
5.5908336812733701 11.936389666740693
14.69309384962418 16.061323702306147
20.1190496037675 26.911922128154032
1.0008647243140152 7.4548128116024532
20.444544175465737 23.072288367622903
12.412441799517717 26.176566342615352
26.277789597902593 7.9347786035139842
10.101924128917048 11.804761425939397
24.003360228477309 21.019370811295424
21.753775692853402 30.825113962506578
29.90992951677168 4.053331291803179
28.994652480825906 14.918448648945718
28.070540664079225 13.044135908374427
29.999623881269201 16.872287290116628
1.7197834736567772 29.930900125001013
28.64887733931722 26.506027270496748
20.781189314710087 7.0091062559758504
28.914717735814737 18.970360763095368
24.538545777784474 23.034325391491695
9.4674981348030336 21.269581183731916
18.18568627471392 0.34782789824633442
10.347679686898392 25.158464269701565
6.8439803408892725 12.364172264932257
2.5647642366714738 20.382693138665804
24.160630877389526 7.0598494956414966
23.01251624782191 12.85876540237653
20.59659688196313 0.71614500483287935
16.793128040541102 15.691704699756425
9.9079687169794077 17.732261730627172
7.2271159736794379 21.83498362740885
23.06924377738736 25.456131946303895
26.01658071786639 11.39651760378967
12.979072204858063 14.176029382448494
18.391808919988314 23.473737389998611
20.010739531658988 4.3755448459056367
14.825322337354532 8.1689522619856216
9.8991306366608445 24.785682574318685
27.015001152543945 13.944084283488948
0.32902058266956163 8.8458723776662964
9.5712506624111686 4.9171223003728119
4.5453496073763313 0.89434468716684112
17.335881775880456 2.1630514951009259
0.51638594109744063 17.748254485466788
0.9948754181595052 24.384952147331212
25.873018662609933 10.446172010651939
27.258190898285601 5.6837689946312784
24.27753074807509 7.4939176150522195
6.2058682254594979 8.5440461361783946
4.046240813732723 14.565109804234963
8.3208483932720334 9.0474209336085227
17.859874244944084 2.8316830066986509
3.1063974567905586 28.632596529054137
8.3863413808888883 28.728104005933471
17.813445162556121 10.014339869639137
28.742127088294872 29.361343863297503
30.759171800413782 19.700623520173387
19.487505506158801 3.4478609217157468
25.058766304798596 19.413032175704156
6.5769894768238268 18.582432005485085
29.951757126019853 1.7135154460220203
12.011803179745304 18.696295183574758
20.141113602240466 5.0714578613375307
28.727594191197884 10.95335001513439
16.179598800571764 18.923401374411885
17.697870573125535 28.612397435619215
5.8908364029720763 4.478683367285333
14.990739844692433 17.668024653107402
30.024110645772609 7.3662266306771471
9.2642036819061957 26.322761960173086
3.7129301150812926 19.551145792725425
0.65378422909944545 8.3808885991272746
2.4937175418489987 1.762671678299889
5.355792705364065 27.066215558844959
9.7285029612971723 29.11967168429279
9.3916257247140038 27.66505993863348
5.0553798597990136 15.573033640980208
4.4691455469603918 5.0277845069315656
12.694284665959119 30.235026742015691
14.845161349091128 25.209934727403056
18.112902935373672 7.9630119433382474
29.817949663091202 26.449444336324987
26.662963266549436 5.9007441436645154
25.747531423504633 21.939415975783092
6.2424477647085164 28.455860761664638
14.567524963858123 11.531422149705815
19.114080501029306 24.337429866266994
3.7915979381605336 27.189087964508147
28.155621113200759 11.758929521662076
7.2399179576941899 11.11873953448427
26.183297645482579 1.4025011671357484
20.638091860239783 24.24354973440526
0.59673566482963136 21.97724274681735
1.3281589852146136 10.309452328969217
22.317573358636825 14.725979424407534
29.632822018604962 17.893178250928599
7.8043956268165706 27.688820734090967
14.637350595566561 31.182131798464049
10.867529707110634 17.247850718887047
26.445922335233114 28.596955553125323
22.801646988467137 28.988325541517529
21.425810526622474 2.3098658288178084
1.0093964000615958 26.971836629283732
24.408492752983875 4.5654979422156563
2.1975203675599384 14.767978655186729
15.083233281644281 26.357382990835799
17.821244082622439 7.9138224841662206
11.534227190478598 20.244351912083395
22.330244185268892 5.4136816085744508
3.1735207176690721 8.538522510515266
10.9858298585324 23.191643315877847
14.971801469139203 16.427289952484973
7.9057373285730508 27.931583154079149
25.560749115883429 2.2992165459856211
19.001997017583097 7.8709605957962072
10.01318058885038 25.808982281215538
2.1961404779080524 5.3341260853816292
11.700912054935159 0.67431119829591823
16.936679612184154 10.780228893024667
13.289830591900285 29.006632477827495
12.315724508229204 21.677572377063207
8.4637993364990614 4.8693882073307853
6.8565739133351968 13.303189242589525
23.065722447870904 6.7505725602892035
1.1756241630681754 20.09361644954182
24.099500480066006 29.97445519236765
21.511278751524106 8.5406483109664695
12.410092613725793 21.946546987947663
6.8549722820063987 19.262425205759865
7.3419927308392623 26.138389458300569
1.2781792938408674 0.7069587003379243
17.93351625250931 13.070855160223037
19.703882726429313 31.070769340525555
2.3273951585207797 10.960239732506263
2.579512706025834 21.709490212697546
11.455733214038988 7.8251995281236288
15.466866514457861 3.6196757357194609
16.992545131451827 12.603263500205582
4.5067668389427098 17.908898043290648
8.9592277077313049 16.3920444177853
0.17854430575905972 29.158709415237055
21.464742253474121 13.34965273510333
15.135780916856353 28.001026630602027
18.706064543312532 19.002842623993164
18.31535655588694 16.780751745028851
3.4625959745033299 12.309031634217414
10.506672497136245 30.980001537315136
5.8518413018956474 2.1897996612794799
14.640424667607862 29.70669409871363
18.932141363578339 25.601300168143979
7.6363000000922385 11.720302716927266
7.7566909588319533 25.474442735227328
3.3622735088997113 29.384439252628624
1.063690971371966 2.1960570633867156
16.781846396215247 22.145087569234047
11.405281997312803 6.4866431092581776
9.2811129936867616 14.560955008026001
15.646927740882829 27.826795276824402
25.53792953018057 6.2075743354060346
23.64708714588501 16.903622272851766
8.8684603255474173 20.158214932373088
1.2337881171352498 14.709520871484024
8.5131637758887351 30.755923989423096
7.0257359317354728 20.675477677691081
21.947299610527057 28.745223909971848
7.8461070224100515 2.369085607128715
5.3582203309814984 10.0145958413923
29.035196072453861 14.314249586028563
6.2864161434074779 16.717184304367549
6.1987383489307453 29.040435279876618
29.287875486659527 21.735460779157556
23.152161740233449 23.019880087892339
15.930033044518147 24.821903364933135
14.722844226849825 3.4990556692109656
19.844202714761938 10.845413726613147
29.694334792892505 0.81714014471286456
15.074034839309407 5.6406539276007326
17.381889505838306 12.012465787377714
27.711826693237416 26.227661282597204
24.441910817951143 12.601048946811545
8.9656272049967729 5.0432094429070364
28.383355851278235 15.792925459981229
25.994882237815141 3.4504227826125118
1.1594878875671286 27.48976718508105
8.6810760149318025 8.9236967762746442
19.666968584650103 31.5343127040898
17.463298762905044 21.932881477763058
24.2531363105849 27.683910154695699
30.536331359463492 8.1734158994047128
19.714593934956874 1.5972051075612106
23.93796438292123 0.64592072099335629
26.405512269468673 3.9450571183748973
6.1671573819328298 0.40988631764211758
28.14376409770458 24.474841071715133
2.0427458700348011 19.474830067405133
12.861992976572388 22.796944357664874
10.464631807901897 20.549282057163452
27.242517461844493 23.874455576495816
13.218286811051648 5.2281825039334047
27.251466054728965 7.3355427417869832
5.3617817825671041 8.9180905198347453
26.595997411827327 3.615086139455109
18.163315888556419 14.953287427899371
21.675292786986759 30.927238668549165
0.65412773182825568 15.839673430783503
8.9594600764746222 14.107133882996942
4.7510185970433287 26.562806342302338
11.047010527045032 7.625071369817026
4.4112361257168589 23.009141210397043
9.1129781833614878 16.346285828990272
3.7877808885694231 14.515121431706413
15.302514774647497 7.5817420672564806
5.5468213388537704 0.49628794227302481
24.260786814910084 24.740059941350736
13.15033848729094 31.266758481056339
7.0511011288538201 14.879979697510928
20.360875094783573 17.63865444320485
2.2231783212890486 13.471821290808204
12.452828307415752 9.5938218022232036
5.7480145759535937 24.071947774818472
15.478875891901101 2.8788934776166242
10.942305310669122 23.250154782671462
10.807404422054338 28.6433928218507
23.619791675942608 10.755364923308017
5.8622396377684165 23.788462233081273
11.53368986758891 12.344750594811167
27.657077479163075 16.744418299423781
27.278815976455586 11.089344117616042
23.628410442868514 17.425899589681983
23.715898302570178 19.898472179922106
16.907453940763418 23.933503632830316
11.844957649921454 6.1725170375633258
30.7578561147172 26.6387155304065
30.594836543129759 11.408437813516448
12.141563104532565 24.292260148358608
5.5841016713111582 11.858426409928413
4.995746707988272 18.039686744659008
27.779776059831235 8.1007179900772446
20.099941082584934 3.9328730020871747
8.2129196113053435 16.492339351345027
14.350756261511547 12.489562511829876
26.581575893682082 31.148858013927384
8.5404931150832404 26.144659267609583
10.410317536755697 9.4828933966426128
14.285143393094483 1.4056881711616263
13.792836701620514 4.2976529583191088
19.102964232324545 22.223477403529415
6.8303343464958086 16.297714427440951
22.792752302901203 24.531395330351131
8.6604081795003278 24.377768090661078
11.238030838842851 27.791403568705977
0.85166023418578729 4.0646491219738055
12.923735144280894 9.6256317864021597
12.265263732844627 20.999408883456788
4.7189711811768218 30.00842424372987
11.701034020078072 13.375104358824574
8.1889731280851201 20.74925495331993
14.469696026771759 10.31486240710764
13.847953052608649 12.714902410503543
31.620648259727567 1.1317646354101867
30.104133981767028 28.156451030396759
31.01015487047513 5.589360991695699
15.248980662341578 0.19008754167826028
12.949557062464677 27.512530437006902
9.5028669787209399 21.526078676360367
9.4765811711389141 14.779313608087598
19.618859673678735 17.527372317997735
2.9917628051335381 17.456536698634128
18.598014332230264 3.3333940251356884
10.424732767977385 11.213538671691929
15.870336002232001 15.54766984737662
4.7414526062267877 19.084048050568583
3.4220509881162311 0.49060861686237789
28.867864659449484 6.6011955633397807
4.4004860747315586 12.287368466862725
7.4109204151652417 1.0292658559130159
3.2720779927025001 19.576990623088783
28.056251383988833 18.198462363070213
1.3530939672712676 12.600046438212823
29.518056387126247 0.45853640872615647
0.997229222919783 28.418212744116193
10.131528233166099 13.671718097082307
9.5693320793909979 29.896660694829478
4.5716855360421613 24.102065366576792
25.935710368729769 17.668207209801455
22.54746703097711 6.05768203746495
9.1586776626395903 23.314389413887071
17.716881603534553 30.060551266120669
25.795286716940645 19.230080208308824
19.132787449499325 5.2161223151387421
16.32915056884276 1.1306073058312567
7.3249991335866902 4.1696206758682299
28.053424484632963 5.3474669083919677
20.459313709709683 5.5214945500217896
12.270905630207126 29.924322752984487
18.924853580382631 10.788367661265609
19.96330773185084 2.8484527574089573
30.075483087140753 23.387979038591329
17.60592480184383 4.3530907594134698
24.647082907830551 6.4328536010584996
12.644110537244957 10.640925121200818
1.8383941768431553 13.248869414319092
18.922351514005616 26.140621752798108
16.264154183500327 12.110856358597339
27.49919085621789 5.9576043586673002
19.886158036012841 27.127656031802708
16.472409934805189 22.570831644671923
17.948184790671373 6.2703305969502443
14.09142771068711 23.23696602439944
5.9202849491775176 15.191344756063977
0.77134418571042906 16.138497160362224
0.38944527059164996 20.357843642421596
18.721668958947067 12.508569413954504
20.079266616125327 13.919117265897084
20.811585530897663 19.076905999040644
7.3167889557999652 22.380456416190825
12.418336723747755 12.161860714127895
28.389858606929657 9.5369138383430148
26.940343936549787 25.438983176411742
14.66077525968552 14.344210697298818
7.3119547745853897 29.296893587051038
24.430114923578408 13.04907050893558
12.753772975673634 8.548063157511665
1.3730448206583166 18.43919158792043
29.489520519747465 10.022972412410343
24.968326775237202 25.710838123916361
23.602300240558048 9.4707048055768173
12.784350557748191 19.025532416147797
14.865575661178152 18.218339373482944
27.167543275592628 25.4427445671197
21.58036543041953 9.9678051375663319
29.741083622538593 21.276641851499786
20.633901778873781 16.503668890517321
20.012616462366022 25.341732200539397
29.530439368329791 30.264793317085019
11.83061242755425 8.2176955906439861
3.0960145072103482 4.692808678368281
9.9077593383295177 16.331274005786156
26.787658408612675 28.927226432279745
17.191718037850098 9.6077185425606935
27.033017402557544 20.88354841071607
19.309915385444857 18.905441791377189
16.151648959554858 7.8790220961769073
13.901677486012934 13.187728894318276
9.2861119068939715 11.141107590284488
30.967188544420729 12.071483967635404
6.4111157577871909 25.664644184707765
21.669049799841424 15.089742324867366
2.5639090462934941 18.375013652568825
8.832338638470679 0.8924692003401492
0.0045134968734356394 22.158498525301155
16.050331080230105 30.636061244219693
28.577768145559308 7.6148245764056774
4.8196399371798027 28.796263920653846
5.2470801092481336 10.025205017983041
30.966420226094389 16.930642252645647
10.882950283299779 3.7750398924987674
4.858061935940964 14.166960313347776
6.8006565732526942 18.508832539482274
16.993905123347517 7.7884831431628383
28.305815871373174 27.115668341423341
4.4509680269836469 15.024335754273269
29.902228717785626 5.9590837424313285
16.140552219145487 26.298692520604476
22.572867625305264 17.378027668634825
15.030217920866717 5.9181121993756385
28.093302852108135 1.6016382227010224
5.9557206793718604 16.845263069227368
18.187583765405446 23.628336654562126
18.523734473186035 9.3861484675033413
18.061089330540995 5.5225774251145738
22.57149505457679 28.425991683946524
28.432360389788553 16.067122138988104
13.068314501770109 15.084961937649281
24.628830968044642 23.156292248935671
24.495150037188321 25.342915278761232
5.9444834205181527 1.8542194151626714
29.597086270504555 9.6768804022830714
27.452621116948119 9.6766313987405574
19.192176754207846 20.312983706471556
22.084633996064635 20.875146734444993
21.419048029186932 12.73290659128423
11.519549797906095 19.263338542879893
10.761128054267957 3.6834206231978275
30.749064963885147 3.6531397612562255
6.2605843103641563 2.3339998775878832
22.640828421020682 8.1633677931299982
13.354110823413912 7.9973600439676638
7.3692730778531814 9.7508349878591698
31.390356421630006 30.962802665369193
28.352374055693847 7.0069146242264004
2.0198210858266439 7.9515458113635527
9.9014690586272156 9.273063959971017
30.375868490935183 28.32963372018488
16.453726733808853 0.38859196094958798
13.901945384158861 15.523891849774872
9.7031769962715604 7.2661013315408249
5.8269386303504973 0.73635803479903827
7.9443035770443888 14.384750826888546
21.832552481104539 13.212235520130152
3.9005939658608328 2.5601537694748919
24.999376222968209 8.2417544450320772
31.041885200756351 1.5274248759176285
25.064300853664669 20.290948990617373
18.966352095687608 24.549837717745049
30.394379781218145 2.8653639705824672
22.725948256582015 3.8240159314183919
22.514142857044639 25.703768358944352
23.562327595635338 30.402125167372891
26.049277008515411 9.9065266547621196
9.141841085823641 12.647124058328037
22.517384381947647 25.667321577419315
13.646016302226096 8.8785195368476817
13.294821646961468 6.905493510002886
27.788954915633468 0.45063554134030859
29.717438642516946 5.7663246860846602
30.542280195900531 5.21813236941576
30.813311297683374 26.399185010305001
8.17616856158131 9.0324119221249575
26.835474959875452 23.019206562444548
31.409012743474719 0.63261522144542204
0.4911917874711601 6.0692028598451984
20.280149584706002 16.396466378264378
22.467009812585253 23.253746359135167
3.7509705832376747 10.086000445035092
10.993020422496677 21.835297866286382
15.943028767328677 15.497075324661765
2.9569035023435157 28.084999591143145
14.047408757486414 18.925754982277688
26.688032810158948 16.21620041197729
14.115788022355595 31.521542878072523
12.493340173159687 4.6250748002601965
28.959762716319695 3.288471370522311
20.530357080930536 15.038609608141565
30.158169406608046 27.939992399201461
26.090894947648081 21.613797658397335
7.7545281228421796 7.1324830565932311
12.774300099612265 6.1992283644462063
6.9704656722079976 4.2597670677912136
31.114998622113365 24.81286103963479
19.862066089104751 14.585677135247085
3.9549381328332416 3.84988800439434
1.8824918850152972 11.935792250704829
22.470256476171688 3.8430384049999762
7.815512441112471 26.362041906729271
27.03011607415953 9.3152497544618136
20.021131082855238 11.917066136137057
20.660883796851778 7.5843825346932618
18.628137014261132 11.203810384827605
31.421104936726135 23.14592025061933
20.614948652425458 26.57226955198864
17.111484471399717 8.9298865649721417
21.949347754484258 30.65857699286482
23.8949315106852 18.796542251878112
16.705312751385147 19.355507092561361
27.953032561342386 28.245980859667295
31.084055647327737 26.317252497896401
5.3957568978717863 18.990355773157116
4.2752776289374008 8.4958515906124905
1.2736829667260259 3.2206738506268553
21.168013332665812 28.020703117759261
22.325302186347031 22.722517326450188
19.481476656558506 29.522455867601565
14.691779438087273 14.202722714568081
11.73465983592633 26.668394134587636
13.113918475726834 11.527790047443188
6.5089314540727194 13.779606741501969
5.9651843696651703 12.764839528924503
4.8326155979876253 7.4919867931019741
3.836550205754937 30.404351538899114
13.288088928932634 17.760597540639328
1.520974404629335 25.120496083546687
2.7485880869869908 7.1685236295996848
13.471070400401862 1.9063542727878262
16.670904436175668 20.150530070862239
31.511443227815843 22.183950822774221
11.498008999181868 15.534209046367451
15.36764961843558 21.820578038500617
22.168884883175053 2.3389755744180154
15.64928531396162 11.570376499866857
16.042902520353419 7.0475379612708151
26.586254867981172 8.0758840845764563
0.7701812138094023 24.099775898862404
1.271615354417664 5.5196957994532063
4.7527350950281315 23.525161623874695
17.50854762395959 0.3005276743130863
10.329546231856789 26.040553491384244
4.6471499374416005 22.303555383264015
3.5523257132863688 5.8693966657461933
29.008474364665339 8.6625658649553401
11.418555493420262 5.2941002795547263
12.569650456537072 17.037375277896587
18.280099961492734 5.5755246337989863
10.021209145878624 1.9502796620375844
7.8049864026051283 15.677356170385131
25.170110347932688 28.955727529721017
5.6887285748920586 4.9485579861782325
7.6632106271340961 17.883203837982421
4.4312281006584264 20.329731610796788
1.416218521923259 20.744892477226873
24.555634230300331 30.017233044297978
15.630418149363848 21.590092059997701
20.808380566676224 21.967312410513362
30.543327610170873 30.508021565317712
8.482787210165835 18.816461391890396
18.615418699542541 15.87228498008545
17.87979769243228 3.2673205013943942
2.2704584162364778 16.029447646170063
4.4174606958786375 30.929209715051815
22.056418588779874 16.962523563703257
19.099714819727247 14.959462602058213
23.508468721117247 21.287916789981374
30.909512994165237 14.044107037991264
8.7731121034517745 23.417729606631632
13.286096600602548 3.9306776347089629
23.82847661732243 24.445029173102032
16.463193043072845 4.8586440732286373
11.075542204967954 1.7226371791839445
19.523554194966849 30.23242425258049
2.4245425638316651 5.7519451416185028
22.140548659637727 27.107342406047351
30.447521986502093 28.529671821806513
14.209297983227763 23.630978537303438
3.8192235739268434 1.7702816399988326
27.041790475454643 19.362507831475337
21.917378183539721 16.191349507841064
6.7499403768538233 30.493387409290072
12.735525477671432 0.91631965940192572
6.1079954369791976 30.748303952046012
17.409634872902199 14.535188306490857
11.543304555553261 12.869015876117958
8.5958810720613421 19.394074922747798
14.398308771462442 23.717722856273969
26.153942668843133 5.6507799594052583
13.823395467169998 25.845609309929362
16.789469338476188 1.3094173415163737
10.343683679844208 30.791080205328246
2.3421686831200641 22.377778400540002
21.602895301853952 19.32692639939874
17.784499486592775 29.22633020860906
3.2996267525770402 7.3117299921723005
15.633836351370004 24.08153529585362
25.057620854400543 0.72502167986278598
25.9498449574643 27.360321868616936
30.971148071462149 8.0871787202272749
14.791515315151441 19.61888565118193
25.125882718649745 11.270735995092314
31.569548120164615 17.848841829789691
5.1584248882045109 13.998718845107573
20.078389040645753 1.6368288828599702
16.013447474142787 6.6555503725272551
3.1346563699270229 19.315756437571288
25.473040072018112 24.421246064237387
24.352062464787384 22.900644806186815
1.4558532053409723 28.693046774638216
26.701897583612055 20.662006761181743
8.6115991935592486 23.407629615893718
16.01165899263432 13.522541349673412
21.342571826170236 26.619979682226742
15.844939942771127 5.0336240145467857
13.227276890098432 4.040737085932923
12.394571835975141 3.2167717456687717
10.451851898670078 24.145443845611194
27.071433893001366 17.612300619310826
6.0277207630291461 16.622958561562783
26.454133312253063 2.9340665400529455
31.006715525428305 19.618613822684047
18.797412733959266 14.75754672048309
25.321425622797904 30.369709620160286
3.6501810814583391 25.429242359589434
5.2524284910298835 21.708035995601083
23.765557683460081 0.6024693165099807
19.126747738949582 0.75574267884544566
10.149269728238483 22.44863799539571
29.442942324898148 8.3308446625139592
3.4753031516748236 26.806135103541145
23.281255252073823 2.6943667992670237
18.466123365909436 20.720103783540708
8.4675598912444112 31.446933005520847
4.0992393651246566 31.21866205095121
28.697049943682977 23.495697104805426
22.903268598800263 15.178980609062997
4.3561996976992887 12.097589209879466
24.260300249079823 26.987116445796211
25.773007987725158 15.210971575032248
10.794871374066535 28.660945962333294
19.917613494605451 20.580481893424388
10.218708122068035 27.034630379637935
17.403371493249921 31.399983413641497
20.347806401839257 28.296461366949284
26.277389242997295 23.39061912431676
13.630065816749784 25.404250822815371
12.676503890062769 1.7308159221635515
8.9475550360042764 9.7001887983004238
19.660921035056774 8.7507154264101281
10.415748739646562 0.1055947029863258
16.555574735675719 10.293509064691703
15.839602192750396 4.9116087726919293
30.739342787227564 6.9217471600970848
17.090056722124423 25.840964014338471
28.598185926824907 18.865722142274269
5.8612408393598097 19.714503163305579
29.381019716052542 12.091351936677542
7.4510273743521225 11.583470881449546
3.7134989178346958 24.277825550219429
28.459187905864709 17.662645503967468
11.648300985817327 10.842397844239613
2.9322386203489392 17.148443751148061
21.574203255595865 11.355492031552453
26.188430203217916 30.237153494308796
19.535676916702226 8.3443362395805885
26.382741432694797 0.49454900167510896
1.7757499264924892 30.01093127452673
1.236858804410556 17.448641806533765
21.480321191355824 2.6309198076567211
21.252732151754731 10.908960958322657
12.32831654926118 20.978447612988493
2.3181416562719734 25.496507538086576
13.79318095471344 7.4133912370758184
23.122316767356821 7.7976030047570148
11.198838918583784 14.258506851680147
20.554784154195907 24.013812309617464
3.6400940831994473 0.67437298955487057
4.7415604410846628 10.538770559934644
6.3923239242515608 28.802809155649335
28.406671389053344 15.567013142668223
0.29936816011574513 13.110105894903359
28.420895142593018 31.363589263266135
3.9755592372651427 16.558221163703504
6.119252076372959 5.2121680101470629
17.777554920422322 16.721749107023587
25.891565603373337 7.9391513964151148
13.417055046845269 14.799867431653245
26.635593059905005 14.602095828577211
20.487385963420035 30.718930712178132
15.249997693886092 19.567007495064214
12.712718075142961 2.9658023320465099
0.46579573574730893 13.346226229315192
3.966595764443881 12.444666175527722
17.741047294284662 26.586596761824079
22.801325249873376 13.554346067168813
0.60528230188412591 26.137157108298684
28.149007976186599 4.4348536657964859
18.250496065868727 30.611149762708632
15.87257334840224 30.19281917847125
24.584726705185265 15.620777068687978
16.953114348310816 3.1827831564824787
0.032542346359329351 7.1386991090065246
5.4370156815104513 28.003958392299342
23.834709490853918 12.244981789225246
27.111947535549856 30.364688179982458
11.950930205954563 31.522395250260359
20.138897924241213 16.580642583190535
6.5638016796309095 2.9650653946608689
26.639920255317723 14.57706675818703
16.04987284784006 29.651144130654995
20.135694636501324 21.775088718874844
30.345271992811682 24.732846526468567
31.527976363350739 12.438769947523019
8.812282492640648 11.757833720368353
0.26788218109124468 4.5096295199270013
15.421063761894263 8.8480790320150682
16.345308561680206 10.546401524276906
29.736379300226879 16.21921953349305
13.320719321891717 19.982772385249746
6.0576886088335344 26.652603047004231
29.466204190915949 4.903020906808127
26.816676502829736 12.04172816626563
13.125208128842036 28.460525632137511
0.47947538171303461 23.513735110097805
15.085024473027424 21.018970290892927
25.85253437410946 13.006741752032585
17.447575773850669 6.6165492799835155
24.784330467138957 21.752154075972694
0.14474052196130963 10.774140821414727
30.233723606306697 16.800111771909791
28.945468831680884 23.903295680387664
16.178837478155806 27.162994138401778
8.7921879647623822 1.2774318706581964
19.039979108248062 27.720067332723506
24.244112223815357 0.11460606532278737
2.3964193486228873 12.295929208735791
10.449934644444243 4.0793144045693506
6.7103603244316119 10.081744318369967
17.252113963810988 22.788572779901134
8.8550942600448028 12.681115611584513
4.6796292986857937 3.4681888647533543
17.391623295604361 4.7851855973164126
22.951509349988076 11.219537004734899
10.002705464160268 18.860251424499882
11.781100787969855 23.671701199481799
21.717103537966704 21.418130135881626
3.8478258177649964 16.616226413491944
31.411891522417548 15.211502254954718
3.5167900835455099 5.1831447737091061
30.344235091406162 23.978954141574238
17.365696133912905 14.005509536389216
5.1544949380025447 20.545331020897493
24.704977188530762 1.9312110621033485
11.255432108035407 11.182059044279233
21.855027811933176 7.7954835148463042
8.4209306117031417 27.724397642426396
21.188472468532879 10.722383096842291
25.236989878448124 26.8729179339735
8.6845413056197422 3.4174804840812434
2.2560354236504159 2.2952374849255479
10.513001945687321 13.42029362109967
4.1504059811253535 2.660907029663143
25.42308257867451 4.3822788612786026
24.27104990964677 5.0025893215598813
8.3951880904384275 29.318585685864438
14.34183779085587 29.689869898203352
8.5290151192634553 6.9638513691612376
11.158465367028123 9.0551565926649076
24.287250833847413 3.9555138092090849
26.571638104534621 12.000751837591569
28.202990796125071 4.1412341096092788
23.918748331425512 28.560176034425801
1.8881442266811286 31.231933121729462
6.5799202824599679 10.185502790484653
23.460747430804883 19.234053566540286
21.306204481032918 24.83361509089498
28.026190103752263 28.262768848303388
19.912897875620924 29.284570905450803
14.914732553215401 2.891521567293255
23.930068024316803 18.442243527248998
23.103943962647314 27.199766228002144
26.750811291582206 17.878031493759938
17.455447078985532 30.184763082861821
23.919322381806474 13.471174196060078
26.132273570807047 23.851155370920004
2.7252082860647522 0.93766398391923078
11.14400115522473 10.036728689209347
11.91521672956589 30.432427338370882
27.657179994887805 2.8267634195442803
10.949211376679168 2.0497008391727225
2.6644953905858366 15.638937892526064
24.700532200130922 15.385449292649936
25.978708669668276 19.371913063018731
31.123817791508571 31.15999811245776
29.06234758036085 25.76292769517735
6.9803081866425378 8.5072261388240467
18.715476496957606 28.04485279035563
17.678527095946972 20.913748857987734
1.8219783429075187 31.204515832070719
15.644182412402413 12.425827145967816
29.876079445516115 24.687058869471283
14.2635121028725 10.298499241311916
10.784251383671458 4.6334387563823078
4.2509478904972591 6.8412099732621243
26.744937908222042 1.1444065123381744
23.594462690392358 10.793845390130871
20.441737288269664 9.4545984246926267
1.1183466399920889 2.3799659101747714
22.621661871917361 0.80066126062748444
10.82684172949091 5.7910607995192365
21.469605838541746 23.46452100560904
9.1692965131255999 3.0244683467446101
3.2374183247148025 27.812551234630689
1.6283661655097601 31.289730904405257
3.081469846063936 21.296955236431589
21.671222749974206 18.338912527815474
23.654056321588094 14.827195498325668
30.909198115920034 2.9926864666380193
17.756303530034454 27.756007902641308
16.35781232376468 17.002715580267495
28.547813859883565 30.536228793304222
2.0941311110039211 9.9149731026383137
8.4625054616746098 18.26066431591585
24.376749414307426 21.04018761861543
6.8648634535546256 22.06568708640458
3.1704023298449386 10.505806410898249
20.549569471933101 6.5539736408045002
17.776924525065155 26.389938092064469
21.944464898125581 15.394855676892183
10.497775564179515 0.10550084304927397
23.051671917951992 0.87241855991421569
13.246278444755777 23.294482852779311
16.731476950135541 17.872860607292459
12.317713669529128 24.3396032357027
19.280077201709116 22.714769080650591
26.195704669062746 27.685999307395196
15.159025110296806 9.8600709717840935
31.044727960039715 30.902811830165181
3.6088422071069921 25.122123094232681
1.710360744657065 17.146341145453789
2.3030351651931742 24.133032297820346
10.386138484419629 20.54681289994917
28.501835920832193 3.5799898774061099
22.556796967335785 20.625034642365957
25.306144356887962 5.714089573530865
6.9082010821209243 6.760819398904089
21.12890886643337 25.424451117503981
6.6818263795698698 23.825875878923224
18.080830807588939 1.9493434938983802
11.021427767250424 2.4520836217574189
1.0435418554636033 18.716791401234016
30.255142058234902 14.308553777642699
14.853263311936399 1.5554759345163969
25.076950191083871 10.715892338240222
26.575115755993373 30.121562801100893
8.6370540923741466 6.929141790772837
25.703721280126267 25.700417096587117
8.2226210469666103 5.3466544504444213
17.846369434387466 25.05701383270338
30.905193088312032 21.854402897761094
21.857074131312192 6.1225555893629959
17.35922486131869 19.846148524709626
5.6318769130680693 3.3889792889718726
13.171989373545932 19.241298810258542
8.013774526396567 24.408427383179202
15.229609077608314 27.385559751365527
2.1493751098092821 14.962314076077735
30.813214715923628 19.343885344400018
12.157166906201432 16.95338453241186
7.7021904200588542 5.2731006241522991
1.3708429829444642 6.5877525215011694
14.544313637726319 20.348050019148804
18.963241264680942 6.713833338538377
27.70892891296711 1.7511708360853804
30.378858135093886 10.221368379068078
8.1904801546194772 13.751783629087077
30.994791989387796 9.9923340433400565
13.542148258764513 17.316929116139718
23.370334916117155 27.097317008536557
10.244593684196735 16.825432613942986
30.239221144387766 14.064240687515472
28.490407917648721 2.1388267586951049
19.05839857940169 10.196001199321918
9.2483103500538562 21.863710141119846
15.01913914968693 29.571570773942334
27.693155806669594 21.017435607576871
28.97800429141413 11.297157568374061
22.326153354380708 22.693263757280818
11.514496941365763 26.660299129955057
5.6934239831538731 30.356968728647885
24.580880880086717 9.3382969584411004
7.2335011312356965 7.150227940107281
1.2697259054304442 10.941604414833728
31.400529101609848 3.4556644273357322
14.157775047127334 27.160506088868615
28.585118971182286 20.369429828350381
9.8286110906404609 6.5654722255892226
6.9192901614597861 23.152225572678912
2.7233778538780875 26.190416525452058
16.669307886304772 25.168371244334534
28.118652227436222 29.942911913419081
5.6321368119666682 25.465747072472748
