15.259751111886555 23.825862448746555
12.226933430985724 13.608410669849819
14.262919930832949 5.8015953188560436
18.211871802098187 20.485821536356269
9.3015659191358679 10.998405334083046
17.902947176011875 2.9045098132435103
2.3880498632122524 17.080064855727688
1.4574944698249805 22.036084115963892
31.607666182211375 28.167870294835996
23.327041372958799 10.900547862890274
17.243902867915416 31.062891894031715
11.922004730402151 6.5898892057681246
31.620098415977889 10.729387177006968
21.243985727630843 22.816210269939909
14.589375196001322 27.283018346860068
25.720412837116964 10.703332380711077
25.263208499528751 16.733652045122287
25.496774657279268 27.559263642781268
17.661850563517675 9.6633594049141944
22.257162002880381 21.694805860021418
19.057789295308556 26.544884314425634
10.500181948710036 9.118236365840886
23.597429804933398 4.7799804399378578
29.728930835080199 15.260591691277293
29.760548737673155 12.939960390760859
2.708403588511644 18.947321183807723
4.8806154699218709 15.078898148231621
15.302576869175962 16.903724262001397
20.775834562426763 8.671835901687281
17.233647346120851 11.344786417538655
13.437924275132595 18.171527216892969
20.113686828556673 5.7404217128590158
7.4726210565888334 19.326314037351171
29.942608864288015 20.644776339099675
29.158984703719003 13.78428316642094
3.2684106167736742 27.425268999233179
30.397937260185557 22.422546004470483
27.06696364383588 17.71749145827339
16.773573579669215 16.511168550364836
7.3380348235428814 16.902504049987066
17.007934916700158 23.099464850690943
4.9411461860962334 30.888086746840557
21.852980649870354 22.684670240935187
13.948008726669 14.150137879770051
16.568675684742672 1.8544512835620681
23.234712460317397 20.842837136728285
14.99020350712377 18.884701416319643
16.370317286436354 3.18988451571221
17.858713120537434 19.289161544147085
2.3834509282480982 11.268785653597137
15.507399244138698 26.391583452244117
16.656690558522364 14.127256741984551
14.676903733487826 10.243873724948116
9.2800432880270662 19.611365585625038
22.088039890844346 26.646205910878397
24.370918414573772 23.930776203675016
3.5393337810674996 26.066592197002219
15.870764553938148 26.188864490562281
3.9774373027694558 20.464360664769313
4.644399871297467 14.565468877707076
14.303480310331269 26.55674057696822
7.1436090914945778 11.027647802356469
13.320749471291736 8.1189649693810289
28.275051686569906 14.143173684521491
16.100374708123553 2.2842694392673608
21.033990125635775 16.925811081201211
21.402013021771094 6.6227520295488729
26.008696664108641 15.183874349922066
11.12615957659899 7.8775093303896364
5.5000043459387253 19.228931771619663
27.951715598361403 24.16823557628334
1.3133194184336179 30.648154205927117
0.0087333657404913192 27.117487187249989
26.825700172831151 4.079127421136282
14.376188594223843 1.3958918150000241
8.6618843369691874 30.585067529489756
21.967007212558674 12.602423153911539
17.964416184250599 29.971411788341353
28.712976489619173 31.376306822935867
2.7242251518203604 8.8448371831432251
24.936364862644734 25.940458191236448
0.035923123105067296 19.562106563247344
5.653588033748604 30.196537636384384
7.2856333947084808 25.828455979473958
3.4711437464761743 19.622662206425833
7.90440974153071 10.384133036824307
29.06432411393115 26.661726423672611
5.0388579269687472 22.291006720718901
14.062169432240745 2.0006062442858825
5.007847423948057 16.7820995724521
25.878380653858503 25.033869746129501
22.472836920240251 9.9082833671951587
5.8440576229665169 25.465957125935439
25.290556871222933 31.101995431113401
15.191871685439983 15.989871104815744
10.801945788116273 5.4179493936128926
26.204490154254657 18.319702785727692
29.957396218968935 8.9170885696466993
9.3157109690849218 2.1543062531695099
7.0080828083282132 29.78279303879928
25.316299023380427 5.2364052546491715
14.316541986806611 18.160473440234078
29.992967311929974 0.38471455521297199
12.431482980583308 23.287894179824928
29.588003883275004 11.062536325662395
14.122724124884517 20.315303272374518
14.070238002467812 29.638337904536279
23.798148891703882 4.2744599098158549
11.926141893065287 0.35794022479691012
17.527359595407887 15.160573584735651
19.906265004707532 18.898273289328703
19.645206754476675 5.4446102054324834
0.45317950360275699 7.6628403292189784
23.907602896639272 12.461362950918891
6.7812940322166408 10.148336891635934
15.881846075106282 29.97786958972387
25.614776611306212 24.46165563979023
5.0373564242893742 9.2805072528721979
7.6814030856578919 8.1151709472205003
16.729280689585472 0.77467625517057659
21.825812409911592 1.3187798960505184
24.50492768264483 12.516305284910775
26.360165935571846 7.5595959645435613
7.6414904565345596 24.202305408619669
24.407585911551969 3.1672889922869643
1.0315016811522031 6.4357430149080512
27.303987795927604 9.8057233624773552
7.8626285878235835 2.5769565724856411
9.9933201704862924 12.263062417815849
10.097925434225891 20.756691615581847
14.702138406946563 14.148193109671295
3.3930517379144765 28.088818165337763
30.809368053946319 13.594158984107613
12.338180055658013 1.797090036776456
1.4820469742123401 18.661431725350791
15.962377589501285 12.489114931387649
20.231691029067846 25.567266661876442
9.5556582596953401 18.224389626817075
2.2760786843351006 25.607195835297446
18.585710749022869 14.883202863308064
13.726947505096405 6.6855477821511142
5.286612358962282 10.54408945077404
13.999732216668427 10.485924749618484
16.199094355293596 23.010024252202161
24.87832662869625 10.061040427705278
26.292319431275665 14.90325966525679
30.15887513821157 16.56675720846814
5.6081971511219297 0.75661948177449845
4.1970253294617166 18.024399683514694
2.006446797509962 26.463311900742536
0.46978753245691163 9.4043469866472922
30.518375728490685 18.965651795517967
21.130150027143181 19.912395568847522
16.565794636590322 7.4025403018361287
28.275370812767804 2.334543821400755
15.0661944541349 30.321165751276208
17.025822590790359 5.4206015755392292
5.0697117723734149 0.68966068060013264
3.4002815123873433 4.8787022137522742
0.80872472537685758 12.045322985954213
0.17502314597285892 0.59683079488171087
9.3528876299550792 6.3726870012156756
6.0372246036080925 27.397365331527489
16.041726697022863 21.630303175521867
29.488930535135292 18.088839585934345
21.240972114157259 14.889435385489207
27.910999927160354 24.765150332949801
11.327146103295158 22.803870553222254
14.949979809783644 31.496525468982213
29.1796724094654 4.6862772016826675
24.814475822718737 8.1907056139014518
5.5793490634899365 18.886859621962699
27.405885174279092 9.7219085494451143
23.021681476295942 18.275268858022059
28.687084877928363 21.124968821764554
11.394101779262277 8.637120782080423
20.318241666491229 23.213726838463572
11.233967957407213 19.592475751741951
0.95500625062641864 24.215184640049987
19.980206416821591 17.595056474978847
23.946478097339082 23.540813256479201
13.951475305407699 21.777352800410206
4.4567611024984704 12.356316639592174
26.621056976400894 23.557676124010793
8.0181245845462534 12.532381187317661
2.6511591973481203 7.6693295641124735
7.0736597974593076 10.702919642181088
13.02873770033397 18.243078836786928
19.024864520273201 3.0759839956604638
30.044535420661862 3.8823114970826258
14.664670295184532 24.596092791528601
27.630642767043597 21.237439268435612
28.480531682150446 19.216044594774139
7.9259492051423814 27.854589757230674
4.4288248045022645 10.199463382974974
1.1696158910505328 29.926982380171527
16.019178790906128 17.752437641126679
14.617930113102961 30.891341905566609
30.289219797438381 7.3199022406451313
0.60502091613663989 17.155397301353396
14.105406645271355 27.388005063236189
23.277613655510113 15.376992202189253
13.301448583296823 7.8842613231424332
30.458639857704352 9.1596098097343521
29.168649421219573 28.693405905367459
6.8246760049219963 12.408900083941925
29.405439176709823 15.125673170418306
14.123538495833222 9.8233479562879289
6.4334043891419519 15.04233406066068
16.292352859386618 28.633481016646982
17.708901389402442 23.775720714218775
18.88657711814222 6.939239521936301
2.517166362767401 5.0600011767203785
22.408509794944091 15.227350841522268
6.3944183933993717 13.748295088293824
2.3510273354876823 23.284710408909003
14.437790421334382 28.834147611996059
15.897424486139661 0.86862814218884699
19.680134349535582 12.699422330653592
6.4480185901046996 28.837684954969941
4.4837087280305621 26.018599349788847
25.377581096319393 19.184432532831334
2.8221226541246156 12.097552692418148
20.322236326502924 9.0071731033654885
16.589036765883847 25.692863091084483
24.975152234054104 11.96536721050856
18.35017884274707 27.267845496982609
21.318211988468555 1.3257076296442332
11.093873896728518 23.821360682837955
28.368943997109039 17.413363672938797
31.141498366053984 22.144941119077398
14.724682455367883 15.009419729540976
25.875689129189801 2.5437037888399714
4.6659161902737498 28.151933158765299
17.692754994006354 20.520111170407603
28.241856957578662 2.3890949239123636
9.9579084685600989 4.1364762275723876
15.76620831338529 19.532561710446654
16.569671117632549 22.130516970666722
27.302124378439284 26.37242767197586
19.55595098179489 2.2152515913279616
3.291875978092734 14.661086915824002
12.654772805662409 22.162450049447823
17.212744962495965 2.9904689710780077
21.441825393748204 28.881049816359194
27.729830997061722 16.525958196204048
13.186927631197173 29.852278060753637
7.1880292819978084 2.5745268440713387
18.849361316009581 7.0662137625504791
6.491597795096788 8.7225375056939551
18.288415997302533 12.598134740343861
22.192416302931722 16.272974945556701
21.900356933416521 23.677855042764726
29.279785666599103 22.623360876245666
28.936088852075759 23.700605131578328
6.6042289112374704 8.6378841827185493
29.320373031623284 18.1972308282384
7.3765194935027631 31.494068470757085
9.9861348983115796 27.152879692228346
6.9961332400289766 0.77600013371744558
20.380714111258037 13.86764062244607
7.9517372196051745 22.503183904793474
10.083216494987148 25.2272207908936
8.6601607866712342 27.22487954769473
8.3539168012061236 9.3869666330916424
19.49641246486954 20.128405293344482
12.391914614878685 11.104382495033006
27.405863428714902 0.99668657101081704
28.840264477288777 30.28838602087713
11.204717549004382 17.68780325370254
26.987991678057217 8.4570789359673437
23.45155426390868 24.15701329500251
5.1656600837143714 7.9043261201613104
22.989540640777147 31.516860425370808
19.777978377430262 2.1578233568702165
12.725712340090993 23.698270530021414
6.9350742559318705 2.0163347191176988
6.1803155958998666 23.310269319795033
13.309994905189566 23.408413461881747
10.051215928265826 3.6397916720975689
31.120475084655872 26.768550338324133
23.318021720038619 26.36959256093354
28.557349702647556 3.5649156950676457
2.479752893775391 1.798552342102274
19.922894819123673 22.452052489842139
4.1521606565102811 29.169478492274777
10.195081676021358 1.5201555771419295
17.825428605676368 13.583756883107752
21.19883691718384 31.056365497523725
1.6870180788768159 2.9769751856058591
11.479721013733709 27.484951678490521
18.351165868773041 17.58897608962323
2.167575667706986 4.1193200438539792
3.211586230569285 31.106722883736115
19.455712806236964 15.03968312048821
25.760372705732038 23.726094920698571
1.591013330733468 25.820967904675737
20.442673831017807 21.389693649574408
21.057776968080205 30.320456322372266
13.533810553599684 19.528893700535153
17.577639340005685 16.237282830026508
17.599285061584741 25.941654463743948
16.920274891220096 6.7529646258227007
20.369373001406935 7.1617559337912251
7.1061758130192691 31.319810926168575
26.64181433263402 12.683377707979384
7.3329006116775632 8.5992370892379864
31.022868703880196 25.610285358494323
15.343819436903638 11.217685222558204
15.482825182608067 25.971104671906094
12.889078863615078 8.6019089575603669
15.509994682172461 9.2769127456536236
7.2963366696332894 5.9293338753838842
4.8916312140359102 26.6321841810488
20.983604593657972 29.34552349570183
17.979536960691981 30.008754473570793
4.9216819833900889 11.852292265798656
16.713570562628433 5.7998893162810363
27.200877992005168 22.724333730468164
10.866683184825742 9.1720905666595449
9.8924260851842245 31.100603094693284
12.824564490593737 25.830822855728016
5.5540764468955892 5.7302181815187403
31.575979816617966 15.742926463672202
14.950272084380494 8.4619857326193166
11.696104695087499 3.7032962255850217
1.4290955927039326 11.978700588708749
31.409817387259778 5.2514956139982312
0.76820271543788909 18.874124724602616
18.119732596394876 15.1731387096495
13.138814359935331 6.2835629389654324
4.451426355779315 8.0908502037284666
26.486089684273171 0.63508771372311645
29.687123330683651 15.55588942123066
20.221538914962885 29.544334070469525
27.525692228708454 12.359778935339502
3.7393143354913705 24.38034766366895
18.098198522033663 0.47664136267102114
21.574949335694068 11.195167859066544
12.981845218122849 31.445022519839135
4.1462883667830512 27.142384361564947
30.576860018622202 2.3665797175438228
27.009781891476699 12.877519123157185
9.2213140485957084 28.718043518261162
30.897935157259766 9.4036931642967474
7.4354106308068824 25.027401829617347
16.028342477679203 5.6243161784491438
11.100984405624885 24.728885627187399
6.6548611439239904 15.788523484606943
0.63117024202964533 15.236440472029171
19.352539236198638 12.565457870442469
20.125183440983204 31.385317262043262
29.884652704967689 19.576229333824706
23.273530725972424 2.0427662105621862
27.870254382170284 29.649950438516015
18.181432989652304 6.237813074899452
5.1240102418826652 26.100047130911438
29.325805084642571 28.251267404580847
11.8848804566884 2.8806623551470198
29.054709377076918 10.699075349486613
25.065435223140071 8.3691462819606226
31.354924628330238 15.289424753692998
30.685827341525936 28.603886745313432
15.694271950056523 21.377356193905793
19.876430827123254 0.77166820069806041
3.5257472657878397 17.302509103365093
31.225351413462558 6.630896281236109
12.705773098525086 16.162473530787086
21.531963999048504 16.785946243941357
23.057058192851752 1.1992725684279331
1.2325500847317969 16.854791118208201
27.05119569490784 6.5942753111930523
14.716147817414942 11.837653013905125
11.882045192114171 9.7057221751280114
1.5650606122994726 13.050791702301868
5.1950681891039032 9.6780701136569256
25.27740136168196 21.690138617538278
14.821158665406093 0.014001502168724715
26.591552576332358 20.313662795102069
24.413939345284962 6.3966897697619824
19.340253203021401 28.518967369900043
14.980927756199753 24.263488569923506
24.581723695163241 26.965350228671433
10.211768195491954 3.6803466783034104
8.9148887813148843 21.626786314267832
18.078663741337387 24.536452117026951
19.202141970968309 18.817713391936113
22.38454892159454 2.9043538890785441
18.216847547865775 10.410395398796586
12.510252250818702 3.8865749752897627
10.299813566287021 24.91411700345229
2.3698150288460731 31.363402857857011
12.782465676288174 26.0515517079163
17.904759124899371 26.677348102124711
0.17745528925135318 30.689760928374213
18.595718180620914 31.173691489124874
27.352717103110791 3.3308155049396082
12.365925678340496 15.717918422791278
10.0843244375406 24.336368466762952
1.8845804253559579 8.2972503583502206
27.673900493885967 25.6085868316428
22.253324154875283 29.091302679080673
30.22369969601279 16.996106908075109
17.932329675114428 18.352589895810386
14.604701991549019 20.055440186794876
31.386152873259871 17.552511420373339
27.319382724273797 6.0357976488197433
12.540936133455858 27.994624013601964
18.064107190967537 4.4589923418986777
6.5490250827711369 21.527940678249159
14.890353537578964 6.3991506204426738
28.400532904973833 23.735376190225825
3.7454506878889311 22.664336571785363
10.669834274065588 15.042347049027862
1.1752796407502299 21.280912195096047
12.293482435176672 10.822686923996608
1.0116284116882941 7.6942026183602961
10.417976755096287 22.544280033211841
9.6869578095826263 1.7608409460337904
0.17210247040640053 4.7697078374525814
16.748925830766172 17.617554099799698
18.492830229803324 8.0305246279990765
14.139264615563746 2.9284358659043388
7.8883404066767708 17.461630702542916
20.703978769300601 24.894888672040207
25.154754017603715 14.35321677624289
8.6560247265664589 29.585356703673963
23.492442445395131 29.619128531245412
8.7838550860951266 22.597396109361942
1.6345875334111515 30.758418571817781
22.278089384516715 11.183236644697049
16.624535293776194 14.23264972454924
22.656163908954614 17.49057056492655
3.8980475054647084 20.870005792674064
30.635954567052949 2.786316779963248
21.132945232350611 15.503003340598337
27.344138089747972 27.668426842128277
19.293652226212799 27.834267918243874
28.15961253129877 15.507016399729752
4.500428522882931 8.1693139742276717
0.47792308570998454 11.154798645741664
0.37947181719857492 28.686148332098451
8.0638368382569201 5.4413067864990818
24.272172664853557 1.2416043230780867
22.42057046364037 9.8994965041543654
27.959701516789959 18.753029492857547
25.357317319858666 17.412206630727209
23.748126282248307 12.06516692412915
17.313118034668811 23.411405976048581
30.32087312985206 13.299947067625137
16.021996284561688 1.0247016628496177
18.356822608435849 25.892416028117619
24.587549282121373 6.3593786291951755
22.411293646046239 6.7205497209574983
18.607659252885597 7.4674212420334252
8.5992857010085828 23.629921377047971
28.444426716650216 11.564952093465944
26.87758458922179 1.1728908905671207
30.515043773405143 1.32233624201971
0.41896655410864991 14.04470022904149
11.288165730927272 25.270041178003929
7.3294707111386206 4.4299581323872301
3.5827520478593358 13.938180591023935
5.1759594190039744 0.75023455420448126
6.0741647148852964 18.937418643974326
15.062376281539596 4.5281141348364544
15.9602463246145 12.300228919611355
6.4849474720557438 21.523669821677707
14.897528876253144 4.6878051052504643
28.800016209670499 6.6534798763451573
23.561798726670784 7.2105532508874566
9.3832794476386159 13.214159190940281
1.5067221820014465 5.8659137179524743
6.7254405568449016 30.06503165962685
24.764321904236716 5.1670777624015756
19.717857145872593 23.659090912183849
22.724842882204001 19.01821771551462
28.283625288418424 0.82319535714790404
14.209517338296264 12.807967265593222
15.9577478899859 28.734241014457893
16.313815478828158 10.091661614790427
2.541736830074746 13.417827912447683
14.475988151630057 17.17495961340877
31.287125058245334 21.756504504185532
28.700974113658287 5.5553116729583332
3.2727866415796081 24.969085110114452
28.243739694122315 26.383605869784891
22.763082470749797 30.397375932244767
21.096827600602737 16.774246826335176
23.780531358749791 29.643436572772842
17.381016955623799 8.4727477952823005
20.089735469818851 26.643585112939579
27.003278596991326 19.087855536366842
1.7605629848529809 23.376940920774761
3.4736766602356886 28.783026451213303
19.096760657743221 9.8466681636882729
9.4712868196560169 26.448806606811875
5.9021698567480447 16.969188846638762
19.303684235090344 15.90206097316546
29.933007961351944 5.2433923737531272
31.31066197976774 20.429920680783898
10.370377465238475 11.433656429145332
24.784026241796447 25.744729873030831
30.875920724538155 11.382058590320606
1.8021217456798937 3.2493718433703429
16.119797649077544 8.7563617375957961
30.905478494645497 23.581262524356525
14.008285311223004 11.928178148598256
31.42697929743559 29.740505454442459
25.05256966312087 29.232201333103419
18.019073789184912 8.9158668494153659
26.902435292754024 26.022598833473658
7.7120200371949243 12.672632153295563
4.0059670556827109 22.234401821092355
10.583049828665681 26.74737296207832
13.750122531185692 1.6745126778687103
9.4514199283118412 18.319911805014325
1.2984060120560825 10.578409284816257
4.2569217199376244 3.7659183567927541
29.3319763969082 22.274302427276105
1.660266715422702 21.823091122085536
21.178680607357801 9.0015586706303825
30.113038873364012 25.321533367149154
14.8312367065963 4.3748765112127028
26.806406968854464 24.399681776356598
7.5604742299610406 18.19326457299271
19.640016594783599 17.96048616677324
15.012920633308667 22.349172093378691
14.079482751183393 1.3865616540718002
10.373061461831162 11.447906532032636
12.728631366210614 30.845677309388432
1.0561074997760611 20.517820973429259
25.431926847640607 21.558812484248676
25.573771798190574 30.343590490430241
13.35720091510426 4.9969456385183566
30.584487981202091 30.14422211113768
20.401827272086628 11.073843135571169
19.81082353998892 10.033182138240635
28.958134122326523 1.7384459970708093
30.193406492749009 25.13252676749433
11.350595034661064 26.475086755885663
22.646044956403454 7.1531927422968975
23.464077966284069 15.987287561632943
9.9579737373188806 18.23144170990242
21.742983082101979 26.713331532303783
1.8890419351703647 25.769182882784062
30.761447166281226 12.327338554953389
3.8775433994949529 3.5596490337526072
29.326562479290345 27.517385652104466
28.241937155488198 7.1965195465762299
22.022798191984837 20.851869925392005
14.305870440627176 22.267518178125691
5.3142231033162206 4.2018318910984176
25.948704297895336 26.849615986000135
19.811932791008903 16.662304570637588
19.967561393298869 26.817573683141728
11.297822414090225 13.254217323897652
24.590139442207519 18.941145051436379
11.767766794410383 18.985818506736415
27.138377456372965 19.512049714706762
9.1802225764605883 8.7722566646139875
22.449191800329281 14.009519827167541
17.87668170181961 1.2103034269759341
3.0873728315478215 12.404154245472082
5.8796064665325671 30.594353152588244
27.050675579392657 28.380631365592272
3.6466519236034003 18.084127016897675
6.0221443864799022 25.093245938071252
21.255036944055387 25.585423383371904
13.783713832662135 29.292076134220618
25.127106796756138 7.6603198219449737
21.946055639388206 12.49843376717452
26.036837120696312 4.6347090898935059
6.8318086063663435 14.580492878864234
8.1832503567356962 4.4562630558072005
8.506913882212924 14.809337511115727
30.579862650030492 2.3924183340162912
31.360460911215039 22.825807891705637
29.539646578756702 24.730524407546401
8.0759548328431592 20.590198369969229
7.9207892340959214 30.451108936296283
30.068809847406278 20.077093274079861
20.573894343669654 22.122763635865542
18.456053957378192 17.61447433357171
0.4319348858068211 7.85209894915387
16.275977211344561 13.984703757603139
21.522931773425491 1.3150795930694383
9.2488410849485838 7.8416526264972459
16.384283052754721 30.782635054748646
6.5220085635419647 7.0368248499994106
18.675341267530563 12.466262346883672
23.310671537380308 26.372323556635394
27.466494423629733 30.167729849152948
2.1274821832192807 1.2595594684218514
25.965267311756108 4.0491355731725713
9.5707605689267243 7.7261309623816956
30.061173100910469 30.804412174234567
5.4032402845940304 4.9503036702465861
25.805521681473522 19.498695658252913
24.184893990202536 28.34069219561156
17.3708565675547 19.111253770193251
5.1484529005534219 7.1103632533387868
28.756159339854392 13.154551214000074
22.668457286049222 13.643564956959057
25.831264756582328 8.876711009636896
28.856386435830672 8.9760291776714194
30.821097328938063 18.191701941979115
27.165433733579558 9.5555669397191654
15.629488056234552 7.4615373442638084
2.0096460475169162 29.873240290376781
22.545054033670205 9.455848028258135
12.841250586586394 5.2955985237952792
1.2199559282045902 6.2729431962458175
5.1857629256469675 13.387594719186497
30.835910880170452 20.750681060343005
0.12566703791836328 9.4235352953168654
4.7249952730104976 20.066640248760766
4.5465868914985554 31.040833916948586
21.269091246340459 2.5233909392167839
0.47548894899761202 15.993651197598604
8.3015106322300038 14.483088389026653
18.34290155479605 22.361348038953739
23.277622463150216 12.991795967730992
23.612952793344803 14.239170170074591
0.75074050851345464 14.30236206859413
10.818358420051476 7.2468959733724061
22.727903090789752 18.960226223578701
30.622630532243349 29.674277536975907
21.53751345806365 31.579351409886044
9.8554753368595733 23.362973655225264
20.611603238523852 13.996670707274419
9.3100552720458509 7.2744979830660155
14.258584513108385 14.998082574573468
18.922473728345114 28.779516559145609
10.523603498948654 15.361578379994299
25.609769161062893 17.272985223399523
24.181334869896936 0.74406791091841229
11.051544869793025 3.5696110212735066
8.2244672094785418 13.060283474613916
20.770637779507762 20.791904320883251
29.501566710273394 10.751057500280194
12.200886225189596 17.296769496594784
18.052120555282052 13.182447184234819
26.540731119114156 4.1834425715503816
5.9740382465777886 17.150406928918802
19.939152337002149 0.043640574805220739
16.848351577544683 10.507572517081449
5.5382531414641694 22.576771550069694
24.676664581281329 30.691114599712307
18.99497017022302 4.7720939639905602
4.9899828418228402 15.903048427337303
1.1046031585326104 2.5685149336976032
15.971656183161619 19.022604281319467
13.701418373845554 23.290104459264683
7.0189754321027884 16.53664868541092
3.8947653039742614 22.958481148437322
6.3641741433732406 4.0590409351428498
2.8197650423032141 15.663478678252785
2.5159452545687819 16.963689238049007
13.061587724065491 25.490446040022551
19.96681874458578 5.0860460384838522
5.9002067431930749 11.995705038004338
9.6630500531743966 27.452802355678418
29.303031230471927 29.161886030512147
21.154885471285851 13.821301629768795
27.598206534276567 30.687002595253826
28.695501458755903 4.6021381681124636
28.14361869274618 17.672025898550466
14.862434184907235 2.9368200968415481
29.75869670874614 16.547017446544334
23.488378044432398 5.7197241011044992
23.982446215476454 21.752724659512392
23.474222955740363 17.731290707632315
4.9529305199830862 10.220041217160455
1.1469417859360556 1.3308616363900341
23.82500066845769 27.860969243428872
2.946328152808237 0.59369015368532119
11.627150415161962 13.070099996773941
27.345421668480945 29.736584443466683
31.124038179134988 11.752906861816491
30.803741813182604 24.955410958679899
8.0190789338481192 19.801575429384581
13.326056878649643 10.291187802714756
20.896878327513193 28.063290197033314
8.4442997161950775 1.9593519603833525
11.720606409700116 29.931720296976259
5.3975580623820871 6.1935023390348105
26.970483592275041 2.5195034138831605
22.929943293940521 31.618625129851882
19.975757860102608 7.7060294848939082
1.0650127614856362 3.0907448107178164
5.7701242505605315 24.295366122606595
25.251817758080435 2.465842938836412
3.1047252107733971 5.8398438083123994
25.716511105506328 6.0709711525788768
23.960686271046836 31.621755302160615
25.642801849621044 31.306509443692317
16.920887255493088 11.325637747140307
26.300800669397173 7.0539641520199829
11.468590281538249 10.107441397647264
6.0514262889688251 18.451077275822392
9.4278672606324765 31.172806640641092
18.344259718640757 22.386208061024764
6.5233338741428186 21.325157899822585
26.464293508908138 21.206120488177358
9.9600954613329549 5.7424025326214876
8.498019737869134 28.151027885936802
12.977662412790703 3.7834728816745988
3.5289814813966256 8.0397959885348591
0.17091487675350567 18.130186237470035
18.910729798514595 22.026004010841703
19.789758833449415 24.590828177288994
6.0419847360109697 23.591571371524566
24.947825517415424 2.4946847985688154
7.1260736414279444 5.9555757529840436
22.003933238298053 24.342214852053985
12.669630337519816 20.774230687639783
17.332793487855433 4.5794459637772675
17.230191331063125 28.127433763021671
24.442084001443259 19.47998850537661
26.448093974625586 10.868040671171446
29.238493725266338 10.579254713309419
16.765145288126543 11.867711478646031
21.679473869259542 5.2914482781891472
23.599001999929797 28.504073065323315
10.182995218184121 13.329837031272234
21.816373889122367 28.166502706543223
6.8252559923955358 3.4034427822040856
28.628198979875819 12.487244990680995
4.6461662405994515 3.7188076059752699
1.9302798198345585 28.767435114135267
17.815455737238782 0.25243973686006554
9.6771914042315803 10.871937887515626
14.486501057905919 12.78221888315316
6.1827523668038546 1.3768041787711269
8.5108799875595036 0.93658352578913495
16.026380350164533 14.145638549180445
13.158825301825585 8.7225707018689267
2.4051575953094573 19.649763737434537
28.531642657237889 21.013520248506122
16.194381889977723 24.771360882955211
23.728871718212666 15.133127728107953
28.212931698923644 4.7636400592914487
27.833075835485271 21.573751915937425
11.921146931944614 7.5388690759596191
19.394300984206474 24.621491574587882
14.031581851161091 21.150237541554073
11.474364261955662 22.311013447415696
6.1976950322621018 23.717542424679223
6.7134777868457638 26.899795239298264
11.788986246437352 11.165894433947951
0.82121111136050329 23.653633147938859
3.6846140340960374 6.234167296953923
11.652406819153898 6.0495945118304668
31.035052156480102 3.5422904347675734
9.2013614725370463 0.33569481601298101
16.060550229922971 20.490747071889242
27.718451312961648 8.6017610675761969
26.70039757815271 11.935913038720976
29.267806465718301 8.1401473749282758
31.103433601783088 4.5028682117056107
3.8760805212755294 6.1433420291431613
27.208962062437578 15.795225941098137
2.7013159117844276 21.286742882325353
0.9312733456866934 27.279894146198941
23.706305308729949 23.654999167295983
15.031496412446781 24.077540717414418
10.86073132051617 16.114319354901056
29.946062326291212 23.310886369439043
21.249077098461161 2.9437959409710666
25.440384577292011 22.85319861062721
4.5864180536484547 20.994535965314387
23.945416808922726 19.719705125431044
8.894688061088635 3.7309996189122572
11.81988969682385 14.509653292949633
12.38402356035232 20.613725116149691
5.5619146443515701 20.494003207115277
18.639258577166576 24.325168421993343
27.439320880861921 10.988900088713082
12.096636426552857 5.3649996292124387
21.896619959062026 5.5073098085141377
7.313312847687266 21.240428077019569
12.398455570358767 28.897765900991537
8.3642942870524983 15.710246976280976
24.916952025379086 13.723190436744712
29.609577274592702 0.65747142490249921
20.330256445744254 19.794439285104477
0.52810210629757726 9.2605062831762091
25.994681059742565 1.6553332211891647
19.839228220334309 10.544954887944836
8.8488250622235309 3.4017786159229719
5.3559881639711868 5.8627879766409441
1.0882297852462821 20.498627691568984
24.167129217174249 17.268921920255799
24.188036848601836 16.688862830241433
25.985776822810998 22.11393313332912
6.8354502028149877 26.839330818441695
23.928212755720992 9.818196053981822
21.510743672603823 19.825359201345194
17.542735015198001 5.2835598033531701
13.180341569310986 14.891363124193958
25.111479096212573 25.62114831886927
13.715781130634392 18.41367507303422
11.563702313543546 19.40143234420961
25.351393873560205 20.33934878193481
28.987215556329286 26.013082901347605
2.5343949423071246 19.662319604470476
10.635534870490179 31.025586267796317
12.861328374676738 20.799862884879445
3.3689406675570783 2.6937991466441478
3.8548700621706713 13.110551369291908
5.5984165468479556 28.263128710173717
16.225733190340726 19.129667045296987
20.656007015084963 8.5439548011238422
6.3420918927237731 3.4694877140636948
19.850909102386311 14.171257029797292
25.991165018848882 13.683761734982372
9.6486881777052549 21.367636626289254
25.849593037292731 28.116883562100899
18.886612406630402 21.163651311617919
9.0463197737366361 9.847009380819495
11.41059546449706 28.006178582417519
28.297627137817599 28.382262563635337
8.1107772147019812 5.4831868755031472
9.5944874030116658 16.254870998593386
22.396175756406148 7.756757703520055
10.573028016039984 0.72074946039715382
8.6791939375300871 25.388704722119652
16.453517017813539 30.298777089484144
9.0884272728136608 16.012383896900715
0.65489509754976916 13.009450825715355
14.89297812844538 16.334477937683122
23.536152503642697 7.768707964269832
20.925142283047542 11.844347883721762
11.14765564367011 29.782112439599178
9.6868072971672206 14.944040571936924
8.9231047604541587 12.584580513298462
5.3621327006689192 2.4152312193608356
21.730405968407585 24.839695293020608
20.813254549755921 3.5931025478068359
9.2854241708510248 5.7855026594073395
11.114568407060098 21.765028246696428
10.793129567971064 21.179341603275319
28.450936499699871 19.982671055476477
0.43717026044838425 25.864031217512665
26.902975320116042 27.456207543832214
4.0172589267407837 18.138624056628768
27.986756547277022 7.3168370356693471
16.970386143652878 8.3304103426262248
21.663209709607973 18.259555383639153
7.2606818607774866 11.210802784653875
29.852875374439833 27.127042351078231
0.62103241015617783 23.74952216772488
7.5372808289495845 14.579053732012408
22.381091553326904 4.4976591345611681
2.6928634576798749 9.9008692304073733
27.167847322117105 5.7512214670389783
23.945437231838103 2.3902017420274042
1.9234442058175896 28.733376861893984
4.3512844239162538 15.168277368127125
19.010988302008684 11.774421423251368
4.378781317061831 16.474222974761236
13.272335768985274 3.4417246549746574
16.021611238657734 16.006430317891329
25.599041461955245 11.786700217152598
3.1979901503580916 31.009067801939089
13.354790592495329 16.277308945667695
0.56073114741211727 0.65881588086097287
22.919355582672296 27.577401445087165
19.09515307790323 1.1848012060209629
31.290677061588266 27.464587233363822
30.205941783818069 5.9466089927542756
30.146102616258428 6.6110968169807149
5.9837346902113477 13.815871137870486
30.538207109860704 7.2128131480371351
8.5448738323249298 23.506660278813964
29.282930947632934 8.5748670929620694
22.883443721976672 25.69876994538015
21.110426484148888 11.477676884052499
18.839550814942395 10.062876250717675
11.701477904785529 1.351548476699342
23.909105447745972 4.0148219252336297
2.6113306636255915 10.421814443306564
4.0795074918930796 2.4420297059902438
27.423601849025516 16.322175010595867
25.695978828066874 0.39241541872574742
18.693421729906312 3.5464365736699213
21.067266450537559 18.85873913694952
7.9266138829781747 0.62209398045733499
12.652315217961519 16.764362232366597
19.890768024705416 30.768089316566485
3.4046817592378593 1.2154307442112309
1.3892179537549427 18.448276426750905
29.143216186479684 2.8840359074609792
22.663716316156808 22.568029739814744
24.824164335257656 15.560190716088487
2.5900965422941464 21.891861068737096
25.664433269529919 29.349455762832118
2.7341705496724522 6.6063882981615603
27.772469300782738 14.681650732912461
24.284023257590249 22.230253377196153
4.3321813886720859 24.751856751047708
16.600808546606522 3.1982324157649593
26.070591077122216 29.102235289869299
24.020810178566254 9.1979990011434811
2.2229970811290301 14.735639089627233
9.9939950901162646 20.176439944198087
3.8270723212480888 30.112518337152828
13.192547512484792 0.0057829025586601853
16.61090833503286 21.15267453395882
31.597238342800864 1.3528743493309376
6.9889369915194015 27.971368179378256
21.041357845605997 6.5491396324053532
8.7938800467576037 20.186001784630111
19.835697729334527 4.3353662788762852
17.128011913275017 25.038571425515553
11.182421878171461 28.778195787039863
2.3936239011966443 27.272331342114978
22.767684391089212 3.1397128035240036
23.122494150018674 21.408240567822773
25.295175498957079 9.8086332769071092
24.246937441021771 10.935445250680887
19.117467690284485 29.548659072565044
22.526124767645641 8.6242171867165229
18.720195476587932 2.0619639634635583
10.545040042297959 17.045597538664353
7.9390679989346999 7.2687937766844737
4.1626100854238901 11.600857259892271
13.39915702256946 13.158840192230874
16.080765771207652 28.55079086816659
1.6847554253226964 28.232057403037086
8.5287646433423721 18.18846549449022
5.0477773604258669 2.0022985469208159
12.307143936917473 27.158240275003521
2.6964542157997102 23.94914371348553
10.095662961762068 13.953256517300085
0.88982010505904297 5.191505893029789
2.71644488982363 4.3456525844327425
27.182041315986059 31.331746183697195
15.490971317554141 3.9654922353590489
20.746180364164271 3.7726548526933219
13.544468419107327 25.459622608155151
17.222532538587046 27.781688394394557
6.9916810700449483 7.5116526343309662
6.999352722688239 19.592246708660817
9.374446735013569 9.9611899337591634
9.8132119714238399 29.435029034094644
18.353618178356175 29.535428024626729
16.753106438533099 27.592134816081799
19.098060270545705 15.885660998867055
26.211934805044056 16.72179125406484
20.941330103150566 27.432007532525134
13.339202005722475 28.446363039634608
2.0202651824913165 16.26093993084281
2.4914456603290964 15.445444427106708
0.50996266586682715 0.51527272374142541
30.866191840297084 14.051616514156763
12.785405303431617 12.120941072743987
14.562018443827906 27.602572114502419
25.37683818107384 14.263532507283916
17.143589322183821 16.857091739873887
1.9091514910166305 13.74990325529375
12.247298841947522 14.624907775466781
5.5977519498817072 12.682263754332002
0.43243828431680914 3.8620758194950238
10.175672427509166 29.143639660566251
12.729297064741822 24.734030900787328
11.492254051982977 19.235361309183229
8.1361691408520667 29.037400477276321
23.490002869991159 20.567660042402732
8.1962806340577377 25.928735055204378
22.566364788127427 30.238636979684415
12.3384846059403 31.386444051818167
11.017027349773464 17.239173694315877
10.944937620998813 1.519015038780275
22.119571263221726 4.5530672453903591
4.1497370093347445 29.620248767279467
10.789670671794216 5.5557096544849314
29.103370102503437 0.097557569789548285
3.8843883454966743 24.076903503007063
12.10376739433578 12.45109996352183
23.078624188324518 24.721144257060079
2.7055382481896419 8.1708214479854693
15.05982140748563 9.4161752481176837
10.932171685305713 30.537076311513658
8.1000667506024921 22.844445400228459
11.929964930462623 2.0101391815049263
8.3578297472608849 25.412394158438474
3.2849787313168166 10.520213841005498
14.48641005752923 7.2617718549413688
0.65117108601329221 24.834044213214042
27.377912284231307 14.060423675408076
2.2881330859938296 9.8077923561074645
8.449469790723569 16.995390581863283
3.5301785800142178 1.4215135402326644
27.569502620795653 22.662886864050584
15.397310101957196 6.959732087867069
30.729490635536116 30.879539314899382
18.308103699634653 20.490322121243207
5.7382238629119611 28.789293824565636
