8.0730251979551841 30.065402558845719
26.520965086717776 15.33661499820345
23.668433071407648 28.226445297853619
12.69601166957403 28.555608833969789
0.45678203797591954 26.603522406302666
12.556803645259228 23.045224242751559
13.811789992310542 19.070022755173213
20.072434709454082 3.0956820647495107
7.2671967353950295 3.7212989347767174
30.026810243342986 3.9104575754991777
29.390565240230082 20.793565643323568
7.7835359743320982 7.9779099600853147
25.31700426986686 0.86237230896096384
7.4415634089718106 9.0987589595670553
12.599488958867225 12.478262967337344
23.109251492560485 10.502702087217266
1.6177968792813406 0.64273764333660266
14.123746403602116 14.160224123375968
11.76966149611693 20.97319446948703
20.516627881229304 27.313486725775753
9.8077440120445143 30.389517119578297
26.447237560781684 17.005493580937319
6.3184124893215383 19.37507882086388
17.196019894746023 30.704402540033783
14.123141211688582 22.017773476017922
2.6452753532780657 26.562398865758539
29.428236571403758 23.794652139092516
20.250250558831169 27.3633351125413
21.308877007580382 4.4748971323427371
10.303716024070422 27.585526166138095
20.903106069305032 21.693354640867561
10.540029289504508 19.302304902830702
5.020153464733041 22.767229717264549
2.1849517778295473 12.506817149942458
10.084539437655948 24.093960151624369
11.651482203756451 27.764494390242241
5.64885876482351 9.2453559799234952
25.26644634811209 1.0368821306503309
4.8957304088840035 30.515412257890873
15.230910991915016 8.7555312126046942
9.6330272835116837 27.371351463301153
16.922862100005492 15.602285325092399
15.257138187052224 9.6632404614574536
12.526633949948257 23.591116698790859
30.880319687731365 4.5462671398504444
25.889948249161307 30.200947820167471
19.276088747828862 29.19613473505472
29.474083593542929 3.3293028516089405
0.57146426921661719 12.987093258683066
21.680185282261601 6.6290862704760256
24.10951501782905 28.02310627683482
17.923171266359489 2.6941134941613085
22.237563357288618 22.376551023691544
2.5359373113199264 28.201196952801467
13.213446140415872 28.035412357539339
22.17819600827109 15.33655164721973
12.720425414774015 8.6857252847779165
31.110964417873351 18.947932790442664
15.968703695205548 13.118605784004217
20.685896187502848 3.4641275587229012
3.7539282513820753 15.948418650521178
7.1240347392611874 25.212051434745074
20.918346582779165 17.968634548606737
2.2513573321751643 18.363974261240561
13.030477249268333 29.858878278850867
29.502574749008524 5.8773740872702618
8.5353180558635895 2.4302341848888491
0.45301777147454803 22.621585576308945
15.9885872335065 23.392552536401649
13.570750757529392 5.2846634369707415
11.670892838802471 0.85100783836837546
4.052098480455947 8.4737427659572937
8.5809544954477506 22.176160062627218
22.903942275780995 7.0931423644996725
23.484756681415693 8.2852650751523846
5.1304515815069394 4.1705324442459588
27.823051404502589 19.194928655177478
19.554695214093883 4.8834981421450605
28.321456631524015 10.715759408621418
10.200209788487356 28.885172626479612
10.685159429325301 28.985866763907779
19.467624606842005 30.068750761275165
10.489431291736889 25.986930308633099
14.109171311536969 11.484414998752788
15.863812699151671 4.5409194737306651
9.7816105386891348 15.67922420622976
8.8388539528836247 7.7514030523647968
9.939203452205712 17.34897829134788
6.1506915851761566 19.455905065815497
24.383588729111466 6.8499620192392046
19.636493127318381 6.25043992910794
19.051230900479421 31.268656452306026
12.939692414314061 12.897566192764502
28.328721773977691 15.818390689515901
5.6174355326485825 29.4718517774864
31.255805552531566 27.724800818065521
14.064345442217766 30.558230536806839
14.741167095553619 5.7726980644122632
7.4343911217183898 28.740892749898716
3.672450134452943 21.502347550681701
15.526751610300204 19.02934841072673
4.3587193025890443 0.087980624514701802
20.402438086466436 13.763085821631048
5.8903036101543682 10.004200236072379
21.821112277996544 9.9026219846063146
14.112706067785419 7.4352348597023799
27.693072814495782 26.024381402707522
13.033238834462367 26.277606559067781
1.8816058494314141 6.5037602181162928
30.457652552101479 15.693689698406997
0.52948453182630539 15.743012828213665
22.528920888854614 2.2676906170743325
30.476288114612149 4.1544867578677351
17.48722912913172 14.409108098187485
29.392203500818894 20.195572867213318
3.3034175042060849 29.999568291577091
24.826313956135753 26.628636819049568
6.6784029566450123 16.870481699626549
19.283993851609193 10.857723655767771
9.8411098976501705 29.64681455831321
25.153263008847812 25.292022079556769
14.423758741608049 24.154187071212966
7.6548864330808186 26.491370420025568
3.5176486640531173 24.889332024789063
30.264932652480802 23.980285886252833
14.695250035701939 21.329051480660663
22.869074689446638 15.039103009407356
18.552816168968004 3.2551941421114039
14.941365131670899 16.130502606991541
20.389035142939807 25.13747656164249
5.0995213344003991 13.274128275551979
5.2373903848651109 27.548307075917364
12.631559975957735 1.3107099967345757
29.267781463820224 1.6728522489505093
21.765178621039055 28.681790717515316
21.746249381905194 6.1261312951688218
8.2606835746886258 3.2612049384638757
30.478561986597533 0.28895051436761809
17.454178688511128 24.767538393370121
19.310966965932348 18.381250919533173
2.682958982319374 24.86419657686309
20.23813003182098 6.3404131379531385
3.9737434263459321 23.845992873741491
20.31750013325172 18.941426446720609
23.602099924538269 8.7410486109264198
28.40277694792805 25.170813521442231
7.5424472072345807 19.088279265782727
24.642469274269203 15.783165312246151
4.6998732433305923 21.5716090909911
10.336290596050938 31.620553923144783
24.681449983866337 22.55593291871066
27.64752641713952 19.076274666393676
27.544891051831605 13.168287642519669
16.4084861538208 20.302625397738002
21.427706414643776 17.531099721966118
19.533228718826578 9.4508007120701496
14.355953562735086 11.341530272858845
15.446536199311517 30.868785816915633
28.232541809659303 21.861575678984675
8.5558258319865867 18.187784146825276
28.030291834139419 22.063905110785988
25.684309268252456 21.093041444591861
24.301383241737625 10.859132170887067
2.3566342835406302 29.695296107617725
1.17185462939733 13.885467228842227
1.1168435175311267 6.9715626804402966
1.2516874903462087 27.367910844207493
12.161393817048047 18.252413240936537
27.44149154229903 26.719580353553251
15.176363007268737 8.9287014621475045
1.4368052489132328 18.246919363210964
11.36856307009924 2.5084391415964369
14.654426833027395 10.186015575874839
26.409746859234666 30.856344943981277
28.745667873134657 11.044557668904663
12.123751208928983 16.704558114886932
27.050216322184887 11.522221769168802
20.695389607705017 20.513794679764445
28.430542776325815 3.9054560969989853
24.760540970851753 10.965638863050465
24.185301666401504 9.9193602472001388
20.432957218635323 10.910395841172413
9.2971653253230873 3.2145036735936809
25.082915754851342 9.2955532297669112
22.077038461431787 26.012612107329456
13.859883867776942 1.9940244825879756
0.79519316360413916 24.174722533676078
23.605704169726291 23.282643472728573
14.263545503634306 14.591597867973531
12.305197967405544 10.14390632220058
3.9723577014768754 9.7500729997827609
8.2702879532893689 24.677509783901986
13.678423300267644 30.99512081213453
30.210550048298249 5.9608003397891851
3.1082978183582628 2.7147829238005787
11.769652859027747 26.558001454770785
26.874602407050254 29.633285682647696
18.623988544805652 17.437046701183583
1.7999131643944017 3.748392187204904
0.5386988601771755 31.002688977425557
13.475688367636709 14.547335962073081
23.686266216588336 30.071690076719371
6.8546326966585802 14.112923604349566
24.411415969605372 24.689624147211333
15.690148945426806 16.590865185700341
14.39810651886145 21.741343460361577
16.27240137841752 14.736353707487872
26.825959627549175 22.937903385204184
0.77621229799464797 29.680690646411666
15.999539036822899 0.37262765312776897
30.528658475949022 20.028095503021802
8.1342194272841191 0.60581680279972583
30.215415026592726 10.987836632700114
20.501272278718048 23.352653711289179
12.332475598535803 15.056592540996984
10.58600939548748 9.6824093785044685
9.7939084322753551 4.9344528896619515
23.897656810067087 13.112252478722757
0.8290627720568593 29.655165016376984
6.3098218602215868 27.960225033998437
3.4192191450396652 1.0225834171872985
9.1035512997507482 19.207861725279262
13.910876993371662 2.6800159411649571
15.086473141768039 29.148139817014069
12.375180228948643 17.999063451292166
24.805968118596475 5.7435706712657115
14.877942380931829 13.236927464937217
24.075289374153485 18.062479725949292
31.318474437354936 29.422757145206997
23.473225491032505 31.34098759881978
26.09228597287694 3.7447076379292903
5.5246310951778757 8.1626545557310575
31.548431255049522 25.781063520597439
29.572743799964002 6.1069409553990504
19.710067524296523 13.092448521089265
10.640886540825564 2.127747946358947
3.1759287923183437 9.1029024873366531
12.421067987023758 16.174861682059905
30.433403209871816 16.388007661869779
22.488094790236477 19.612363657777856
31.23554978270916 11.900829317970526
23.907224909740869 5.2292575140918016
3.1484925885223345 19.106951734453816
3.9941157439813129 25.442645079663031
29.025889803634005 17.438222605795378
8.826793159606007 25.520905630913148
28.449202492679028 16.318617201897613
0.66665839328117182 5.5386019695361934
17.468678794307216 17.115955795168901
5.0560663187802994 28.21870727801284
14.299790895883655 0.72098573366909668
13.359164582838718 27.437323096434302
8.6311487718014046 29.991381252334328
28.692479468845235 15.584857433094463
9.0399769089257394 20.486216125678265
21.312561566530583 15.218663910022128
28.755594939290329 27.029036403970323
6.454182992594931 19.448501735153485
0.22200798682700493 25.979356145461207
21.467697060195903 12.174231666678319
30.138269880238742 18.34621381426507
7.9859912498366317 12.157530690961625
5.5159365958437032 14.834179459614981
11.735161417855108 10.852786231549949
16.944864126043367 10.701720133569603
13.722016273599447 29.055178036715589
21.702522938711976 22.050626934772524
22.696901368947209 26.077133139916249
24.685421917349615 16.703121222593179
28.553286954619949 3.5452095671397537
27.867332966600898 31.097671196153055
16.114644734942523 22.889338920453984
17.009236002529526 8.1102666943656594
26.937897595230691 13.425911654204267
18.380269033322083 25.548088253792077
7.4252398602183023 29.198291280521794
3.9365588446623128 20.621082377728666
8.4004022312648594 5.9500559260007009
8.557463979421394 13.418938895084809
26.461200450838373 17.399197831988332
5.8314810744597931 16.724718055440281
17.138504831404372 18.07315702947281
19.987894045931913 30.191771821899117
29.82433940020697 27.18586664953644
15.62764361432928 16.486258021654109
3.9392152689064646 1.0484038722581854
13.463880930266686 25.204528853897799
4.6331444804969459 10.327302081183813
21.388385210000134 13.584732597064443
22.656252087691076 2.7316683675968232
4.9932117516975261 10.752079471981521
1.2925020291456739 1.9167348248167722
7.1848239681163388 24.763869624976294
18.879961008161597 28.779295783342416
13.179917158725667 0.49973670400867237
16.576821588839714 9.7416230999135927
18.274064161975275 0.8515645243147254
0.074315308196451546 8.0693360609463678
4.0473526241588926 19.392112289494175
14.457691772901411 26.45545013697852
17.50451992455633 5.3253177177100159
30.394605855151323 15.256847696091192
26.265741468301801 19.537350616415125
21.379925029065529 19.3520555712091
31.478082039892346 21.829906758478792
7.7601113225962797 20.69424282500885
21.466325296537256 8.4946708632046874
17.568555397305193 21.170701613322318
18.567497959899384 10.39960122629277
6.3640697640139718 4.7129042097245577
6.4750731978415468 9.2310968482040057
1.0047099326546727 24.459942395146793
28.816614174306117 20.725024118240722
8.4855203381218303 0.36102371934636668
7.3851841392438731 21.810198517503981
7.9983684906850057 4.0016926160311357
18.965718841090073 22.787134827238535
15.007120741038758 12.083273102632077
23.708039084724732 30.554670172439213
26.446047945439297 22.473289095261645
15.995172352790316 20.916638569682721
6.0623917218599646 13.632894218350479
27.937126186629229 2.2714404853054293
9.6696895042072981 6.9762855837397479
6.4748646368690217 0.0013704101238058537
27.492179577924269 31.555164006224604
5.6240063436417298 20.933078456614197
20.805941290522998 1.2902714329568759
27.015365296841846 29.760227517586671
10.258336601590791 14.230703006153238
2.7293400947248321 13.550946897293171
1.2839791327924104 8.4554972035004532
29.774207195803235 1.104325304880053
11.234286963765241 14.408129184905359
13.767164211168048 12.700583194565862
28.974886513587638 17.971255541572564
20.921663246898085 4.3450525654000804
14.928724689411469 23.865302025975403
31.415124061257881 6.9077794014132028
2.0645692604542165 6.0581002614581445
13.593960643113544 23.320029282130577
20.838854339542262 7.392678219589234
11.692233015138877 1.6760868501137163
12.236572944211291 24.200155548395351
31.225185591220907 25.250995624803817
22.815540397287897 22.829553255031438
25.519595578175466 14.732586505727355
30.643685307875664 17.204449706426058
10.54901550181903 17.012599611184633
24.931967826988753 29.058640065116951
0.80214286158240011 4.5518030462369188
25.099608388749548 29.131255301287347
25.487073288025716 10.181567294155712
17.431479643373397 9.3946161019770997
18.977382753896187 12.806436270003596
20.208963955983346 16.356454692430397
30.923902410785047 8.3755533263217892
3.4535403918429695 15.833877672955511
0.97743686346466852 4.4405657864354522
7.3549831161061743 26.124413307045476
5.3424721844148566 17.326685872779393
23.615795179803175 31.365155870083719
8.9899673976322312 27.854965845649176
26.664487279418786 24.512501843011833
12.460145683644468 7.0176859243586005
21.322787832959193 2.7834225503392238
10.760133734616387 12.33548554365227
16.196531006869705 14.266419809782603
8.5173939680370001 17.102729286216469
2.3215040585702775 25.796086435168441
29.878289892326016 13.222661299497814
11.71925379527389 3.7090914285484349
17.424307132608003 11.029231952936602
17.752338222763441 11.718581395191103
13.837544603184362 8.4899549128663896
7.2217038768825388 23.39790624972234
3.8348373621953113 4.2643559898694026
13.539430288512323 21.890799509801621
0.078986112763796815 6.0540560866493021
2.1490978892161414 14.797322848690271
18.702267704102344 26.379355614685007
1.7992896893017087 16.064604942003271
28.660216199302223 6.2200078983079532
21.279153418571138 10.397470976352613
20.926818465340368 29.650153491131132
19.828391002480924 16.917079175175271
18.155304574728817 19.084546110497957
24.445271386837288 2.9328846280947465
2.4607067899320443 10.454336309786999
17.95460657175709 15.996034529347339
4.4006855702925964 5.7175445071884363
6.6183839619831932 17.23005429266118
10.5291610703093 6.2915676498977255
16.824240782929877 16.633770167471905
8.7771959547023268 8.8402644573014388
10.241273694260892 9.4489260097140555
19.105682335659324 9.7796597788396689
3.0559302642642656 22.568245642383857
15.275106349886615 1.9407445319301857
30.3419504695066 12.094687751508379
7.1422469852144141 21.861407653279375
5.2787096077695006 25.271078086333983
20.673166422690446 15.145499304598497
1.5445637597371722 0.64745810466482556
12.601825763432549 9.7835902909520147
27.139464300645191 4.6020915731186216
23.484858276902209 20.548564638517664
22.473462391602745 23.695731934698674
8.7142860425421702 17.981948192748682
22.574936311670466 11.399201875248
3.3517605487616806 23.286959474408484
16.184426193557798 11.555002446554006
14.007127300660612 2.7928845818678512
27.461165996990168 18.194768662836708
20.896376633506723 30.153999648172849
17.878200334807083 13.374310590261189
7.9451854799778028 29.330989370973818
27.383126955835923 15.950807771927996
24.665274439399823 28.549856421987613
14.933765056694932 3.2110099600039592
7.1014480250765795 5.0903295718326111
11.668435700434802 6.9688977604304867
22.627817722682849 17.08936509990318
15.475192355638764 27.668190875665029
28.18484358526338 9.1282585629482256
24.042953457601531 14.26375586489001
2.5317165117885527 20.697725321459806
12.442606027548361 11.310500188337626
22.946502954351061 15.893979165307577
1.709061081573807 11.947003083441121
1.4403560841848018 21.877711441533407
22.010282504582079 9.5844608213131082
11.819259341632677 3.2503785627841246
20.290924781356352 28.855739064309489
16.642471264103531 26.855257845311765
24.092300885795336 12.470497913266367
1.2525682334170329 20.003604703177601
4.3183769434426216 21.34220256487886
16.323003467098275 30.982557768840877
9.3802710320258065 4.9714140903143207
4.5810059647704877 19.408023435476061
25.387147279701512 14.877671329230404
16.612748628297943 22.670543215206727
15.15083181955875 4.7267263024786308
6.6833153983460099 27.599849389252775
27.67297945559633 25.3780652217308
22.527795486112463 5.1214085770804552
0.33940954001682749 1.7888663900882984
0.28167182415677383 1.5171351278065253
17.914279764491436 21.799713170684864
11.84632623082277 11.393223459430347
13.188412885353612 9.5080382871185201
9.3701655894654738 25.02023175138763
0.77408484530164146 31.220196668925162
4.9225855974010058 15.731679020796047
8.8614111203482171 14.301015088632223
15.191520722899638 29.887990856617101
27.176807321475437 5.6115515811042753
26.740842807367372 20.317687174114667
20.889353703465829 21.700747529313357
13.325027057183407 7.8366341382276739
0.67738183466381563 27.735080588196212
13.878586956930969 6.4942622372818528
17.638850569164575 26.872821913484248
29.741934656410521 14.009347152819048
3.2286626702087653 17.201531243486539
19.206774125415127 0.66165263030754506
6.3712375677866033 21.484927718025194
23.901649964801035 9.537283030211853
27.47307438704874 11.754859219384105
25.23075716685975 13.342214277659558
11.5081492762013 30.056808529858728
2.2043606099576318 29.297172836717781
29.506520568288678 19.239624516401282
26.250368055001971 5.7435692177575106
10.208702098597751 10.594108984709738
30.810350887463937 14.006490561387237
5.4704260039322072 0.20055188198865928
16.031566220239231 6.9427703105391592
10.721175117580684 23.861483799848223
25.51263788526845 19.33672730286203
14.233272202869847 20.017355535440821
16.841823588832259 2.2863248960340168
26.513174433150503 0.81468921779680681
14.037749678045003 24.766477611438397
17.731825556289252 4.9864701176238437
13.591201909029987 10.363697662878373
27.470216568010574 23.645027285972521
11.281198988014861 18.944895751772211
17.221566214585092 6.1624145627582498
11.263921511703503 21.550939072007129
21.023189963259551 8.0521342172392334
6.4640543633893977 27.111001780590509
19.674464447621133 2.6939540484144699
1.2047029500596194 3.1935125376818378
3.0103705237730867 12.082039451566283
7.9215412997031844 23.833787190638276
2.6742721431955792 18.714761457013676
8.0250070101285047 6.5905241593818564
3.7684750701726166 27.906380661475147
7.9894884416050234 12.110620129660525
2.4269991181453108 1.787091299806435
29.668505566845873 27.231812335157727
9.2631905632857894 13.460219300887912
3.4444197158925358 27.622840850894434
29.922468751884587 28.31907362849509
23.070630044581055 4.7183351030571457
22.152798158139742 20.999272240599787
24.799928551846737 18.648076233853356
10.719494919281352 7.6627300432694607
4.9288418446959028 2.6925699871619742
19.78944005147823 21.949975552264391
12.368366864405846 25.647199077683879
6.4886877830000156 12.026495101903002
15.900234704444669 1.2921864390890903
22.151930878006858 3.677684865686544
3.4034161179855742 10.076143090987479
16.80123042732702 26.324163040422331
10.333326616140715 8.0897646531776424
31.027642940609105 29.446342447875768
5.4927519254192649 24.833583970690192
18.91144313855326 27.021683316312725
14.181556587577791 29.280863860861224
1.5920205541382215 23.756091590297039
3.7771730169712265 23.259835027575932
0.66745018841983228 19.576241227404818
11.627677087044354 8.7061812112819972
6.5991466869012791 0.78828386540596429
25.035140713177409 1.4051546928549683
16.351987428276523 7.1865272698468958
22.177500936861019 24.925695135068491
30.024121451052419 9.4810883722234625
11.426972850899778 25.171954563563332
11.820342518682102 22.602869474439519
20.297443015114446 16.449421066657472
10.602049386156715 16.013220571723824
1.7940325065182114 9.8933586317124433
15.93391297220948 2.7895125657691335
14.163575377175816 18.684622526978917
28.080710132020389 27.998177265902367
4.2473851579603448 13.304503178854658
18.260179656204105 21.812391744508481
18.187278018853224 28.650369473875777
10.276139275379304 12.521999182575971
26.875678266847341 8.1674615862667146
7.4522041278732178 14.338427197363165
18.119206493084086 4.2807603123015223
15.201261763142282 10.512048069291852
11.614224369873249 13.521849757629765
22.012388315777713 12.233531570463773
13.817271028706266 19.745250056832585
22.93108067934299 30.357509239065401
21.799461231383571 13.203065876530877
28.552051532705057 15.944523261097455
14.350104301588878 16.705524764935113
2.8559576194021998 11.978711892834019
18.321523363436913 3.1808780302756916
8.6324172836144974 28.177847604827875
17.097474985610539 18.980368282863495
29.542907144951446 21.88278012435692
18.287746995246838 18.636014315496038
5.1721161615131308 24.006386469085548
31.469227478743896 2.7064328065508332
24.761836956606935 5.9063275712172283
6.2330881160117713 6.866222418654969
19.499539324484775 27.342759007247967
7.6736257138638946 18.24344075865914
30.310616650956206 7.6483804599014737
19.176374041177283 20.896123705721653
14.706773079944186 31.112091679591817
23.960748162819112 3.5095371770484993
16.016922324484451 25.718498507380023
0.82313902133179817 16.762901752417136
23.123748164400773 3.2216658396786628
22.716975832012587 19.622740328318876
16.77210626987717 28.872958848287674
8.9589071698555909 9.7276045198642347
17.889038353619469 20.122218798411694
2.3256659924031604 20.397449602049303
28.985076828673691 8.2411724159862221
0.75111541250227676 12.458801842979504
11.747289226031128 23.748338275803192
21.477112933381804 31.001065893528697
26.04323852005891 26.130007017162811
2.6287797169485576 5.7458440800575126
14.341032620180879 22.899374801030838
24.218235477330062 26.593167122031474
7.8611568668935137 1.9339653317480725
30.702312080250881 3.1082746965820411
11.47463654178271 17.549713491597021
26.665025981303259 10.524359915657231
9.9764965054253683 2.5746322800731929
10.968455914884549 8.8991447419870031
9.6148876754060559 3.3142098344340036
24.075245535939736 21.283044024231916
5.8722011585124863 8.0284096816679753
12.083312618470824 6.0532366348235591
0.95662032035021427 14.867104197390336
17.756194257393986 6.6574129568578515
18.373007296336425 1.6182197303271018
31.49974238376765 28.048843142894988
16.547093821442942 27.928123363179601
27.765248290505415 0.19786512554744995
22.986309570257337 26.338581764693576
27.464042690322021 14.50020619132501
3.9731765286869631 5.7997932181322387
7.3768958916474814 19.555010305267619
30.458439118957799 10.154338386496157
25.0098607776156 12.406467466616888
28.07525865249465 18.573122195594902
20.689863799259328 0.021849209192957436
29.542008802218646 17.859970279214668
11.114464789401376 25.671383610409571
2.2025970359791609 1.8643608244989516
24.311115317469291 17.998605040129288
31.424739974600005 14.538348691834944
25.788904326201074 28.378151277053899
22.864099872270589 17.171581710438776
14.600082164845555 4.6868136293925682
9.3779886113410722 22.931590095445905
5.0055191195136688 15.968291061841486
10.936420448581522 15.645863731666918
22.069283741393413 0.66945335516398985
19.118663559798406 24.916125969592077
15.381994720627137 8.2412080916394235
9.2477784362935012 12.08559890835947
7.4686355594709113 15.404692726268093
4.8479648609643622 12.109931379021988
16.344680077067139 0.94022260324100559
23.532463211281193 14.390048981485682
15.913593296011296 18.123028220261705
15.50096540818631 18.917972123675295
2.4453243506570068 3.1646316531855061
28.607752691462114 13.043156819075797
23.472456844326363 27.171961241463702
30.646407570623509 15.446736011442338
23.026197780091824 24.818265125426475
11.85569932776586 27.902764695054074
5.2706340853778979 18.322039190681011
21.689101573220704 27.670531404435014
18.399663629344076 30.56555177382447
14.782594827912217 27.657709909069695
25.215843092248836 7.7734874066478374
9.4069594128116325 11.021336097846337
25.401410849052304 30.844781216489221
19.565001617175493 19.519676769974822
21.785753669984043 9.317762208157923
24.573790350969915 6.7538014537277844
26.474858726591865 22.720200390064587
28.73596090626895 13.6434614420189
5.8615562133878321 14.957380701921123
18.150969923536913 20.216671232635232
20.789669755167303 26.931162481719106
12.36099375920238 18.826997721496323
18.756009184166583 4.6215386222970176
10.91344582394162 21.482871250577904
8.2973936373434096 31.131608379741358
26.465702574851942 25.001544371573264
14.684562315996121 26.408356474548697
30.747802311587346 8.5014535065537444
12.69306876639059 12.623889888847295
21.644846107173567 24.019185189410592
22.974238208249798 16.798903589554399
4.3958494483105035 19.799645173508374
18.292675839943072 15.701503955445201
15.896448725801191 21.067887633868754
0.30716773321863172 31.215325107458838
10.561641174134897 11.980120786461047
12.776214050231843 21.112822756289908
27.680866085171139 6.7321456310684136
21.759657541489247 28.622000994587744
21.694909280907332 31.49770160636314
25.474296248074346 8.5415112775001436
7.0580898098240095 22.905822722724626
12.551714592959048 20.163772860899641
27.43917266107152 8.5720213751547796
2.2398716854112806 8.4369316243637549
25.96539050866572 2.5465007639033126
2.7021502794064296 7.871998073284761
23.732550149782483 20.489907439852971
0.080495988486370185 10.13952213220942
2.32072722739826 23.727192942178654
5.1983731409161189 6.2152179401333933
7.9039326022012624 7.261714563160667
20.856940671269733 2.0525048267349568
9.0664171347354152 23.539830007430531
17.860360002848743 27.117202921842054
17.241113239691813 13.31988645218544
16.586909299693431 4.0505169451144125
25.041258968157795 22.502871351260747
5.3338065646984196 22.472300622009325
23.574140837483196 11.885846676267409
19.404976488200738 5.5098549604241676
25.445896038115524 18.390081714123024
27.346796733893701 20.841684383808278
26.59400727027473 14.991883239381631
10.617853004621882 0.98890167804597107
3.0669048126642013 6.3976346826305033
31.60299863013239 11.613701206135278
30.82473748721765 25.733193726817447
26.064091171926435 27.039639897016265
8.7692845844657672 15.294881438424587
17.508299057720141 31.108577023044933
26.427599000263207 7.4940917204265087
10.035711665502827 22.847129483884128
25.400140230539435 30.621539293104725
20.097301860780135 5.0279732996387478
2.6017048505830545 16.305075065938123
9.032494920534516 25.918700220700291
17.997333459027818 12.331268092629463
16.524658614201314 3.2968534206859079
7.5541739208450682 9.8063296525877082
1.2635798647530585 16.023348505348064
4.4474802250855969 28.958389590842852
16.794711168016427 23.782760456148043
0.25505409304099796 6.8920819236616424
31.163518626118361 21.378616450810657
4.0788498255570014 26.648195599116498
18.541303251676471 24.210389402004921
7.7643381442224388 11.307016593338739
28.006045049076388 20.56535143196302
6.1868911130233641 2.81089103381268
22.102518636688863 7.8468000039328212
28.106426375986619 23.624056055670021
8.8238757473762846 20.295382122192724
26.368770261920794 11.44165012206283
27.325340399807711 4.0754531371077141
19.532444080820767 7.5946316105368084
11.744171474253408 30.627417964556113
19.134990024780297 14.148207985987149
12.378402677494185 5.8277060993700474
26.335016086660332 10.155718314266689
6.2348979761319452 11.715929419128601
24.54692725239784 2.4296989023884539
25.701383544820516 3.5806239031904914
11.634362370860707 14.215182556731337
2.1205328684264417 22.39303200116635
19.629003500280849 8.8314974691494825
25.85719174322784 13.079327314658549
1.8171814542633677 28.95043195570565
13.371044551292741 2.597607420314187
20.16840242187612 9.8739587888673537
14.889438723145632 24.826874065516119
10.581127682209017 0.51471119924750786
9.3115129381791615 27.117810686541485
15.669416610417864 11.874588514071689
3.4827076049290593 3.7541387969226534
23.609699334893737 24.632644293281988
30.872351122060103 19.362407111716525
16.369985206931748 17.967369814802591
28.940994461862605 4.1689709061796494
16.398704237255661 25.386681679219667
0.7664369900340261 17.451969002774906
25.131968918092355 4.4656766499358103
28.686767270774972 10.726162078220067
6.5075233664703758 2.2465060407611306
19.376377080048446 14.98517964107579
5.8854875218584635 14.519154319380164
23.475671040001419 19.313453425940601
23.464800302833375 1.7131793242162805
26.954459724284742 9.8531821015708623
18.243474132648664 28.677402674745743
21.465836686137852 14.929744168657029
4.1025559850681059 11.001974279884172
15.928764108156004 20.041133284966634
24.422610059490356 16.592359413974307
28.094513995313275 4.9862045071494157
0.47096067729349134 17.501238290301753
4.3969520620933809 30.448323898625958
29.25280162437971 29.690000517437678
25.768009545791049 20.878630930049731
15.756273753100812 25.428427571852708
9.9238662098349959 18.890348684873917
28.55163576505036 14.050872375522397
22.819816017745651 6.8727659128051135
9.3948902400205991 7.8646482784956344
8.0784646135820619 9.7870132396457699
5.1883880680224133 6.7941524161058275
2.3984293926292479 31.332357981918648
10.850806702936413 19.511428060624553
9.5326345893637487 20.974284361878283
3.2691511088414167 31.482387189483525
27.644762074553924 28.682045189230507
3.1290501620224447 4.4655035759681079
0.84741836578430774 8.9251820722520936
29.020886918064551 7.2063368410406046
0.54456036533586638 24.199897641333951
6.4921800465837034 12.472432257577834
28.559379918620518 22.670366464347417
20.68670444208729 20.525491615495238
6.3475908013143423 21.195769674060401
19.485186346269792 11.598933748248378
13.082074309326016 25.968412400888216
20.641656798575607 23.647115570371785
9.5876452161809365 15.726092328895074
28.592435830949679 1.5092192046802251
12.677762062591693 15.895961286559217
11.236766546886498 27.664698259729771
4.0925416383603928 8.0788829300024343
2.5342534811128896 17.824444596293205
13.131981811295432 20.471934057253108
16.659690125806218 6.0424982043537234
15.410638125777282 13.459460873902611
29.634281048478996 26.111509658824254
25.948204745344025 27.227844353833479
24.815990494673294 0.45172915807721559
6.2258443126876228 2.9945615932876133
3.4421059156417466 14.331171557025751
27.522833087399501 8.6145807195337447
17.656126157136566 8.9476875444349826
24.962515764072396 4.1855918018125733
21.68424898303558 5.5794721805992848
11.234291367035503 5.1119922608164376
30.367916129152547 13.294918445005973
24.711067912817043 19.557686396325497
9.3161454341561232 0.91680779705598392
19.489140821547416 20.014287315109847
6.3069980209302505 2.1199864088456009
16.292593995067069 29.587558777624356
13.279403497172133 4.8787723632699089
10.273839009251326 25.273553540129413
28.868808324258364 28.352397625540139
30.721020696719787 31.383266597832829
8.5494795196107169 1.966253062114276
30.483042352652888 22.89107865863857
4.3819551460821167 7.8502174170172712
6.6751673296293594 30.704131329872713
13.61596777300068 3.9880292918976825
7.7521518093424664 5.5843818603137638
4.374363941496715 3.1327861213892834
26.768271506677422 13.205441690013586
5.5239075190618028 4.8626831400690476
4.7594345653479806 26.033203994675695
26.858000926696995 2.8345099095561541
18.135870205340009 14.248711223055395
5.3127667106358309 17.929428067635257
1.5421650521869492 27.633042978653627
13.267551135865345 16.734058190777034
31.043359807924372 17.453347584458228
11.594631270992144 30.522287660773593
21.046207186046718 0.3825226668586475
3.6912571631053441 17.077345373388166
22.588627661314078 18.431128446651119
0.40748677746606327 19.032955940484403
2.1420137140934541 4.7195965715566901
22.461788000974916 11.217268021963861
26.840922746403837 2.4579858535364947
29.02881555770055 9.2492315377940386
19.703511148868248 14.655646211996903
28.768102590090933 12.016577352024493
29.324649104820818 1.7177652580341543
29.546538598243941 8.7905591923266435
9.955057016216811 17.546913088873886
24.183393793869875 24.117355654136126
20.297747276407794 1.7753497742490854
5.2567775894630406 12.095768823622484
1.8788160821728124 8.2545473682379527
5.665162379519364 23.620652820600949
18.632537176649475 1.723613408661145
18.867634870666546 22.672471363031214
24.995091411498517 15.529912589296845
20.461044782836566 12.196284905464697
17.702904313143755 7.8382208837948264
10.900614312549822 3.713413846051123
15.968382559361494 4.5114249024993658
29.133234098180257 31.078632506641508
3.8960699385413875 14.05502766588166
18.255502707959728 7.0516565828531101
17.236154347390606 9.1935791159369291
27.111414804081058 28.244533549429555
26.784334580238198 17.610182010603744
14.477868121255145 15.731005968268779
22.681786028919628 29.361731723881988
23.211451816381178 5.0014494263315825
10.378158383589925 13.629493774523656
17.015187276042763 23.775917568348625
2.018167057723582 21.005266492040441
12.503425879498119 4.8982748685003141
6.9719149276560133 7.4874549479716501
19.341171900090089 0.18999230428339559
0.16180735361601203 9.7798490816034906
6.487400772901319 23.973636892259513
29.622600584133608 29.500013301944705
0.41521827888978757 10.706927510480917
12.872672128655184 0.67684222876166578
23.099201056165104 0.93064610871356246
10.550167698746076 4.9122582447730601
16.343067075784102 21.997682677680647
30.585299386229 28.751642388886765
19.33333805111933 8.0773406875435381
3.3557208769705893 14.62582399156206
26.896025202363152 1.105163173015133
9.072320312834238 22.513771580061075
3.7113513581278643 28.169470429815419
22.520894978631578 13.201698422395506
8.0232207693619131 15.351740658967138
12.310698761049293 31.31485032123987
20.623828644444252 25.309999324301113
28.282253965227937 29.682257840462466
14.642782259205532 0.62553222537619746
25.692998947247858 24.19375176583257
16.72112636665123 1.7008939658625934
30.819384163754741 21.059482954572648
19.224777710945332 7.3517223703486447
26.27705324887264 5.8881439312356907
10.250043106456749 6.2787848799579509
12.323747132957378 29.561111009480509
0.24391016103050317 3.8098522085455833
9.9149395840994607 30.207856112940824
19.520555436500292 25.150900763477477
12.394256245934928 7.6684753035144508
3.522685933109841 30.153459536000117
14.880664399016565 6.85443696830691
1.087613535880138 19.944733344440213
10.992343346662135 22.28194916186575
6.7968637713093685 0.77526868058237441
20.867714387949974 23.826883305079804
21.315984232006002 17.244066700337601
30.650647654003048 1.4086022771939415
5.0275880619110209 0.58057951957253651
18.097005211083474 24.41265237286396
15.722432219605578 14.850164183813387
2.0563807502384361 26.288520405753538
5.5578327210691061 29.75325390957904
29.505427499756671 23.131156097641441
2.3487800690946514 31.080195952773391
7.8738248903485513 13.324957488478931
30.804904238976313 5.6544413321921247
25.442328397999844 23.520441030000864
17.112784125194914 11.944018627671136
7.2096505468010763 4.8984450990853725
26.835653759587203 6.3746866373844115
18.360547914911194 16.24895582596346
29.496935164010495 24.874788529690047
25.862699523412413 20.800803592512061
5.1664969834386678 4.7690516323069003
25.129841069694031 25.769846742798439
30.643604281706605 31.121302825364225
1.5590345563065384 22.0703493725652
24.144377912722842 22.083554740543764
6.1688822241648129 10.286962478303007
17.59687736642519 0.038819646374034227
9.8685932876921587 10.687075599553994
26.159124266248238 17.024978788954041
6.2402290948248682 26.185639848420895
5.0293677249607018 26.285111299517581
7.8442978707374102 10.764973322159626
16.344661554493715 28.655945739867004
14.731131579157006 27.614052893112607
13.124009592418556 14.486082677751682
31.333398377870502 21.380573554964013
29.737652557724939 30.840963299373339
7.3683915567721847 16.761017927270736
2.3366597033148158 10.856490927291315
14.12608314149359 17.620865826499692
27.872121617202307 1.5248553458734704
4.1717280440032614 17.930762063530871
29.885047592800458 11.424826202534247
23.733824116448375 7.9346866257708459
27.089166617403887 27.638577633544614
1.2418048373945261 10.59745718486163
23.126677296016194 21.713928708962776
22.699562516379757 27.403910464920397
9.1653987964398933 5.0472821764790758
6.0344292387418879 29.45764664378526
9.1521902711879477 20.905552970816373
3.8232865758800645 12.560270954944656
7.8467002604520939 16.375565964171244
6.3555646156242966 6.6183206197892979
25.384620003076488 12.120769804258149
4.2305025996619818 2.1637617810532137
1.6183746642572083 14.233528453350305
30.351777795944784 23.759305640182379
28.6057582127562 30.709415054782255
2.2357431080016545 25.560007241731647
4.6439043773416078 1.5876411949249973
15.066574785188767 6.5847866011936445
25.892629925584338 8.0288126637216592
19.297779950281488 17.614850728453163
6.9105008014019855 30.997367541001903
29.768971592822442 25.96635680631638
22.486056518932337 29.31826939954173
22.941892439540176 1.2713762222243543
18.976924497729705 23.004338805553338
23.272409175794003 13.998507500408826
9.3516087374546437 0.31844368359683517
12.371549318678982 3.6132859115791454
31.506771684055909 23.193826413694197
28.121242680689704 25.087923102846474
13.954111434799898 17.723489959678503
21.415030409987171 19.087819520545192
11.170238768467067 20.389810547936136
3.4262637608502287 6.8752910446359801
28.554440254413926 6.9632347899781184
31.032553779080693 2.0099983910273447
19.96847445226491 12.076716140431211
17.362367658164757 29.692302365495241
7.9298333391850635 27.30663686057153
0.48366748676350252 13.260021155498592
21.04474033957769 26.000942814751941
