27.868980913199554 18.45599116060691
11.982851875457737 19.097229453257249
10.746899388020347 22.797899341308071
2.5961735324652304 28.053700053953829
30.425717141506759 22.688121792904781
14.370890408181554 18.479116837905099
6.1022839427384516 3.1028784517710588
13.484059326553032 24.35037262880838
1.5894087718093641 20.630838308171914
5.1592730433075618 20.269405976042773
2.8675465511404257 8.4226158180270225
31.103785365487727 14.079742935378425
15.157847250652916 4.1452941672124801
19.312637615749743 3.6223566679355792
26.70425802751183 15.491285803554328
17.638839329897895 12.58681897563962
10.696362183714227 28.325288464826521
8.063464647461819 19.866493596873319
8.5908088958668145 2.0857438003149893
18.278732828230297 23.130380932281565
16.931807520612821 6.2692810104763375
14.170279189554865 16.327299291440074
22.623609120019314 27.476967926904511
23.69565536730228 21.860358273960337
14.065766264044452 30.185051660542292
20.493505985890003 4.0015918454106147
4.9526355500932393 11.597301854125769
18.297480658085657 17.636139416752076
5.563207859472576 29.820454290065136
23.452980151100419 18.719801378318984
29.143397023569779 23.631540689590011
22.593985575025531 16.869952440950517
16.575870556160133 30.533205589574941
14.508364420313242 27.198180745677341
4.074700229412028 13.88054607077383
14.010224108350039 20.597948928872245
7.3705978257297691 19.300899709359033
3.9571803506813144 5.9781932549399759
26.495977893047954 7.4654779477458817
10.641635719746859 13.971497775841266
27.016103707270386 9.7186173872917028
21.776355634541332 20.389320406045904
21.672761361601317 24.906881387881771
29.917167236102202 5.7028983263336164
18.678725634809815 5.8578810269653108
17.252591306033406 18.830360434705476
29.005041318721624 7.3123227178400345
19.473684505551923 11.817711801579255
29.532269216198646 10.178618525545534
10.978753997813442 20.539868860290056
7.3757922262278974 0.31396875947542158
25.326845486843627 14.472659604736005
21.099184459098858 18.094736693528116
6.1448855606882198 8.5738273278125696
13.814194711789042 4.0684025432020761
1.5205061350020224 20.877490127100785
2.3172944122914791 7.0604058902993758
1.1386175980039293 29.180031255245122
14.155118547945156 7.4386256115730678
17.306657434900913 16.292772802327999
22.657982021713391 7.231064734485722
12.202369826025967 13.072500171501829
28.942115612034215 25.882204131970855
17.388100586846114 9.5201075218286171
2.8829497808025266 17.50994773458374
15.019873928023296 0.095179241396222733
4.9572965154140674 21.864225220095591
4.7544877432318726 25.745618850608675
21.444193666474952 6.5643535052275972
25.645097008559638 22.061381529993206
13.294662652958491 15.914163052436507
15.214416506867765 22.945228630112748
14.034965709445444 18.611974599512358
6.3285366234620843 26.007033016719689
26.474663711619968 14.187646838038916
29.444529329285523 2.1119876486318869
25.867850247450988 31.581282965691358
1.51570351832454 17.570902134774229
14.939737682248245 2.1625657152192237
15.720691978750223 10.946833048338164
2.9249767990958744 31.228775713612162
13.695741117652371 6.6358888670397143
26.874633238778667 26.500859524338633
15.41979620845332 19.73017697785815
7.9476795904729247 17.799995225469814
14.93359269713217 25.330680406003118
24.605225207056584 14.352874931862015
30.228260257478894 12.727143582299652
12.085629669414571 3.1808105523786772
22.022600561762058 2.5477424207782611
1.0381751633205987 3.5490581618531425
5.0873760046448586 30.127845797257439
5.0772370984697304 8.9862319092576346
2.0923948663909551 30.110878494285508
27.323292298551866 7.8914113409948881
5.5074798488314451 17.35654263094192
3.532332742571016 31.270466664212623
13.188962498653447 4.2482076102521313
24.428354344134529 30.845738419739885
4.6410041147572283 26.248202790589076
1.4898320491177475 17.542048798673282
9.1187294503465459 31.455605025494076
3.3649434239000557 25.591062331174392
0.32363093509202745 6.2416703825852453
16.716937601145318 27.772470053943778
6.2031358282657285 24.63208653587267
22.190200593143551 26.038478895054546
16.228462088854311 19.682568189586405
12.129166436029736 15.543634884401714
17.637724900587273 24.652416064169227
19.623867927264591 11.267053351380056
11.566924187610283 17.1944018647152
25.777843629591985 12.302907138188697
11.525972563864261 3.775829295350793
21.424981308779191 30.695046555747975
0.66952829681484383 12.175061402976283
3.6134090909499386 3.7633176281061949
4.1474937706377411 8.4438734624103127
24.732706994964602 2.6822427438407992
8.5561041613651092 26.850352035298702
3.7502213649869738 10.907465287047319
21.657495807430351 16.218038418194375
3.8435238294661422 18.472312769289093
17.35904370843247 22.399765260202422
18.180547205285244 13.994736059386899
8.3071139772894682 27.969736180838673
0.35053870678745275 12.679353183153429
14.41930509035601 27.097553251484275
30.395963644593703 19.044003108694636
12.00755569910473 1.9353033905079859
22.047440924946304 14.302373310659121
11.986134521576107 0.13261431471676588
5.137213762889056 6.5198409515025437
28.260047065894256 1.1815244337629356
22.6843491358972 30.348926850359778
28.213651585344259 2.7636812752262991
15.203284161966625 26.846047129673028
12.283896343232866 2.4626098086463086
24.721654318734359 23.316281730818471
12.084773117652279 7.8831534408313759
26.149755356881229 3.7796536406535175
0.79789376925163069 10.684020660643034
17.60775999282146 26.052673085793252
28.198370866333846 10.266251528466482
8.9562264665935736 6.3293092902823442
12.413591036476557 12.781240757028993
13.70329607080348 13.582922766785067
7.8958069541695668 0.3016223651168628
7.949238890312766 8.6646098162367107
10.558251247334193 3.2859396362912352
17.635498237889948 12.331243195769744
0.72926077020827806 26.158367887273887
12.102406008606792 22.250402999438801
19.185171018538501 28.707953624047839
24.830573753896619 12.204732583212685
19.77517636484281 6.5582706980478891
22.439078250018156 28.931342668100449
30.664666160139799 21.252751087129443
18.201501056190189 10.827820392231649
24.163079890910772 10.205893856546112
6.7718917330420849 2.9036649426208991
8.378143875426348 10.990880951840257
12.643157625693778 8.4183654453143024
26.097236406292865 0.4435505197831105
18.974960783995982 18.446141816030757
5.3777109846648559 8.2419029221466928
28.593323937300212 5.5205429981694492
30.228622572466584 30.027407884591103
12.532588757546968 8.7973382757492029
20.389697301492475 21.212404403894705
14.177843212363346 25.764473229289543
21.02428878780772 21.948640856681067
19.153959991992789 6.7874872595752587
2.5452686851261617 9.9077156119893388
0.6460880639864538 30.453004520589637
19.858489719917369 20.905778184228112
23.884114340664979 10.242267354070542
4.498364755656775 1.4603119627721832
4.6759914633925188 23.948093288422093
25.079686610060165 8.8815060256524934
16.011104706508938 17.926187504059865
3.3854339158268072 6.7880992299876111
13.941637245396889 4.793647208855548
9.5650263826563418 10.225481083806452
17.555334852117216 25.441509209433008
23.512944734853818 7.4511413345552073
18.471784881124911 7.8956938576315219
29.688622482349288 25.381820507469151
1.0814501920410036 14.452735881896322
27.022013088660596 27.820002062290595
15.78858354458036 28.951560680947935
11.008401380596894 20.17118688030132
7.8874441255262031 9.6093291918054753
9.6793237323378385 5.2606298381588408
27.154518311518892 20.756634485881836
2.7797715953206561 3.3844438494539419
28.387626670952017 15.054865156374854
20.919570245345724 10.155403944188516
28.485037147707057 20.449532057573713
17.153660014883535 27.299374641749708
0.86940635841544434 2.2343771442714955
24.395645652711618 21.491928677893664
9.3708711531425735 2.3329820321205652
8.38586616246414 29.870191241286328
15.191423380742318 11.613183463832323
20.172728438153797 6.3751295412635987
20.243286804935561 13.61253324669932
29.228358269027499 25.156645777889093
21.189643545808412 10.568264584532537
2.8623133918846624 2.4563762608182689
26.140604089095937 26.32653597338599
6.8740338712669642 6.072056787991877
13.785488131459362 29.872585579504424
10.871898689311349 15.055112376436332
22.088743510393225 10.655697099001292
19.266619139985156 24.385518257891853
19.661246811975921 16.123025655033604
27.731914786958672 16.52730752145251
19.079795883930839 3.3662312263357066
11.788049076031385 11.985068545315576
16.220606196825486 14.209280749985902
0.47506557504944441 12.243100157281326
23.16261684334382 24.758732589071499
18.584575737261385 20.054612657006103
27.427126861071894 13.185025878960161
11.109976761442955 1.6349957916999003
30.92736541858692 20.174823035979454
17.054533808545749 4.1683840327582757
6.4394664476930625 9.9873806650289101
21.636642248576731 7.349500509142235
28.264334727133022 12.893427025589258
30.826912966575399 11.785212224949865
21.420294930994583 22.98850796664183
26.62807020680501 7.4720950538264681
25.630587546295576 1.7367688484843977
6.1741478447421621 24.730779286226166
10.234558960293187 27.485676829414889
26.638628414559133 5.4139653080672616
13.832799100588012 1.7226106496196014
2.8116613757252376 24.05639912259851
12.506893976009295 28.729533115809357
7.0640300344310027 18.034698576187754
4.2867924057902744 10.011386986433978
17.763182044559322 17.168392973672816
17.163216563948009 27.496132533626817
21.762737911326557 20.62203162834464
8.2020849605391959 28.008191536998819
1.6889152254050064 15.109758163908525
24.133408797515493 13.096490517896541
3.8451053706240033 14.789594741316533
15.557281441081708 22.622160249064542
29.828651548519233 8.127139586753783
11.603704375919907 25.352658868667231
22.452471501233756 18.488224081842084
28.099867514172551 21.089436940253176
26.182923031206993 27.998720834283887
3.1534719688161497 23.507389426390834
16.964859046009757 0.83603547051138782
0.53622845492667848 16.680779971472674
17.617792590959542 15.389689061652019
23.605633308551607 23.271871428628458
24.887377970757829 28.630862563638122
21.794131457652867 25.487197928255778
2.859578943835678 18.7841948976439
15.498347785662837 3.0130735276724905
21.398569664351353 11.921354858817656
17.136747601134495 5.2430632479724526
9.5583861529887546 30.833380695615446
6.9859986078924523 30.717125664331036
4.0708323557924153 29.15547225040061
1.8573854586646092 5.2771586088656335
14.317308117530988 31.476584270801961
7.6171973934501249 17.667424944731827
0.096650758802930337 3.9766884309104551
22.006393629007892 12.408859645119932
19.954059564228956 28.554082385415189
25.762441138445013 24.346370767980289
0.99177986850148581 8.6269289082205507
30.509736085701299 15.313623127263048
9.0292614144227787 24.406138880381352
17.671808842205945 0.39636949900881857
27.569916374700728 22.385423963252677
13.443247623678456 2.0181784825240796
27.534044932352941 4.7364515119840922
21.710290678849347 9.3894503347516114
28.379691570065027 27.431053769138416
8.857555733158911 11.916529892713642
15.579496350533159 6.1249808236061076
12.835785624257282 10.216284139150524
8.4177612943323545 1.449853224998648
10.030871080916704 7.0053912513137062
27.496132182238977 10.744922990540513
2.7269182461754409 12.905417811963323
3.3036024661486891 13.975369214839143
10.369480346876285 17.089829218546942
7.423069145248828 25.598859188025738
10.026650590304714 25.998733746651702
7.0027393108578684 13.124974476342407
16.82836762397087 30.865406284730387
23.614120764922575 26.78423268989167
4.6780644353488219 3.5103343184212434
30.949335505178002 15.547882889061253
6.3361048534889912 15.38155031475296
27.747389718344333 19.275386517999411
28.307857943694486 5.4065266162339931
24.466607425851031 17.386288312526208
12.331159554272013 17.742948174046216
9.2182354455239306 3.5889781098555256
30.897914465054768 9.6015496927316786
17.475956820693597 1.6233961592149158
25.649603137114894 31.030290283054065
22.69873348154827 21.364159980408463
20.976445854995404 4.9990698723244158
2.5697684045133342 24.447850628717831
8.7453665928848157 15.305158080956103
21.40360652903917 31.167336906535493
31.185760594847363 17.07460710998895
16.09232597185748 26.577303257600267
30.919702845067466 2.0974191213640068
1.7158974417354176 10.286133022174065
0.16919430628869783 25.817382909092462
18.656996600348712 21.431029667452467
0.47291296232148222 7.6345329432366116
23.069473114935008 7.2100944956562296
24.177104968145851 11.169549207609196
5.2886725913905366 13.544849622906858
10.388547176497452 23.888960989081585
19.556544843104511 22.638600349545364
1.8425056935100026 19.255007226656737
2.5715444054652687 14.805049118907668
11.129005814183929 28.400002618544818
12.044688287197637 20.199357058862994
14.62922122340589 16.246087665266288
26.868389943907321 30.415627188516943
16.438176046512218 8.1689762293612542
28.944425296968173 19.530821871477169
1.5076303609051511 27.358868794659148
18.996950115303878 18.88729665336065
3.2978624903156799 26.500417371948402
6.689066441818559 21.150965006422883
27.745076892558036 3.7658240765034692
0.019355961894870367 28.519998753489794
15.731780695647753 13.912816749308215
23.965449890193938 0.31066032425446566
23.303443184781752 0.40010065320546834
25.92155105722674 24.270215792940522
29.063011486016112 29.146422524942441
20.55343862845406 26.221082125598496
15.666333319167029 14.783584488217244
5.9071296780728462 27.06884235640231
10.391778696563902 1.2178181536376886
8.1591565975713181 7.9181437608303229
16.682308745807049 23.610006933235596
3.2819798512532663 1.6123965514177196
8.3429254234251484 4.0976640711120247
14.195162947864183 1.9349181218581488
11.291608697985719 6.5811541315225242
29.726769664563292 15.972606136843128
14.408388346533878 10.910299410908381
25.386587730879022 10.098512557780108
16.727541161331946 30.59450655627386
7.8630437410037057 25.770782986476018
3.9961245158451542 17.346146419745711
1.4364080233244843 27.318085793774273
6.8524922154139771 17.490751834162076
26.881743600220513 1.8331691165808137
6.2285400402334776 25.133229945732605
28.388784676186226 21.783847660450373
29.805532941130323 17.763809744417394
19.011721145849997 0.81298648891703329
8.6581551274860242 25.602569010425803
12.405820045724433 6.1683281847993747
6.414885167253833 1.4074248197862129
28.801021701924647 14.65751732670801
7.6614237365319084 28.289195791575082
6.4928066534834761 28.547747611473202
8.3297433431190484 9.0430802598466187
19.012812032201552 24.553800611871889
16.375507170981365 10.594264390864453
16.429791015352443 10.010111554496905
9.1697923530070415 24.01314964131172
23.636930010218656 30.021827171087576
15.83323103768444 25.756327042288703
0.19199166342928445 19.903546375328851
17.353885349147117 29.187183798108723
30.412660136341319 26.920268026612774
0.20693339987588813 13.91854335992168
17.590016993350631 21.264573061929855
10.901079452142195 30.206471316640947
2.5237968486889608 3.319081628588584
7.2999939795862918 10.665127312277859
27.678741780309178 15.686098926329388
25.519009891683357 1.3879972464926931
24.6158341001601 26.712052329305546
10.013935832855669 16.778058191645187
25.513289518368776 26.871513735348746
25.203662452162657 24.89934817259207
31.022999642289975 6.3467108168775521
16.276134919692105 17.17851616691522
0.1438429471742379 10.762531548045095
5.5726544427384104 18.91275654734908
3.0797065955845748 5.3669252981073665
9.9533961190340587 0.12941337798156755
31.086414212710018 4.0837856236010603
25.938930368627261 14.825030536835053
1.1171178923991625 9.5492427207649442
31.55909332448379 19.053335316203416
4.828739911862149 23.330111883281653
28.023740017106739 8.3381205468572563
29.413930750621525 19.690473766523098
28.077475124042174 12.330763417257058
15.636528321490974 14.975888634936588
7.3566517532941509 12.696609954795782
20.389611190772992 2.1456462185565495
1.2504394035328088 28.622159234475411
22.038418625746907 13.681725063984693
30.907828098492963 19.042071791548924
18.541216208049228 8.315664459985399
4.6327599623722255 2.2322036244607726
2.9288516770644901 8.2338789941738124
29.876563964798855 31.124959078590223
24.140536891903214 19.619490012298705
5.3408565405599644 28.032908443055913
19.320682255563291 4.6303331943187285
15.687517444477558 13.637925336320059
5.853292645108743 5.8859430046354495
31.620242491107639 30.601442158125749
20.311951979627267 25.060541458268347
26.330917589504086 11.094790522219705
24.735860611658563 29.017280534414418
18.292677066925506 15.009731283887396
13.851722101273987 24.311094608304028
11.646018341602337 23.416843177277169
9.0579613045806351 13.380531679680141
19.262136453911886 14.32331457505226
4.8267538069930609 7.0828602665238662
11.360949410372301 11.773127306675823
16.096700966873055 0.96272636520195665
5.5262667161546908 3.763006338817545
10.936483499535127 30.334667359568915
26.843366485507477 6.4040954892008539
5.164144017954607 7.1972979239809112
1.3399907940168978 22.726300366203258
9.3488486257544015 23.186839870820076
6.4251020235617622 22.732616120499245
6.9616298986077387 23.092986784791773
26.919006755839863 29.079966536849057
22.434272460193746 20.295826730687711
30.417614446558908 23.989185447870103
2.2383143219801038 27.137081048978541
20.789395804766986 11.514606177449126
15.482926391968503 5.8397598810754987
12.392525097915327 5.2758318561232231
6.7326617705863079 5.5658076233207892
23.005484849417137 14.602045909352338
31.025487694462758 26.679421714844931
6.3435615875984892 9.7338798786943705
21.351842724231361 4.1881090668764767
23.554434716129158 10.529421770691576
2.0753982698385229 30.112673266949439
12.643776669401049 29.072997216310728
1.9775643091288841 11.439440693166123
31.408411460059646 2.6933964756798505
17.065641810949217 12.662211529224386
18.057278690570797 23.486794164846074
10.141760757423132 7.9628592307756421
6.255905016697068 22.275907974629568
28.059227395126527 23.631556096813277
15.397339962723656 19.408540593839096
23.291948532729144 14.331506284661444
31.613263211278053 28.190282299521421
25.063159597331175 4.2968166526790599
17.209429399713365 3.9315656781270678
27.945155040958934 8.917090816068864
4.2742292341551158 20.741823612127341
11.839393702384585 14.234045347221064
3.6104388215728496 16.674698419344445
19.711282994907311 24.593505569986029
28.089397632615924 26.038318351403035
1.020950417791862 8.3719613617601674
18.931981266297939 16.524324505083911
22.976741105643772 16.923634618334958
19.692849559281569 12.058424025847916
10.521214690504452 10.382809278962643
0.84751468869912749 23.505184880426587
12.537393687533008 19.670576209496506
10.447175237029644 8.9552562062198735
8.3400539919067018 15.409023497289045
18.618979696731007 26.778925631935223
1.9415972776518957 22.14371601413351
18.823273154488128 1.5554951709939231
7.3204196036063953 13.264153308794228
10.470877545938064 29.84210030827294
20.468330971949044 8.1804414250965252
21.067559721300871 23.16224684905934
31.275962195106199 17.73339661132443
22.376704311427819 28.708679983140854
7.8010511809458922 29.403506027200024
21.84166652966125 1.2341388421896478
13.378581319081364 0.73677021589136171
20.57855517869357 24.573346743322539
3.9020506948628602 4.7644244043635666
20.121610424503281 5.124033174763345
7.2475993687078084 7.3044140831933744
29.536699496803717 13.045700874592999
22.672257657621842 28.020484581902913
17.753608347125148 18.106280016837218
14.715167997549988 8.9767518509416728
16.742903332524172 4.0515523003163096
15.47120553919194 28.593745772004947
11.422264233566949 4.0117584602892409
26.221874117414185 16.984557609699216
18.965869855661467 13.209476035447427
3.8829407568364935 19.339508496518668
31.034822931887728 8.0743289812176489
18.869169302749818 10.975186820717148
28.883897399854973 21.468134427089105
22.734984510375622 4.8547826895541393
22.895346482215519 22.500882842179717
22.864607728542541 24.489064474865955
7.6718778530229326 6.5770394310649314
16.368139602048263 17.785287604180201
12.740455707374196 21.354918150106965
19.858641611693148 18.436815629057104
25.001018146109221 18.520056950801187
26.430337631778428 25.685353928322005
3.6369200432740767 30.491614114131536
23.45766834271322 21.631826390576357
22.608354154187325 18.381952140539887
0.12059878129172026 8.9448493015116792
5.4267122993928067 16.227563218745885
29.804138772441288 27.366550403828867
24.080767365557385 29.110343194265518
7.6011206961068654 0.9138786427642982
21.652638149613232 15.09265889710942
11.447628913601637 26.697757279292347
27.200314034071084 14.977235955876644
16.872823461538243 20.775545982463516
31.314359728907959 21.729252990175805
25.867552818909623 22.459895934470357
0.86468968167449678 14.998883728311723
21.07028274770062 19.064324997284611
13.928727775370032 15.970797184718185
23.936327701484899 16.086178631689418
9.2582213125884643 28.890565105825083
22.772771031529729 27.046502919424185
21.080782611127749 27.577109032974612
26.166079222632906 19.495979270387085
12.775411499840043 23.033194514774088
1.1713650599254273 19.196128480349181
24.990584361723684 6.6870622181712998
20.669308497613446 21.530120036231885
9.5353868344326589 8.1874444087867211
2.8811681632467545 19.3795319318432
30.425864286959264 2.5280325268132895
14.490048715617164 22.328938104598343
25.800492341398989 3.7158402096242233
25.837671514881276 20.729744772637218
27.30440358446867 24.833473778553589
26.770929404859665 20.093258422537705
11.011513200732805 16.898271167149606
9.2636751280398517 9.3423953901923813
11.495955698469233 31.405525670455276
0.016864412787831243 16.572121836358242
6.3519157515073799 11.818515537574196
0.88802647677474855 3.9552766819766862
20.314458143273196 27.252469317894437
24.717504845891369 19.302016021146816
26.263614989775409 18.094610735457714
10.275348536708801 18.75556672336376
23.747736694900297 18.845488503934885
12.075129091346787 24.369579835797918
26.464853047534451 12.830574585594409
20.671001261032021 16.851442495202086
24.681153151352873 19.950506363172281
15.353062141043715 5.5559031197036743
17.934896429373605 6.1947138060930547
25.954163650705041 4.5014984324728449
9.113713896656817 5.4629279821214087
2.6499887964459496 29.035343230880233
5.1872350258878113 0.71373223674164499
13.89908368929895 12.378337098042852
2.3065246841009439 11.153680322092651
7.2305725161702856 14.971173993423928
16.491932738210341 8.0723025338008725
3.4162271651247664 21.1290095862574
4.9765584899859885 19.340860545442855
30.573100691964516 25.756117354465289
26.283942126187952 17.05289043045714
6.7574333602166572 1.8584824803474425
31.521533236206448 0.81010841890824425
0.77347313826953712 30.247883420633183
14.951443677216471 5.8165582680883965
21.87469889998539 4.0631541499652872
16.400665789086517 1.9092659654891291
29.855486492346795 7.8541720378695201
10.193312786063556 22.381219077806907
30.874054464796863 26.930063023215485
1.1275782005671411 5.9839524259514656
25.556277762657288 7.3846183452987466
5.5494093106640072 15.338769313908371
29.358098552910718 13.907054220129213
17.796605072481878 9.7944453187274672
24.860008022744907 8.574663980245063
2.3342152023663365 0.58858378764280372
2.7899530790345248 16.152393204724692
8.0971807305275991 31.088905586623021
12.361829270670842 6.1292134131559717
17.603335120467715 14.837840288306195
8.8754055576527016 21.355987184096303
18.899271065263616 3.3575422831856234
24.998878986359799 28.868715173709528
6.8226456560434583 7.4666455884179825
29.937116395944503 11.987338499137326
21.288595094068789 26.345583985374155
28.093247137085189 30.536246222707753
30.367985972186645 4.8928498421859858
14.856549811973974 8.4850009800832087
0.31712540668905431 22.154096670968219
11.324324723585296 10.724601526852584
6.9498838483426448 11.159145034852637
25.650433210303852 10.454153368272875
29.348850162700025 23.352834245996064
2.7154565069991725 12.845047829133835
9.7219515859934589 6.104697973660616
7.7988219113167636 23.945592975872547
4.4740507648348631 23.517377592341763
20.270898808733673 0.75577987243638722
24.7679012195096 25.072711255049366
12.954022688412143 0.75017396090633648
1.1080225799224113 15.037678591126994
1.2555569569212459 31.507014335834146
3.8776255121196535 12.243271093672391
24.415878807448703 5.571064453870191
12.346909500425962 25.532229046460767
8.2456509104794673 24.562348553124512
18.851115659042012 10.49036931295197
10.124381045122064 12.860499464424802
20.831291976867856 18.553102587801774
5.6250848216637275 30.239236098988936
9.3656761562136435 19.558958903889806
15.022537745514301 18.103928447440516
15.831931029133202 25.206731838024567
4.4247288226771024 5.8733933083745438
12.405886387562964 17.227934994406056
4.0048930889268499 0.83442785102349903
30.311381930388769 29.214212356420877
3.3664261090209973 28.452402250954716
9.7465374577953572 12.465757056028988
18.997302937121699 22.029528984405001
17.259553395678736 15.589942661267283
25.191211625312871 13.041020675479162
28.814571177659595 28.259980109027413
13.297571122930398 21.72738802444379
4.7750979795183861 21.593849762087654
4.6708952534079051 27.855178632349649
19.956496773178603 9.2462716157944005
18.453800648389187 28.770140601461815
28.173138607297584 17.895110756177722
23.271239679800747 8.3465575070654729
20.530939621180494 17.242935236846375
29.701367633776208 17.520403289449447
29.741837163530327 16.9804504203777
14.986720299545564 31.363559528194795
23.534689333835683 1.6476541850520821
15.602051048859263 30.073123820240266
28.038224773868507 30.379927669404069
2.4866196606706286 15.981357323242188
23.946495175490682 24.98515294442921
1.4975022427347362 22.897054511866852
15.455146997622492 9.6319855069515228
21.795335168152626 12.412314246568812
7.1559590606014094 5.1782501330316615
12.330403387614602 10.399758596146581
26.691535920192127 2.3379441385127762
23.994655832906393 3.0154276226811705
22.600741938954918 16.758200507721792
26.130456676437291 12.189453881796977
28.556614014426113 11.14318379775813
19.607566663627011 8.6043237149866023
26.743214534706066 19.163307830742287
11.472226732921968 1.6546851998338332
25.333273955137525 27.093596702882763
5.3325775194875273 18.176577982706718
13.516015863525251 7.1238544227696892
4.5852816367396301 26.120831058440704
18.626062058809005 29.430813647515869
23.387533111844476 2.0538667014597731
17.740191422000521 4.1409144246750405
24.724758035174865 15.254711875760675
31.490015465953572 4.6867328509388777
7.9706861229635271 26.796386837746816
1.4588548874119818 1.7743014370893331
10.007975899387217 26.910286032908871
3.2025903193392473 21.594473174981538
23.58397549496042 3.8938340298691392
9.9117961620169819 15.000975721746828
20.967422468947692 29.662073705548533
16.37054557451566 21.632127213380105
16.485529854462541 24.356386964049531
21.999597363187164 14.977968938836929
14.347960235489687 6.7552491431348907
22.459080803336001 31.194574940916748
24.965368695977897 2.8421352288757742
7.2146730143224458 29.865059915319463
20.664412513289093 23.22654518320714
1.5701505281172707 25.563345021179515
17.764352843421985 9.5319062821628844
11.898973150562909 28.242158250393345
26.074150432206192 29.817755994614917
7.9507373981693181 11.01529765857506
31.091659857403336 10.244002110551174
7.1015681831539084 14.881956110420816
13.672178631713267 20.699296115490981
29.809457980438349 2.2471947824473251
3.1968043734563145 16.939321210052515
23.152755388913345 12.002801221848111
28.527982508522275 7.3304986019109872
21.504003758150883 3.3736515342902713
3.6115138837344949 11.866361343702675
13.826661297542826 17.810425082001572
21.702357218137017 19.530334401274853
18.828985445675052 30.169801571181061
30.210468909499898 22.509945837937678
30.868777144096484 24.466693716788683
19.347275252004678 31.425226707800551
5.8796186704957165 1.4489067006496201
5.983368066578973 20.170016693332215
28.610302537577891 29.65660906636516
30.921107424272158 13.174510351591456
6.5397324924253608 16.66111721620484
29.701246281264481 4.9776980145382614
23.688758464486039 20.771406531673033
0.96198391635609848 16.976627937758604
13.412976176609622 10.411189489934292
9.7086440009560189 3.5677073765117955
28.225933131831162 30.966759566528587
21.414169190951377 1.9656317874234976
30.060994535674794 29.715597095703547
19.53923918026041 13.780443417641225
12.145680592100769 25.774054903543842
21.384248857566526 0.21135911427841006
29.993283455551989 3.4510792843678719
27.468780704124086 18.080482426864474
24.086204402175305 27.201626066728473
26.367826727736215 5.4083219007202654
23.793956105898875 5.2931853382455776
12.850085883095373 28.648284845310815
12.424664024959151 5.2693824087016603
7.3223525811826651 14.917112543047988
2.3479021143345542 9.8945663512248423
21.334541562800492 7.2190259716818046
2.287192781140913 0.24719371489069669
10.602903140840695 14.239022343974545
19.083936959541546 5.4346860240096699
29.772754793071964 8.7610049038177937
24.864997043391224 5.7701682224249957
27.514340033165684 23.238632734197083
3.2557170017843444 2.1572339686821596
14.344517944374628 21.122684719325527
9.4405731681908502 14.915263955662429
2.0723963988575402 12.655405249170032
27.417279903008225 6.0865612129892028
8.9441210494284213 29.863848008916428
23.611556712374153 25.812826880243421
25.090670040368977 16.055900466988419
4.0044372934997474 30.672990063580873
19.124420835830303 16.471524900681278
6.2192231735341679 30.816678778759204
6.2091165747443213 8.6594824227960139
20.402308343055939 16.206617628902521
26.13479877678953 21.90460462154104
20.164882501111098 29.924231006261895
27.304112656749613 13.879142659603863
10.853682609860316 24.170527010937452
14.36164494708002 3.9414707166355307
24.562772506544885 23.31658494409308
13.5231537899417 19.469518768272586
3.2623031141522083 24.717645531352225
11.130610879599214 20.501476236604727
10.061722665449732 27.251070630691562
8.1633523910522303 5.1964573082551251
5.605179665337868 13.536037792636435
8.6456921379623104 13.404403293273173
29.341124564584536 11.215504231203532
3.0829422075021262 8.1999715712360945
25.783356571722337 20.887021047470231
5.762675033179538 31.435251171223392
10.798933585638734 9.0113642973556942
29.581073652204196 0.2030999637200854
30.564761162965794 0.44465168085327644
1.1725060621209609 24.899785621162493
13.664219305647974 10.683786369157792
19.78871009478749 19.851301183927788
29.289062799416758 0.70221842620455743
19.771630525854341 9.4228949713921484
18.030936466791939 28.57075151831544
27.823682884395719 27.778963123933124
7.3110837551268233 4.154037026887571
16.38646771962334 12.223663798019873
21.96334940922549 6.0781441349603469
28.468822388328526 26.954459116904328
20.764094528398463 13.257934544915063
27.938352263234055 0.60974418149922316
13.683526045245124 22.868930263004106
6.7444512299832713 20.102368293850535
28.01787411971382 16.543066665324957
23.897933361473452 14.163725152362233
7.5296472837242661 2.6323855688489095
23.064731059635054 9.3148635168015428
14.09969543786943 24.580512829007702
5.0789007687519776 12.894266298377483
14.856247848172529 12.891137179051897
24.379566544842582 0.91184995212894382
14.243624746020108 13.252523543599947
4.9643374852651201 0.54078109045932887
18.090785891276955 7.6926338936746257
30.398681864545615 14.985442030774712
9.8972003888830056 0.5787200282932955
17.465625440561059 19.213097131154345
26.705230195973215 9.1004304274329009
1.4433082617232376 1.132580979927803
24.643543805983885 6.7972784511288458
12.713626954505045 14.337239694675736
29.595708074194832 19.350005382158788
24.186909804676972 8.1674650305507583
15.614224194997288 16.271892598269346
16.232429469208466 28.426754572314337
18.67503932838266 2.2079500580576386
31.568715676222773 7.3453778987771017
22.091562297020474 9.198656880956559
2.2897912093694677 4.867905015905567
8.1555953202562446 20.479821163519546
23.734199902962558 5.2285663071436401
2.3951367233942862 21.411652411179979
20.790317904674193 29.037329886892191
11.878967488248817 22.573331569955563
8.8326394531950267 21.365034623827487
13.093895839020586 18.080416935315494
3.9565993957399619 9.340464773071524
13.64258957053586 3.293739782417465
16.482057024421085 20.246134545630085
12.494980536759558 31.147591978205529
13.848626988783607 23.911135009339009
18.213519488164259 31.361289723675895
29.831455871690125 9.5909109866505435
18.433091358439022 26.076148547536278
7.9149296757940943 19.284428711803766
16.218995463277206 24.658998747265336
27.915386460613657 22.945418181685334
5.4156433574915086 24.113101209678959
0.45508710778710215 0.36886140083963159
19.702094331560946 31.088757769960914
30.876503757982086 30.816609077395455
3.0441766728120245 23.018839119927637
23.011545503589737 12.054118710483879
4.8975154351118109 15.511517696542061
22.856841337407747 0.07540678961504034
29.593134653201449 21.258474305182975
6.1084374662816199 28.6830574107444
16.130853203490993 7.755110811817171
4.2265056036568769 22.103450217532529
5.576217660671233 13.314930144258378
3.7537658259219278 27.67545293994937
5.3572370677523411 18.100000548593329
20.362721058826175 15.275175152884549
18.685451899380713 26.220339257926199
27.099942133969524 0.83423329657776379
30.540431423290535 24.176448103403583
12.218335671782929 30.738027638333321
29.416271935547808 14.564769535703775
31.539799355993807 28.508200480570427
1.4192180004807562 25.921434735344871
5.8660108690578596 27.644791999612959
28.39328430574518 9.7427359619231488
12.913345923414228 30.507875329480562
20.282740814294066 8.1804759891891088
3.7278493057319197 14.689286228943732
20.32323646275006 14.349794606246295
23.112944963026873 3.8678247337856742
12.362343609578604 8.2658521933375813
25.263974181219247 16.65819513721253
16.362572756196943 11.204085529616671
5.1095404529703563 10.664286207751051
21.938765850473253 23.285232003390572
9.4095808509163561 21.662599757693162
1.1075896950994326 18.77507718739928
15.89263331176323 23.207588592486577
26.157615009728726 23.150801137351902
12.765755344123052 11.785692862719655
26.552154600879184 29.999155673176901
15.52449119492521 16.497887271063348
19.379885450036131 27.404052385058026
28.314771844400944 12.301907292632992
8.1530601746065798 22.927208528325586
3.1902592486602273 19.936758946668768
25.311534017530821 17.668732535036511
6.5211578418154019 20.742243143538079
7.931580197640768 22.614148218214272
8.4718455845345755 7.4777947492750956
10.908983040357745 7.5439454098640271
30.879319864524529 0.78878958182284964
21.079748537032067 1.550710645957496
14.280563187060078 9.3418985037821276
10.657633965278782 25.09486943662889
14.54742587468737 8.5844842120166085
21.468069641280923 29.016238868569001
30.627797168791353 10.776482930144777
25.188360542704515 31.335521497872069
9.3938003804377015 18.478274985813741
17.268471212340902 6.189829588154879
17.863971763639931 20.744361905461695
16.818347657764697 2.6321437211617971
29.798086457906297 28.369385440192854
25.753063383111755 8.9805702142222597
28.942613405712809 6.6373327118067058
26.577955436379646 11.062351978453124
14.495097331024093 29.226119163582553
30.950070157998507 21.622772128027925
15.020823578939007 20.774509808602474
19.810700165295085 31.301220444393504
20.280537236796427 2.2634491846732545
14.997651257676713 0.21568479444086452
8.4916514211497525 16.521922327564269
16.80118758868576 7.624376981400224
30.361670891881118 6.4690985061836868
14.588812179006702 29.130581800908526
27.067369869353083 28.58550558279989
9.7436490093738968 18.734300561476008
27.286251592887222 24.826556415395746
5.6261550896549473 4.6699105745851384
0.74670871250987247 20.863797100827686
9.9630807062629057 1.4785402790617843
17.527504872324315 12.856060513088599
28.942781589058125 16.990679213378193
29.176763265764734 4.346012356352194
9.9978443213352577 29.157478163140077
1.0893851123843379 2.1172235496196952
23.766950068060972 12.412227859581741
12.605786338414621 26.713202207313607
8.9216418847443837 3.0551394429873517
22.895226606576628 23.668405801342431
13.207337857263378 14.417913616644578
28.293592093423236 3.4802401150272009
0.38956962169931258 24.021938857689992
12.853488702442929 27.451308060805669
9.307897399272651 16.666751948356904
4.8267358887374119 4.6988852388189279
9.5817342981612725 10.862801118699174
10.054956427684582 11.195268229634191
28.168148134581429 0.79470482693966427
4.9680972931506551 16.013010334785474
12.58939137144109 15.786066358453425
15.913708407052399 22.117477751600966
1.8018967072537591 7.1357930478280638
14.064384177910085 14.564747555069495
13.069220889454245 26.426242825592443
14.396970339042044 11.916343364785419
0.5812945306888776 24.153770477891971
5.907819929617351 11.482196469806125
18.482031658224322 22.99609841033163
3.2145906587993069 26.046474821445091
28.738442728181681 3.1074969733495799
22.195281414615259 5.5173186657576982
18.253667428369422 1.9477387042084369
11.130782461251878 15.875016890843494
22.115791870100178 9.3121513407883665
7.2614041969516823 3.8634955388475469
11.117233000093139 12.682704729690185
1.9658143167940756 4.4575322059686489
10.981736302282178 6.2100356557994854
17.557717587145305 30.518802656243576
9.4277282378655407 21.037653729901979
9.9416193406715117 25.622925534547225
1.5934365340927852 13.318083839941304
28.115405331115145 25.055427007224637
2.3261247772591367 6.4464292378468659
6.9165298364800618 22.341021957440439
20.131581633359179 26.971215877421578
11.00414095412272 4.2930001635066812
14.075084261116544 27.536412127525505
6.799838212162495 26.991962771893565
15.698573072238194 3.4428954370251463
11.698515345625934 18.533259696486091
23.044963009441378 2.3381376473077378
9.8746907098451775 18.689482462785946
8.2736941467022813 16.876050069122854
26.960929090737412 2.7952597321820387
11.009614306178728 21.66016617830136
0.31795670577299318 5.8294997276135465
15.901414267032523 1.6524572685661085
3.8404564060786126 29.013697922049481
19.294325051152565 19.901335414856817
23.739245427058265 29.894298593710364
4.3642127002741979 10.713036494376706
11.657196231431589 9.6289654562752105
8.4682016640022244 13.034880824563336
10.240175888006071 5.0213959249781555
4.9389256997899862 3.2526230161843772
23.555216550710867 16.434125562682382
