23.671740604351442 28.280575901374945
19.418552157774716 16.589531698368582
19.42277564017634 20.346007025994499
0.12469953795839968 14.505630462699644
18.580793261887965 13.415907338931817
21.697556972796157 29.821486129650388
4.9272620670428715 7.9202867294264525
14.713935446815119 7.3774441014647785
1.2277596618104769 14.995403080333574
26.034161865624817 24.332768587061256
16.373290177425144 14.346427870518271
29.761103968985974 1.1005219501154888
16.292962714598172 29.018843362285835
6.9135783477255384 1.4951597454034502
18.601610931318131 13.336344406597405
9.7800783036807104 14.272627016133601
30.730165805319487 27.472982179350396
21.098191759605417 7.5748807070383712
9.5703054301476858 18.080558325014383
23.334623366299642 11.317261906670382
0.86082978895559692 11.386893530415302
21.268687416777553 28.49020153812446
31.217065969392234 2.1618830535926357
11.531816612439789 2.555534168947514
11.992390840828916 7.069518698105302
28.537774217677438 15.917752142001804
31.481721352126797 13.373847954710163
16.547681101639895 12.52347708876116
11.231302853860484 31.107584494684669
25.399129799312071 28.443815531125896
22.632183534659266 14.698180773261498
14.644742650996985 4.8519151394982263
12.562169050263256 18.054340463632354
12.152290201127357 12.338406886663508
10.13918413470947 18.577960791260228
3.3396667723186666 9.4811431193965277
6.7410223851067386 14.187698901701891
14.122913687210517 15.268595076992957
8.0036201710641208 18.485813026069106
13.011031807768385 24.620181124962265
10.537735567227728 22.857361070119143
25.562604259978251 0.62543504817815743
26.31561419213525 7.5988880240841468
3.6784086744699174 20.791754276261649
12.251125143027611 4.4151079489926195
19.562770115328114 23.623770269859175
6.8456237459413787 23.435263124169996
28.980220687096676 8.9862475966853648
24.808893843637108 29.727613799365074
9.1153908418485301 22.232380747009952
14.492804374419512 9.6596135154268001
7.521946251028484 12.423453982317524
4.9427072798778413 4.8115171950997642
30.901374853529635 11.257835981171409
4.1339133674684225 22.247119658863738
18.487658831619228 31.353496048609873
27.878299180222147 6.7644540317644717
13.896581288044731 26.137215612676641
0.88106635884549767 29.702694848840608
26.805167917584861 5.6085525070732736
18.886554328117423 26.579947331292363
7.9553521837049157 5.74575458384136
6.762788678067734 1.3570484165363186
0.98543594128360179 12.415955279311239
8.189459795721568 2.8151848783099021
19.960278999308493 9.39041949760961
22.320404143630597 1.325506625491601
5.4063900350792586 2.8470716842743298
2.5342514213767662 5.3117681862454411
7.6673644886888388 29.474132458685393
21.974942321500638 8.0980975626934821
9.035629169580492 10.820711319103022
16.35417296612362 7.9198767922668036
1.1707262969813206 20.693916110432895
24.739671769339683 20.970426920501506
19.093784895678443 25.511628387760513
17.521443713652534 10.692435576787286
7.1088026501931081 8.2887227257841243
14.893868809706632 24.555026138160848
11.545268828423847 15.947314572149422
29.421436831107229 31.366174575313767
27.774031655243515 9.71970506372217
1.2507706823904019 1.7396417878505095
19.215610737011531 6.4178217213272593
12.447904563373708 29.407644769918178
8.1643598414420566 20.061299166480559
21.12246254983334 31.322879296667747
27.489634396837364 24.50984606387139
17.295171641147643 31.027251970649278
5.7250911671024696 2.3943618064014602
13.281625132829104 16.781774100853593
2.0709804140735266 7.2172603022070581
14.902044382287567 12.909425818480145
27.557954274067999 1.8133961562257253
10.441942764153213 11.570215207686596
4.1485098452856857 1.9539832307601692
1.4250007128586055 27.467519619810567
19.036938128758759 10.71954730676687
2.1957620254487957 31.58183678509879
4.0509166410004696 4.3246250508037631
19.190613462852681 19.031501149172975
20.479469795368392 4.7682994775479566
20.379995995175104 14.325394860850665
8.477843551532084 25.18024868532493
29.157598229730745 27.539058506031786
29.321570620376132 29.503707573287947
19.289787517513279 30.591239979350291
17.973180482603727 16.584042644039947
5.9875409933658723 5.9903342434631801
26.220591138329457 10.822853804993773
31.415612063128837 8.7597636802612726
1.9742622213605829 12.905855930010313
2.5740456553687592 30.756693762479674
16.748172299198981 1.2302419115301879
14.970550499172992 27.437349238710475
29.820986185542832 13.794803295616518
16.321275321615399 4.897218547802149
29.483201669301629 1.868691115109238
10.497352988971791 2.5127703823133296
18.79024227689473 18.205594222380387
22.430780392134931 7.5416616811900417
21.342453315646814 26.731336170164688
11.588075054569382 13.146515127559383
27.287163235673649 30.056316460167139
14.02841983168967 18.419513062361045
6.2668800940148444 7.6211161403229708
25.470928903174094 3.2853405386833567
23.108574049997145 0.74923152349668942
23.362206860257086 24.354390009071874
7.4741977855481654 26.737897487641423
1.8058680882416152 29.362264813215837
22.252484555823454 2.9355917142484982
19.481228865997831 26.510030909281387
10.98598712429561 7.5458487256804796
21.925048372724756 14.81304908059389
1.1042825721673044 26.226225735593584
15.529458855678104 21.727543961368717
20.306869242655729 3.8229176931372062
4.1097670701779796 22.42096546934571
3.5317435898200653 20.580835735501779
2.1866715971351591 13.121266240560276
7.6897234389415283 9.9330085291443986
22.112722841511886 7.5936838788550896
21.105367163690975 6.1321229239502637
8.0809020974853372 19.973045131716692
15.304923699394255 19.728486924423585
17.372606711902549 11.113040353991833
1.2457528452575497 21.762051711722062
27.304945360575985 13.039075559359212
16.638298030476612 6.1043246253496015
16.029935668364899 19.493779817553509
11.493358287244128 21.970319793422682
9.6509626741912466 12.147932491822584
10.649671760202114 13.161133597927096
18.080507395399444 26.929867042281177
20.473975685686408 14.864260479864818
17.910609030220574 22.139645798286853
30.148832748815281 26.955665597260584
30.22430492607004 3.8075374104252648
17.511995871733106 21.544266705004674
28.001925679580193 15.01580965944725
19.501812057363974 6.7532897163070587
28.999094060808819 30.886116746388399
7.4807029256345441 17.762999960609783
4.0412006730007111 11.12670689224864
24.559966398969436 6.7370756750350376
16.118983435000999 6.5005326550132967
31.066935828644176 10.728193946661992
28.23132414151727 28.215367414221525
21.416133982090656 9.0400775266109896
30.978341591682238 18.059797639261614
29.008024204127281 17.972844420650283
12.370474309627172 4.4862090464036788
28.439899406203477 4.5956840774425265
25.967643691600642 0.57894813276355883
24.968656753228419 1.0357880149284346
29.2067668048606 1.4756607822351078
13.866139234627651 4.2093001369699765
12.848449861895244 29.753410741767482
7.3093563062747604 26.395919605895855
16.964757680982459 6.2014269523097099
9.9988924151243719 23.519242575473609
4.0316564819116669 0.46393868626753393
9.9518000479270157 16.48056806170306
1.9537930515361299 6.7045319772534082
7.8545849622929387 6.9639180860931651
0.89755406968885487 6.901112594287854
19.991850392264208 0.40007241206040223
6.654747762935072 5.228776551350883
3.2187874680205599 24.165421166727054
7.8655134471731154 9.8930494539673095
19.658187778305386 27.327954090715668
27.037514637339537 14.397358786362451
20.143585287160924 5.6392980772222394
21.391511203919396 31.490580259124741
9.1702416849996364 20.993191861276468
24.559110798429252 26.545124219881998
27.664472150613559 18.014667276198718
19.603203941146138 28.629898528634296
23.24557879801667 12.1286840479505
4.7097870016251466 17.721252175575202
24.639883018498473 22.743233052485873
0.83806927302792378 4.3250760842268452
9.8556435362370127 7.8200767074663862
5.0931940164782379 18.352840423817909
18.059464500814698 1.3919081290224034
23.942728348043634 6.8940195757743856
14.837580086288014 9.6996165543503796
16.00620277697935 25.953543527752363
0.98624517578409654 31.292440447697469
11.989395703222401 16.191230835611389
2.8720915369140627 10.243666913292239
12.012168957154843 1.4039230536440259
13.178794922073697 5.8876973872854208
15.448022776164917 26.106973911324793
1.7132272383151537 25.47713964060662
18.516459914327697 9.1928516755925127
17.19258471029471 1.4854774146195722
20.609556479731705 17.902742095934844
27.578282621006238 7.0627963146733448
19.30512550931795 0.72489940039754763
18.748101247565828 14.92523382216595
16.164037368303198 23.382328523815911
30.52107076814427 30.957056696086791
5.5989979107168493 29.358185492295917
28.586119511205201 24.621757492310586
17.154808984403271 10.541051666553129
9.6759426523661922 6.1570474290456678
22.044174410461885 5.8289168035694825
31.149395629906493 22.763746020968959
16.128736729982815 3.6703695076477652
20.89774219010588 0.77845551150716319
26.75940768757491 2.0461699384343759
0.92163394920378361 18.061667034020605
25.038226053770359 13.317132818244188
5.4121996544667192 22.908227626993668
14.835316080912341 25.736084758632447
22.015920089228992 20.173873343518803
16.103573574325829 4.6219513659921789
13.125479052615212 14.100843408838596
4.398748612521497 27.749095996259417
24.802764129949079 20.156019323782825
12.572861935546147 17.347004562235082
28.772139358637514 6.3553397945547605
2.5389363594518297 5.7501030995083866
13.872814976032068 30.423655997666902
30.735049989068386 25.933318783827946
3.7106531632219459 0.95559983095379319
26.878040187826301 21.303684167388184
18.573101303790693 8.8677704996955686
30.967740256631597 13.267934323009664
20.124586967762628 11.742905605601964
24.363295823196601 0.57145148691942071
19.066126862411497 11.505218421776593
3.0024584062040383 14.462896521179585
18.367056212726997 13.964599679585314
4.7855046558075589 0.80389851900023124
6.4716514494906638 13.393017124032195
29.644358891889965 13.620787732917911
9.625836083758271 25.152001722332244
29.883847016052776 29.098247760529215
31.017596702482393 1.000422083769956
1.2215380991636624 21.858715144536845
10.718425258668335 24.127855547513843
16.331768239419137 2.0169166934343044
0.38328381918748716 27.105069440757728
19.292492066167355 21.006626650804801
21.341857442594613 21.102762061481414
22.031058897331668 23.223155683360741
30.643749726999697 22.352949327632121
23.564764043106695 16.945189992035914
26.870116490312046 19.45155815264263
22.019411908924283 18.934734062362921
4.7401699049063932 2.2827847338020444
12.320850759758663 16.581417641464071
5.572121906992634 11.032422868384298
19.273928436963601 18.771492885029915
5.3767298773070999 15.075896219475615
15.719607141321903 14.750931615119089
25.386763097905472 29.599528563216374
27.826628645873296 26.622500511977552
2.7735848756014518 23.096044999300602
27.159975287887224 19.72058957222248
16.19978239385372 31.465471925212579
2.7466711522531315 11.107702141372933
10.424670660304281 8.5385958528429704
12.883995913425094 2.1343159520055486
30.96920867640031 20.065225129051637
24.768373883995501 19.606102831634249
6.5277028210265051 17.145017375336796
7.781295518102513 18.111052650823567
9.3815966258830326 0.36857477342731826
26.036158027179933 5.8889393334295539
16.210222433048347 9.6430708342893485
16.256383236189421 23.697894804007781
4.6946468077731964 12.902527110874731
28.402975000025766 12.198707430121358
15.529993858579822 12.166177620086657
11.278859947302346 14.172264543938965
7.3928161228430502 24.047052994145449
24.431271892682449 6.5255768344201321
14.956941618646438 16.148632889733577
17.574470351201178 16.02959693624998
7.6938567091670791 30.44139606895197
5.816239302988178 3.868632588325073
5.9391685543341817 11.074034936726227
3.0212630869249364 11.728344573314889
14.280861247474791 22.588848387620065
2.4940190415779733 19.423883377802646
3.9181720035599934 8.276923576388711
27.371292116151622 16.454177215857154
16.495183488608106 8.7298776765899522
10.144864495176986 20.815983321399791
24.475928485017832 2.7175218225826159
3.6707481941710074 1.7752134160267969
26.954311160042998 23.988220676539736
10.598891543090568 29.215838694449928
9.5297155155705866 1.2072181592159934
21.050508712871892 26.87213797866756
0.084958536605214574 21.461941571615306
26.903181139900919 28.453906687181391
7.6215148485352628 3.4486067702045555
17.079798672882045 15.427550383566496
31.151597180360323 0.050921496637854814
27.856531402788679 14.245556434587098
23.33478784413316 13.034621449518857
21.332195013231907 6.1957038139160865
0.6167397124160835 17.223634400723611
27.670275742399166 10.446437626103252
4.017378550276363 6.3304724072530361
22.787880037154427 30.302409538628964
15.641351021399895 14.245160080738367
24.793125976213542 10.152056905075446
13.866232492250427 3.3064740794750302
4.5537952683957927 14.223226303192677
30.779812121677878 18.269419992891869
26.382077655872937 8.0624328950475732
18.831707925486338 22.68188175096472
16.367526592277578 28.675254267804242
22.185977112851035 19.794927229439505
24.279906184696181 27.825156935677015
3.2374597598608306 3.6778244155729509
20.445008093652266 19.875734653279437
8.0101903074827305 4.8966094286084205
13.887021518719949 16.201644473951649
19.716556769118849 17.304265053009857
11.716845724575263 19.360683410329237
22.641551709229542 30.180514777264154
5.9270099755082901 22.461584243035254
20.949308190130338 22.699040168026002
11.460331167629148 28.49847354406506
3.6683289347823838 24.557176908653442
14.334235542891127 6.9297784449073951
10.909381073903104 11.269994844815976
23.299160425962594 28.503042019172451
16.005351944848616 22.015512419635957
13.573990780697514 7.7986511584142812
27.221312400418011 18.658949968275611
29.575619847663699 22.206560644066471
9.0200721524918084 30.462889598866166
22.928895504422066 31.370324767622439
6.7329205024164418 25.091872019400128
8.2852884513554308 11.59008606098168
11.533666562391758 20.990228210887476
1.0526209616534221 5.3140954289535314
10.868096340128316 5.3331179764206986
31.213284444458466 27.722306891681914
10.692779632016112 25.930247985025684
20.473428996199203 1.3118165326767486
28.013479798354542 28.484937698509725
5.6055833306685479 27.209379525479214
15.962013096642357 3.3637725542181505
12.579175312815611 25.900365109711625
6.0950765054588789 18.143439854623743
9.7451625164156113 9.6971301692890464
5.5674002622721348 7.2960134486614123
2.3777043593807643 29.551983355219051
13.434740493603817 11.948302619474498
25.691637582894522 15.068390546707313
6.7761314512681698 22.768538106847739
9.290023933135183 5.5627364101353329
7.7206553054615998 22.053909433110675
18.942603512437088 5.7695246291067894
18.82685439075852 30.737747771371605
20.405132410520181 29.933579396827547
27.255377726178896 27.465069825757503
21.428417172093184 3.0666516961057511
18.461251220978706 12.270867933609747
23.422896555724094 15.244497979099739
11.019056160901915 0.74809549998879343
22.620236518757764 22.239211334739544
1.0444510400992786 16.487126653981317
11.010620924278859 3.9873847919495167
4.2093037081420901 30.10412229936475
24.837730459768235 4.3827132192775577
17.517409243435708 30.266532845670131
11.230070973251745 31.136237791596891
9.4800576256511793 27.057361906805735
0.159228798685562 8.4450724523738376
14.677895552126982 27.69374499146172
25.302909731547523 11.226297055710598
11.60016588938144 11.623172582551039
24.731907657287536 16.719498332875965
30.678442944483571 0.55619459983798336
31.241208497219439 5.0506343547998167
15.979263793122712 2.6220088569308504
17.753876133110893 27.328429414208998
10.108052735853695 29.843668890585985
5.2073444839535172 10.189278135889779
10.388506646223727 6.6778182201079286
14.637598958179913 16.742624128394805
30.285415368593675 9.6825994175077703
25.084555626915595 3.4329438948187931
8.0026929135472429 10.480193828293864
19.264668183406275 15.367614442344623
26.333024588455075 29.555154754470429
2.9375141187433198 7.743862089603633
25.945913392128293 2.3791252295025216
7.0378062120240497 15.659137363280697
24.759017969339119 23.41069696909187
14.825823527080733 29.121772506549629
7.6495344032098007 30.740276305286738
18.031476736544818 28.820304831717458
18.975731095861111 1.58759077937552
1.8024050354778687 23.776526765038341
2.2040664491987636 1.1041810311623317
5.7413649564465938 28.041319671166246
25.493349955632034 27.214790037281379
13.081636717073874 15.305567018146041
26.762469803751284 31.201407014388071
29.648820532246127 18.636238535708532
20.430126766422458 9.8055069060188309
30.181680308649316 21.32303831961843
3.7527819191227816 22.609529149836568
8.4038172320832203 2.3287162784714952
10.507879993321195 25.843771483830377
14.933245764604184 20.952588554252891
11.730190786362993 0.44184082215955139
23.890183046848492 15.768647931429369
4.6959230537044805 16.463337611998043
2.5376491721415055 25.424994442366899
4.5189703533697037 18.367263591652609
28.508178530061258 22.625129198936392
6.1253492720684939 29.017685194710069
23.205847773804631 4.800095074455804
13.35969792749958 21.218179685106552
8.1062268896552627 0.16702223017191528
12.309717210909936 6.3101958638048661
22.438182428786259 6.221082016539599
21.244407399401428 10.19107464877405
22.106217057103738 2.4641694361254598
23.441972382719925 9.3536140976776689
9.1793500069248335 24.765003389991541
23.161031410739241 5.0633875009095446
10.52514049449533 2.5372402562252794
29.596262898814377 18.159888031795319
16.613041019217139 22.881911317881936
28.875968368049929 10.777872068537054
23.338036300015411 31.139852926059081
27.351948590944779 11.787815886979846
21.87264112533434 23.510465008233592
5.5319432311005095 21.210786814406809
11.006228671835437 30.972182305317936
14.762966328428631 1.0753529869064506
0.44476999943665119 9.8359563620866766
10.947960592548402 27.440201793694548
30.173760419751066 15.750918685678345
15.123436073167369 1.2697088981231497
10.476940924388346 4.0712920424240506
0.95646275215974019 15.884836795062368
31.496249860251545 19.464423020187432
28.10570917061029 3.7352556333806053
24.999477218023895 21.912400393026619
23.432307928186297 19.722667798456147
31.524991764300847 29.741333497291389
9.6094438298852332 1.3369769033008592
28.096286424323328 0.2499181690177732
16.905741121903045 12.625461906474204
18.322127637188153 29.369001950402808
21.441100144872266 16.423673226902721
18.935361083247887 24.617477355380554
0.55809627482314672 5.4083206364939969
29.042044569993671 13.066505993700888
11.669455356314968 28.679882692000241
8.9740025986573873 3.2676924724023606
22.883708055654598 26.697774579540248
4.2598382663329266 8.4899308404864744
23.1654079447766 27.499532555163707
26.6018890070767 19.00331474733612
15.147429446936975 31.287159741735017
29.074169024399357 18.477370389135089
3.4778234817244664 28.834803461890548
22.632492444865459 10.391897150546557
15.907664359382965 10.345287165125619
26.586640899529165 3.1914104720374112
1.7669608615461867 21.286527864744826
11.925680334603852 24.501716460784323
29.71530802314205 15.286129489488809
25.046040488656931 9.8361902992473613
31.14533629358592 16.872975488773655
13.478096718351683 11.913091232803913
2.8901150028367231 16.783893890821723
23.402553420910241 22.131735700043421
4.5857114302378923 9.9215060743783265
26.789295845955188 21.967051779317014
23.534707501066745 19.432063705799237
16.617981937105846 8.1454097369662808
0.85143264006976771 28.907169584734362
13.433509825970553 3.0336008871625819
22.878467481349482 4.1598587629054942
17.597172796651716 17.66452507764248
30.74730140616721 20.544510170587305
11.112646740567406 23.823268364805188
0.32683835673735806 23.148772022320642
26.525210234899347 22.414907175710731
27.293248792682096 25.552606138523601
2.6022747983909524 25.043884075206066
5.6449534390629328 19.857505381989366
2.9767590991175998 2.7267377271518529
9.4814282341430083 14.533211587431627
6.6190870625517277 11.603443138224099
7.8323922153658696 21.533782001717626
7.3312078580539684 6.8331634970622925
11.822751234962984 14.61216478938079
11.915262617524361 22.861373397641845
27.260545508447315 10.682252200347122
22.594938007993761 24.325660028602197
0.99593079499480985 24.476864111084168
0.20376161320203434 28.758230096710864
14.051711367656234 13.777338726384285
11.666755191314756 14.527080973854238
26.309247705415096 9.1012939780731461
1.4011076189883305 1.0460299830619568
18.266979026162584 31.478464313271999
9.5709617372169582 28.013742971025387
18.389148476057098 4.1560769396251311
20.774564919985995 25.706827178534954
5.8016200558831246 19.64355949692747
22.815427292618669 9.7335242876700274
28.484429878285596 2.1229058918918726
9.4367050657328022 28.430167985130705
3.1061611375335683 17.999459915220982
13.354336162057654 20.303219006520667
29.449734118978029 11.362978909756029
20.453226083968495 2.2956786785311993
21.889749013120472 18.776751508614737
14.733154398670312 6.7495961355295142
26.495717613798252 16.64962732027135
7.402415869612005 27.952698443146602
6.5305492109352539 24.246357329651165
28.460882293390863 20.176143149175555
14.306336297499158 5.7188930100710946
9.7063711659405154 30.152193691442388
28.409066823152642 20.775343530426817
21.911616800498557 25.186029839305533
28.839776602793414 15.671565172015256
1.7606282799114077 8.9994384113590193
5.4819369104242872 25.537342421873763
2.2695533097026854 16.037709613749776
13.681156502296592 23.061764390229563
16.976017103723105 17.762823582969553
14.981125218459164 20.793392405709294
5.9445219368691076 0.78660559884737624
0.023673018338462113 6.7132911141628577
2.2865439421231128 23.176151446694249
16.138135293521017 16.759273176019722
9.4692538845957976 22.794835840088066
9.6524828773619777 10.089728232689477
4.2381887167309875 24.81725751237272
23.990204992511742 7.3248243296518618
25.250292050126834 24.703543991216929
29.082007763932257 20.157041224721336
24.095520749488532 17.318405134323466
19.468183793583261 22.82760813559339
17.798004802928833 14.595371321972053
28.544481092544977 25.627364387197325
8.7476554843286412 12.38263802068089
31.167628357329843 14.767284946372465
16.552178434538703 18.481796394471615
16.353389498795977 27.005809447710902
10.6269113716709 15.613629717680734
29.671742630569636 8.5844891716607794
1.9714440928372543 10.324525365821589
30.669218528107184 20.422849940166479
18.262697945656818 3.0825154622596309
29.612371284198218 8.07355835379993
29.982670348336828 25.293905363290758
7.1924176038498899 18.578210422766581
13.985361399574238 17.993826746142393
0.72148773087340135 9.0751755077213634
20.93889247610905 28.2330320563002
0.4052834328024692 31.417235569845989
0.26192600309758413 1.585040855936916
8.4550344955223729 13.20584040843249
20.881031980772882 30.110113716734105
30.324243440317669 5.5076012723438525
29.686968702349432 23.577815475741122
30.751417093138553 10.659854363762026
25.997156463755928 20.795749492811918
9.9137170288747924 17.259341478948443
9.6106266963233598 29.689393392722991
5.5314369810269417 3.2815853827244434
2.9226568271862901 27.059991128541707
29.100353756755403 27.111830699322677
21.266124214449761 16.195773079685079
22.794768999865244 4.9756960422035981
2.4699677116978735 12.926963365620894
5.0029876699379399 24.603911024214256
16.958059319983477 24.498833180637714
29.77124378277243 23.66762491751102
13.452236595290746 13.825856899837277
28.979938925117096 21.899843378672063
31.428601040401226 24.62343563193868
12.425310827789767 20.663023903163552
8.2886776449051194 3.8654137218480633
0.45036606449291627 2.6306981761998895
22.826980255644902 17.629219421653453
8.4499786492531861 16.722939054565416
2.8766277201004469 19.323126225406757
15.177815627713075 18.70109087763894
31.303883601965623 22.695735587817694
30.769510207175468 29.049901173337386
14.532986904875317 24.203526412659876
21.188361090605664 18.493648840374643
5.2732155426295613 30.277379393154622
25.052735806578077 1.245500557723404
12.278778871605081 24.159908413925681
12.494498289292517 3.1725123356366356
6.7354837671362997 11.500725078904869
27.993210507119407 26.269870367573642
8.9070054190978869 17.301979627810173
0.45133796471301718 19.442698669759061
12.336206815083186 26.043819399771774
28.845081650690688 17.175303839683156
4.312989760558108 12.534041935454026
24.538818681870694 5.423736850293686
16.685380738262843 23.923265899289689
27.550067160904121 1.1065332522301627
19.1275369372539 28.702826591663833
9.7002115536671685 14.52156453262304
16.044905778112515 10.989375552220501
20.099277883287105 4.7531035455498234
16.867001575909953 20.768615935550176
30.202317601580297 15.93445711713912
25.032370765252868 7.9234411409397749
7.5182689987373301 20.247653780353765
8.0612764201891149 13.555458387547112
28.331560999169941 4.2949620894318423
1.4981248992064868 19.749158988899783
17.964686743085913 23.420852043576122
19.69595776490296 16.712041255644912
23.530242099186022 2.4493926603458278
25.29463072876527 26.413788584777077
19.182852366254952 2.4150319923128714
23.880006945032477 12.534361036844784
5.6309054562747889 5.7654728782236413
17.292424262228149 7.2981510794313529
21.902400436513719 16.705054207142769
26.067705775364974 12.790350860832879
6.4021585983012761 15.818193843397458
29.522149705259029 5.2303700823786032
6.6446129073626397 4.5617386498163528
19.649321504463792 7.5277053199239345
3.2558281131587163 17.245627295996506
5.0593056026660435 9.7708552185397792
4.8163703534106865 5.890795448506319
26.162120416250897 25.064686842509794
7.4140409708777417 29.940343777810401
21.465128875085401 13.18729802696155
25.814454063507039 17.882816452060812
18.232310127795582 9.8119702900723524
2.4168256466435838 2.7042259867343219
3.7401343760042671 11.414232304209859
25.860749588273894 4.748983748607678
28.101502800264882 31.337386597572966
28.423071220825744 3.92522832232491
11.787703373963728 19.359855551427451
13.703179510039178 4.7071477261580492
27.924209763829293 23.089372715357008
18.199610407909052 4.7813307127093374
13.857719701348245 25.264056050170613
4.040329441532954 4.152331241346201
27.278900670788879 5.7114751423548125
14.177108821904145 19.786891789434918
24.172864104810905 29.709130101069118
28.940094872624496 8.8563865433153897
21.892459356610289 15.364965128349988
11.780906842458956 9.0644453569616577
9.2520656840981488 5.8160970317412835
12.132904591383765 10.109837036168349
9.1081988989391576 0.24233545213291194
1.7212238848916155 4.8411974169576437
7.1106561613870012 14.427364386342733
15.078988408810185 30.695250694894948
23.609931469441051 8.3982971155923387
9.9926481754491832 19.291307416008646
7.4627340007941543 9.3479516227566446
13.520673585359599 31.54297879014554
21.806512770737875 28.728472089545996
20.14051174694 30.293172624741757
27.49536696543872 29.76751601195005
24.018347857229852 2.5873475123614966
2.8181766609672851 8.8805673660233726
20.603565231340994 24.875147881136854
25.599058690993211 16.349956593990125
17.24169009978533 3.466668872007145
27.392220721663552 17.411048059879093
13.753999223560902 27.308506615612878
3.7433341745914235 5.96339343216607
1.1127454800876746 23.545803925006521
15.248833670202462 5.7902888860487698
0.78438721610329487 25.92681952815359
13.241916619089512 27.466093940834476
13.524655055759681 11.072770041975415
25.575363731977703 15.470037441464362
9.6663647400624502 4.9131916714523118
11.248682088519768 6.5519899588084458
6.6551019665624489 16.952534136692311
0.012840767086953303 17.204585300224362
25.528662663349571 18.045894417171578
7.880615072564833 24.692621298373613
16.927675313028594 28.953034212189767
17.703476607017031 12.868371059965428
12.369025101811143 5.4588579990130848
14.796244524638693 1.7103181963096157
23.4228322055036 24.665519949054623
30.39552955443656 3.207734472539256
3.2876953343583044 18.86337079438184
12.728685669528748 19.340890286516331
29.942266831636104 29.140447034590405
5.5808674123276854 31.342802245348825
4.9843985605111421 23.172380902333721
3.9777264549251563 6.5876412666652131
0.14178462331982736 8.2225428410576225
21.824908388693434 11.134308949399113
26.053577525607995 6.178738278457482
29.975361329649079 2.5064843295698198
20.226347110917313 2.4101824239917771
3.556823036568252 14.798597746319849
8.1083459715648551 15.909460692897273
12.827561040507266 0.45005150276991329
20.762499226912116 13.23419120362502
26.046326013758197 15.363421561398015
26.845124838786816 11.841218336537658
0.29609884896825028 3.3562564959730934
9.3297415819915237 19.511498539083586
21.816813947926629 1.0006123195790808
27.491203334753877 16.469974648902028
17.968304415478745 6.5635615861695031
16.140107883561253 25.719908909650787
24.483816460819774 30.816517169246879
26.604425509591351 23.331127535085745
8.9575994880739174 3.6254272733221948
0.22119894578207483 12.736559219253358
30.120253729184459 25.162459523571158
5.3798854166025389 25.801944134200323
17.991459945251716 8.7737658066070683
21.056249835954436 25.693565822620606
1.8493277331928413 28.257723430766568
27.787058569697582 2.2226121062822792
29.347843387051775 6.103550963064162
4.2709724945266689 12.449690540761415
6.2823471436169758 28.972425672472802
0.28680506338741868 14.95478906916814
21.350495027589211 21.528440088457952
7.5789600358834539 25.684047351463903
16.457525634933585 30.831285881526782
18.554500779240879 3.0334899477580048
16.938069822639388 21.31260953438937
14.085000556797043 9.279179107090112
12.939537369630944 12.28831692070996
12.014583109736289 26.158560481493666
1.2575799367765323 2.4416878635212762
24.744273539717565 8.5871526656650037
26.924065905190407 26.57949628433181
24.825538292137505 30.532899796885474
30.775228916717076 7.1662207909809901
6.6965214620876923 9.2092021729174309
17.647614155828084 24.995653268868953
23.738519755304541 14.975646632171475
4.265712316646491 20.407273196713017
20.75699381981336 8.3341250945209282
8.1853252615134799 15.220369556991439
10.95383763550185 12.679261142777106
19.497737505157193 7.7288589733198974
12.77056722121403 21.967464383629721
14.201999569029763 28.864936581489669
14.066843110788639 22.984725741393618
29.295425954966454 6.7870865887521452
2.0114698394926647 7.1604910680570537
23.277045217468178 1.0227793785486154
3.8923059322269067 13.9298294219501
16.830083445511221 15.068591382006749
29.768960759401306 11.901086907887873
24.886333922282581 4.8319580703663325
16.850348718287627 27.097422388433557
3.68794887390768 30.126316554899802
25.495618555607759 13.464306599381613
12.225970049253727 30.781701875335756
0.98149009675889032 26.906843964627456
18.240998984410339 7.4981175664086877
28.953001826091736 11.305223178431584
15.785077301260387 29.715696563262856
24.312456574005477 18.467404903848898
9.0064952594621683 12.962512166599724
31.267441441159402 7.1563374092510514
8.2154855272307188 15.252802800274115
4.7238682456353027 28.331292375786038
30.731774463135338 6.1642140212299896
20.077181663518513 9.315721237080071
21.525732191795317 4.0825789472624683
8.4592533868059654 0.59779337594502968
13.079682015423405 27.150224196213724
15.388275132291859 28.507618332946045
31.151997362294363 12.247334597292861
1.7659938347939803 18.091405296516605
8.6903507079495768 27.055765480714236
18.348473934443792 28.556077073227822
21.989426230209855 10.680411387293537
17.276868324354179 26.481811899475449
13.914433195313912 31.511514461024966
11.370969991422051 17.794146878313175
19.073763142731462 22.7790955999941
10.943288950148057 4.3962043134902773
12.713146060063396 1.8591443635296432
8.6236534907750357 27.103572250905685
23.880232557859582 11.143340361464389
2.813770198239903 15.855235205519717
29.999104017004495 9.5038271374922836
16.021982212577448 12.548745117457575
24.986092532723266 11.109016123164754
28.829131234281782 24.727912168265757
8.2585947945381388 22.678102928654774
9.9248183238330974 19.666890196212066
13.724030451509734 14.147122949956664
27.697873699969133 21.05415928939254
12.20527431331373 8.1232492089248893
15.390014661031584 13.942043546111337
10.464528720800692 26.35436481254494
7.0124113623335402 20.280970440886655
25.27425552533731 18.321251129038195
20.10657136716036 13.727767933118489
5.4573007067719157 13.367490246017281
30.237935644049795 26.838700259906904
10.465082663833556 21.01694577316858
14.838330015430648 11.469113388434893
22.095710644114479 17.341049904910165
10.273171285763063 21.587808597843445
5.8689912994005056 13.826213332134422
5.5789854289354475 15.803075139143081
26.622620895500685 0.092740768601589724
3.387262256540736 26.607979915917753
3.5655703550055762 28.280289269984184
14.469015508658957 11.2914153397235
16.179573876390467 16.92270595386961
27.166675162249529 4.7402067799244261
23.667046308570733 25.449779749190842
26.064376458351049 28.341116717276879
4.4088863395997411 31.31845381229153
23.5341431046316 17.564299929690534
12.3764751833821 21.617162666401395
7.6821283009005734 28.29666702750038
23.73471599726194 20.204188769222743
23.268752989595381 9.0105546280762248
17.827561887215982 19.439985200929218
26.714002774940031 3.4840190035733429
3.0581037450653272 14.824377778330089
6.9761327914940612 0.94263291812444228
3.5546857322513725 26.792856911414479
17.950363700358128 24.81113733011864
16.205234623317828 31.573774105853317
5.2016055460881603 24.519314655795593
14.545582505327841 21.818730628028991
0.67004457059350098 30.840424810059567
23.234286388607469 14.352536494562699
4.5337864295157262 16.235088418153783
2.6594832612170043 0.55451416762244432
17.20780082827104 20.372997063776861
20.940926128603916 20.964234614128301
15.247120660322313 16.250564086257818
5.277267402116391 18.659534282086241
25.578542818370074 27.276968483272579
3.1870211070978267 4.2072412348605006
28.620476825749162 7.5261886632840023
24.166856244745244 25.502663044892238
4.7303380046422401 16.017124928653573
1.6613696252736361 13.410045617712315
1.1055299131532348 11.072382638708989
18.752871207152673 21.323665800243131
13.369203094208046 28.916818311681602
18.309800278179466 4.2298594042681801
22.859150634196638 21.447216044039067
8.6586159754292549 8.0223058877173674
5.9714296306698857 21.588024180443224
6.3839454150222359 30.989312933215899
0.23248603666452894 24.86293754354622
20.311578442393014 18.576297439568549
2.2494675851119199 8.6379424177127486
22.82611018643669 13.037047067981533
7.3531271413455617 2.0860533110876474
18.172627904476226 16.909914909535139
7.312092412586769 5.803629340350108
13.629092264334069 1.3745387382031007
16.830427577531928 18.962578686595251
20.38177374810174 11.513205826150058
30.845105953409334 24.495263821690941
11.172366407568255 27.37634315931108
22.535841930151165 27.031018900493699
9.0032957070403707 7.6382988556692224
15.852446814286145 8.6804514771475478
14.120545382482376 19.085313144111577
8.4286755381603928 22.925098681458906
18.989259969075356 25.145688677557157
8.4318852671057716 28.693681490527513
10.750095454599542 17.290485689117482
2.5321970462808103 20.689089488864603
28.319096643639934 22.932876890685943
29.60527711053323 13.614953087575776
13.737081474310202 30.419726436398403
12.407922980317043 23.61587115526758
22.884341190272909 28.930133265336782
22.224749232264891 12.771012184097147
11.866473032520503 10.295807202723115
30.261524031830625 16.371112574718719
12.364540775990314 10.13617211364422
30.82879908906521 4.3280765240613315
23.604564551304311 23.028998443144999
17.650553041836616 5.1783856865839395
20.301348133199514 27.863856181551611
2.3758759643559317 28.033850523220448
6.4027151864481295 20.822542186243336
9.9562202646968831 10.586589425593569
25.403294363841063 9.5093734508507097
5.4678075365024243 26.725179586051599
27.28573684039025 9.4787667343207662
9.8276322979140716 15.971700002579214
25.639532473596102 22.378699391884027
11.737081905890813 9.1569561774058705
2.5789778435933663 22.116644395341051
12.518466790911868 7.0678471224108161
15.208453317700036 17.899143238336471
12.054479877000071 28.595534941973874
0.92236298571624109 19.107894229184762
20.925177892050179 23.784280561040795
25.012898123245211 13.430248801911326
5.9082244223493143 9.2635332187584183
9.0893258006793456 8.2512133126038751
2.3177894939853321 17.559396662288673
30.595431623157793 30.325656538747197
25.789940166162605 25.762632891469732
23.505829866086863 21.757776298334019
5.9624461920541503 31.265031162526309
27.604659818959547 13.180870871777422
11.807439710331341 18.853908556168882
25.557237679432919 12.192122263923302
15.111367715862999 3.8949046245838166
20.882703227595112 13.081727045154812
1.0450758029020142 3.987059432492519
6.3016785875567756 26.898120896009665
6.4272474195687268 3.6976081673183319
1.4047916034514418 14.837476140219898
3.724718640155241 26.149263991706974
19.094425536498939 11.526682014993284
24.850959813400376 14.585360961013576
6.4035224628955278 12.304429884766336
13.163250369812896 8.5683286242460834
7.3210348152427533 7.8088317786511263
26.270685342929497 30.632540610633693
20.713877388877236 23.994358648980267
5.2397273113819915 7.8998726564392765
27.49191933510318 8.5979435432762799
17.76774379850762 19.385127832068406
28.737843999651467 30.905572122936789
10.518548645136265 2.1224010904343964
25.858554045541354 20.357194517028564
14.556852052509116 24.054112699961102
14.45551502419527 7.9537584453601839
20.558096172157573 21.809498345737129
22.801615525987426 26.052321759274797
20.456341721551027 3.8328420262192706
14.681722780974644 2.4250411464989003
19.352816273652227 20.263630112759568
13.785069629568461 9.5964298506783319
20.968939165825866 11.672856021798573
23.173158341349495 3.0626536085916425
29.941466976650435 3.6043594103245025
17.612781661013347 1.6235230755866519
3.9579282402947671 29.873301130168375
27.48017857775605 14.29901776344202
4.6030974022450604 20.300409994577969
29.090679412243784 19.955718157202817
28.351837125716621 29.122132401702299
2.3165765468083843 3.2842590017762601
1.2715287062534992 10.586165506241063
24.849279365497299 24.003449434335309
26.576273069092505 7.8081707107751281
10.111634924216236 9.0988776219262881
20.034283667957581 15.556647855653351
2.356883070988621 30.819635554441611
9.293529761400686 24.623027873201934
