13.271648154115532 7.3228698893713178
2.9688970558212713 31.480684721462591
25.453407132680933 4.8480467215461456
18.63017155887654 30.983873931733573
5.0118049919737473 5.7424944733307264
20.204843628290316 6.4707034471248983
15.88947917529884 1.5637119712048992
7.7899031965337944 27.969499686357619
8.8718728138268261 23.693676067670765
3.4541988440339879 26.905561602444802
20.729656549702916 17.128218725567649
18.283556798710269 27.259990457850016
19.691067278770166 20.700743955678153
15.6619928792517 3.6009347835295706
1.7408453288621288 30.403818214920552
7.3173758887084634 4.1602625496547292
8.8641897090761113 10.270170086253337
29.978730694356798 24.170662030861404
9.5650729466556275 9.7495041047886524
14.939706422539327 6.89721127296459
5.2822190508743656 28.517346767226119
6.7886577082441582 5.4630931906585722
28.949933608107656 8.1586447116568515
31.612700759427021 12.46420603153182
20.381995733015248 28.379616870771272
30.651385378723187 19.461588024125433
21.503073609888926 1.635100245286633
25.968135828410745 17.040655673440032
28.466940800603499 9.7897437213767766
1.1046045334350103 23.959208777340034
14.141976643966137 28.069466794698059
19.015015995478297 15.216010972198976
15.491018916341352 8.6124545198849898
23.363132920515799 15.484097310251025
24.549071128184387 10.584664264231963
20.012101939113098 9.5811709330887354
9.7224410660509193 25.74723259476524
13.579373641269985 22.590591733996867
28.485362279019377 16.662212801376647
9.0925164580047735 27.342569077057487
11.354891227724103 7.7094309820570679
21.101755166674945 25.968242422911938
24.211442019753608 8.1438093200855892
20.954903703055848 23.694786219033343
12.470054419972195 18.002355400265451
28.08482593479831 11.740292826885307
1.0534215054408029 8.6489348374528809
1.3389530605043147 24.002680003789692
5.5558550618299281 19.292438488198883
24.966970543439967 22.834943440021341
25.932201546909397 16.905439940123841
6.458974473667336 27.415134453281549
18.971996944072774 18.099857706257083
16.125124027515081 28.671778536373321
30.036028935002282 19.452834839829698
7.7761619500029973 14.617687304320182
25.206575875832741 24.945777477102883
8.1182232910853109 31.164887552413788
18.974376751190299 13.57535402230484
13.06721859603798 31.483556017513134
28.69096657079173 27.419502098069156
23.974631467599224 13.136996653201887
15.557312787526124 17.567828988543521
7.9353617081943142 20.505175789744648
14.525200349300123 9.5495205929122484
14.58125400390785 8.8200395689595634
17.443635164160067 30.809509772929179
8.5030383576048543 16.4688786004203
7.7813101025592157 24.54647271711265
30.331068223189426 7.9717109473217311
31.099085400828443 28.317498540428385
19.608595078444171 18.564228774010935
8.6836231724263495 24.241083949533529
25.602150065354568 23.784084280472001
1.7611303680024915 7.4154938569230868
2.1759273816070923 31.319109616983443
17.869784029620401 24.56547222118736
9.8458695953272315 11.629359585740835
9.3801560705105551 11.332268024760788
20.68995400600258 30.248966103889938
23.24431566393806 23.231503571441067
5.5386940188173091 31.438441528944637
16.475994924254135 28.529176863230042
7.6807761198647375 17.82099285928005
30.751981839492537 10.264662975547681
2.4253465372837 10.287206537559458
11.117742348365075 13.546388912126503
23.01493991713021 25.945233282854961
16.997486065536869 12.393818383315759
26.984903731990169 13.078230418608038
11.186274032734801 16.857625722430608
24.684129595886365 21.487227510490357
8.3117050187923169 19.662746273296264
2.1268716940158483 13.210137359740834
2.5939736094269836 12.518430418914912
5.4098049892329039 13.290162519231355
29.17189986497603 0.038830149574150812
21.153351262822262 14.479082577826558
7.379583168769507 9.008580718140756
5.6680420525861637 14.033418134487752
0.35066670191473392 10.426159008186334
12.071490251791854 12.802430195950079
22.061796684591673 24.399690050240988
30.660076107449328 29.519210318580164
11.185306908598063 20.488178101158741
19.422500713604972 25.394281065697388
4.2775732545517666 16.988898590285309
27.265286474230283 17.490943362973642
21.206815037029934 21.594000700564372
0.66985506145860174 12.840261708137508
26.382803383293648 7.8566476674607255
8.9542415694900512 5.159597970189882
15.69524642881909 26.071182765525887
0.34223627133368084 31.274769594404603
30.810136399992288 21.820762856789919
8.1996126630225739 7.8128805359783895
30.101732428342643 11.513443087964285
24.181430451051892 14.452936348858671
1.5123063619434596 5.5785961497004442
27.771469923959433 1.6871306048495072
11.610971415500497 27.268211157089681
2.3730065411604322 3.3799067763135899
16.266803315618731 7.2650934345297937
3.0231137434915181 4.7228818502159591
8.4265296014019047 16.227374190164578
6.1010636835037078 15.37496224820158
16.805642088894448 0.80821187543636475
0.57300288515123532 11.584515898694246
18.341298748260463 7.1594757795587656
25.635484148509217 31.208568171473068
17.636992807796858 29.100474346582509
23.819430477557667 7.5746856028962988
31.175445086643009 17.516409036742246
20.771643668741447 16.657650320348662
6.6972977659818866 1.8457266534315215
11.119756081794106 20.811344220128905
26.286485023118832 22.091417939991871
4.1843105120832735 1.9995809871153472
4.3641310660831865 31.45554054158313
29.125404672956602 0.68135196328934378
8.6129760163611255 0.32549163820560395
16.88137546135507 15.055369276711257
1.927330544877859 20.700186724957181
29.552998450790465 13.494258573658568
24.06661762723482 27.13013940600143
18.295370670411561 27.089658636162653
18.987342729528041 27.669481790358482
12.010883440325413 22.056046750368061
7.1661585856093204 29.240539025434831
5.8043158557367827 29.688384326215047
29.72505943951565 8.2778110350496537
22.676939782780572 4.8083548383127033
0.049580640027746217 31.489692579219724
20.686987756446445 2.7898465949163329
5.390595549800274 3.8405975351520025
21.861092125665376 18.547835958657352
20.490500328703305 18.773014929771826
20.985829359696513 24.191471262765582
29.238339536003359 13.772059408069493
2.385751601886545 21.76671499190909
28.501033265254527 21.363554646413828
25.931343654465113 31.52578603073389
22.440549891430699 18.318470902403398
27.643997077954886 7.1581075341849765
25.734234037795172 30.405808593864823
11.986490631602228 25.009832462675401
27.386672139439607 15.517594547753625
22.430038539977396 13.158193083057965
4.5116704557343876 10.702292731189516
17.051838726605084 24.217933351209602
24.731287273720337 29.363089815742601
6.7813361452465095 9.6455752049092194
26.519948794369611 4.5277394894070175
16.074817509040216 8.8545502949109274
23.737661750042697 15.661358840736119
12.491291534734243 2.0695590983435022
4.756934815268977 31.456262315200938
23.558107884189287 30.21403399727334
26.10876184958239 26.939223857714104
21.777602359213894 16.704579931960719
21.093809120413425 10.506142649657574
13.961649354271756 13.558325904275184
14.542390921297171 29.014395397371331
7.8739440189103247 12.932628524603389
24.100244086071871 18.006108642579786
25.016086202872888 16.221138238172898
7.8672997388992556 1.810011222451547
27.226480022735306 19.681977896813589
30.448027650788529 17.728875023005116
31.162977984626231 1.972602114132288
23.29178514475996 27.011863933949144
21.535830366465451 19.906078836732942
24.599547025036966 26.778530382996394
29.406853703079953 2.4517762655260027
22.982104646611283 13.198021812385914
27.734929906948921 24.649849986926558
1.057273459624281 1.6498796645106837
27.437629779444801 14.839935652421513
8.488907918558656 4.9991532080951018
22.267987553850222 14.727953527491467
25.395808787769742 2.1952398985182349
20.843144410627357 21.922438975400624
22.596196938715135 28.802585830003999
24.114208377999038 20.39785359721461
0.13941055773791255 15.300017038844514
17.312066001975321 2.3108124628296896
17.542593929680386 5.8353836417679616
10.118116176567435 30.970457368888141
22.63603301262134 7.2732327353978121
11.842289824902004 29.43648321739995
21.017306870367058 7.7002208480051308
13.100314754893587 30.382643415354501
15.161218448567851 22.560258782260878
29.96344806176371 15.63071917122973
12.441851557312885 19.680634796168199
5.024193956292387 18.143980623113553
5.2537082149494916 29.907079376972113
15.080126927703249 23.809047116593213
3.3408926122473281 0.23016592451471413
11.818387483428218 27.274177374267918
31.375230970435947 6.5058093654602782
29.091150635284556 27.39231888861422
30.973618715737985 26.204414532101335
16.604399055053378 22.744910096698497
9.6794958264758595 19.144638216254553
4.7746191210064479 28.711523848983834
7.0222488042152769 10.855946387770651
18.291712487388114 18.575241884071247
16.949626834612669 15.216716776154808
1.3939904382793771 27.022123246557566
12.976992358889488 4.2900526598706756
28.949192080119403 22.792094078121675
30.237114029410602 10.107213793285148
27.161582252818594 12.429034281300002
11.814270289709379 1.527302789594476
26.103994054781914 23.74245426050118
22.365228176436229 22.243233016796616
23.74432073595888 31.24358542198058
29.0495821405603 26.013301104284707
2.2201223274780348 29.402181532879343
26.618064225042236 16.994650725961097
9.1376361366122225 21.603564239886175
6.2807431024933438 13.084723878183159
1.8959604090464683 2.0246736373431231
11.078121989655283 22.806012169687921
19.519399228819672 5.4746065695675981
17.052545672434462 16.170088718998805
28.798121801222969 0.51601538398824698
11.049403515263819 5.2962756101894897
3.370554998286496 28.308096063819729
5.4770717124762331 15.496947316686754
24.674276238130446 0.71865292539040304
8.2691483385751443 5.9783672469888778
25.050742109132184 13.157820768797505
1.2186748684568307 2.5020026631822545
8.7619466704517794 3.2680482749642001
21.139634793951139 18.56573298126365
30.044366608005006 15.206021602811294
11.388159489966592 24.45143503291019
19.962143773493242 12.453419371878276
0.62063162433740848 7.6033102132828425
15.024136568499436 2.8663320364905407
30.856711793198734 4.8864684625105133
23.350922632236422 6.4227164117014901
28.285206688395377 18.990320662664505
5.315789513395714 22.372397985831395
12.60272425883683 25.442447966234646
6.4567024322345219 18.842497582054435
29.954758212032509 23.110057355143777
27.693947295483774 15.378520736573083
2.1171088774190587 19.489004656625838
15.777936182418401 15.509933521346007
9.1221743430139952 26.898621142388428
7.5907275804790606 10.73884496503768
2.066843522702221 25.567428185799944
22.895587892676421 31.346414379713234
16.205133243883356 19.691359441999492
3.9590334742481352 7.2414682520315488
21.543445217989063 9.2302658456628794
2.0008550995069907 16.207380559669648
23.39467407711323 1.8045617032019166
12.315286565844533 22.655896117208471
23.457370577255951 9.6208154198327076
0.88468180324537138 5.7261933060586241
14.184594394893651 26.454186351234831
31.410434150678839 13.62957169934802
16.771958317478795 6.0773780314463393
16.843937804312088 30.518358799269837
2.4083133995148116 3.6294483171443424
29.671136894103014 17.413401529154559
26.598528102382801 3.5671117581175831
11.586443403240089 8.2687256468576056
9.9357205617825759 17.570283329316723
0.64653840939052754 19.784006811425453
15.47662355266284 2.694575647166245
31.446548636369336 17.624900034688793
29.186666818497294 6.4282903564845144
21.449149361888246 14.399835395977952
15.138307184412959 23.206072734054299
19.038991956670987 29.273781127045584
6.4318408037563328 11.258518734380838
3.9961247925738781 14.574429443677369
26.372209369599041 3.2964040926215987
14.880956867044826 29.907048865191886
10.116178281749775 0.039330170368299229
15.261179731270424 0.99470410473305026
14.801262691476063 18.852826957699072
30.684499004752414 20.297586863281229
0.80668084084131364 27.87954675436476
13.32092236015856 23.245807525123841
4.8964285424408702 5.9024652148970942
30.07872527154834 1.1113585535383408
9.6713141925068022 7.4940111512983156
28.583235354239044 3.3118948930139367
20.273409013380181 12.840100753877106
13.230595477959321 29.516829070627377
17.64821962480104 22.317637017220896
15.099303786453744 6.8812181808526844
21.279006692074226 29.589514901798566
0.24727171214192747 24.849042956188317
17.361810068328989 8.9145376113337278
17.815183486116819 22.887206463049203
19.856529579204917 29.717174833929114
8.1933772942818042 1.0691450133564506
12.657133158133162 5.4990257171751864
9.582522021118324 2.8564550912278395
2.3196916447988953 18.775164402918559
30.98565966203445 29.237747490309332
13.001627567481728 23.38469929925769
29.828171320669295 5.5161833250327259
19.234471410589389 26.289296278570763
0.80383723604991708 4.9460927829388641
1.827706571512062 25.160157034145275
6.8709237704872548 26.092690906487991
10.025218880354117 3.5701418340349296
11.936879237045149 9.3179206259133114
0.60669518101660336 20.099937711829945
27.427119349596556 30.39857231387753
2.9550529046512932 27.960861745262761
13.110445928075755 27.489989868995785
14.458036356490517 11.166921051381642
3.7417318103665296 22.064185488124195
31.034188328347131 24.869565295373576
2.5030864450210983 2.3342488273815798
18.794612187235774 23.579366246294558
24.480536096214433 11.648974720461753
19.119496141015738 11.836370783487364
29.327621732150689 12.062728320219385
22.606190002246905 25.179577816011424
24.751006673427494 18.633085444719892
25.789719605880787 15.84526772078121
23.47817685906146 3.172433662045298
15.67499425910429 13.319191850739516
3.4060742461402369 24.355157992648575
8.0110437145578022 22.937123993521098
1.2541672581552112 27.135916610831536
3.697275751412449 7.3395866028359054
0.071082541221012346 6.6468914413653488
21.668105949624227 16.201809312914488
30.831266831152124 27.644153547608795
21.30331211295815 4.8275446911418598
23.3020101600254 17.495479233371366
4.4431554745954029 26.32694650446328
15.50548029407396 30.869178604195543
18.186364467307524 13.875039200023691
1.7570012608498544 5.3776571615208191
31.579254217339859 9.4385399545582978
29.555453736076203 16.193030424223924
1.6944810647189357 17.596759384626456
27.73765504907194 11.009244528489836
24.708172660765335 11.654438771364035
18.477568937427588 0.40246328934012748
28.001021309814011 23.564175900725544
4.1219164521873521 7.6176350755464295
2.5984610689252161 6.1272743732496329
20.564078121334138 26.800956320255001
11.835229222910536 14.783435085422827
4.1641763146067259 16.876264526200789
17.074711867337406 17.666436024111135
10.187539092155301 20.688945524756381
25.195637334792657 22.70563374870391
0.006607826266748878 26.545171609948408
12.992059531957194 5.6633124548829175
22.359585392334939 1.9174803105558094
21.661566660993646 27.376524679157171
10.315687534379222 19.795294631620703
6.6857114611591779 4.521364165151418
7.8317175072303948 30.821654801907307
21.904474234528319 12.074967470295006
29.506630047144373 11.706815527454845
17.200708769171971 19.804827739954728
23.348505069092763 25.292478823393342
17.238308424212093 21.153707010462124
23.684679340909767 16.256158983022331
3.7028950812261661 24.673807504593309
9.2156922013799107 19.484194959072134
21.890088554618586 2.7143893005237771
14.294470647224324 14.821911527895194
6.7463462910197238 20.289284932249632
5.0174256960678258 12.302872488547417
8.7739149957507241 14.366896518863673
13.826389693313528 30.678960578510647
19.950993303449803 27.336744490802847
10.598768774873289 5.5403191408397161
30.268351689164504 5.1934923599615876
25.547549694834807 20.277562603155083
13.143951057478674 6.9237288602794775
17.790722078777584 21.955999541780955
22.804123504156042 23.170824663816617
20.084482010930394 31.190946140685387
10.361964040235575 29.955729932361237
5.0786128365550383 25.300824251591617
8.2845808371017302 16.142974120090248
26.282614398642536 13.764929939315213
19.595838266217022 15.010346138780708
27.691749877484074 6.1131049754594589
5.6976373874180437 25.375455694201985
4.5817083964390362 10.24740448790361
20.534038564247783 6.8094055809564056
5.7186260268329638 2.1110136072937862
3.4904949021876486 3.6964987977828785
14.92977246290066 13.966621530777759
29.643594444429105 28.484532786901553
3.9700223123059426 9.0340260556349588
1.3487886738349939 14.695482701549308
9.7633935662624616 4.7402953784229016
11.935545699657636 25.528085415684753
31.544645735764767 11.856901799802426
28.310416850080966 22.648177079335742
0.27692033979767727 14.050709868725596
11.293194807395617 3.4573259554260112
29.680114816377468 27.25366935779984
30.803862733653272 3.9585008391534315
11.516275603276085 11.354650143877492
7.4969094500026499 14.622661852489825
30.825265105929294 30.783734297609367
5.7490894688587844 9.7418885110449018
9.8376136069769196 1.0035778711306238
17.376766605506759 10.542677252512396
15.503648759691838 11.123889347374719
26.96035267227057 11.504230505787991
18.558674293346478 30.439289424249601
8.8852780517033416 28.349344669512295
19.727277664150581 23.717284468957839
0.98031994024256552 25.002724256532456
17.020585085818048 20.08071132069918
2.4019157729135108 20.72381966260572
0.62862671564219796 1.0125523534369576
13.63099255259475 25.552594828528406
8.3396152228751959 9.2574609438141753
22.501675076774227 20.39254188318364
20.204763856772225 11.570212726670029
18.436220164366702 5.8526828933861532
6.5538634748086739 4.9439852338063739
20.476070676077413 8.6651420433840549
17.858054560505462 16.233758462488996
4.4208101149453931 12.103301150182981
22.915019752701195 5.7182877431120751
26.100742102220334 2.0768895246970471
12.192006293230834 13.362360427471252
23.533388522441797 21.212835435122255
9.2247781163238134 21.511019874432424
20.03065583467534 24.797586818720113
9.2801595057007322 6.9865136208790952
4.6908834676449889 20.431579918584021
4.3829927696546989 26.747886558842541
2.1179839281658546 17.953016905896998
23.069332647945632 18.407954644747164
26.698279088034386 25.778701857634672
13.77638766837967 25.150053959920843
29.463013020312143 28.986337659917726
23.985875293916422 19.328614526586733
26.984304496417856 4.2828069876474597
13.465221271003923 13.00185364926628
27.758615631357607 26.652053012525982
2.1816378839030732 15.844447513034108
2.5864759664825714 9.245616304077604
2.5016867696277068 27.17708175358452
16.827096904630871 10.511845214758036
29.937487695295257 21.441191019667844
12.564087749927261 14.905530275393017
19.4725788919311 20.429206260494862
6.5343846930820435 6.2878836522706054
28.040603750555544 1.4078769513408309
26.389719533190863 20.888909417729124
18.927493510434278 4.0289226710306574
27.71954976955173 6.9719234361867723
30.036153676683423 6.3398991086110659
28.649132132204599 29.772082126050705
0.74431341444351085 18.254926981415906
7.0281439171681876 12.038223136697235
10.460384908065747 26.518712165748688
30.751246385089701 26.254529298963636
21.519589146326531 30.047519995378956
1.3264814485387386 28.741183068693992
19.163528266239513 21.438712130746708
18.772876828822167 7.6185579897110314
17.491140004071767 27.319368148538462
27.265300400764701 18.056168848911497
25.187455986120419 29.248279262953357
4.7334920924640951 4.9364513443284093
11.001928110173285 28.103075167535842
15.719065318365224 24.075661293665021
2.738512562250528 13.434206086319541
9.3853124703884365 0.94872264446183097
19.575004054864859 2.8942323673222412
2.1011677250528393 9.1972303619758637
29.331840526290602 3.5556214946448681
18.404668704422509 28.805713726144777
13.516370697165923 28.645627146079335
15.216480525821577 4.4009111673274663
7.0740032618716517 9.055348296110628
18.933814527191061 9.4522610440865087
26.479811053256249 12.609849500208972
23.414514236421656 1.050287300654174
22.558012458283713 4.7695262455799252
19.69615403205875 0.69613996449233795
4.1820100181018987 14.709314138794953
15.526721014592001 13.700930861617383
19.441877826173297 16.026367333935603
19.904510631683738 19.638780941228308
14.080182296119832 2.7134910962667647
5.6445501526810027 7.4002053218014456
7.5514956365334065 2.1220512335332771
3.4230437690623319 16.627347923722386
26.942199562589238 28.585946344441506
30.814169990613294 23.776741107350674
10.330942971661672 18.847577387566133
16.314951038148799 15.786204762248651
19.756465244685479 8.5663075824462869
16.938348530175251 17.879177277976016
7.7104503264914204 30.352181221633373
17.187232422675919 13.633496427469133
29.287379423586483 24.285796927142407
25.68459456252452 14.976443732141503
26.477478606033202 24.967725688083448
29.119902430561339 17.179464530788795
26.875358335717301 1.0615830150307879
15.81319608917941 25.116941852573163
2.1927455686539519 23.285792083932531
0.9218812870959846 3.142662546144019
12.408056280643875 19.049706089454901
15.944504820337613 1.4327951025754149
14.138273946039835 10.389483968150108
18.652035264758531 6.4134811624956827
10.786089069105076 10.08431980025296
10.177323332234193 28.232109191843261
3.3523288040356856 22.328612017683838
1.3703991976576366 14.528837143858684
13.42041097403972 16.831449324723266
27.140320266125784 2.6550063144617537
8.1457727302856195 18.189396331651697
6.0656124584429794 15.948587249767044
30.792099623510985 15.105671499727345
3.5064191712347443 19.875551229567151
14.104937470299847 24.502222660744042
21.417532847039315 8.7467895503869713
30.445585515189975 22.550999169028849
29.002752329885968 25.449500774167912
27.996268270182615 18.3407548352125
16.924102401521566 6.0324178703144771
7.4007778123984789 3.2938843330516483
19.599340996871 21.874447381898047
27.572956552988998 9.6597344221090662
13.398416389731441 14.884634666273739
7.6679644693781901 26.583973597119954
26.472804839156492 27.001519506844897
10.645942478475504 5.9100070004217384
11.518289219842066 8.8012974558252335
9.0047834168977907 12.564622281602823
25.669157017658382 18.197407905654483
25.471474347248122 26.839234528868612
16.478252460704674 27.293405314477702
0.51526388481982377 16.685299759776193
23.959284858594895 3.9679919323582418
26.215423895359958 10.561204359971377
25.207211472602481 28.904593125201195
14.184152669410542 13.167377123965887
22.072193723442055 6.6594475712629935
9.5906760721873656 30.642390849846336
4.7171474404655385 23.288219073084374
1.8127930153460223 9.9594194911999594
14.213698341698642 0.52774757383642201
12.918925597293791 5.0552260826472297
28.486220445615768 28.882469556295806
21.250558922101508 5.4065375530286319
0.53419038686970488 22.890720217281814
18.758204664470256 17.136448410376925
16.055141002467401 9.5515017723903934
7.1211752680009406 3.3129818986396029
8.9399571569687044 7.9768595122117087
12.630640974666045 14.3046504650237
15.286582277296489 30.712763440891198
18.976938575850369 1.9251100374742738
24.37299244261564 16.848339572226475
31.033026208324287 21.266581809906796
6.3546862555910453 0.049283710721976341
14.575950345855379 4.4995718147225459
4.910053202947835 3.2686231949829061
28.270770048739308 24.675243650701923
27.423586775649039 23.568195982663877
29.957885516515898 1.9864915104257963
30.607852649487572 15.381492312587241
8.1781882117363747 19.002905454373117
19.205924858520977 11.020291066125287
8.9935550851752932 22.003804064154036
26.826564723942536 8.9997439752499506
24.32981479786709 4.1209419498134237
15.60527952395435 12.791015048513545
5.6982224529560055 13.190598669189372
31.384136674950604 1.2530624266651582
24.377264286380381 10.737280359793937
31.12926055494 13.180338483661357
17.995902999662363 10.791313985120684
28.739037415237632 20.614366750683345
2.908881928267196 24.125144879520789
17.348307647515046 3.9271729211273785
19.90291460138906 31.216421587217614
29.794460130557908 11.150381481212277
22.233636989493654 8.2244894000332351
23.235272670554107 6.2329434202140677
27.032433934617941 19.30574358280921
14.942600267216717 30.57013055742307
12.899651240673276 2.9872579869049414
10.182708397141667 16.759226650163484
7.791638043638855 17.358761286351889
16.32651359242411 11.154356777489888
5.10728555488617 8.7490889832392043
28.869171929992699 30.344038961058544
31.23475736158634 9.1612441786723551
6.2198879023814326 2.1263231365390181
4.2941818263340998 29.831146922467834
14.232613238754256 18.39099032420523
20.872013108749623 3.5051751681662084
13.623003223113034 0.88553041593840776
25.48703634637085 7.0021287070582137
30.126838330799099 18.491475761430337
23.139396077165909 30.697187044723336
21.14437733819214 0.44963215976226906
3.4610621505940351 31.268862693332864
15.388424618007484 21.513990575389943
8.8348776137291125 23.443182817567429
18.036268871639269 13.475021573443467
6.0189531900005155 27.421201000973721
18.703637912561781 29.272308782764085
15.607138860876866 26.221238215239133
15.409614726779324 21.23537368939057
29.779697027804353 25.799537248790831
29.445438786819853 19.809387841806444
12.627101753317937 17.935546983602684
1.43952982523409 29.110749199183264
21.221909485972162 28.07982019183703
25.348761079540814 14.287791196251396
26.995417067413772 28.596888005075385
6.3553796738277661 11.288119764180317
8.4744180978788037 12.393986012532844
31.305340969469718 28.968810056919281
12.0740902918093 31.035991748649245
14.366955570544732 16.061697770222793
21.711836058242749 0.63946618155957613
27.523524433638496 5.3889692118997949
2.9905411411679594 4.3630574058630929
13.023247059818599 9.3031969715116265
0.40341605673526709 16.125626322428477
13.824748133032262 8.4753060822474033
24.663894231631829 2.4238094222454682
26.870980259218111 31.611883989515711
28.382123766425789 14.266307615438295
5.3003943539881035 22.467640859550283
9.2060689571452805 29.292884532428484
25.934449172584781 8.4773833884597636
3.5998329686969899 19.765127843766273
25.416512195937145 7.5329635880832129
16.799555448812548 13.597185849221272
2.1560473168759455 0.80489149954836381
10.972198414495486 23.708059130445843
2.6701796238482185 26.644886131146272
2.5864035568148211 16.261791511290721
0.99849717024915352 7.0720227048505686
31.525776941323354 19.470137300036296
11.503436146692129 0.59893811130044572
10.307318413951199 30.126958153242011
6.0401914204020759 18.239431744521585
25.819129178032728 21.315446188195963
3.8749430235029294 22.573418131095014
25.427817171654212 14.623583984858664
19.913820156769972 13.464922647743526
1.1081021153587483 19.513108791829573
26.709398163439431 22.659454008446776
21.673843628591147 30.698252017677508
22.434277307032733 3.7812774136690637
18.698849467746577 4.4279007257107841
13.28695975566186 1.3420180934282011
14.240190983190935 28.028215851892881
13.964512238925316 11.435383714526617
28.745293960163316 4.157802061492629
5.8795349043813268 0.54332112974202917
12.681777163354349 6.8557446451115185
16.532771644978183 28.516130590383678
29.001671950857446 21.475842898210132
24.880986274323046 5.6380769373845894
12.516029602586309 19.511445902137009
5.3035930613405649 0.85629841888522817
15.075148315428757 21.15092078751444
22.964075914935147 12.425695471850554
17.436758025774623 25.461901008582466
14.027016362868048 5.5539666602462896
12.415815445637284 12.107320484322186
18.573721315344304 23.667884503674543
13.140268716320447 9.4482377547015624
17.875516172602833 1.5237090297112257
31.123815306256535 2.1011076233652863
5.7260593820880086 21.917957907030313
7.258185477952817 21.531620106598027
16.650245369651735 31.347341755817965
17.347826683652183 31.067099484650118
14.909407868756551 16.358576239672409
4.0185129752872655 1.9443098419578131
24.899952421240037 6.223618540318764
0.8574824458944118 21.901131818983693
27.72435236523301 25.774160434336491
3.8059439877437047 9.160530377671801
3.5040619598530944 12.003576976472809
5.0683343159142922 17.405612240397701
13.092932536255834 10.690239765569114
4.4247588716416972 18.586347610668923
15.171447939968882 27.204217373663713
21.510601465911549 20.088330828750262
9.7238745893880498 2.3492180708837527
23.086607231554638 8.2057687060032549
0.70535469552056662 30.685642685206769
30.862988170038122 24.086016414589661
6.4838262142037726 29.587376045753111
4.0132013555260402 15.061473430229682
21.725292567709037 20.327292577147123
11.166306713708211 24.160988149179971
28.932541576334948 13.267668360119924
16.643635466648345 18.47909962111703
29.254494951234648 30.45906444376752
11.527445981422757 27.690612375528289
7.1804687582054019 13.842437317186137
5.6561906435518674 20.91593663414848
23.25225935198463 20.168715433130775
10.015270034691648 24.852485377191073
16.694657427871022 1.5497296137663403
18.525429366829112 1.0431410812435309
20.193507564049604 7.4326387968779235
4.9065121886401908 11.435017558579622
11.839357184214487 3.2290025991436511
20.404759172042791 28.426626543452343
24.47671824790287 24.362356899993774
23.888003716907054 24.654958828810141
3.3830202330406713 29.445990550648538
23.07663549169698 15.20703238619436
17.930709035267672 12.162819920165695
10.983085779772614 21.666180897908976
25.276219343831972 0.25813447409081153
6.4009671896628149 24.103851834599709
7.162745451654299 28.106166681513475
2.6470114191564185 7.3876204455611756
12.484897718457486 17.565945680661262
8.4138741867506859 24.882790465931798
18.823038590410007 9.9871172501297618
11.278761068329157 7.3221958148843616
26.114368417182153 25.099708343498673
27.694404892085405 8.5825626407971338
22.574865006071551 29.379343250676641
9.7945243076522122 7.8903218459711146
16.609572039947803 4.653233517927764
27.469935403304714 30.472810857820512
26.944597537633712 29.810009133644872
13.056423138957564 21.332611048376229
27.0589771454997 28.402708605860195
20.176970870770369 3.939529468718733
12.685459084261481 16.219165869874548
15.953513155231139 11.134999785525093
6.4910243472694571 16.314034012303669
27.102383330827561 21.055625210538061
21.753012295447277 25.857998009561232
8.835061796241245 29.637567832433778
23.708490556240079 9.449010822604814
27.893712061564035 5.6124030949297126
22.234829202036348 2.6141969122766615
31.230727442897713 9.4928362312833556
21.386099476927512 10.162902188930573
31.267509425857511 3.7484806860527558
6.1915152931156925 20.426007677636861
12.094702830509855 29.60988062819461
16.144261668819684 8.5445966656248622
18.997139942643724 18.956599989701342
18.034817130785822 3.035874499035617
13.516975315051182 27.582701179964904
11.61744996348293 0.55679125223925297
25.306386728803549 8.9598418296711042
11.484186077582056 16.133948404168727
19.045917012548589 4.9436799329328425
18.460003043146529 20.765699011436276
28.376906992367591 3.8524100428731964
18.098392783905787 19.899015355621113
20.260604289357193 17.336993380676454
20.582359489422451 4.4022752681681521
2.4174194902565955 8.1965088917054452
4.1953468601560298 29.415351306738152
1.0511387738349711 21.55124630698673
6.8084037378296669 19.154240193437889
25.09182565198542 2.1281953211211007
7.3077675533406143 22.114571598721376
14.190675498290092 20.278407140479256
0.39251853180119622 26.54710503027253
0.81196543088156192 29.616175055750194
25.528402789250453 18.738778876186881
3.9487341739993598 19.963474116456332
11.407094345903237 29.048447130383583
10.90962234613195 9.8139736820314383
2.5811465360378447 13.552836319457231
17.842184772671178 11.938110212324927
19.48595058625585 23.28014982618177
0.5333288350797053 17.172725083572949
13.624648373426922 8.0427744295684747
12.025994540031283 26.306919956155014
15.11678978203723 15.80848579585933
7.0770036888024208 22.472707590481701
9.3862157863959617 26.104608456487014
20.756386780416648 0.58662450267588084
17.955778251727708 25.714785834740148
3.569035425384905 15.270477333400809
29.929306038796543 2.7281829206286221
24.225169588920014 25.003743185875404
29.013112894540562 4.9368324144781317
23.946867938603187 3.7499565694283947
8.9073426185911746 3.3080849208044172
21.158087131099009 25.802591925684691
17.634175283412979 8.5629196435799937
30.313591396570956 6.6617644384797545
0.82146997717149917 11.741397142206448
0.0082309366717223161 22.002539616981334
22.363351506061335 10.657375594249723
3.2619623163833356 1.6932290096527096
25.262125292311993 28.676425100771695
20.844793984010241 13.106933921253761
14.127102414764511 25.625937742045764
15.885085147057431 5.4631747016422469
20.921540915859836 6.1333677188119839
13.269841140933753 20.406796376973681
11.759979811017736 3.9242112652505576
27.61019585592943 13.085000590936815
26.196015242921902 5.8195264963931699
11.130396171694599 2.9448873234110038
10.344025778414206 16.081350952422063
28.283471831984819 20.327798509761756
13.462599642924484 23.276953614885656
3.3155481007085221 6.3182727350633234
7.8081562004477076 14.281669314114628
4.928674807399883 24.920630482129368
23.153839070942617 22.900080924333771
15.978458366732418 6.8266696178912918
10.778008104951908 12.478434286838004
27.740863435370091 27.445361105964434
16.584242643327979 22.347950561388132
5.9464516562804208 8.5885936721701786
19.311145323067418 1.9156745073483277
1.6862226992284077 0.2390187774044803
12.694603637009237 11.740845718540283
27.344897966291359 7.0774595038816415
19.703533787242165 10.529210027431873
19.422377689907908 25.536742543744637
6.7887182210474446 24.361442318533907
7.5024680329260374 6.8754016747337747
6.4443201437160722 23.210235762403389
12.159914943399643 10.850133745960004
24.189065526234593 22.466527833273197
24.406519287330415 30.618723109913415
22.256872413409191 11.232664263567765
24.477462735145782 1.3609082317563037
20.711593018341944 14.499947635831024
26.688929154407795 10.67049262828346
8.7165280060141583 5.2026439656636327
27.712567663935662 14.92921967428126
9.7214812704714593 9.1936033236600174
30.07463872571234 7.8282024163141699
8.7987375289882781 9.8635525689202446
4.1325378391049421 24.176211932722428
2.7398288992591926 29.552505072863994
7.5517724592494533 0.62100597384048661
29.992263423228351 31.231836671152003
4.9681577858572457 4.6238323127430618
13.805663695366443 2.3574899236507241
4.6899301215514884 20.538015069202192
29.912206358970252 13.539988006000934
21.428167215860928 11.629362301313172
17.178835238772439 3.5660450544319779
7.6181711732413477 26.183693077232537
8.0946638146861858 12.024760855856393
18.216916505440327 8.6786632837528348
10.992632758587366 18.420867082513464
4.2011455569045104 2.1419052769049567
10.991574113193813 6.9418061200756833
6.6517201944089823 30.959252468724966
16.143455542711191 24.140571101895912
28.655522710818925 9.5351566680925064
2.8938707329475362 25.573465495232007
20.064150678619828 2.065134911155535
17.800999370894758 17.348644919991315
3.2696478572483381 11.10316984738115
21.350110197288931 15.788679738345337
14.352331626329271 18.120826862284002
2.7573122945380435 18.143536944111212
5.4639579774479898 6.8978308830936266
16.139568260130332 29.217237816978958
3.4594013935763859 5.2247730586073056
26.30571159725066 19.896945689757249
12.427797308935734 20.893908115656068
3.5882788865623136 17.917699657205326
11.016274105977734 5.2224085580710291
1.7795875844565903 10.733166381578339
4.7513115561920607 27.181810241620859
24.867437929356232 13.073684531673575
16.412613649020209 20.107257307105282
11.363295565938699 1.0015280630130958
10.670435120361965 18.113256227492311
21.724766279722253 22.141880060520091
25.050691571843412 6.2325289958440333
10.028150631359246 25.647188490419705
10.316759538921113 13.885372610343982
17.345767639627567 25.439638675915454
18.736478698783639 14.97582722170594
22.984940579509779 13.617156506395347
14.653780761604949 19.892674156791244
6.723087044444215 7.1280169832865941
23.18249332166647 9.174960722765908
14.085015438928446 21.274556590700659
14.722345046222618 11.789010919104697
9.799093496514093 14.861434570553095
8.1133376390573417 20.618189348109894
25.307090466362471 4.3517565701874608
1.8983215845942001 11.168947978712948
6.3001488098317147 7.9477034327565397
4.4183189896728496 13.818448873887398
10.323936058390476 13.372082650296399
0.41358271396479379 8.165560966665419
0.16357625558807234 3.8839046930820658
28.803484019099983 18.573273306167202
5.9974182569679764 24.328067087318651
27.553727244997848 1.969802352888528
10.231451273887645 23.286268675072858
25.211694649929036 9.0921154007127356
27.255368304734162 0.13069198198198761
24.880388548054242 19.372613040605369
1.7092720833579755 14.74364463493148
22.716854712653877 0.50821239711294341
12.009806201425114 30.59475377573785
11.71135661385002 15.694813736662363
9.1027787411514449 17.279568884065718
15.870730183066296 17.714246553738089
14.353761135578832 0.67430831662775159
8.1824577290349882 6.9568072359618727
6.2707447939259673 16.138039565672003
10.172526053016243 1.8660379330542638
23.090169123244397 10.976530878431291
1.373891986252064 22.860550170642487
28.408152000736674 16.41471725964248
14.800271724550209 18.651749384038283
24.022784844975959 28.372912593117675
17.923954887341836 7.7187769342692691
19.071060105152895 16.223314704498016
16.113896270690535 26.641547146168129
9.6388101144448139 14.534362064836257
4.5782354721566749 9.8252428299453278
5.1998920836743361 3.2510811182983121
7.2726803998237886 29.075159662038985
7.1845039636516992 25.94079772023607
26.042254692947186 9.9647752107882166
10.214387757112611 22.378447934497824
22.220936449128715 27.617491999154385
23.06565358546457 28.898596239597349
22.814383419409232 17.495222571544986
23.707309357370306 21.118935428387701
15.044300916652283 4.4861060337013852
5.4689500347810016 27.163992213703846
28.857425686286515 8.465206486687249
20.366441503514135 22.185274028111294
17.307596753059851 3.6544993345247541
9.2733394800276034 28.320409939170322
25.111894825134161 26.645189058669292
13.829435467786979 16.412057691481163
28.970971170983749 10.436820311566567
3.0022230540593293 12.333253000456242
23.178797854202031 27.427801677146942
14.610028425850155 6.2827486766536023
9.8904806186838972 12.159602079523825
21.593356267290638 23.707257721381168
0.61345469369464878 4.114181619050056
30.928897617300208 31.303853098053256
25.337589356427952 11.645199568797763
2.8747598220260593 21.915259098716628
6.3441911373558924 17.454951682225651
27.539927880658393 22.282149276076769
10.135413594146618 15.1808006378992
11.000272815112572 10.75334990802622
13.550069988047904 3.5857372541034684
