10.747673698738931 6.5132357389075501
27.596873965581885 31.3802256668233
8.6979095618626587 21.927587469942857
20.439341538209661 8.2190148677995811
12.230466125223433 27.763073232079837
29.285792850794376 15.550726468320518
10.451811897151741 15.301119965587178
29.153766127383179 28.002309655270199
1.7357791764464527 12.287923293024036
13.891571332982277 17.463952031294625
7.0034150782209643 21.538358197415711
7.5110998385942658 4.6717159641688832
13.590365256356359 1.9514926492386813
18.098606260569007 6.5682384450157114
30.803431049236348 28.231550060085574
24.855628496878374 14.213422100130519
2.4610796520099543 10.343656656025605
3.3890502172024979 25.898617372828237
18.846986257768297 26.748168284131332
2.5573675736519674 2.1235780271833695
30.061972781901545 5.7561824585330292
27.000544349379908 25.446800671869291
3.5512947801823134 4.1325813077697262
13.338068892570631 29.691541791878464
13.825829000614162 26.367582975529086
14.199456764480578 17.625628504072303
8.6192741476295858 13.148775863568268
27.662886687686509 27.191935940474863
27.912723226493885 19.358247844734453
18.179416150803842 25.165110681485402
20.171334804920821 20.232178783230832
3.8553046642791919 27.622100213798213
19.30823090395792 1.3557534131782629
31.101630638629199 16.683197766721825
22.76369900883131 6.3616363302096541
12.743484817846047 28.573717721329036
1.2986153428586273 6.4300035516291123
20.803066818438229 11.149523373213569
8.8115560206816888 20.30104355731055
3.0996089482103506 1.5659263815590507
16.313666096262132 5.3027688029581324
14.375054891458724 24.246852251172033
19.205117510255363 11.244153489525106
11.871840636804571 7.8917333010381245
3.6737002230192299 15.497738041740195
12.01746421776377 28.341172523362054
26.289611217545779 31.28280121067688
25.764727910519817 0.35679128224190892
25.510970309919728 8.0192052892598067
5.104234071431879 0.038035063898950415
16.050081009022716 22.793952096004663
2.2330396922126168 12.767243193663973
25.406322808876418 16.183007461540527
16.363527365800799 18.48105082105889
9.1709486490382321 31.302321443200302
1.0255548345063537 29.890913454564775
3.6377408925725079 27.44134989333881
17.830624314248222 17.475484572026549
6.5218380229358726 20.592911192846376
14.099031606707463 24.134977933414433
26.319114400895746 12.151875303220404
27.851747836941023 0.12410464045196179
23.818566034350496 29.253723448814512
21.869808862565488 6.7877619097153437
20.686990248729163 25.059546163423356
2.9169364563182931 24.986070862491491
11.898206279770001 10.876479743156372
27.552435967759454 1.0986833568288263
17.711777582613941 14.442341722046715
5.663836535900729 10.738629438507752
0.89156343161136964 16.768510730247066
31.317357163635265 8.6129797030158137
29.119438657405894 3.2719491116848931
15.974517885799994 19.953535480685495
4.5414147285520832 23.068676475786869
14.576549697732194 25.165080628422608
14.094699835132323 14.902197955812046
29.284465160967091 26.013959567899651
1.3513796622236158 0.57692266688397009
10.284421502072737 5.3512743439066366
23.846323520739634 23.105106726967065
20.143488840779774 16.895561594346322
9.9585960819632842 22.951442457089826
7.6411354962140789 22.590687865705789
0.15289580295051503 18.044326483024498
30.945825844791266 25.492788233403555
5.2536046964269296 4.9319463015886633
11.096031509535932 0.7214909383032837
28.477242266783872 3.5058819514991559
8.7601363739643539 10.907220148453913
6.0045043871759782 12.613826033812034
29.027128034732687 1.9970178981463402
29.982667588416717 15.376915487513921
30.07751859584706 9.888710413827221
11.486862424536991 30.837992072247079
4.3546862812397675 9.2202362411962717
20.099380760111465 7.8989884670288921
21.335738368836367 24.986537218960066
6.3530903493996362 24.246242684966703
5.7168285230129188 12.505122157438684
30.924602036001346 24.823587360180088
12.657745415580106 12.428053953656228
2.8672652881899214 21.455746285689624
5.9635427170856925 25.348677230779984
16.385550584101306 2.5881889402330587
14.592308292236439 20.030471732421944
31.609392043881652 25.609566149765453
26.672968851750763 23.052574512504187
11.548097575803251 16.473941344028937
20.25680340139521 5.3083777485594279
30.176612604549774 4.8464512623504756
5.7749167851423611 19.142914846504098
11.229552408630495 27.136634261737019
9.4115292443225744 12.994154865709676
24.060802638379361 12.264013734319422
31.356746700457819 30.586529611741781
26.793564235022696 28.949374382050788
26.694018459879253 4.7004409618730687
18.045772012624408 0.90411870081793788
0.84751351829401833 13.112117281880714
25.592420174888339 18.612517201660658
21.515153107981 20.984389979406007
0.053211880795340012 14.289077599551099
26.521125537487507 14.212967998028697
24.870659131203702 3.4409235658691744
6.7828090907823197 0.53870811713144706
10.515392316421032 19.958326075881597
11.132639737800314 15.864207982288308
18.901374380060158 19.60360377570273
23.266306630634936 21.577661441800924
13.095493645573931 9.8712525728079861
1.2966360349833228 4.9923186865445386
4.4649184272133198 25.774933376339693
7.6649455026146658 18.132071842325576
6.0827750961374756 27.879899552352107
16.763858530964892 24.573642270248506
12.646668856980069 2.6773920565490532
19.998353248384674 10.788594585706118
13.07678904108214 17.038744759205603
16.618364295194041 5.2818044678839486
21.546680506682037 23.159284403659882
25.97090827966413 24.492253641721238
23.644060994108155 13.136634616154661
8.9202535345380145 12.349620766941399
16.266949001093856 30.870978511198199
22.792509858610469 1.6631147554701207
14.460026062444722 21.007171371612319
31.089990647283692 8.5275502746130112
21.441499980916777 29.786616821518379
26.753335664334603 22.125467436179402
6.4460773624371441 16.575068781648476
30.065534784662493 18.134143577619891
15.951556032404932 21.847618126344145
16.651245154370667 5.4145149780527371
8.7544613696066484 14.936083641779152
23.73326754125641 0.68847157144602045
26.53002153259467 28.84317892869112
24.520911292781836 23.768687748360449
20.699866449649093 15.440589690075431
31.579402760620766 16.204020999737164
22.439408582440823 6.3201887717100611
13.052460664441146 15.783627317813409
27.975262117920277 23.309600586114687
30.306811713945553 11.423784813397301
6.0893663709262942 21.545924567827427
15.0106172704944 31.451034488076676
1.9564019654123797 14.664775700983318
6.2604668178617002 22.128768508733774
25.715319421677062 10.461677888463342
5.2483137282215031 18.367743438784753
9.728947706854159 20.131842299877292
4.5047950492858835 17.064331405949964
12.52094318801255 6.2605435469921273
17.282944365590833 19.371258588484942
26.021625664026992 9.2147323695670593
24.426576590543483 14.953166351135227
15.699201375392244 24.737540596020587
2.2167442860028799 2.0539534363161498
17.713030665210951 8.7059366281313331
12.088108377998761 20.498125189908681
10.771092247042532 15.170861351641749
8.5030513103605898 30.128219540228397
3.9542049870717779 24.88899969033271
22.259923305730069 1.5437115369304459
20.190889255080013 13.963826860493565
7.8456066273216694 0.30376792974812311
4.7187056375021887 1.7457032142450997
13.793035584430569 25.766973026622637
21.756559407657956 18.473093202910501
3.5088453645449409 5.391956402334209
17.331756476186328 2.06416764897785
24.591546612698252 24.366665178902682
6.5982143398158772 1.3387638022692452
18.067577348406736 31.163531164420139
31.223122059787816 21.578385887779955
6.262344504131395 13.626233777020616
29.488447513811789 15.00864722083343
8.2854441845493856 20.564130375264121
2.752709472566087 25.467111288981013
9.935060763481486 29.67497145014552
4.4458584448941236 14.136582050620138
18.357981802426139 5.4334375915350845
18.110338037026029 15.944408438435733
29.921494365312878 18.474346773925173
5.9222125605804665 3.6506975869047653
3.9304138626815437 11.408779726715462
18.780507097932496 26.029173200927897
8.8988279575706564 3.7872196715089586
29.400276299587251 14.130239552865801
24.377966272020817 21.950662980360367
14.386284092449236 12.881638248365373
14.781500427253569 26.470990679918543
17.084220186932789 7.5073064699654957
30.938145201265616 1.536670212683714
23.978101421995333 2.6474920451094648
15.439607195603035 0.37799209188195393
23.809182197212781 10.457151748953068
18.771558885200843 5.5545888753967638
21.293122087822923 21.99827391156936
22.750131150442829 23.199527801607211
9.9272735958224292 17.359774522900981
14.24167991225471 6.9031877105278872
25.691776107816526 29.916149502689983
0.17581549767021737 23.171833565244675
10.029221141611869 16.571593940875495
19.255409332638681 18.797888321766976
16.814639917298049 13.666593825396877
17.007375377133688 0.2256768421110287
2.4180908692392689 8.8553250226694136
24.753882995768045 22.307892311939547
6.7883948461625776 18.670934046279253
23.554711573383766 5.4088626876571553
23.504382393788926 15.194142267080752
6.756579990111649 16.429079932213444
11.0284447069157 5.2984581248171869
6.5431592429090975 14.957254434204456
11.991227548802673 1.9153354001068048
21.983878565484172 13.822044157229298
8.2203967422054767 9.7582349896404281
20.200030968379032 2.5767866395834282
15.893218614695632 11.269798419493108
2.0217999747157278 18.255296689567437
14.638008371998568 16.589786967674709
25.857235742138322 29.852089290783212
19.822245653804455 31.536280848359471
2.9656793796039538 6.096394194727293
28.05566363944374 25.159024850861556
9.7401140005336622 0.56566812561621171
7.7444417574008391 27.924804419689842
15.813602376769959 19.15770696795942
31.425451867318294 20.703553020618436
10.451081034510393 19.703674475638696
7.0970860183389348 12.79613475940473
27.689774174289855 20.603459875319274
3.4494782303931935 16.139147380016762
11.968803000473544 12.058101181368079
18.309768381917245 17.887532395502557
7.3876505369194252 13.388206593247302
10.466546940343292 6.5623449008206123
21.707292422007495 3.1442887027166226
16.795775297070602 3.5529217242548361
28.177863919170594 29.439979575702175
4.009937534135056 12.109075698066375
0.96248856844141184 18.957004304666821
13.874404016700037 27.709910908594356
11.468682828538279 23.443621351991958
18.380599088758171 3.9223043349890725
17.280600629713021 14.738979627124074
2.2864004971490011 31.358770890210714
0.035489922375340918 3.5123876184855032
4.9266140504172249 1.6084146990489634
9.4471680543262142 18.298488020099533
22.550785682722786 1.9125548749666688
11.697534961373753 25.826140427068424
3.7481019106397646 2.5924429353958969
10.836516596971675 27.568584422601557
2.5497940284691847 1.3168891871214992
31.581589970109103 17.85405739484208
7.4638424419783131 23.994633688100073
10.058934741597625 12.285730319071
9.8078744089516281 30.764937717175776
11.611801238229125 21.00825556493632
22.075659405858485 9.2312612074883802
30.675318672018477 12.718149690246607
28.848308641303326 2.8626877922726552
20.031568497059194 13.526416801164753
28.183982265681234 10.683590405299832
17.829156200874976 20.63845654085085
17.982305016559291 28.021935473647506
3.5503939079284379 3.9485369886480042
4.6241214753476463 29.558135280630662
22.097589209892107 29.205566148177585
7.2642423516181776 23.67326092718514
0.45566461686030285 25.646047158737804
1.0560603411989504 11.662105349124728
9.0056526256758609 28.264058555891516
18.742796831565062 15.016369562947171
0.32307920244186855 29.016724845178896
12.732945851826431 30.505924153469021
17.002688754879973 23.717870479205015
15.374049709873278 3.5847960473984926
1.1725070790335408 20.92998704177252
21.888825546174413 19.284110588482818
21.304091701148106 15.110091534455401
17.587719523761258 12.535287830161195
0.58671920769258512 31.192825956772921
18.035076700718708 22.250333264457304
12.65050679010117 15.894475252610928
20.35024914507407 22.87252206795991
22.45954808839905 14.274249844590921
6.118696900473493 14.883713005940812
29.539239914256299 7.473118182163371
14.507003544812429 4.2739608345520779
28.573376056338954 13.97202155920475
12.083839774679497 18.750845717771188
6.3873907888582684 7.2388230665955007
13.960359668606715 15.252567268434625
19.582835265272859 16.553956881501975
20.975234566947154 8.152629215937413
26.891890777322796 14.052352865132807
1.7289530625528766 10.16504340088659
9.9699908192692188 26.712562079745648
22.659778668413594 25.78861777358177
31.432783627441978 11.108354114947959
20.369176421657169 19.41780581526212
29.145646468085673 1.2921732013397236
27.942919847371087 16.265737964012892
21.996964046147731 23.956950434419443
18.33372454431915 12.676850617840634
25.09001833417846 15.974933344490529
13.414980138362063 1.7200444862276243
15.244363315823581 5.6508548702244124
5.1267169193378823 12.219770393636997
25.114973711230139 20.300026080073156
30.72459925085775 29.883958464026676
17.141528559606162 17.317829375301933
17.317945963330764 4.6407040029656317
25.660550163441243 13.182416093405195
1.2565956704604144 2.2216581775248372
26.986565068318676 7.8075157571212213
1.8354444041007172 24.047900515456927
20.092016535663799 6.0479649380105585
23.969894518172794 26.006965742453325
22.296096358184734 14.864443061776479
13.239787759655705 20.470214719757102
7.1891036547429765 4.5772363137183909
12.56253064882301 25.637468168282346
30.7316876589251 12.397024891458825
18.602177049235898 28.340874722694878
21.01704624795552 29.671583600030488
16.929385675388623 3.1474820737476441
23.714887088108071 3.4356705442936755
23.08414351876781 4.770255074480735
11.360799625141039 0.085918570418765911
25.332149864170098 26.157158106912828
28.045642388868828 20.83798871529471
25.494657423843911 26.778359673571003
15.793866947083604 8.7849735288926745
19.956371496853439 25.744436648440892
26.367127829660369 16.738358658761708
23.447917543812871 3.0848994454375287
7.2918034400667704 2.2677332536645731
18.363087716668577 19.317468546308653
24.880952398206848 12.244223240948852
11.622904880904537 13.659257145623565
5.0165908759818461 27.560674449799965
19.077254770403023 11.080670810343058
6.9727739279756591 6.9790039083912578
8.2515464310136633 3.3723280137433704
3.3061187658239892 6.4006687359900001
9.4984749580271082 3.3550509401666564
26.013316881457111 29.914424871561906
2.5280248718988596 14.568295051292344
25.583976391116884 4.4703330581511889
26.262021178085131 3.3970138470644224
11.651241405514876 24.274469182040679
28.031922335408087 2.1121560606927097
10.73502787391801 3.3103009079854564
26.815863424550127 2.1169737730842315
26.181069518878108 10.31269870829105
27.043459072012624 31.338332119642502
18.20642316631751 2.3966141760062589
17.806947361683797 19.705402655143914
30.548109283108747 23.512760661054752
13.374102765119456 27.888532277849087
7.6947646253160835 26.895792124525801
5.6625455368304136 3.4480912430236681
30.028903822700102 27.086570868237246
1.1313514644805349 27.284832777465748
26.466229722062824 25.730552172145096
12.56971010017428 4.9367603915758558
12.705865099325017 14.857978858413302
4.7855878475037628 26.713352383640178
5.7155575647207666 22.459960988129989
25.511007598168625 7.0557263565446995
2.5332487169963365 27.409671086937511
5.1932779493173857 1.5851683170137225
21.467367071737716 30.608752256619951
17.33721104276966 10.056766780917215
11.041987733628709 22.710685919292075
27.89476581377685 10.036035355411201
7.2804303317724077 2.1724576317223021
8.5373004188208128 5.1569204915527376
2.0700608365130484 29.733897560752879
10.178288274830633 28.062601935623487
15.119941929109688 1.9509664922171657
18.988881232559031 22.406151639600765
10.943663362499956 8.8577308911014292
15.510010102197825 13.002754173913161
7.7935786492791594 14.086378667096108
26.228617458830701 20.716478899495545
28.707729851273569 0.43222548104629055
22.04299592987298 20.905681657047246
0.72370080388815461 11.814242902551701
2.2610286428472719 23.42944564691151
0.10930159223510415 10.123818169716355
21.992418285326185 6.2119333359266307
25.35304998886091 21.118048946531534
15.906478908063878 29.784393408358785
8.3176431784832978 28.708907891679193
2.5119460724451512 12.416297269713827
7.2336015706571972 1.5442972579805003
12.682738976191011 4.4158487555455403
18.956742694402948 22.522098871194242
7.2467057504878705 18.540869913790218
30.427064781263944 29.45983621274166
4.8755050901740589 7.0819577820216146
11.386214241787487 31.180402142205487
11.066352693541395 3.4604998426806239
15.384550260455667 18.973526388280657
12.22554952937698 0.7624833864544448
19.523609552390063 6.4466418659109062
9.5056869336372163 22.093194316221211
4.7637407619679246 8.3220703659591404
18.377607988917035 3.6916478432612458
26.496818744993142 5.4546118379011039
5.0299270779445271 21.530537162935211
18.592126862918523 7.4402719789171297
6.7550429204549891 17.187706079874925
31.488071719996785 6.4623264079024265
6.3497085652887799 20.093657765890381
7.9515971157792933 25.646262339275779
29.169179754312999 24.780080446957818
9.0966415611526124 1.4091328444239102
2.5807799410863783 10.553789459713473
6.7944108941126888 28.82997022920339
12.086610794827793 18.872962010393483
7.548149485728274 11.898839190427664
13.173692430501093 19.887234036869831
15.60100505095537 7.2455424448917896
28.147829200077819 24.286729606344856
4.4698010209309453 9.3716154400659484
14.19464673034625 14.148878137755201
5.0469888507299707 29.117950621322368
23.021028122353496 4.4146661473437225
16.254083429720403 27.31163200703266
25.788858739721693 19.621762617844666
5.7319999473159626 6.2947089497415405
15.201384957231872 28.728356128390427
26.783053394155406 8.3308750607128328
23.776039248923823 8.6156383120370084
16.786971307890379 0.18600819556879625
21.143711012730634 27.230339877894501
10.004122245282403 29.813935095957223
22.90776959766173 29.719042946962144
3.6824716967819024 28.803369597495401
23.621059788385974 25.366330420244239
30.124497752717851 4.3338874046358233
24.201105603331644 7.7254139703151541
19.110913617972997 30.94547001251097
5.0364874113574274 23.958660015672375
25.245228480109407 1.1605790267371019
27.009772672163997 14.514597100976482
29.667331047726449 16.765552936780907
15.309571250620978 9.9870429857021996
7.5594202905663881 11.652815390157617
16.893286355507694 10.287721313147395
6.3007876896465955 30.494953139569745
24.534088381739878 2.0913156992526689
8.6045023108683409 10.275181494676225
20.771040123377585 2.0019030374832392
28.10074011882859 8.445930963211552
16.569009339709314 22.947784239281198
14.155257788713033 6.7485970146249121
18.714431413260087 4.1318521328857347
27.520669894818699 16.417414071673168
4.1632650085573566 29.368789510006884
21.321072211854869 3.8966734758259269
3.0035775747517732 28.408057778256712
31.256530576950375 4.1309079333362311
1.6311485323280006 21.190610722042035
8.9830200060098537 24.964295151371694
14.748715179516811 12.022023715538531
10.819795974936051 3.2100934795251574
30.786647708514725 23.286112713804872
3.4574044697541226 0.26877107720846011
8.5851061552338344 17.519765187566197
4.7015195300818089 12.554102785788173
6.8570608732620153 8.1530582246428693
1.6021603830639581 16.188986875353706
15.949899169008095 17.114002413400911
25.353001630940703 22.338659827970194
28.457486183182347 17.595925533570238
27.918849216573268 14.578469036219557
17.204928866562479 21.540027029699136
13.591485298702747 18.70256208035125
2.6921741149418206 13.59509886027209
16.245287345267499 29.509699282710169
0.7175970813340925 10.660217768902459
12.549789910782009 24.993843484202774
17.07747938014036 26.484198400574524
6.7763174369047974 9.3866315518700496
8.3121722569476191 16.45179263747486
5.0710531529198448 0.1297985615513762
2.1142567301073778 31.410964970045509
4.1623545914183397 7.3026379788809823
23.83047094558459 7.9990745374371555
24.345958972370187 4.8153920845409468
29.155462808764586 20.528826881587619
18.593822853576363 24.457360868939777
23.399486974651936 31.600573673870276
11.699792902623319 14.07531554694747
5.0588467338729535 26.334879787944349
22.277583949211962 16.771830241094563
23.372206125853044 16.473429041851912
17.225387227023447 17.196365466286359
8.7438376333712196 3.2479738078682145
25.963056891856731 3.7654196603631118
4.1275638587803014 16.578066365291331
17.57974483334316 15.720700653489397
14.710886167281464 27.863250160478447
25.136857979578366 28.198550359678404
12.057570833437897 25.688979727390922
15.077192175702859 14.42843101103376
17.625310293481654 11.135988181097668
17.236404068142814 1.3563869967727402
19.624898291667087 26.246466438267145
6.2282999896206075 10.136485815948344
23.098512622905503 21.977129560280968
28.932129218469772 29.764264999513724
4.754838685371527 20.820547601753546
20.778561609366839 12.337713658583398
23.282460728143239 28.723465160354529
21.018491234111199 31.143803433275345
16.237893007549623 19.655410962517127
27.741464644953886 11.056936856898256
6.9903641083996337 31.455586289820303
5.9438221246854255 28.848900279493375
22.578516607391464 16.618961405757069
13.687788783805505 4.8512215430897205
7.4717987154740184 31.026320288515446
10.998793368436536 10.428357801579972
27.114740224117241 22.808387297153722
24.350089207602721 18.923934922918093
17.949855477549779 7.031012281017686
3.4810576657026076 12.137068441765203
27.354493490528085 27.836817754155195
12.857525502329059 8.5304125930131427
29.730146984826355 20.250790960369873
12.913659641850741 13.67091743367887
26.512975394959231 19.296618418626327
31.261560127288821 20.050448262095536
3.5475001809346782 8.8067293150655406
14.136285400265031 11.176859452232819
28.112476689331316 8.6589296364404511
9.4987946193715374 16.561619908933444
21.708962063384689 21.241418700263313
1.8174497185036649 7.3417266917322603
6.111236425191068 8.4518895469604516
2.4272213972560968 18.545261460329179
21.289951297939002 1.6369024164572741
23.514981195659878 14.291177318998084
24.439732165035291 30.794344909937823
15.786655961230677 25.819745507249518
28.37688151392145 29.450781847995401
18.905094225515224 9.2999610344502859
19.137714396940829 1.1519980198366955
4.9707749168673878 23.860277349952465
4.1223813011138208 20.794301793265895
12.133103551747213 5.8613179738225103
8.2092655157121701 23.420715159615323
29.987126982848949 24.735836499850478
21.867644304825085 31.370460002064959
1.1878474846791871 19.048784510225037
22.343408831290251 26.656209136559458
5.8292508539671877 29.959739873303519
20.160420956373454 6.2961717244980111
0.89623155104819618 30.910045275121384
10.062094430778972 8.6487423476408427
13.584467172529589 9.787447230874875
12.792471539868519 23.016448999888265
27.521930235731485 14.483483501460661
14.668583557913566 28.989239382234
24.839934455858092 4.9244128536492893
29.113652839134616 22.67213170539836
27.766750400015621 26.538052937092157
12.279372677786268 16.411661703423331
14.913099991874798 11.937882856977748
26.353976575098837 2.3163660554946843
15.948917926684228 12.657178438568724
23.129266416324622 31.247071425166208
19.29210420234147 14.442710961002655
0.1434548897092095 8.0687739773813245
30.089263395307924 31.052775091501751
28.263037701009122 28.668960460600886
2.448973077355741 20.707388818189443
21.147628646741136 27.613340459936467
29.901276864512536 31.047656002460347
0.13203835500558669 19.344504979229356
11.512966921512122 29.589289951532457
24.49411174823782 1.962494309105594
8.186501448540632 21.306638666824846
19.683349387708205 20.733559372290472
11.022780749007692 10.277567072921389
8.9562539348122581 18.752134370046779
24.40626862725362 17.467147571943432
27.751215596459293 17.874005616565441
0.7405790001735304 29.675765551528567
15.431706841799286 15.380418468514591
13.543412172961503 18.913092744064176
29.550439327375081 16.06839756171172
25.87709817936139 24.068685533088171
16.78942117545342 27.571970521525341
17.04177708507423 6.6292875584912769
1.5088629232108608 5.5763781932715162
8.3630575892115058 7.8839238209156308
25.290882887012799 24.493227505868198
19.258818128658348 24.264424318539437
23.140450661481516 28.022451054704309
23.089930231937309 31.03949036042442
2.1021227764517443 16.000293376551895
20.499515573508546 18.422937981401112
29.33464766111376 8.1147978420638776
21.258580394714546 13.193324055057694
20.334163268799163 9.4520185281653113
5.6645052392048223 3.8830318963143888
20.702483704965061 0.72046184547762149
5.3235914886585292 18.334790282005283
19.675406734266083 29.611393314386202
10.664175959610413 29.686383760220842
17.282654563205078 29.540993193751525
24.674211678246802 9.4920699802054695
2.8264378223313855 16.866406816668427
29.525328046866711 26.676705940588988
31.399222424216237 27.708024979360221
19.840505751269465 16.092385764084131
12.480049053367246 17.914908925477086
14.81924950110592 0.86782832666212051
18.439135302176162 13.43245854323702
15.177931947221703 24.184597640432955
19.95718827959881 23.687363743166284
22.755601438427355 8.6047287790680098
19.911968657402038 27.880500039697083
9.4500197127291141 7.4916471379085143
29.381880597366624 18.580385034065127
1.1698635381551736 8.2015734496696719
25.538566033004912 27.450552108602196
11.635245098218405 23.756241034365896
28.959926127612466 7.2169193643837541
9.8101643879041482 1.4220084260193846
0.6336086090193338 16.745742611444442
8.4160241100814606 27.967510909914438
22.237056915463199 8.8550978831212266
31.195367133445011 14.415900715098658
9.0803361223804124 6.5499253726990503
13.834980629164948 29.637560564829048
7.2757493475272472 23.144736453534371
2.8415679522822979 7.4147513051840699
0.44822346869880175 1.5382727820895574
11.05297595119626 18.295268003885717
3.9691751795704535 8.2785620115061658
25.893544571010022 11.538975972800737
22.692961892275299 12.100362448200389
9.8508621477632516 23.78315688969295
16.930053464234401 26.136740030884951
9.3235697532976207 26.707601944795666
0.83103109857919844 8.720605987100031
13.245589551014767 9.3215713754706027
1.6828452990070246 15.016688415178834
7.0385094230337346 11.263192138558674
17.244590538857643 8.4411398693050561
15.223726753160804 4.4173822861974408
4.4030472252111368 14.164579589539381
27.046711881742304 26.34836249954051
4.4591827133099633 14.325335927915402
14.285801992631342 3.1607264098456249
16.612096588723809 21.026811392873512
15.793226019847749 28.735013869360202
18.514959844885333 23.711758693927962
15.096514186502739 9.6556263701819933
13.220709515835262 13.379353012230654
26.750724685896863 2.7266832643038765
16.865017048879498 25.045728817897981
22.205528433257218 28.093619139781552
3.957036251494126 10.6541874468359
19.043549955885585 21.403058781213776
31.601359789131351 15.31149039256599
5.280037776118399 17.3941540557907
19.413668026091607 0.24980069949104597
20.275018382546317 13.354512907946408
2.9864353888054525 18.439614754518555
2.3319959696188315 4.0904254408660856
15.676968303304601 2.7218209661774546
7.4499641396663234 5.7627431144493304
14.964272186729518 5.8175368396977731
21.963790862101451 3.8242511116900046
0.50781279914328337 6.1506802869807995
30.733220379978583 19.13944092043366
27.485555321668972 21.520972305489583
19.48177512104585 12.279971929963972
2.2443389876060662 17.439284237602848
12.959302739258439 0.32097848271612839
19.360168390854977 2.3907866410957417
20.809168872710519 21.838510944318916
29.424285744958613 12.178010415164506
15.121097830724146 17.261231925425967
4.6792137107827081 19.865074302744649
0.63900660824185718 25.081211781785534
19.183184160982346 15.200844177261867
11.189779936558171 20.631806490253098
12.53838931446402 3.8890882588743851
18.002926864131087 28.0033206263737
9.5079390572187972 23.743921915328386
28.856527855452835 5.3325599034222098
9.6943554622928847 1.57493833001471
15.322744463784465 21.787623137459292
20.985906421648536 26.846417185413475
21.560771846814667 24.746625549372592
30.725700564237549 2.9540667362827295
0.496163123101027 14.449567293480877
3.20920054363908 21.891486527960915
11.27676970718921 13.615575698582273
29.684398192351541 22.258113463801369
22.909182867166088 11.214108859962218
13.093507601981413 21.576038017231173
12.585501977473209 26.965478682182159
24.122177841383248 6.5735742586512673
1.4101798250745348 26.349469270337824
11.604982946843641 11.980824656379559
23.614501294519961 20.609604487817641
27.966946405989759 4.9641281468256233
5.3878385300180138 5.8226049202051655
16.819784454064926 10.656866489938146
30.937085300132626 13.815070894375159
2.0553945783467333 28.830050459631057
23.30154270743164 26.489853063195252
1.7056799148921884 19.688258384168368
30.266365333829121 20.151668876306669
24.211966703096788 29.893029398493891
1.193730332313943 3.1735923653115248
5.3370944080836056 6.2806186921894138
14.303026847647965 0.64831326251633414
3.9700069955102641 19.284918447808277
10.523109938551189 25.773158319806814
20.11450911797235 10.233445665767672
5.7200746769439883 10.214084904905334
18.340889919009282 30.226524026927343
3.248331986315709 30.586910583803672
23.723797736667851 25.371331037806037
30.887754065106023 1.5554431370909119
18.765597682426161 26.146248667904487
21.773415222328907 19.2402610434515
26.879636466345332 18.18395788284154
16.561142785457072 1.1638573645536554
30.764860938392051 7.8616706097945022
0.9684794552199012 27.927832908089066
27.768031051661325 3.6914744331134459
2.2965426713047385 23.651189274167507
27.555679218979556 5.7347807008094733
2.3495309458034579 25.517556702189076
23.413595840419664 17.379168382715452
12.612252153096128 7.7979079633007959
5.8854284909082324 26.572297574246285
9.7502682198480901 4.5998331782013331
15.762716369464416 7.7032609108012551
3.4818599891039494 19.239666548874297
7.4684991600516755 26.602862867196553
21.744263216482786 10.55443244107807
18.318450477032098 12.248271002101971
17.126779573272991 23.838882436141205
7.9313585082671993 2.5653380530319696
10.410968641123089 1.8613606366395481
6.3202201744434898 24.866915949937784
24.527393239160961 28.722114923247478
30.329265784058926 28.020517201986419
20.289657569311128 4.1588291645914559
0.4426054531979472 13.039569165082584
15.366497902813927 17.408831062186177
3.7427508260804179 2.7086532567776938
30.801456594931803 2.6739331077517803
11.725743766512791 21.705606855262666
30.288616800398554 4.3217851157746718
31.45116274852866 23.346740103679938
8.4023833688091436 30.299510702542424
25.176549625638998 17.917779919559234
1.0934531482938499 23.844917684190662
14.679103176502975 21.713803874434362
6.0868427006678436 15.144543556228351
8.9895824669732036 5.918795514614807
22.691374638653212 7.8171965125409573
29.362777514378561 26.032248943866044
14.837147598394232 22.58671710968504
14.76877757951528 26.694633917745325
23.159679108050572 27.697795442249735
13.877771007144521 31.461689167582207
1.1487432495445129 4.0250069975183704
6.0373937442712116 10.501696549346136
21.280583696401809 9.8046028354248342
28.6248939037913 12.443287430664803
4.9055023689047514 14.817057985548676
4.195902466616535 31.460340273699885
22.016836854031741 18.445796925131148
3.9972614459464424 17.044699692765452
29.701802068942481 6.2504386071679212
13.450609956307186 22.334894431003764
23.907692348644556 20.272556145389171
26.369085502261317 1.3087695919705074
23.466200445160123 20.060477385904615
10.299539108773772 13.893277955395698
30.756251474517644 10.697217551380392
1.3974885337478529 28.319241949074581
2.1179866500148083 4.5104409844949087
1.3004944258714595 23.027310639666471
14.253854049060999 20.058013772267465
29.755496189869501 1.4680935088732912
19.908530407015611 17.612802485949192
13.410264889922948 12.386321037715316
29.086995960783391 24.268798056954246
12.317556341076759 22.228778327935153
29.121089079636167 31.435007133054928
20.836733540030927 7.5017968500305825
19.478188424737919 2.8633372859572086
25.532725783359862 5.582439924712892
1.9644663671794009 8.4271039030994181
10.213742796005667 21.275647819466059
4.2521073541143544 22.121518081540263
3.8710989152788917 19.393017066932625
6.3972982974214148 27.646008934075084
6.4014486360939671 4.0128893472791205
6.7426741192297213 19.708734271676512
9.8131224875929934 14.159920241026981
29.137235536156183 10.231363002248612
8.2117302989456267 8.2076985164104883
0.31641684558679606 21.984421929751683
5.3803786801941147 2.5905355499690534
31.414477425693441 6.0469735408019076
25.754948291412717 15.214138780122534
7.9270909133922789 6.5215590606803353
22.62106453794317 10.238901410315
23.537140365385437 17.294812646078217
9.1368853610106324 15.099183189062472
29.789267408960157 29.65353526648066
8.2310804258752519 8.7270109057350158
26.805710763289476 24.520252774517115
9.8089744639257628 27.572776036225715
26.452512092081829 19.503799392113024
30.120769972527736 8.9469499001643324
9.3171041791400508 10.47870456135894
12.565938688120353 6.1126953891901978
10.985133664188002 10.088852833027508
28.08035536416514 27.563724859112007
10.795803979647147 18.450020947503116
25.254449805298513 13.31140747364101
4.4937972374172279 5.329845193416122
21.646245243642653 16.551849729606523
12.170975080449555 1.4599760213094268
16.474464862871443 13.579997994074805
15.519755125949985 10.351049722791174
0.85784719472153814 1.0958467537770888
10.378466488985737 11.973558712468245
27.682216288495795 16.574095606086718
24.590579611992105 6.4783426536132929
13.257026971459085 8.1249635164272931
18.723400893380148 8.9843844343541548
0.84571399391681046 3.4926373856388184
3.7780270248996302 23.089001115158283
24.830678588564915 31.271306819687549
21.447626559484799 11.833406267609044
27.729968791955155 11.878243391535198
14.208974445686028 8.0086992645505717
13.152871141585754 23.813898442151871
31.530361151564936 6.0211672110280006
21.448882142956798 25.660741418376482
22.753883275120415 13.33183216469156
26.723279838203172 7.231577324841763
11.406775756280124 29.128274038669502
31.431272069233856 0.4739794138436691
22.443487310139222 23.421241115333711
1.4428511839753237 9.7841875061063401
16.046736103051451 8.0069368541627366
8.5888685643419524 18.775848492827755
7.912165382588717 16.568877518392412
26.055673780216463 21.851403493612057
20.497350442523043 28.283532582166085
10.460439255441672 5.074787276839289
27.374143812263345 6.5358029839631762
10.704428527730952 25.056697031846223
18.246147685611867 30.49495643378911
20.101362547485742 23.46893946304813
15.558546666987185 30.653460758934511
16.803523472102516 12.286340952759854
11.024495736122317 17.560444987410456
13.506754794379303 10.945611648528308
2.5735439296683862 6.8156131188608367
28.165171972588315 19.398991115136081
24.007372958226025 10.192245456312181
9.7129069659907614 22.303135108159562
28.762690097068177 9.7649777338753321
21.63201414341146 0.79221425533975665
6.6750716950679019 29.825055616665299
23.102318420146705 19.139032782412315
19.814759896882521 20.634463381954536
25.546992361666039 17.547205085440556
29.55724457619872 13.176028971435548
25.096757584568689 9.0333340856778364
11.922890120678616 3.1417197844077154
3.5525690480777938 10.404064131134993
0.74130215365398189 21.638169200177412
14.05278468540422 30.34785178194354
26.521023950572335 16.574921428093155
8.1548177198273244 20.06389585463976
30.642007151148103 0.18221303636998537
27.68428045954391 30.444944732458463
16.694086418886826 15.682727838491131
28.21794377572121 4.6741689542784721
7.9877874163933029 29.485792691886015
28.422583506700292 18.465571284904794
6.8768069619434806 25.962455591759834
21.391016356097456 15.791540535360456
2.8899067818700179 22.964178375267135
2.3289315024120278 26.767877663205237
25.597206098312832 27.692053248533675
11.055802624979759 8.3801921123722121
27.285118185290667 9.2434144314165891
24.99061652153436 0.72438702931086918
21.554089697685384 5.4692564182094392
14.130317586615481 6.2051976621208293
16.401728641909244 27.20358957136343
11.477656311603848 7.4524233896317327
18.724383281071372 28.710546972612853
29.621659442059229 22.408862730978544
9.4740659614023688 7.7280263121728989
23.983793621485123 10.890020567137393
24.643444435401651 26.877349727801821
3.4525459253500537 31.048708251660141
13.136058874405428 30.547836106038602
9.4392794021559716 25.390722628599377
20.029548270353349 4.3978985880158543
7.3723922917950038 5.5782373614578642
28.304082433301581 23.163617965363549
2.3861564974521343 20.983488759992436
4.7393076662922518 24.326085513685726
3.0180768005772385 29.840190764493297
25.478067489360992 6.7692484285325474
2.8691102636134844 13.965301553953617
24.533830738954801 15.216942210954306
22.218764442263204 12.032998285151622
21.483433451051312 4.0130379944389682
3.7347672058330526 4.2378660019253012
9.3216663413109817 25.002663519628445
29.074398238768993 12.635396988095916
23.417316456858032 23.889278258498241
6.2745112404063645 8.3541161688171428
7.9467926214376421 14.420450728829048
20.129774781462896 30.222355471770367
19.106411708227441 8.4745778298575782
14.087178333840034 23.189240761177032
0.48668275625618096 26.308668118809809
18.127593471607359 9.9977284188721534
9.9118573667532974 11.844408739717107
17.343693919845222 29.603339366133895
28.640541746030596 21.24505454601039
15.594379820735403 14.740712911069068
26.877471448147919 12.381772537864089
17.597046599705813 21.654068086662246
29.374247643198043 6.9805386025965142
7.8888564564085577 25.498690811510329
5.5064692731843286 16.316209487211975
30.187662834579303 21.415701587369451
5.3971065004100982 31.185231106973642
30.749101871295167 27.515952371185783
8.3186128478162811 10.00798801800204
15.931435982452843 15.756761881811506
13.717401372561771 3.8301351396702472
23.898398246200152 18.822790759447528
19.993854553409282 28.731526099637108
27.75982654729588 6.4608760296469896
14.567933659289713 2.3062328547565834
20.639662613192016 17.824293181826043
8.7454961107719189 0.36828595300731987
25.941317796995289 10.321271590695401
12.740030231593337 10.669613664829209
8.1491444026717161 15.536578719641108
30.106129578976908 10.349914364889996
10.132365114272655 9.2538349207125172
18.545630583891054 17.624680685435109
24.505885397989363 12.332548361431536
27.469959210991419 12.29066838888021
30.230016163846763 17.106690466153768
14.972614276189628 8.791179726813807
