12.236685956786303 19.742426664727709
2.462325792351264 17.760252796608565
3.4719910033311105 18.142660999620588
22.507658973338454 4.8183541969616988
5.0777355528774217 14.598523542230573
29.729083351025547 28.491449614337728
23.602209267293606 3.6925167723947894
9.3476294887884936 15.644920198864158
22.210088019418642 13.128365363049245
5.8607896542619615 26.700670820396279
12.268603969362108 30.699195018337061
12.445442570241378 18.209164773914228
25.280051881094121 26.605989662826609
2.8465209195827561 2.4587909124814864
8.2089471976298292 29.262247351153292
6.7244554602597413 19.813741683721513
19.811020557796272 19.713720778112076
8.9136887477945574 27.809587832105585
25.874092681938816 17.542483036796433
22.710130025453836 7.4479288652335516
4.6330748297442099 3.0804112534356847
30.85142479259526 7.5615553083598801
21.07689515281978 18.193036969232214
8.137863190223193 7.8458065170685272
1.9518771392540517 1.0611583424766065
0.34928589306203717 17.629932593701859
25.604193179549654 18.848543112521526
6.1787472922424005 15.371095051684074
16.493127721734322 11.379971469886422
26.488221694909154 8.0900237368577788
7.0097781476316818 4.6425890609410221
10.254390454665936 8.6001514250480842
16.764815713461669 23.11850933688924
13.535990767594097 29.232058203431812
26.807333680585284 20.995281745262258
0.85816951967729382 17.46537960680357
25.378299159135121 16.400008068636151
1.9017155027831447 8.5969268342311977
30.278194907820307 0.33541206620626035
9.4995421261151094 10.372673002694469
23.338449261010734 27.651426803621845
24.534075188419056 1.660178099191896
17.830632286170783 18.617863653824369
11.547186643258541 12.631056968358186
10.757123651202971 22.046294692089781
9.5281030524820025 20.260201346851861
14.408306202455101 11.77585905258557
26.228214935712352 24.85055736383417
23.761505821946191 19.935822423106142
18.320373289505543 18.405581269440567
23.122065880873585 22.579055228652567
10.622417230222833 24.487445101106747
4.3580233892519011 8.5718799927538054
14.163537125866634 30.881561756201432
21.709260334628922 17.356451569314515
4.3853842305234965 27.848025708300078
3.5321961823810688 5.1842573704303714
14.521889725426611 1.3862732369410751
21.503092225392205 2.4979375538727426
0.78506086997559832 19.202239218877143
15.897531232995526 10.290218765034622
11.945273315771692 6.2119047998069945
13.524244432438982 29.857703844690221
23.546661636377838 15.166968557016975
27.486421218552771 19.051708741764354
9.0051025788924424 16.224073297525301
1.5104774618181342 0.97559658986024433
0.58310750379076759 19.03344324459686
16.218486172599331 27.485226655675842
2.8596881131167904 24.128507837925973
20.855570461147042 4.3998062229383876
15.199155516640737 5.2562354499279715
18.54522871287487 12.051626162830759
10.206289036773592 14.550894271787024
10.880152490497492 19.754452742408183
12.286116863168987 10.617693931939316
16.804848689440881 12.492572745046633
24.200432233852915 8.5564916305671677
29.55194639577325 5.9782366630183041
0.32887975460837759 1.6105172833104566
31.183018653535193 22.034384779453646
15.354987888649774 20.473216945521084
25.313305052160928 9.9271037541091456
27.277616320742261 10.395576386509447
15.066178792891639 29.887158856722635
29.594207679914177 12.614241850941436
22.929578624041554 6.9709707617509533
2.2910299568398385 16.481196428750451
19.886698587783499 27.044518171503288
14.603174877656008 10.96893957224604
18.439834003275372 20.774995964013218
12.454308555361827 7.0558226009544702
19.126843955212728 29.765488381471268
8.1396644774577727 10.20773585321901
7.0889216850409023 20.280311474880335
18.33787204467296 2.0473191973379121
4.0262661059240461 15.090029174873806
14.51715628267706 20.35377676040731
30.672766167221489 29.671149898038113
2.8832837213305162 3.9519388930592037
27.459454186754847 14.731729128957456
6.9204380316456779 19.159465027645997
4.1010696169733292 0.67668457198322052
18.956838886964704 21.755235469650877
1.8963758148330325 23.065653921051048
20.26524942297743 1.3513101597848414
28.065686896788488 22.487276253875706
26.439044184916288 7.6845099962185319
25.943108279168698 30.070374612792175
26.85566851649936 30.728044339247049
20.597345059401455 7.1239219184848279
0.75458735890539141 12.559905775682051
5.3825070292469084 5.3233658159680743
13.009877496544547 24.524387324675963
29.657655600895929 18.762554944948388
28.263654144342194 3.8778842731175742
13.937631511797447 13.935473105047496
8.4921904251553215 25.020959000112221
12.513332462554398 31.40999478049692
6.9295789745469492 24.608071147068191
6.7527213975507054 23.855691332914731
20.505769091567835 18.052546343482852
14.158149908491163 2.6386486021764215
26.73378219440059 29.506566440556725
11.803252866514899 28.922691156873778
11.960402246658667 3.9865927776624264
20.823122086031884 3.1044827811863573
27.159806394479691 25.605827291292368
15.270373100730408 21.638136116176291
29.514741940853614 15.574812058130679
27.294141754710342 15.674582986272663
11.297527443299503 21.58832856277726
27.184035299569114 19.02765334943545
16.281646941428974 7.7010303338598751
11.654035494125221 25.892655443134636
9.2656997492326099 5.8708374581471165
9.0692340168890251 11.086739238116355
0.65543332282992384 29.963839666288997
23.785533566129686 10.765230591627729
16.057599570419654 7.8524032522950726
9.1227003920481824 18.879359366508687
17.796164206687248 29.454836013019747
20.251196502536544 11.06333852567785
22.832192266676845 0.88714954213795016
16.381431528592941 9.8857982906479194
0.46088704545483561 3.2177925939207963
6.9183184833708262 27.40317437912481
30.784068953609768 5.5012360601074901
1.570496483923723 25.889001612425446
19.735797466841952 23.037461995202253
2.5081220805137301 0.98776649360985969
4.1735464206613182 27.177864195664302
26.325239937049297 24.059309263908055
18.794739045645837 6.8724014468357542
31.546378004798605 25.152454412673411
4.3738619156830749 12.085935489461239
1.9824007381734696 29.386795001788489
31.491770929548007 2.3409417405464565
17.790544401985382 14.780261321906815
28.265877503272147 14.885459810734972
30.548786335734064 18.637824524592542
5.5819871875130058 22.321405291288713
20.547946684187227 21.607874744867225
9.7415156403411718 17.572410028452584
29.643155689555019 28.832518313199156
7.6672839560489603 8.9908258990363432
27.044330651828052 3.5352085798926063
6.52885845526297 25.206233044796928
21.745692433258967 20.063909739927571
10.169696723409325 9.0871733533299714
8.7671840334245807 7.6660416941152469
25.968718368681689 25.476698081979848
10.880599252456989 28.633234043241632
19.720824412792716 15.436990606582935
5.3266228440733538 12.622654846544973
13.43470431720257 13.938959446089747
12.954116448192288 26.920056520135695
4.073928210785267 25.655105269209276
13.051343263287924 11.888580132427299
16.728087112826739 6.7655027241319043
8.7506093602490935 23.965313478853137
26.723043254686523 20.603335187508364
15.729785894633224 0.57483998996551733
25.059903642512612 29.194142805505614
6.4111287994734596 29.590830035650473
6.7676278896655875 6.459235307950566
27.068733892713258 2.4345085068097605
28.469075796907276 22.159626085565776
12.124457188740541 30.929991064595129
14.391358333393761 2.8655555437953111
4.5255630658532517 1.4870971800403441
26.835992664236816 1.2121231664769685
7.5088952373570894 14.117129999546073
24.337088354875778 16.815252864872679
28.611723998446163 26.759854423860631
19.678295328429101 1.2532950496215478
4.3769254515549978 10.424679678247093
18.008350318162123 18.863610381664845
21.223230301381793 19.679545140986502
4.5966777481118575 10.058145179427878
23.634127436338524 14.040792672468628
10.502419323430937 0.16240083460136964
22.805492858457598 2.7218649541376831
27.612608096328334 12.615484018623919
9.9893093333435772 13.596072922102357
12.759672555868255 13.582494772677087
14.283297453783595 9.0394748980087911
25.021548185380819 7.3949051301377935
29.16547470292441 21.527575521036379
7.1519791497491152 5.9073416796050777
17.718086737756945 6.8843946604541948
29.866744962361569 21.042395880699914
4.5015124306217178 22.824729908527644
4.3220422910978611 26.680336563337981
28.545722646664455 9.0452596813028237
25.660908441241592 20.399147883570262
27.066627173117702 16.16933961951819
8.7675247977586199 31.040018545894856
5.4926146283743407 2.1562423524046408
6.0805730873462354 16.00290580905979
28.559805523182128 0.21782364064179671
14.613588791417135 24.50201425532067
25.767952959527118 20.992304596625576
2.6917472730075587 23.69054734303942
6.6678663101239222 8.0146667985307882
30.416885776811636 31.192568654775837
0.18311532240619205 13.284297156861012
23.689211251821135 20.680795097868753
15.222291651072771 16.816499413428037
4.394160290899177 16.60401226773627
12.939020572635382 7.5250797633224273
6.1567850435385605 15.23020241675094
22.079896056583806 11.281861423110367
7.1686495137591519 10.211055189072807
0.022515807610550647 1.6012115592199825
25.60834736683038 4.1797433830608766
20.376637486025153 18.711221914204792
20.272620937547835 6.2011381911191377
30.254580829624519 15.953903020673938
3.5394043293045665 3.5547969741226777
26.856145603373545 22.763443017448999
22.598764229141874 31.108498761563826
24.287511305612167 8.4688842427630213
17.844343652897553 7.2260550684509219
3.5526998382364567 20.362333297377575
14.243276661856122 26.076108056863365
25.50844704810455 17.500293338151653
30.776875576997618 15.596711311202386
4.6454122412631857 20.578584069860099
22.817613796701721 22.423445459269917
15.677635258351348 29.596639213616651
30.940921573802157 14.761340156879379
3.6295537760932444 6.5474830045152039
24.571971684249498 12.522097621229207
19.859820695057415 5.0622416114715909
13.693063900073652 28.782230399863053
26.964543080586449 13.605345251509627
4.9396473106743652 29.822753902214867
18.924233250898222 11.175268670480373
2.1210670357936592 6.6429853528465079
25.309397918499414 0.5264670988800173
14.002041376787806 10.275547966946972
3.564676590885723 18.108402441195668
8.3586989962367806 10.82863695854779
18.110380128660395 22.297414548770501
16.163772601032782 25.260446412523507
3.6840313157176503 7.2979106475249438
12.547524541064803 12.590003598798608
19.312915373947355 26.20836694301796
20.79261074147184 15.186005127164085
28.445632677755562 13.960397264031332
9.0470380838376006 6.8981450546273981
8.9059297075105341 2.6651289450991276
29.990592827786173 10.236710910835615
9.5605657040971348 1.9721449301114531
9.9641403628502321 25.733805478885667
24.022527243765378 5.3637326632987055
13.425045842726641 7.715830011712419
17.745453252659981 24.65097124499211
5.77659544863499 10.59866338961508
2.9499241932522291 10.355222387982392
6.1364894688108436 22.275132231934464
25.098231032115862 10.776609017918728
8.6053351198738302 8.77228780675871
17.221387914192672 0.12887882979450846
2.7851871742394398 25.080475885011769
25.512717763111713 17.287405576804286
4.3230529790161452 23.794740524845039
23.213017763139412 15.535760696606777
19.075868565289561 9.2678658860346772
22.582175040311906 23.933091520200442
1.233808002296273 10.601413555206323
15.555070621874682 18.713211350357604
28.470494507881 6.7010149769068681
1.6933380063366412 8.5148447224767736
13.945887974056038 18.220891941773861
12.206660820937374 15.791302362780632
0.6923085425644494 26.732170793281597
21.649581103655233 3.7524193682549938
16.813861460846788 22.188790813510185
30.661581657048004 20.697373254180537
21.028949917905607 22.251001849819399
11.937628908144596 28.488321183699004
26.862795849551024 27.955395692844231
25.235910903830476 24.278914413963356
1.4759179334454053 1.2814396823712553
15.455640234511273 4.1130919462164997
9.5633070981927837 6.670815745503142
17.873077883416528 25.498070356893255
30.496487394230282 12.328676412447729
22.534007593673518 4.489551388117107
5.2860996524395176 4.1282352017789625
22.68249118441085 28.699480272864935
13.71612785431614 19.502740439929013
1.9457294206687705 14.367646435334949
11.906961592117559 2.680417329435969
12.579769709581372 2.0038786474651116
7.9386689792528085 18.306086020002166
27.515700320814062 5.440619074300165
17.345921142840321 14.785128667049243
31.513006981314327 28.347885243264258
0.53255139655536876 12.978278063992157
31.575200215061216 26.259253892299959
23.946301378109194 24.767457055920016
12.361006240424203 16.971580156995106
22.87041297482973 20.321904089808854
26.262498588934083 10.361089517584167
23.803943512766708 29.239311356975627
11.269325806305764 19.412693342780379
1.883170130443238 20.109464353982013
5.6452569193593582 29.152676907568207
18.429915635998817 15.83938014371506
23.899254529803844 21.544001177429053
30.073344662984454 18.201367988602367
10.509600607958747 26.943486228933875
30.081310416545616 2.6738483701997917
22.212509556451575 12.039801311486269
28.453893116406608 16.900898960661614
8.2345753359938243 3.9901095439893339
11.362139081411398 8.5979205406801444
22.399282812476212 5.9814128730005027
21.210595631756252 24.179910113819744
25.991145241215804 3.016876397844638
30.495323481739824 29.93696681604418
20.012074109722541 6.6411700876807931
20.102561197865555 22.010809282575448
19.875119085099492 23.208622102524824
21.986996086439401 22.38506811447208
21.605930777729679 13.000447139999926
25.384462264712731 15.00119220066753
13.439478539618051 14.642521563423585
10.294225919532566 30.773411706403994
27.152555655467015 23.985404236252585
11.702019818243642 5.1422188509722728
17.028613509918909 19.874000437456356
29.666917041063474 10.933616572948193
6.454482686163816 28.277619147609606
16.749265119594387 27.006310405618446
18.794238537677927 16.452209864446999
14.610197005402901 6.0635102712353843
19.998538984974292 13.40537023397887
6.1705017882607525 21.534859235219006
27.718779975066074 31.372254431174646
11.146579341859377 4.2592439969767177
26.809195522011844 21.865521359312009
22.353229138049361 25.851245730511557
6.4128479238052334 12.62590832643799
16.374922286308443 13.216474092181173
12.269401284692794 1.9868938173643664
9.1563232560428567 29.037897129836921
9.99005301346841 5.6451092372800167
5.1953593263258773 18.543711975425772
7.0820746028194153 12.285401027510693
3.1343815628009679 13.067654089010682
22.802142274399245 1.2446687493927073
27.65846624413626 17.088671264919565
31.45776004436301 19.152553001944572
5.9405510097328174 7.17427158080966
18.57770160087108 4.8740018861805394
11.561399518252919 27.602212381144323
16.28084753935109 1.9985706500043265
4.4762378188039982 28.487749662850788
7.8657488896847765 29.511039039329699
2.6602288299872638 2.8093083247427715
22.186882126232447 15.875989473196563
1.8483185014452617 11.827719259257059
22.053667761957261 25.704505235890224
30.409850464395067 21.301769715609737
30.33373566208958 26.174239136035499
2.7310568055034627 22.209748076315357
3.3024723737036243 29.27023995857099
5.8160137844204129 19.659709243594733
26.848472343970176 8.8005227791105956
17.372024900913832 5.8016338748033505
9.0973673914419422 19.657750486616354
0.36287037225478663 31.372540413996152
27.241780246520015 4.2661439878134297
28.743453028372997 31.074153172206156
7.0173257597873873 0.39097361983602158
7.8046248828266833 6.7091472492682538
0.44388810019493313 27.872282063295795
22.370723218804862 30.123301926236802
16.728629697664349 30.855725344280547
26.471540388998019 27.283127743240644
13.079845442601194 8.69746638480866
8.0038439702980249 23.83099291315898
10.332342335830987 5.9044685682765481
20.855659674589877 29.462842275021309
21.890600664632853 12.880064448594803
7.6697618247368062 22.006593946502992
10.077347281508194 18.85223758767135
12.211275589835008 14.398021493057215
1.3356747413802135 24.610235669406897
22.036090712578336 10.387236166039211
4.3471094127454748 16.483890815823319
5.3122168353716956 13.151484211583009
10.954391697684336 8.630971397706757
19.665439440844882 14.017888081940768
21.733744971843091 23.677252899728174
15.887487331620513 28.642334084027929
12.185335380844945 22.190198010937124
9.412749124238708 21.177473471999178
21.928947609989265 9.4897240349716565
24.830620931869678 8.3628432206748311
0.25836512111740301 7.2115085233543379
24.021919863494293 24.101657835989151
25.659041259598514 2.6749572704534264
19.081681161798201 13.295917399821642
0.7411214460663863 23.864663503965311
0.57094317094240954 20.382658744639173
2.2289859864619297 18.508457429666979
19.458223896119321 31.474694766317651
6.3453923750880437 22.908476412957146
2.0948451463615969 14.349746749207734
28.748518908192995 9.304763247444539
24.327672705001802 11.761782795958229
31.325922999167869 10.593958816039757
27.063915732049509 6.8366202901647277
8.8703278906155703 31.444562261348555
4.4420530394786484 2.7918105309090961
31.102439512462126 8.6449639989861335
9.9349033631537012 12.404323601045471
2.6681228973462141 15.827829141659304
13.586152282269593 17.256069673990179
24.753655331144014 31.426123488938273
23.7552825779944 18.673190835332658
17.187761058991967 11.71639636822459
20.681794947170005 29.617507049464493
19.835922461646565 3.0415391055567014
8.0098674615296002 17.432638299451192
28.969867560443824 13.527005987662744
4.4569713702613338 27.796080485287082
25.179829381269119 28.516335375009263
7.6481934241028275 17.788736545058775
1.873168420333603 26.344492840910441
11.065572130932418 12.72229598214947
24.215843223020503 5.914249850900168
26.259178954194624 18.948643469490353
15.831969350451342 23.978668171741717
11.861717212863923 1.0642168457928018
13.508546072197095 21.034609880742845
28.66651246891627 5.9013215857902361
21.306953526094837 9.0622605047584059
18.467056177556984 3.3096596612576636
4.3137920438722324 10.571218541668765
8.0574490403316066 25.915164931384506
26.653812728971449 31.171908790027878
28.184831164376686 29.542838562931792
28.478989623329152 11.345266252291557
2.7272928090480151 19.263674343456731
3.9344022917147474 8.3160769696471259
10.278598014362167 23.626702508448595
10.792640634942408 11.258760279012151
8.4869133744013752 2.250413271484947
6.4558358208177706 3.061367352850465
7.4276235540028752 30.759938522300889
2.2500742689500082 11.346611632910609
19.863567256575021 2.7231352248425074
0.68391038815278882 11.608983280918657
18.31335241503718 20.660962848044345
11.600293922400425 13.957226868568469
21.369212761641851 1.3071953737165691
9.6854489384886957 8.4238487984702974
28.349533049244126 12.329112011443124
19.868261964781091 5.14583110757808
3.0713393347699363 21.250477999544351
0.25857592477836339 7.0851126569137772
0.61542041618743015 6.7549644843004826
16.604883114091699 25.721234617048342
14.411135801233801 15.286278903309945
2.8755467883223975 11.528427951306911
5.7398710312387387 4.2848639160133741
11.39114744661272 18.16286342005948
7.7525316041902785 19.789541901640334
5.2122506371361181 18.262545310834042
28.390330278481034 11.114743723518497
17.546288157271196 23.419620558327008
26.05028419209615 14.577748235392178
13.261097906237556 28.607851222272078
23.528990700134713 10.297177810121436
5.1494737054120243 25.652659853621241
14.444262211092274 15.632677402042241
15.616810625266298 18.92799528796133
23.343447765382287 27.304880832575854
2.3717296904542167 28.86988980871687
28.338913515817591 17.589468728457479
3.796788764257562 25.562900535677148
4.1212972343080168 24.710745519755541
18.278158346802449 4.5916121640837746
28.881190792249956 1.3798931117692543
3.3832279016993141 20.445639527265094
16.299965737331792 14.066857023066941
9.025328306615318 25.677329787561227
19.790905786946887 11.5194200375122
23.125548841281034 8.8123617399167067
5.3763013340325756 13.725114264382325
3.6292664409608379 15.408198869415408
8.4720541313109976 31.219111092536053
24.69694298743044 26.879675920860819
13.15885575461923 18.719786234845415
11.482438758110982 20.283659881272726
21.14371549228639 31.008924993069087
5.2594692167631498 23.457315033569355
1.7927978672823448 31.087451325239112
10.832752341114402 17.755177620893679
0.29089199247985781 17.122715108221101
13.790922441882616 3.0132273471252504
24.412750827719421 30.98265083537401
30.686061871510972 3.1843308733795852
22.491755746840383 25.958146459443981
23.390303731894093 4.4755277607718131
24.003863519423312 3.5936966366661625
2.5898808782909062 10.459664813372848
5.1416018280174658 5.4540705151641689
23.525725142827948 11.905478458736587
17.090144490624059 3.6009455075860228
12.545731217626519 9.6835701582743567
11.593792606971572 9.3201360242771951
30.817790161301087 5.9032882259966311
12.851041403680451 24.988436845496885
25.708241767695874 13.301383273099603
24.705158004545176 30.358085898446081
18.148660446372396 31.1179157184656
24.993888647554609 16.100476267424856
2.1280819231962949 27.264146177341761
11.287724755895203 6.1590087149519013
28.565646580994645 8.2179863256446737
10.064564791270303 0.55833053067851057
2.0861495268911319 3.22276904379979
16.647716964516142 2.8381933149457717
4.5104495269961946 7.2481445279172148
6.2245025791348807 1.1298335594400755
5.2746733037606983 20.405128297167188
4.1011341418156535 13.578945613306461
17.601404624928538 30.286490989027072
26.975196972419248 1.8734467701376221
15.341161162060697 0.37993781373665464
19.065223951320387 9.5166823812452712
24.534318883069389 14.137218994781458
13.982319937197161 1.5485809822718037
28.397474502576561 18.295477047943752
28.391288031512911 23.338214665466737
3.310609398244492 9.0210377748028332
27.273496665136427 25.256908082156588
20.215391183840349 20.825617903440211
12.786295374469102 21.31967616154655
18.194683299625854 27.679103542975248
17.300391101761587 17.486372094909722
13.180831490136558 9.4526445806967114
20.244731945589287 26.212567346642683
30.325996729271157 4.7904792650768107
0.86012013326169057 4.2570601601481703
15.905014504412359 19.421131206758265
8.4511878591652891 25.266231474316537
21.401685279482539 16.068265109916833
15.181046639571719 13.074777162037895
10.540945604001381 3.0842156783559158
1.2808213722961617 6.6389709442552487
16.819190555143408 15.618605218592911
26.018054907317694 4.4909242411077228
23.67273510642589 2.5698897212912053
12.030416992581509 25.777673933914063
12.147749871081867 17.19605460895712
0.71506680935959155 15.533340198367345
16.827413602527567 21.718544675527514
23.95393965663478 0.020810177882421642
21.891417352907816 25.792637402990508
12.126137795641965 24.217271991375348
3.8459934235144431 12.044734678626067
21.028871404698545 27.599195868499617
23.772305345869867 13.100127057335168
20.587639104396473 31.584051700957708
26.482187612898233 26.581473833961315
18.939643087011813 13.831778604298417
4.8942695640821174 0.26515692691372861
21.530836997972123 4.4811609933930807
15.066395573844455 9.1742691186975556
10.602440893756164 29.348264935031189
24.392965759784509 12.781051868327266
16.023451521070754 5.4726021708765256
29.303082603682196 1.7639953712198682
15.656809314782405 23.91589297766804
17.582248365041867 28.84968554739201
23.733534961196508 24.523019664833321
29.470720844972984 6.708461601753327
16.17449868665868 17.054111337925725
28.613870231351441 27.418404308579603
22.167781115811394 7.6869967194514137
17.123641661679795 21.765137444933131
23.172594834340444 18.080454130175308
20.722623721753141 5.7240020983480129
15.38231798458866 14.759288937852963
17.217848524704785 12.972759946558677
29.685934983899525 7.9155455250106899
22.77187532441874 1.8840337132102072
29.202875581285692 29.961761798139754
25.405170991307575 26.907089646628961
28.14625591767307 26.677011424800611
13.395330958411153 5.2043173006201346
8.2119222826382927 4.576950390708542
12.597646709380124 3.226320731725004
14.026892114976327 23.345138124521803
8.5016927873444814 5.3782600710286834
25.068765762297279 5.3693756657045615
3.6221858464752015 30.869404645888636
18.943709056959907 18.785522639674365
28.206657878046823 28.780887671833376
19.525327862612588 31.001281727932067
11.152666397501244 15.860385740625217
7.5854662364980587 8.3372223923130715
4.9176335834918641 14.536934387420072
5.7547192230640185 31.592192547905558
29.973261466914693 27.483877889454448
8.8997123534321645 15.464112355093889
18.583952237954513 1.1425672201175612
6.9941417938267669 2.2015307779877955
13.005554018621153 4.7039482006054616
15.43695289425445 25.293741099258199
13.561920566427908 21.852067063887919
21.463464527872354 30.704835026019193
20.79960620455109 11.025301738662842
22.190748630826093 6.1722383041534368
18.561321205697215 11.153266989903159
9.3519168539208994 17.206590583169451
22.084107750574987 18.511837654146579
12.950213688397378 23.209643279323643
23.566159540862635 17.613769976264287
30.124612336497812 13.487920643135467
6.7270343482674324 27.203633321395078
28.481589290613694 20.048173029405884
1.3271697855951021 21.275637933716865
25.770941980695032 5.4018420675473742
1.0800227736075971 30.722023996853078
30.723621282838728 22.514426146650599
10.19430635041531 22.788973747764175
15.158568523050981 7.0456235490224239
2.1471287589152532 7.0871179608517085
19.253829337106005 27.97583117551865
3.0951136256331542 13.830797427263912
25.08625241091881 1.4010176890558446
25.354987982809707 28.400561668717707
6.3098956311924965 8.8141810336249904
27.483880566851752 28.337299600481316
14.674587692514717 17.301352311901244
20.11852217198081 26.741714630680203
6.9024132866989749 12.509220563449249
14.426736155265424 26.305912048515367
14.507649933496479 28.183593983107777
18.327645074255649 26.347338789917398
0.57355989796338802 5.2070589992335279
10.815336172182384 16.401996278994602
27.441859170098549 28.160235175990085
23.447850745995375 29.645674529672604
23.571861904782853 22.880051058117644
15.987502135610129 14.890095337550047
27.311921746969173 16.131204194707443
30.161095411869471 23.967055036316054
25.916090367161662 12.026714346922006
18.958697325089172 31.296025820800065
10.856591943005693 26.914309284684347
25.626596160093424 19.694517434401881
28.367973067205217 4.2256593366246777
11.796514630052142 23.344522591909492
22.829092572067999 10.667516383914997
30.268544769574156 17.418956138009282
1.8957584170134629 20.37383003078002
2.8974421720951269 30.961514928617198
8.078073884098421 0.9452349198228347
0.54789932697196753 10.940511034515648
18.124461003466017 27.118260363752061
1.8110574719528647 26.440955530098147
11.144074821866775 10.810828421775923
30.367788580881776 0.49251741212234362
13.302588878265516 0.12397335968877761
15.569145886332551 5.2382061544669947
20.683767567972669 14.582611913358798
2.6148386908774977 28.315413170903042
16.591724890835394 28.877674970101577
23.895878652203866 26.949943084474043
18.76742028406607 23.565217230004759
23.954499891313517 19.539782592593426
2.771732774786638 5.7257986518070796
26.791348731127112 11.020834307548348
30.507350107840455 9.697866092532033
17.592477311429114 11.482820013112811
10.49720372452035 24.429420685668223
19.525311181492739 16.734517289178026
3.1972738049521312 4.7323694436918418
29.463630282128534 3.8715805508429075
31.413129812024188 8.9928408152434383
31.132931802240453 30.675530040798474
2.9505377659906862 26.675617956812424
11.991433818156082 11.800189347166423
9.4890734108968715 29.154367536140708
21.401722405147463 2.0123256239006717
21.91820019811567 20.825889007178983
6.5792491594611437 11.425787901320774
17.327853626039811 16.580557445074032
13.214778726064226 16.049192471882975
30.793271548157961 12.527149641348386
1.9718004957732032 13.153026800517635
20.54863220126709 8.570902205842204
10.241310437789602 17.862722222796126
5.7479198150944963 7.3835887601789798
29.729246321124482 22.772493296004978
5.8744416740846974 0.040860023296121005
30.536484422176418 25.527329668572129
26.384541605585646 12.318249915918594
22.092402613629989 14.100645197808413
1.6648492463045916 5.0567374619806209
8.686446252604588 15.522690399468511
17.589012043838391 8.6844025510586906
7.5318537363600342 3.3902046295005301
17.496567662485312 9.8243089363941749
25.292992625722945 10.504395567927686
9.4933319678108798 13.820469516665675
13.768831285438123 4.411348679758194
18.288631636707112 2.46299214063241
7.9806084392533139 21.36712044734363
6.3862163011897488 24.998987534954857
11.178787352179286 7.1008411575169976
11.66345865646905 30.025626856299443
25.104775109002549 3.5975797830857204
30.55563181823938 8.3968443507913673
6.3556817419513258 16.56519451921908
15.002697650249964 8.6854123436273607
1.6203633262088544 2.95657020007445
17.139404044356638 31.054687332806488
24.449868604139315 24.966345689736144
20.302952412757858 12.545831268738151
7.2301697445731179 26.822147151035512
9.7370831750382933 30.744094814967884
21.988021440435951 27.915319040225828
19.500942897614053 3.6793916876279189
7.718231500601525 15.90557736061378
27.625190168367737 23.078393255339911
15.613053072007441 0.5495937667368298
24.427040823663102 21.224866013986407
2.5194893876312876 30.887266411556588
20.537677021811092 24.664535304367643
7.745995215388608 13.523132411213675
10.306518932365758 11.170104156838722
13.548855660318669 6.0317601656271389
23.275939756334271 6.9374766555261855
9.716636113658522 21.160321038658694
19.782189871586123 24.369311638012995
21.620093093092578 27.317502504009514
27.550836221318917 9.1885936273601381
19.694207915921726 29.220534483570642
10.99223882489685 1.3173477741996815
13.514240629860613 16.341563158399264
28.324353420149585 20.529745492265171
16.771470983796114 2.9480497098295397
2.6749067669201909 8.3167723344223567
27.057759174125106 5.9613859011385992
0.52243630830072307 20.545491849453324
3.5559932129372998 19.027825700074516
14.95136293077662 18.060759772521326
3.4676556634118145 30.621311514253584
5.6278735940699427 2.6486232320846983
1.6265967362417533 5.277712481674623
21.824656746891296 19.50597833153007
5.2098970523843571 9.0031880018107948
9.059694712272691 4.3505912881118647
9.9916652595004454 13.71096297073888
10.517740617173555 3.8915425547833324
5.0072462867391403 19.622647839050824
29.414708153076411 25.667853135878108
8.2926202912386007 22.467875505880443
20.342806704263957 8.3906897679041155
29.994942466695122 19.04196710858929
9.5211440303790944 26.777285542574255
16.547419837341927 20.006938677627279
0.66371764263713007 9.5369289370251096
11.695716642786849 20.683619731393016
21.015677527638818 14.519372845016111
17.403603687883592 24.677040795316504
11.70665244917237 1.2738818451217579
21.60918550870527 28.583272878730384
20.953097968457129 0.50002649660748466
16.416205367460677 1.5746968912687895
31.554198452101662 3.6526987950835181
29.607366146196121 16.536445436933224
16.259493163111546 17.323637928034909
3.7915701780506952 22.133452043279014
8.3519429404197378 12.494734961402649
10.983089055710753 30.644717936400966
23.572236393897725 28.834014389014055
25.363230818057186 23.27899607159333
0.6121118884770278 4.1265028701495998
28.185077266287202 20.853008851253957
4.2693585246494186 29.565346164009657
13.169717622014781 19.286768087279732
6.8716571043785732 3.4394776976590982
6.0065965487242936 29.997073398670878
25.49799195940578 22.283580313789489
17.503802114394244 17.413429478817484
27.834604503476967 1.7967295467981033
15.862526576583685 7.7990869116805266
14.04507508641931 0.75427509474414034
5.1109604774010906 17.565049797294833
15.201098384148752 23.972476205024812
4.6647110844082045 21.265042773373242
15.708282980072553 27.948116494501985
3.7964703199196985 16.404281517212329
0.92073290806443919 28.82169354644536
0.16092714708208444 24.452979186434639
12.252130598585675 10.437775047069355
31.550122858868342 16.928129283098421
29.74103512325031 16.284772300630713
13.667751370508141 31.419308205214698
24.319504283964555 15.205415366903976
27.829443475867336 7.1711521512347574
29.781396839851695 23.818261436069879
7.8607361478547588 23.083388735513161
18.727974045954511 7.4450449470014695
27.583641944410989 5.2969250482384611
18.349652339774494 13.301495879660093
7.8365838422939227 29.084676627693465
5.7767690378591574 17.779508683498282
1.2771079086009189 16.143634634772525
14.870629151966083 26.859669221928904
10.665910628780162 3.9744683527800526
4.1871820021304842 1.0668810396555317
17.204338599334072 1.0558890081016625
13.175057790895375 27.74396494936337
7.0211670175580414 10.550589738878122
30.582398373187051 5.4766717959608888
19.076373216027793 29.171258759349062
18.380771765474201 1.392483296422357
21.662562728454176 23.93665343470634
18.887642847311124 7.4968742777196233
23.009494323330244 17.72750269908995
8.5981399680984012 19.911870549970143
21.192808626318303 7.2859819775382739
29.241959937192082 29.92202758252775
20.436728246735424 16.640027085205666
24.637910462508952 22.253111031056079
11.541403402649115 14.849826267711661
19.212135171396024 16.329980472664005
10.154484560729319 1.735525927414328
2.1475072197876774 24.462406823795202
14.584184877984759 12.223146586512891
19.429250473091287 19.602663599441875
4.3888288610640585 4.6068347656270703
30.411993681651907 1.8652971455943812
1.8118567714340696 17.905184484677239
15.631896799949947 15.841318506896091
9.691226380706226 21.94020244085339
15.747970751881489 3.369462729410539
29.083796663060316 24.419830039472224
7.5468275366562878 17.652668411796931
30.124427886886238 27.323314714528092
31.403754178201869 13.899073728457036
28.756538569867633 19.575979738776219
29.810731357360552 14.055975264051785
12.963687599135037 26.881080947337306
21.87049697826679 16.446901409196897
5.581866721629626 8.6826491119451497
9.0189043070447301 12.086303324805469
28.268584184613761 2.4405125838216026
26.491961059430889 9.6270931940238214
6.9372652523829483 30.391841148927259
15.006492739144635 3.2986517785057345
0.12175522074325547 23.581044110405745
18.404160502647926 23.546909762022672
3.4309716436834621 1.4472154674777684
22.54303695302869 30.544891135302301
29.21363708774971 24.224826704192765
9.251184155139061 1.5663765704129939
26.059383593058829 14.774894468265312
7.5968973626652891 1.640096877203181
14.309470444891041 22.317406333431805
18.006026788604157 4.5535423370627583
18.119034830950014 9.3084983661528184
24.843738062500915 6.3007270145947052
0.0038193235953323957 0.56103659164477582
24.643824326465534 18.971706072934129
17.977697516162468 28.349885032457745
13.496367649764693 23.901261547687774
13.569677337430802 12.049871422400678
16.294422879080006 10.31217313283053
31.360220796028894 25.567898212003641
13.728978815479772 7.5167489721556944
31.103166272834692 10.982875252949352
17.96237569700887 14.697580462148956
31.186469718764815 22.971045022809374
22.288635790663179 9.207231357702339
19.338301091935698 9.6006960536266135
1.9882157856931211 22.118353647982051
23.065124222209594 16.539528623466627
28.765616016490629 14.499720524157969
14.909421147374449 22.014880989992943
2.3358262301914658 28.290658987306415
13.65733303362496 25.538846738803421
14.909611830451976 30.251149693237
11.33879048556676 7.1562627656007898
16.388960032523425 4.9983246052864123
10.494065461747166 24.27588998630436
27.983266059811545 25.11822528231863
15.189438272277592 27.02778181420847
3.7500166184531798 22.687901854321478
4.9218066805370864 30.610979359368777
9.4511826089437694 10.095242248212825
13.197487574973128 4.8242705672510064
20.513793321617417 28.570381402331854
7.1069537079626679 0.78181547709758414
5.1662844439646989 24.190360881674483
21.799772107212771 21.396308679871343
14.126947575962134 20.243408446494406
0.3634536130510016 14.933544034963701
1.1049258312441532 22.546163399448098
27.718905947800739 30.659143105406091
18.964045585729458 24.958903613185306
27.340654752334476 17.971074830211002
16.834239980418868 20.202897665135751
14.533992051454872 10.375988287098169
8.7870348520632415 27.099479656127428
0.86671319449107054 9.0500064408857739
22.77041643394135 14.420957144690902
15.796060626209929 30.234926452144219
2.578205675496569 13.306103946035867
28.777076689321042 25.887153357256725
9.0244753713731747 22.936424869922416
2.308130740629208 15.885047899914058
25.926814175394444 29.666484565283039
26.286388312909349 13.273234437808918
27.49284128471049 12.073079537358462
24.248515486762589 9.1215105547574993
7.2917220375708425 14.83502000568563
25.588032508813495 0.60827649475962786
8.4898499160101455 12.987370686300851
15.505077450314538 22.30072877030765
26.191606845680614 7.5983563877688844
20.672026318811554 11.475546815832921
23.081093009387484 0.26460237122348013
0.28923778328851546 28.279256813175387
5.6927310297880656 6.1229706295701227
19.137255739801965 20.881260553782916
8.4120479095798171 27.508123161147473
0.69417960206962304 14.836175226944389
25.514647407797938 22.723512882631251
14.967650523014695 13.609364627475779
9.5361257445580527 3.5884726563640736
6.572725477751054 17.212460326345244
10.879213032132302 15.628365004591162
3.9660283063029294 6.3767599790573044
5.864159636622956 25.656193224253155
7.4413126920236552 14.396135735869109
0.59291599869099187 30.215596828263223
19.755220779955771 17.657136967858492
29.768213004143675 11.281473468596516
17.069195056760055 9.0904516221956282
20.596827384804175 9.3429234848528306
7.1340622753597138 5.5592016411314464
29.153408380326873 3.1889973528007154
4.9623923823012737 11.57480343310146
25.292641824370428 6.4135175025773359
26.781883798071224 0.65331632176966847
29.695492892962516 4.2133816959649355
14.558713078098204 6.7990691870696374
31.001307759008554 27.748646439785624
0.73867386643695454 22.021080789994208
10.135292817111486 28.454733407490011
28.768171072592313 9.7170914013550487
2.1969849913981725 9.3181074716731729
29.173820552382249 0.63337529624103817
15.416764588429547 12.232738758462967
7.0072902791737386 21.254063713310483
29.422134953834711 7.700182476870391
24.082275884439767 25.947683976400015
30.636485405279757 20.242176643958203
12.053828253011126 22.472262006747417
24.526871841323679 2.35110794601444
11.320250371735204 26.165796214222915
17.02957197879314 26.401939678852891
6.2657921873414573 27.857328882223385
17.705746567546175 5.2977846805904809
20.107427403414935 25.295151840447389
6.3355555782406139 10.213718536866043
