27.855295690651197 30.671626972339517
13.646977481507081 9.0352086419839246
0.64167482171569157 21.914748466552989
9.1961791943497158 16.788041802157331
30.150869192848607 2.0857063784339287
21.760427848078546 22.338929590989942
3.3939180727867959 29.073651825105941
27.005275610368923 9.7864300981531649
18.512585249499779 25.735640619688624
25.087313187160319 29.554071705957004
6.5653155876796578 6.462670193236959
21.66592295149632 31.358003913388732
26.460581236264808 25.891902343545773
11.48922566582424 9.0648504075712193
0.38828075125039896 20.191126498535375
2.4721995237078245 2.1131333424895495
18.864242619383482 11.443317268402826
10.751558000440696 1.6706912380239354
29.350867460995559 8.0719266316732146
15.219118225266861 1.5024539898080083
7.221527658976906 23.899915907577522
28.25341448434266 31.389721343183322
5.7419432530303869 14.347779157680465
25.59827561223964 31.372160237890437
8.1565414628453734 21.990531724853884
0.17380819506587872 15.617519777909086
19.468410137891354 6.0470507898979005
2.3748314575190577 15.912976011434026
7.6366042460765602 2.1722996215996844
15.12703925729398 28.093644361163321
26.585392503680513 0.1790849435735625
17.841036646727698 15.169281725365778
5.6803063685632651 29.281703957901634
1.8515736374589913 1.9194914271884977
20.612726517852874 26.671436180493792
0.28337559643605864 20.393193576477845
25.647519235029556 14.640226117416164
14.310988365594627 11.588424036739355
0.90100541205540408 17.026765237914102
12.0637119238912 22.155858285033059
8.693198641947756 9.1810590186373542
19.918893883627216 30.247037438420538
26.883664157045729 26.545682884315795
29.719376387037791 28.251774099831255
28.658933619595437 26.538893143598244
22.551527624711984 30.23755379286785
26.105798369946687 16.638123973381258
11.391584894496217 13.968561150208625
19.246739805224166 29.67566879654488
4.1021129256525271 1.2189299703479743
17.547425535004628 5.0072839482528853
6.4765025535307235 3.5419484846027367
19.125945036913912 15.665072387715561
24.310707016632609 2.4053666619697203
14.686126244237757 24.994810916813211
22.887068896125456 3.4254975193583421
16.443127905834185 31.022683624513739
2.4019057172591163 23.723040311745372
20.946714384456168 17.015282924181406
10.403977959366276 5.4803355575709141
20.528232394866599 20.183071976855278
29.643333927225289 4.5024411394687975
15.636241944586022 23.232204720737933
13.552311409626911 3.8507781978612265
20.841064822507242 8.1472548419968103
26.067894236187861 24.620061332978835
3.4026252150941358 10.562806227708657
27.392304222322952 4.3165970231782822
30.117466893142691 28.52723409075006
12.730139281579051 11.915390795670355
13.90895445464065 14.469813088339059
22.577847125667805 11.562035965622984
29.995169064398585 17.212491635507561
3.6405510007503974 5.4226714505851596
25.185331553048982 11.457744885930721
1.8147562431109074 22.349671289706837
21.932270470449421 5.5526998791616569
23.60800998727553 21.383157589774811
6.9573177637459072 16.452723302998386
17.168985584688439 16.943176249812247
18.742057211720883 17.050973576420176
16.915278952636555 9.3019307924345931
25.047306572079755 10.292163265061145
9.1104208389728729 18.531572201572722
5.1013430114686589 22.595532679977293
18.356820172180054 28.50789060940437
13.490827888411339 0.12789096319260326
25.027830714431307 22.536188340492124
25.686066431636931 23.372733261051781
16.867580265043049 2.7273569300688578
21.857314431851854 19.756916110661724
12.671222097763296 3.3565473830980981
6.2978983704926286 11.845845601387373
8.2493457065738447 3.6234610188542491
28.046104608051518 19.757391319396977
14.158119673949923 29.686406415696045
28.765996555792757 10.98086136741767
0.31921782143806315 9.884189599263415
30.079797788999834 16.100902938161635
25.582836124443375 14.937291981490786
26.199453912920731 19.429154553173323
13.698675692316975 10.364402154267664
27.283799719138301 18.416720507984383
13.042217952269347 0.1396928136924106
12.973391835300756 23.460240874241059
14.437347725757231 22.313651382452026
12.598955443632169 11.890959501070469
19.448161466785095 9.0766738168711605
15.357564593802147 18.745589666132645
30.338519056088781 11.152888314580567
23.983008288659256 0.12688087162645176
10.881770089403082 18.10100608668813
8.8601844159835714 11.746350100728199
30.824769573896042 12.723504883419254
13.649797469065764 24.071417464887624
20.028813000469036 0.19513055769890289
22.067782399590559 8.6437568222794443
8.7439404757780554 18.511686114412353
29.489454935040932 20.336226604509669
30.226586374655014 31.017770175017574
15.236502394263963 9.7877317806342869
24.07953666469578 14.150309944943624
26.771519626077403 11.514626048014357
29.81860974432562 21.495734034967189
12.909832919590258 28.863126731442666
27.589815159567411 16.758166096886999
5.6678542296302608 22.065778780602642
13.961807455484957 8.2836001313314931
20.542426827229608 11.822818482497764
6.446100782708168 15.548333862682943
11.514431900599945 30.973068413584212
14.871502491264545 26.605968572149411
20.718699484987326 10.070718698880512
20.383730328381539 24.773958395507307
29.253880639478609 25.725723565433608
29.141243660658105 20.993395622841994
10.965214097258967 14.097077483835236
30.496245462413089 6.2772455211192346
25.291862288871144 14.216144807508735
17.248387298230465 29.258699988364725
8.5599163184869695 18.717899030008716
17.829486699780052 24.188563660796881
26.847266289693643 1.5180588758221114
14.30850548388015 5.5213807029908395
17.686776190295777 0.90006005378551179
12.457319526581792 29.753628777965229
15.071830354888991 30.881857555738044
16.588106144956313 13.004652392322178
7.7890393785722294 1.684217864925432
20.655665694009748 9.6557786497630111
23.819617503305786 30.566273461789073
26.78895501499515 24.645315199862718
22.367126047344584 19.543563357799908
11.850738015238148 6.4840836411815568
30.161448456474485 13.152889475911795
20.615838209534974 28.342056355646172
18.668493844042295 8.9344346288762857
23.558550057148036 3.9331677981034363
25.731911626821606 4.7923034626163172
12.239290586021781 8.7839759164644402
26.865942814621555 21.834527100072346
30.094811960794036 30.463511101302561
6.4888774004874366 27.997321857482422
6.6891720854659233 26.565786483031676
3.307797827103736 18.400743385852735
20.136848171496112 27.773899513332694
6.9066238204711103 16.531542920330125
5.5927352621540081 17.04573681907646
14.381627808557811 11.250941895375984
7.2804342818173247 25.751132279021427
11.672690145462045 1.2475705591296411
19.717533897428734 12.835794284248729
7.1965804060284286 2.2109435300478868
13.664897317284273 24.995961401918485
8.1631187543345831 4.4877532314689939
16.989875854760612 12.568608656597121
18.390772423228604 5.7813512169250343
11.667549346178426 4.6198262806756238
0.76353520411572851 24.121512006494683
9.0074238424657658 14.385680780341312
8.8494498768205503 9.7912715931604737
22.085945033423059 13.396523986730335
15.868931975193334 4.8185037007266533
13.689032907449945 12.422446141451061
11.121036564375931 12.493913408502015
9.182046623004231 27.062152982928112
20.68338282831218 7.6067641905055945
19.445959631129579 22.895111810785934
10.092764665089289 1.2220030661866983
10.808254129597803 26.525985039015897
3.3004014411788969 3.637552876928384
7.1425837646424233 9.5059921054899981
9.3218103520463895 12.039027204896554
6.2274993742810594 18.385225422138273
28.377485827948092 11.315106738089094
22.833200474281803 24.959082603234616
29.154480981241434 28.487487240405059
15.275946539631848 20.38959247431119
2.09890090674658 22.114237289632772
1.8615332773745232 17.09296858421142
28.539892770040918 3.5125351902200643
19.317393793724897 21.953052784467122
14.733691740738569 7.4007746616664907
18.451552428642596 17.182586364011492
6.5629573099608729 7.699720082591309
6.2564390360599376 14.968719473926164
16.985606216712316 30.970503097103311
5.1819476882027162 1.9754814927998816
3.2087935717938136 9.2540388134878153
22.246331676068415 7.1952959862398265
30.727996963837185 3.7681982664820275
25.032722534984874 27.560061348534763
12.065424004351502 27.380127023363155
29.75393396868467 20.008336238272495
18.743119656238122 22.597514025580406
18.34278673907929 5.0573105731179773
6.0018455214942676 11.524388424628995
10.323924203832833 13.351639270354196
0.16484419714303988 6.4484943327129542
8.9273908487901856 15.270173345714264
2.2254602525374585 27.443159157709982
16.683171908918929 5.3098654199397659
10.930821922190953 22.433934374671367
23.486389589047846 2.2803199351252119
25.139868600759655 3.1153383915613149
19.675882009668271 11.736668924420496
29.579734637902551 14.977728005134569
17.457971397014138 24.595755832829663
10.149244684761973 24.259342945764566
1.4121594776953736 11.344181846049041
11.619692619358913 3.7263571855634403
29.116334031571593 24.165193650962973
27.205394180359384 20.739956850836421
27.816140674343455 10.599862786927186
7.7731459111469992 21.051152554562741
20.390065126202288 30.399535930187167
11.042347030256161 2.8095696551429681
2.2773216317980203 27.111503125622679
15.576460822765863 20.429737060829819
17.931906420381537 30.587563865953154
28.6142951986957 24.504307876763153
26.273187074085044 27.976275552867396
16.25957639475925 30.153442136183759
25.749390798691483 4.8666795677791761
5.2556543165979148 29.877916211197125
2.7496621373388783 30.268403146105932
28.737856329542392 25.167237267362353
0.058937675131662329 2.5845702074869883
8.8550504799453087 23.569619241277643
11.379660029017314 23.48572321943994
10.347899750807525 23.879362602291831
4.7042218731096046 31.028523851975361
27.485098741506192 1.030205462402354
10.855562253494419 31.304076703914248
18.253206987919107 3.8188820630645441
15.353361600360371 19.751277631245262
4.9605125354362034 25.918628072729483
30.111616534681296 24.894595228630529
17.080790157993224 0.34561175932149263
22.915463437261664 22.997577303893394
5.9082239495225153 3.6305659601413711
17.628137364715528 9.1661834070089547
20.363845550716135 9.9286045894133377
22.179454447034729 28.060815973412346
0.19196499306997286 10.91171229569532
29.215820111130306 18.065568564534267
20.878637961311338 13.695476464006607
28.58121111182443 16.086192496602681
4.8815657811175903 23.276947678516656
5.9761408660614359 12.869532076452415
29.818792111802768 23.194710362342466
27.903984941263253 9.0263335913735308
17.561207635530014 20.921961830867257
30.575979874550139 7.6610760729946836
21.463964533455851 12.744308708840006
14.440014004223332 2.4114749353842568
30.102620448770473 17.942548752666113
24.023884744168203 17.999938257541704
3.8231770317369258 12.877082891930577
18.149014026301487 25.846652148644843
6.2143935176355276 28.735312236206628
21.936067342209949 20.245893850524183
26.212411505035004 6.3576725278415402
2.7841071458071887 12.542139678052107
11.073048590837347 1.982895623701765
20.842166974069496 4.2637849890933408
25.353631382606817 2.7478562489744038
20.817656757157927 22.247393865107735
5.2157179442350952 10.349062637777994
19.647719155116455 22.084291146002762
17.5302772252154 10.947664484258759
18.40680760146364 14.526218378798982
3.8549849957319391 20.469777586696615
22.709909274001568 17.580437104543641
15.969975873521939 7.4363012876079129
16.996806015410638 20.48075147562119
15.653685465359468 7.0858065155820213
7.6841179939009292 5.1057305393498691
26.701538495106639 22.90111987840578
30.113514476463592 15.87119067760281
28.377963607232292 6.6988943609599962
12.508482566036724 15.785084113392603
15.13293518997987 21.944133749492387
7.8469420690562766 20.348719878538997
24.195419992406112 27.527472177925461
5.1347738837224233 5.5978129452488652
24.452964314683733 18.818807591580725
23.728150523234614 12.170195834153118
29.239805744625038 0.94002840618336447
24.421492942793247 22.124440539968248
18.273377651166733 7.4148997910261931
23.65131765939827 16.368064583509987
11.424690568206969 15.677658169848016
22.38802257203934 12.573264924527338
23.137345007694854 8.3986500293015443
3.5225059691546576 24.554236175403993
19.862490718314092 0.43856713901108052
4.2875552915133683 22.379921043533404
25.574962445558523 8.7593668187995366
14.099556571801948 22.835742537733811
6.3055988219657753 21.068796801330191
28.504864102969776 12.638682687471462
22.59286494263203 19.51521040842276
7.2431915752658513 6.3368839365012217
13.739535621913397 26.596766199223708
19.353666178353301 19.373004178070435
24.725061610763252 19.754987497873543
15.88921635877019 29.358248556292136
14.035661347506398 8.2007094649514158
21.785734548200981 2.1390573663155639
14.806937444422314 4.0503265263463595
20.494431560936423 29.531278861510234
3.0182331969635792 9.3364471911553046
30.439650180264429 15.447080209958271
13.055562700190684 14.033725777768462
2.3816163087211208 2.6722669852764875
14.805104087709093 2.6311527038112823
19.652959717505407 5.5705155806515538
2.1703133542831301 14.10845734703193
8.4836960036416347 12.071901462291333
10.053077470743899 0.043279751547582561
10.266870262933812 7.8328844254350374
12.242869250502793 21.880496733476466
2.5626532844847207 18.796797154292062
27.648626840205587 4.7496034636210389
30.200122388515016 11.473175462513568
22.830290296247242 13.68094737417327
15.733548949366631 27.687333571310326
6.7210314295627045 21.844883700606395
30.271044965690795 7.2948191182304347
25.164808677065668 12.789572047776616
27.357259753249377 20.510813821001577
3.3871396107416225 11.766441874305523
12.301946704988092 11.311504043900195
13.659080850217018 18.13609099786904
0.81536831024125356 19.180195973246033
31.298505642082432 1.2842582310961734
19.976003801583683 18.532945744797598
14.408748837736846 15.982315313583406
11.796354157801289 7.1900406583664074
7.3325218309020181 11.82887948037753
28.102495805720224 2.9139962258865451
21.595069104920931 10.548403006073928
0.85464430957157278 25.737164150107827
27.457286789748398 28.121133060184352
9.6622503348292081 13.505851440844085
11.874865825108555 5.3355795327836821
15.511544641969824 13.346562666002626
9.9202255734002982 29.717357493962943
5.4122721709557329 7.2052086331187128
16.533584484876922 26.477283850571581
14.563332762878352 26.805154782069
17.028407478360414 2.0828347727349379
7.2241096520351729 16.44289179952662
0.51705118939224115 11.55958120114569
13.178753446369358 16.831869572753927
4.4612398129392448 12.782339413141825
12.913269831594651 20.636321752227595
6.2280875133726381 23.963653915513753
27.692161910588094 30.257190386967086
4.2526404900492016 27.82379052132876
18.811387783435514 24.258566555322943
1.6674558708937488 20.548003199908493
10.816209134537342 28.626868898380778
0.17466339287486266 29.688525610210302
0.81469078136302331 0.92966768287166845
7.6058675198689176 14.138910660944367
14.694721271302168 15.389383749088278
9.9046455900371786 15.904949711190426
25.159930428417056 23.749410837180228
15.766343512665875 15.376493735877139
7.5390879158245383 28.65735290445156
12.562079514956874 24.06015630061696
16.317711134056349 16.045520783504021
11.008261924400882 12.207453004739792
13.762429678258282 26.328800497519691
31.310944804618046 18.064805333072549
26.288460566815719 16.756830001630686
20.665102331068063 12.010308575563263
18.588367357539603 13.825160753759818
8.6706077145577432 7.2700556745616245
29.36926074620342 0.17280375488841879
22.415218697138123 6.669899854631673
15.94426435561715 10.517175800346061
30.941690824968322 23.916628730377496
18.864523331858351 23.608771707892309
19.878673838961578 3.6626970772460474
15.191492673817356 19.936831590204239
25.81314448997199 5.4600579751958049
6.0185476780429461 4.4508433579599043
24.452262368031644 21.194598866713324
4.6917842772095311 16.548101781675001
13.268526599919873 18.070986816181215
21.755215634066122 21.836553140308609
4.053989334341721 15.217418657220188
7.7415048686188701 3.6949098107565757
3.3296331385913098 15.318644479090468
10.319732443784531 4.0616565071437023
28.281481300359115 8.4335975281922391
0.9473215806010874 16.341466414945579
28.601332586123103 21.737031734488433
17.888420850423984 13.564640908309826
18.760000721800274 10.549497977122392
5.1034394533351115 11.28171366108873
19.666369898483648 17.161397189839921
14.769312829667236 10.176986378447232
23.492684054933925 14.5669056106944
9.6342692493807895 9.5940822786337918
3.6437380044405812 17.50942484506659
23.847302416142821 16.656353454637639
23.259848796235776 30.313132522867878
31.193541768892324 21.289037385025694
2.2534142501957164 0.61484658825476535
1.560874399662326 4.3029682647082197
22.012695693050059 28.516014618209585
9.6305107900602387 10.480510811850946
2.3697204829996039 5.9571310257789483
4.0101865816161268 14.30136904765833
24.766743508537658 26.168329442738703
4.8195639992934378 8.9982383629287739
7.4122447132635729 8.7472647319685866
30.273733692995737 8.4350091003998244
26.303245261122289 7.6033636291126898
29.028690697185624 13.403966316400734
13.89329822074404 15.716083037947921
19.535867895182079 20.027395475452227
9.5196750455568697 5.3502359262114876
26.622095120514359 7.4477384476816475
17.141865270054712 29.073505037007482
1.9874471960492357 18.28203393406374
9.5706666328584209 3.413468150880361
24.543438114575842 6.9442093451742872
13.223228263145476 10.09741025635968
23.365622105067139 4.7561999493186775
20.100163637748686 2.1871535261112602
26.890106602340097 27.933626126769973
14.393713114945108 30.165694330749293
22.427568999768859 9.1495950020022203
10.508657509308753 19.313847915767028
6.679746800229351 30.574906272181131
1.4904020911574254 7.8138535834004044
0.14637742504218434 30.790165249008563
18.105467132776575 17.472243278833805
8.4305919385138939 14.319614755223666
6.8680414264908842 10.476040171124529
23.087299582710475 9.7988039097247022
16.190960509234191 9.1952624269200118
13.795297515991807 13.593621516234251
9.1479674414751653 24.299392478752665
22.347772323224856 27.348180601409663
11.046793753268171 12.015810745228535
3.8148203615695131 26.780473046938088
27.649096735690378 20.678814422751486
15.863218290832947 22.896261799485561
25.507877870192637 0.78110653860199197
23.985266414964052 7.4532655844526765
3.351177780480644 1.7107609195746292
15.071576697618161 8.6100987365724073
19.700198283137031 31.389743209436379
10.797036433578656 26.33381655038983
9.3556442118620531 21.112401128786367
10.468920968605163 28.778534096396697
22.80438596935867 18.5034513280225
25.256408871258728 17.507622674800444
18.274624924621115 30.340011335813841
20.227435293905096 24.047439317021702
10.252843841580761 28.415006348355423
7.7136286605671112 0.44321162648510559
8.8862992022345644 22.675739988708109
30.566347204295731 25.224938748492985
11.236001408044128 25.151758962520223
18.996663682175662 20.820686715324896
0.077126777744992478 17.43963958045498
23.676858191280758 29.622864614527568
9.4528575833847803 7.0506362866755383
31.140446744465454 13.521688366582813
23.2267283650636 20.805897817313351
0.61861032883332701 26.932390960546261
27.108740533251215 6.2241785287468598
7.4952472794918217 23.84598587806051
4.299694760414309 16.936492203166999
29.164154070202144 8.6507494044784163
21.953193278818262 4.6096635991954864
12.389354391266037 0.0098443044955704682
27.343213546914349 26.069523411180967
16.122604675394651 21.993241755754472
2.983024601808677 22.749238620852143
7.7722465315021605 10.305125851446594
26.22532708360708 12.411901632649352
4.9208272940046243 20.081834851598892
31.484315836959254 14.775241805112689
15.381629128848951 28.936695730207461
21.92719936450608 16.849402263854593
23.150951088707114 22.904778323977855
13.186793352241937 1.499992832292103
12.860659990056719 9.725215984000485
29.617658895504626 17.387003157737063
19.546350630518301 15.685072620493646
17.468710853471407 22.907647733054709
14.851019583529084 4.1461852571282511
31.143725413694089 28.656511864367303
20.808961595014036 24.072397587041657
17.487810899942041 16.137600156624583
26.622194336688647 13.72229964884554
18.481003003687803 0.96406816008385599
15.896315819727391 25.382665020235084
2.0169278075335479 29.842972786614325
6.3088207567454395 26.782421986475722
1.6439849712944841 25.462635715583325
16.36313760818744 24.844936973650395
20.033873963512523 26.111939338691698
10.574200615496666 21.328148669310348
13.159135828916321 5.6812608554282287
17.253881085802277 11.541197839256995
26.07324144703075 26.203580695139358
6.093954223520166 0.70621182010278538
7.6695355876290661 18.93964515566616
12.379449648374035 3.7715175174751536
25.379256872428101 3.706818188874172
16.771479412894561 23.79024527873262
30.785704590606468 28.542228339687632
15.638974868321633 2.3094258513352455
23.751049826863277 1.3114067377843595
21.043929859478741 26.536625153081154
24.374680381520029 28.353204875457919
27.063232507625425 7.8817145094748318
22.958337875072566 3.1795804735795441
15.896554035263385 17.552826784817167
28.725915317859297 27.636256669445586
13.609848563153337 18.29723466792327
27.261608389687169 5.386022634321125
10.114190220739891 10.840560933750993
0.4265118308875579 15.449360421357142
29.957176608291707 5.82237217766236
3.1705473124031616 4.8428020019285603
12.521833447858498 29.224001782205487
19.051057546305902 8.0004756287959662
25.177584752697999 24.347340027642865
29.351022713066275 1.658541591910099
27.780512988744732 16.620792092115252
3.8635650928753535 10.862105471782863
1.1954161006080977 12.938992151537787
12.136096904582288 19.391700639129649
24.774822390050488 6.4970238251270285
13.369432096074735 16.445656280168581
26.27953673298871 28.186792734703662
20.927345973793539 28.916197950249725
6.8737080613877879 21.805594785496694
31.050716550767639 19.851237399085296
23.533717877291767 5.9263113472532565
18.506601194628402 6.3449131832356755
1.7278074793760609 7.6403032291452853
21.434978566674619 0.14043958814969321
4.3423608487019516 0.30300847394975966
0.57055096888280299 3.3644989344857263
16.082134489539303 15.286842517023674
17.825767947958841 27.355339218990181
5.4193169060829982 25.140439076413834
31.207400817485585 25.825481310411963
2.7946094833410897 30.779818071475862
5.9539094015106331 19.562662511879417
21.584668952988064 11.266730763676147
24.289169279191615 12.851551276532028
24.921884409219601 10.402075961389045
1.9856157575695388 11.04092453247269
0.066376572781017176 17.957589039711728
24.433411751145311 19.629490012496117
27.115619491903995 30.270076671918577
31.472316200928372 12.396290907262978
4.4562631266036359 24.583226176091721
25.79720384773843 10.008119701069766
16.936231059854588 22.283724152043561
3.7912362516103522 3.4333715729468781
2.2505771309691873 3.9518284457907225
7.582247165262638 31.572583006957061
28.856628122086416 5.9465346260017302
27.4570661184252 18.119721295124609
17.791765784690821 19.227329320111082
11.081400750666488 10.706342867099066
21.723735961658928 1.010412251404563
2.3328823547569142 9.5748655851672755
16.543159179295056 18.246365242552297
10.966688442780457 15.58144281025581
2.0347040396864937 25.403510920337336
13.407062919936337 24.542751046024375
2.2607012369806472 8.7582591038700226
29.810912926149708 30.620882100285613
19.025620657592114 1.3107620424550135
16.352144465328404 8.9567490306320838
0.44416812097246805 22.509315275625372
26.554215916112128 15.189388699355334
24.094978588061853 8.8095546843614212
18.38931631722841 13.192287059406516
2.6707361427830949 0.12841713843735511
8.9424365149058769 25.96991915006539
17.71712088658569 12.146462044124728
2.4514940589171355 28.497139322552623
22.437161401644833 10.391434547981262
28.739998569645003 14.890508781049023
12.222383859581804 20.598968182366917
5.8811570658890711 1.8306741607321255
30.980783585608908 1.0115170207572397
1.3332775293490251 13.646889843718963
11.515306786156 5.8417455379058012
9.380424961660216 16.563695242541311
4.9198069614050413 5.2261878252758036
28.144749016394496 16.180449508450238
6.9645402273665571 14.423638902038418
11.666556849141285 10.295719009256302
3.2891717026938299 19.410516228449112
7.9910482527057161 8.4947490257314264
9.2530461827485837 3.1291143085295881
13.105987185248717 20.479882123324078
11.069917187234504 17.492854539440952
8.1393359858624752 16.427874914519649
4.5934599751542393 25.167009649556334
4.5972983855042937 18.221271252493523
2.3345617682200239 13.607210009283955
17.566157426574648 7.538324054854658
22.094442733834573 29.241789567985307
23.778669763718074 28.198598957448759
12.054326115888291 7.3141426644561864
2.732234553147272 27.478962897026044
22.906577676336322 24.224764236545212
20.472671029590082 18.88507949705658
11.609484874960906 8.8950646745945665
24.991745159586273 21.257987256689702
7.6149590946675643 31.101535794348031
28.058771221566921 1.4329018400424642
29.363837937037644 18.975410752358989
26.36740635468529 2.0346877184471324
9.9301625752813472 24.936705505857848
6.1256818960809518 27.000844551092399
12.616360831113132 14.905522716149134
9.2095041393811226 20.94676316131774
18.371674210553468 30.946509794698688
28.79576599698083 22.533317846773382
19.184387780164922 4.4086207011770853
21.921090124509568 25.322634698450425
25.200440929719914 26.050429161600462
6.1287088012316646 7.3458257915409204
12.272494864671536 26.26162515628593
4.6859621607962962 30.756292484273562
26.534085172239639 18.338938075170084
0.18230490972259217 8.5298702214682312
28.065996721918694 6.5803787394418167
4.6625946055734575 7.1437133509966433
8.7825384774932651 12.04567987902144
23.976606677534669 10.16977223136662
9.5683547236163538 1.3716361324115298
18.989037918486328 27.997716087491163
15.59768072736534 11.356167218362566
13.974364418630337 5.3741247054189065
22.00108917371762 22.637864523661705
27.888813303605058 29.20683610246224
13.829748962066461 22.186388850073659
28.09811319915422 22.722835556700023
13.261059643392237 4.6195254408145701
18.204972235730541 19.389726526356171
11.213617976488152 27.395855940747634
13.977239306227359 0.090914409014697453
3.334304298267647 26.250702849579465
1.0549229529215109 7.9309388128701483
28.475777907701438 10.669782726427036
21.673538218414976 15.628827796446327
27.306643124262209 24.594597822467616
3.2270449994661083 21.637310602023337
26.151184956403572 10.102163931660215
0.54910245593928808 7.1027358059925003
16.851918627525396 17.970096367397012
10.453277859662952 22.523599887775021
9.3983383343225846 5.8566725870770417
0.45669972839664696 30.803665901722376
31.44679347194316 23.505957138348545
15.868313483954942 6.1520264360930002
28.939202794385469 19.042710313355858
18.586945417262744 1.3182275437725726
30.299502742064274 22.907104619494561
29.961644619800495 11.014260126676914
4.9967138308552626 9.5586944463052603
31.065945143510831 6.1071116749713505
10.484586368434782 14.43620918494984
20.363006857694067 4.2146963367781991
16.12739080738168 26.333025206543489
3.8328462057190222 21.346727412674593
17.363976387669084 21.932523989360686
5.0410973294452424 15.386872310969764
23.944336283007736 23.52023209754794
10.25785496440006 4.737461024876028
3.6543966018874743 7.5139012366330729
25.268404422935738 0.26709732576271034
0.43454520289207904 27.737773355164208
0.93705913702110044 30.966640618983384
0.70943487089336355 28.519313400020263
4.6656659138779926 19.293047700035132
1.139842551400438 3.8174166397720977
9.6954406384894281 3.2269732436117251
20.0044183394638 25.122149135798619
15.070935415309611 18.274409346231845
22.942641317169898 18.016200038713716
20.312176835534313 20.683658531606586
16.649877042064769 5.6848756239440874
1.9637538954897222 31.409994476176163
9.6980175009707121 8.4710049213655427
8.6950989986779401 22.478750770143346
8.391680656945482 28.796837672227138
2.018948956533503 19.828689554919286
22.097367597424839 16.088531867633566
6.1951211824236854 24.756756056317588
7.9305353608279781 5.0859001972711377
20.261569833546776 14.490312546925656
6.4853272983350534 13.140276367346141
11.950558305061824 1.0319103723563585
20.915568804029686 5.6502354636637069
6.0777296742201994 1.1876628657854666
4.780569142678484 15.38803179767728
28.157114422781198 14.614335089546094
15.574207687737045 12.541170471009353
30.896863304458677 26.907905802230491
27.895807820140824 18.307455122258421
6.269127814085369 3.0735578923096685
15.13358027264233 12.497175952354707
15.220600296713886 24.66465483929754
8.5096928003508037 31.085767260265939
4.7083629954572368 3.4115821324837108
9.2015486835401621 30.384348010675673
17.977664740869798 3.541645607338348
14.562380064413286 20.918893112344414
19.613660947862257 26.82820155891757
1.9317324238510101 17.981259957395203
5.4440268594489014 20.581553523627683
16.787634480021826 27.325090046871821
11.892797164574686 25.787244980775
18.102368474988946 2.8238499550769034
22.630716030488536 15.598033915056334
7.7507781605960826 17.597885692430218
3.3590313132132126 0.67857939071786277
18.458787583754056 7.8393142392728317
8.768857857399837 25.938952073668517
0.7721600988798164 5.941930795624808
26.207587796436268 19.335206902971915
19.346535574594771 2.6503707980296038
4.8790471449103716 31.422153785328948
16.584318818162245 10.811843607346125
22.140681262449576 3.8899706533176817
18.987884282674486 26.99748187218524
10.244926639010922 18.132385490663854
8.2634930894087084 7.1625109548118084
15.961972488787119 14.191035194230347
27.46664976551147 0.80469418711648066
26.111765331122957 30.489503056601304
15.277822769254549 0.23332987766596563
6.1047289255006243 13.24470446000757
3.6357522452530775 17.449148651409242
18.167269904865197 25.264557952889135
27.26481860184029 14.921373807411184
24.106111578791968 4.6979369072384261
6.4017774625571811 23.009487148539193
22.594473616999355 14.148549303210126
0.56075211536923042 10.130475690154498
16.55476827782017 14.279472193228246
4.2296209680995958 28.741510068284676
1.330922800133594 29.311360920245896
30.949972376132806 26.600077625479102
24.038719714032794 25.408904679896143
30.645737587262762 19.973352132812952
30.470284902683915 26.616105752966547
4.0582144140051915 3.0907416961332785
30.11330984742688 22.344824297923047
29.335036729122951 3.1882527475308842
0.83615999077731107 0.77872503418738914
12.309295966376256 13.980041613372242
31.127736866724721 9.4226012130594281
22.608217502641342 26.397745053758555
1.3557157007879876 26.640684724994998
12.069994359604435 30.517549340086624
21.332547854556889 5.3492008182144497
11.808720347471342 17.296526864199265
17.253293474140683 26.808923551775948
26.816268188057553 29.142683684769203
29.456115459324476 13.633760667221321
28.536989676803415 26.25313266803802
11.137798300637304 19.101335176700918
11.436218072012144 23.762189567470053
14.994965373210269 28.431865280445301
19.422761689950793 12.677393371243635
27.168205613756353 9.5954292231318892
22.871024061489329 27.335352554527162
25.222960929851293 2.1077856650593185
2.1955364768173733 15.746966786144618
11.263638320004175 16.215570479407205
23.613505140683397 11.876054703375965
3.7562355361269137 7.784638351013899
31.415402858523034 21.857486628564814
0.00034582088676649031 2.715345244380837
15.275987690764699 17.078709904071516
23.88199066496481 15.744744806422645
7.3865878619934904 10.906035893754154
21.749628980164619 24.598059948525215
29.064865360376647 29.292670237125439
26.960290177614379 14.32574989314692
6.7496843320014772 8.8274763525150721
24.770904630401617 18.655683740807117
21.696896173928501 2.1475392539337927
4.1282650915544048 13.783455120623278
30.905376991857185 30.381352841584221
13.380407777313399 28.193526319100592
8.2586120170588817 27.912292742477213
1.0394507057299107 24.390735561532367
21.186739163854526 18.059732329975891
13.335482273869879 2.141823048868071
25.590700746818847 7.7133183714134734
7.8619410640090948 13.065933485828129
8.2118761425458562 27.653295242921303
5.0506661586697339 5.8279948414912841
27.299373288501169 23.634527245140386
30.460751083421503 4.0699399509094647
4.7584120409938144 27.572445439831942
12.062856895535777 17.492843048002467
28.155888426794295 23.417477207292432
1.7673433368991927 20.122245985152777
21.760157974773009 2.1382101839251937
20.700295089786433 15.320238910115062
3.2034017012215683 11.465712982207222
16.168675512963233 3.6732471590181399
9.2744208911578099 16.648013442297732
13.217399780567884 22.031547569547122
24.309758805647071 26.64939023606501
12.321535164029179 2.5499258207056301
9.9816645819438783 8.0268269950171938
8.2823836131628799 29.686419611471841
6.5494672677712416 29.690232720719955
16.237164375182811 0.79343875331767744
17.254050051619153 3.1247018955427692
8.1742008122363163 23.707520769490454
4.2816087628291459 29.514781220889439
23.49610003018406 10.987547629866313
9.5041038368268946 6.4219697979778481
28.835478621442618 30.32506838215863
11.00199586768211 21.46047277699455
8.8064899761427515 1.4719824665656394
29.266937994098615 4.8935039768521227
19.9645157188389 14.282774213574021
9.8191316213312962 26.772657057683784
28.556314293788102 27.35756439223082
15.075962158424094 17.1286484905111
7.5462306740416762 26.180120932149599
24.844567892929131 12.68832381366156
21.184205939203274 8.3017754838975915
11.459811202762049 7.2517041616883384
1.1030820579963925 28.780116113372006
28.955788367423168 6.1013960827403571
17.434714393839783 28.49160478888458
23.759030437948237 0.22878942230577851
6.6484079181076927 5.1293372525140581
4.6880722834462878 23.018515811962956
21.925977275814493 26.249850790266297
9.9758855925542154 30.884666322856706
26.83852541052233 12.385663578569167
5.8766199588010801 17.764497423545809
23.542628147263475 25.395649863963488
26.56503935878564 12.02528993630774
27.903724292597186 3.4045951730942314
11.80447534471088 30.124980547085503
3.7342508344633272 7.2392776776725807
0.025757503275721575 4.5965286391891178
31.397301432847499 24.433576223665217
19.562882164497928 18.228678354168729
8.1007768511293836 19.71357381716065
2.6100829823941782 16.001315964475012
13.460939625478408 19.535505705791142
1.5334152352990664 11.389646813197263
29.981296609530691 10.305343807262702
24.14120361656369 24.209872272734845
4.5914910905884012 2.1430090758767633
25.881590713307613 21.58865030063015
1.2657072299363441 2.2839787382265642
10.056207224292578 19.718258144095799
8.6935353441180272 1.4440866996723238
20.682230885567375 21.132891244289006
8.7292026502870019 25.645948608165593
16.606568600021152 6.5347125887411837
4.4301106074481904 12.992364541132563
31.573193465751473 18.535111682810676
21.700063733171149 31.480942288810926
1.6891561661899335 9.3708248804043706
17.916977135527443 21.215721777151909
20.165762516646648 6.7979697662775918
30.999122423107263 13.360651969876692
21.130910593799818 17.738589591821135
1.313212080792048 22.673669794837906
25.154373596339603 8.457356250249946
17.615276334962875 18.877524828193046
31.339553014133465 8.7781304614770672
8.4852420643832271 28.69810605034796
20.236439484024743 1.9637427757370503
6.6661201106553936 20.217771263561545
13.076638906944851 13.099028971154743
25.076234109429116 16.754626688634215
5.7266388535029966 18.43200516400556
25.413442358315084 16.738723810555783
14.738322479499558 13.882368618103596
26.729938226094973 2.697000843346228
22.709766783187384 0.584147518580998
6.0697892371668063 0.17358125469933741
29.958300124027947 3.1509247583586837
31.505507223954481 4.8880561425152695
13.957153780844246 2.0569615220372164
29.930851125117456 9.5532746263219153
21.245815180239447 23.553689115809632
7.3962019867790092 6.5894298672093425
23.729418484810395 6.3360154912857736
27.854885576761479 12.846132666248684
25.48408739670948 29.346072243027262
1.0343782119262883 5.577100181811292
31.622028742325721 14.965800873552036
24.507409246859506 29.417200415131866
2.6716576115338766 20.884154093444081
14.078431035182932 6.6187822432410002
31.202078632064939 0.76326523768611143
18.272815476064125 10.405015602107254
23.879871981221569 1.1664146933927759
5.3962627384920658 27.79797354669012
2.5351510902996393 6.3942958570246278
12.102977367875525 25.163721078962741
9.6584481159416189 20.744895203486646
2.2796850900346128 4.9340619997311927
17.610065305437054 15.246669176766252
20.178166246307153 16.120342698786043
5.2509052552654083 10.578943981963082
20.32183193285584 7.1961592910574952
1.9452359262287018 14.486372458353364
22.303648840008705 6.6750231833470819
4.0348359806570704 26.246250246607399
19.111863576285096 9.9327265314701254
3.3272862463355573 24.64437114920991
10.676556794120296 9.7510305232466585
29.448230682756893 1.396796155654709
22.139479530234645 29.962976189008145
28.359441516122999 8.4529869659560948
1.3219556064238929 13.199420773407898
15.396169647944335 24.27672240272927
24.233040569719648 14.944891673202701
4.7020386845876656 8.7120430453922122
3.190839733494391 29.579462177455731
24.584450547610327 5.0440140459558229
25.652247986261585 20.142367930286845
23.63834727047141 8.5138818973597967
16.834392573589277 7.7957995764787471
14.265870775395218 29.979307899858696
13.243549765329204 7.5620659529851979
14.719087874099309 0.13126327460108778
21.376963045320203 14.463824917361345
19.199242890151897 28.898236392271876
7.0732365312244267 18.755366780984065
13.900502425391728 6.3468861110411954
2.0370933141512935 24.695704735854303
11.156974354331817 19.899591796208739
9.5918197569924537 30.925083242295102
4.2926342999419695 20.333466184002692
6.7742757815520207 24.925151320185744
26.956142892811442 3.5872905611362462
15.754096108235263 4.1683170821718001
3.0858727946377171 23.432138764320815
13.090461558753203 19.360971459796708
28.480713430690201 13.182358506609669
12.890990045153419 28.204389031706917
22.927994340839902 21.065484739261148
5.8232267946836824 8.7763502975642442
25.535069071651634 30.798293819619289
6.9130423546701047 30.315536637497772
2.7242343940480729 6.5005494674048609
13.152435076397149 27.176341520164673
20.413715585698338 3.0956240052335109
10.553212237753904 28.593650313301669
17.239919281201104 19.822754747087785
26.558230371073975 22.048011076470857
8.4553625517577249 14.280497305914636
16.245458767770856 1.289480935126994
4.6580539939754004 4.8430003593010067
