7.9434927836751434 20.75901578885842
9.8154727799847414 24.478710841883014
2.7606005134351093 21.14920485156502
24.606736234481598 23.874240519680736
30.589238066055582 0.67458837279629258
3.021713387460887 10.259791068258593
25.438651101828331 4.8837340495878143
1.0348158917099575 25.647448808071132
1.8474264007518402 29.042495950860207
2.9366350618301476 15.914210317164972
14.192605649640399 12.354221245374806
13.430140546813448 15.854047083016088
18.404899223432295 7.83636229686019
24.561002473062796 5.6810402511909537
4.2172299613889237 13.276394784222237
10.653510712141598 19.072086566471928
6.9502321438659642 9.7676507055790989
17.020389221388708 17.324449506152437
11.365422256692224 15.059022686447635
7.2460443270785069 28.541905918065208
13.035036997384088 27.868772266855682
22.088217994114249 28.859067400870632
2.1639053929583301 27.356654847480474
20.347858350163769 1.5074079563292899
11.411138974130889 8.3815985643015303
4.8970833384266328 28.174148154966964
10.462590378292218 29.581683960257674
22.333795005853919 25.807451164831559
7.6638501840551152 4.6039332281620151
21.905081403322654 5.3539950233979727
19.354095437861385 3.4448699640918594
0.084272889225070702 22.869921764596775
1.3880143034731092 1.1520490031280859
19.088264741275712 7.4282293193140836
18.953738008413229 0.48517909165505546
2.9029223590517499 26.088517862229644
23.712863346817208 12.709782679950337
19.562915776833712 29.609784064057763
23.256986903187595 12.801380720662044
20.808817412995158 8.3797711410705773
21.271237105473798 21.49925913756131
25.639253392719304 7.9316784204212087
1.9409650941023979 9.4888124712192283
17.05668176285544 21.334475488877747
3.3181037141701819 4.9720546439891935
14.516818809773591 13.939673936984665
23.504368420820473 1.2028729627836152
27.514388831005459 18.351705202588676
24.802154162845213 19.172080743599047
6.4292433394114266 16.209717585027303
2.965679772958993 5.8236261566116898
26.255882013497256 8.2924530780975676
5.2556726308847166 31.484477892381218
20.49654210308957 29.426500606818898
1.5617887434962259 4.0570042083710538
27.325522948406892 1.6014068126515013
17.095396692446617 11.049573086927188
17.814393651187594 26.120643554785122
9.0494578806388724 3.6719267913376203
26.523536057255004 13.650691685081943
10.744452479720119 3.8381607439505525
6.8690970763295018 21.354754993711076
23.091787557300592 14.571733042190985
20.51212324687787 25.275353224875801
27.632230017265542 20.782961960932589
2.7311217878571523 16.765220333233493
17.688684506959437 22.344044834902661
14.626261062271425 21.262726330614541
0.36922470479464775 17.108416605596254
27.32119694193057 25.814283321244446
29.109248598680978 5.7451277059632364
10.358635484384067 22.420305033104125
6.7534912517578283 7.7400359680146629
29.449304947158691 7.8563942044285815
19.664671485623341 9.1177525270524793
24.763662520390845 18.633591981653503
11.49190206752491 9.6875578337334876
17.280453517957877 5.3057793722491731
13.249701921840979 20.01665916273992
28.940214845601012 21.755045094836674
25.543494642800351 1.2971189788681696
12.618597078115135 29.927296511984171
21.397964361419902 22.229241326845763
27.530146053536445 15.916760129623277
1.9060722734357738 26.664139972569007
15.995805622967888 22.275536352774512
13.425571571594149 9.3691751370814593
25.496841541884471 11.580673877408021
12.200361477842193 27.142346479148255
8.1037342678344935 20.208924332264804
31.464805812688002 12.304974532964408
6.0197160763843822 22.049674215153004
20.310375475551449 30.603253972880861
1.183146066441251 0.19820341604298811
12.838168307152214 7.2914881158206226
18.057226751331196 16.978384182590194
21.725063213993245 26.858325377649344
24.660118929649975 1.3092538670270988
10.674161237686501 7.3587970627247232
4.0460881161240723 20.686928600485459
23.520244179284024 30.93021018364157
24.898237316295834 6.942434343375453
17.578849517860739 6.7786457202733263
12.612398080666965 6.0552060864925101
5.9146397656461707 8.7326040906508968
3.1259064565457155 30.474833173249539
17.967574959915709 19.833712021353172
10.4616368041443 20.664441129580936
7.666805973076654 9.0832900374669769
28.425188391814398 31.217990097358289
16.751381482102389 12.014117988468929
3.7299869825371808 4.8114357616275543
0.11724942975441204 25.37884703502025
21.205809784642547 9.6191953342187855
26.723403454297348 24.998669638939781
22.337507091942989 23.134166506647652
20.906655633226162 18.124915768605312
25.003504116316126 11.078520753615068
24.689201257283724 26.205557432067966
3.1621592499889304 0.61149737332692211
28.17540466768493 0.80102404606026423
12.714903726467195 4.5986943714347603
23.695225869850876 8.4624003249401785
22.908522118813206 30.445882207964306
4.8524694442711196 11.22947010795934
8.9052869811052346 28.814650404690962
6.4332351026001877 30.363257222398705
7.8756907903768614 31.123629873679988
11.527542721687931 10.271786517316373
22.336337149477163 29.303919704035462
31.182611984936592 7.1409589516187992
24.356971719951662 13.893997830576051
5.3012062230653605 7.4616834296916004
3.0576542293467406 9.8472222345761615
13.585145165277092 0.38750257756232531
21.540430492152353 11.624912608109742
16.498904933855869 22.952575962693398
4.5245460275137699 1.869458256555945
1.0824629851921765 12.760301926273186
28.844783595403406 2.3533253912466554
18.132216471883591 15.986714353844459
19.148149846504285 11.890676971426675
26.371337564512952 31.410692305280687
11.923056707334819 23.215949063847923
5.5813642399280354 17.683136739936174
19.876706522994613 27.568389146909297
2.6280425432866523 27.080869082513363
19.639393794099419 10.259784779446676
30.521448006850125 9.2771977950246711
7.3960939750575134 25.523637459077126
1.6570873797697774 21.342871037111685
14.750068743839108 7.0694061957177921
27.76116939088126 23.368455556376489
16.154678579187397 31.258240565774145
26.811459988546456 0.96592763007694449
4.8270320592592544 14.288533375951721
14.080758398422889 26.229035041068759
10.117224346605409 6.8791600736086771
29.498193193662882 17.300512224735733
26.506659115074285 30.750280331041353
30.137411046708809 17.808196540419733
20.904874608221199 3.7544993494274328
25.206163734296865 15.255831519029735
25.458283359907394 8.5416299283992139
15.466132061721774 4.1469081277069861
28.688626434238941 1.6650881669611381
4.8987295614253608 20.640822081568665
5.9391913186654328 26.418411501832153
23.039590105776625 21.993906158081536
31.197596403130053 27.671239874007412
15.392001429354259 16.46632637462147
5.2648461398304933 29.474807387953856
31.143441077761008 12.439484620858675
11.672355949739519 18.38653392037844
11.08643853603636 12.749310844865594
18.522769944380872 20.351221242413185
31.411881231429934 21.139553367090755
19.070909306170559 6.0969052368092322
25.626463994805679 5.4896638583962405
12.694513073597266 3.2435799969504635
9.7640184136281043 22.666051446385644
22.27869374705962 7.2705829871770398
9.7007902610491978 28.320403237986579
17.557108895671966 4.8105898234649258
23.523280289725562 1.35248469861183
0.87997501912311726 23.195486020442992
21.69627788005204 17.540918928571646
0.92438407022377767 26.032129964001911
18.255950621068873 23.164208506103581
8.4958526660216194 1.6221300806332781
26.625304163442163 26.662049953726871
13.361856879145764 1.2937675191772378
24.748314657738071 3.4461880542150278
25.468736844537595 29.190435881266733
18.164329830111924 2.0566656983843932
15.459787001916343 19.285512354179577
6.1356981401386417 22.29106271653837
5.3082734583344333 24.016076017620229
4.8312415861067031 28.924834364645477
9.507378248746889 11.34036252556421
22.532041811715693 31.43572672848363
18.144921206199495 12.72534887897055
22.783798825870686 26.703361501903931
6.0019980895139913 2.1650605568777586
2.7455257361334273 12.255549705948502
17.407312270302338 30.421481551135045
30.865581021599972 22.193901828140035
11.913221333883133 29.869948036806825
13.673966106374296 17.251475828953186
8.937628635209089 29.882160492806083
14.416891866903539 25.538432049381338
18.159730948867608 10.234739459560103
28.402180548899672 15.213325645296178
4.0398005669365489 22.626695843647056
26.247555856711195 29.672921670672924
30.826243303040904 27.637872644499492
7.9879479571973917 11.501000678587413
5.3855713778014707 18.862302241376053
27.905285116904615 18.979931811233858
26.557072810515571 22.187100973312113
8.0680408657919944 9.6860340764294524
12.914181152469638 7.5831719293804634
2.8664900211689592 7.1412459423621417
9.7428752394088942 13.134898097711694
5.9445672307480031 12.355715051850519
24.452793461898278 29.160663209735045
9.498759925303462 5.4608092160512633
27.049589563641256 6.643224482052263
29.265398897380855 9.7260533918673797
25.557092836651794 2.9142613138924038
16.340716290867544 15.853513920855075
13.650370578249227 5.6167286562626
23.677142322376092 10.69818764106869
0.93385498517504595 15.954055904227271
28.507247809066406 11.484622811316076
16.824796202935062 31.603264131485197
16.030270842293739 20.337773861498661
15.946319835681194 29.245059750753448
29.227310479998565 24.213080465390465
15.661311257285268 17.864913966582648
10.460787010445168 29.179602496617804
9.5255147056123555 5.5859832798758893
7.6646494992443523 3.23862095375376
24.155391545184251 7.4233879266393625
1.3835776791818322 7.8184694253685043
0.40311086657758211 19.781766280876827
2.5412672709947897 20.932676384313805
2.1303293894869193 16.283191958845279
22.097672244810976 15.86690297166381
18.913209765334706 10.388040804416596
25.843801638448607 23.960437213040947
6.7295340170923827 12.077468571369103
23.160509324997744 14.47467211093168
12.081645173163128 12.696298398240113
23.608134727916976 6.1065607927733998
22.600132592123575 6.751629211387363
30.661441552420087 4.1615470293179513
16.49974304381745 10.242125991096453
26.971678788236652 9.6696558394732204
16.896592728408251 12.255021752410322
6.0575691911645926 30.90209249904666
27.875254835334275 17.381348009724004
15.954035187961631 27.207831326741879
30.587352385628819 7.377371425714303
22.390998546192272 11.148147490646501
4.6508117802811402 10.969773404208473
30.833985746750049 11.380494448071746
13.594375839234958 23.172372372059193
19.470092075980766 6.517448057066189
19.389847458677743 11.962585864543607
11.116697642840487 27.566789651579114
17.563360145861711 12.723599265406204
22.800324125574651 22.853818065194485
25.991658669707117 17.099017195137783
28.119047300807448 23.395816174962096
29.846585819892049 10.532124835664535
5.1412030878919035 13.46830865783201
0.022189717244887969 14.509876809451205
29.611829767545405 17.285579171184409
1.7569169996909868 13.877826832177341
21.422249443548367 31.028415839594036
18.064808953930807 10.228075226477015
30.160997055044454 1.3483501365322372
30.849723310449054 5.9131553669177643
8.6959740752248393 25.49309581812556
28.97628170755344 6.4777667109025527
19.126929209431712 8.3285897342882471
5.3746490469418733 3.2361573454176615
14.272810715289298 31.229976809675613
27.815018436848366 11.592039723288648
7.4544478282052555 12.202144772996132
7.5211836313764096 27.460083600533402
24.966456853338851 27.102929401571028
25.283442744333414 24.650360285407075
11.835859257437695 17.526176924098184
16.651962354419531 17.556754597726549
5.6533726132823165 19.165039546021301
8.9831033988387041 16.959336543305906
3.9719418638836683 14.517897499064258
24.36775944960209 27.127584867016541
13.698669522787812 18.458550473541919
14.10919918980332 29.084478629022044
21.153013698317292 2.041569523018786
21.178886598192072 0.38406918582499677
13.437906338808649 6.2438619024243058
24.376735749956499 27.204316211835728
19.819936428963484 21.064011199234422
26.9959197012261 22.097350693791508
21.226957972071908 22.261294070118513
19.509820974435186 11.500925230845111
15.472822770215974 17.820140120499655
16.340626282087424 3.1802420966989002
9.9937329883702866 3.2359990766526527
4.0624290896053363 19.596828630656884
10.179162167409885 31.551274320782731
26.732802972900718 11.448644601782268
21.321447311472969 15.959280478930095
17.438617659660725 25.278947858440137
10.648830715540068 0.57984974896697894
4.8153233921511873 20.891098145981569
2.0168416462346856 6.8432786310933569
16.171278861666806 6.0573260823433515
26.76791770969977 27.681716755503764
2.6758005463917787 17.935883856262837
18.045191904689943 17.872749343126017
9.6481160675816522 8.1592446081242791
10.687473506936028 6.8300353256319708
17.550089167969336 30.677550782462617
2.9116552453927942 22.783632000890343
6.6719857036366896 1.5005044076591207
14.471509777728782 3.262336363021856
19.490784515527974 19.259384388297804
1.6905923248052035 22.180946974385186
3.5958388484981167 18.527416930494571
24.668000122635952 17.799952530653144
12.55974246064827 14.106904280522544
15.661253091824491 7.1754551162565878
11.268484622420013 24.840005314760408
16.671237297605572 13.471367973725807
22.56941547535768 2.1955747182968022
3.1766485508431566 25.53300939588658
21.115063269803429 24.127630692775178
26.739207472938279 7.9295163543096692
1.9894358387997662 7.228284238554048
31.131824740738249 29.584671119622957
11.108962293100763 30.425343951568543
2.2337740959885348 7.9584542029498104
14.225717662943964 23.037718738436986
16.422729351991698 1.3709862330643943
17.485784163318815 21.369951035307771
16.095596952219644 4.5693045228218736
30.812489865480625 17.292212404637098
5.0361049447866115 12.149545650442507
11.121178877800936 18.482705532530471
11.911031489322772 20.158521933291386
18.234142598296568 28.169693522475541
6.7982015370992883 20.648429774643144
30.871061421088214 25.673410103223826
22.355453476759443 13.726525341412396
2.1898886751789717 8.7409233566482065
8.263845572693203 11.628879409421732
22.930429919086215 8.9348657047019699
9.2261749566848099 22.059827948353757
3.0341652873916756 14.540815095351499
23.609672243670456 7.8915316926744499
16.80951163226182 7.9149003948308634
28.372195812701925 28.23445066260004
17.009797103229101 25.248322120193514
28.032320738570569 29.627624199639797
29.752078258554526 29.035802363062018
22.98379400238306 18.098372365156592
11.976137688090409 5.3601990014220942
3.3708300768526174 3.3320714023473896
17.735702511900733 8.597587105808957
9.9677423593656247 1.1743876096424519
29.9801664533645 25.585372262137021
11.788362887470287 8.4028332788490836
15.544355260045474 10.546568340747724
25.847644573756344 30.68283157905271
8.7561324898074613 22.990641093012318
18.599329533904722 25.660010168682877
5.5145830097543058 25.528843620728534
20.911944861722475 29.915797557308657
13.228144118357106 31.171076264238767
3.9185514940295549 8.3305094486020188
6.6940918292345613 20.161466599094901
6.4669044814935415 21.639846772385841
11.97224544049298 26.213257626263875
4.4456047136570156 21.594357245880964
28.743399140598289 18.611356634971813
14.249582259737601 9.0802935584923539
30.449575381772465 3.4900771292548454
4.1441800946733505 30.370535394983079
20.928325272415218 7.4842814599253105
28.721725981857531 27.038651081842172
4.4385744198210508 14.572906387931045
6.9033713436599102 3.9421460795577663
1.4049249327488589 24.527188748014439
29.628777529623349 29.715413338798413
3.7527332802941085 1.7729725461536676
14.957380143175232 16.386455405072578
30.333037708466112 0.1315548723930352
20.410576455852606 1.6328273716507775
24.24379272407651 13.041693029203534
2.0287473638491473 24.211325498287231
22.869223674237812 4.6701263867447231
8.6617912681070592 18.9227416883515
12.051137050832041 21.099143952169328
20.282864022690475 2.7000341533953893
9.5468827928252473 26.082075656430302
14.649341355882038 21.338302084648454
10.2841679823311 26.635079958129953
14.822052007050869 0.4187909400943684
4.6884482832487606 6.9562572297815333
24.084687778345156 27.797600078807172
5.9747156084830007 11.381913953079538
26.853683020849626 16.222071724512951
0.90255171168325976 6.4434314888494413
20.658717869679606 18.845347483909528
8.2878104449068708 14.317015600600273
15.569625616521424 23.927996982092729
6.8024374001894579 13.65165634591806
12.641522385743443 10.3468127167293
19.688559849479116 28.100293648031482
27.903783084549048 20.795576890564899
28.991775730216716 22.389427935510167
27.950925971864478 26.502634231857609
18.715325592485986 14.391303298307289
14.335857911530704 18.703799445859165
0.59668294101870234 2.5979093939529934
24.846737438752736 3.6354201553665524
6.7756378147068714 24.991433121861711
8.3599259417029188 16.34397888104532
31.448303337818849 18.11005472031821
16.115232020135426 1.3491130553441246
27.919599995649371 1.4298213041654908
16.433546610917098 3.5401482247284934
30.658993889797973 10.285610317559611
20.904977156590263 14.259456993680935
23.41345879275362 22.941336539602478
9.7451431152469841 30.829565347061347
4.5137947783518761 24.122451153421078
10.502750092367165 24.097591051986292
23.096114145892923 18.784391706633887
5.9995226022055439 6.0926640842063895
26.167703897361001 11.469831422248106
24.871430599935113 22.524920493056985
4.0438947060811437 26.360683423868327
14.38052548540438 29.781397511340138
27.837472177787841 9.2157087235180608
26.2919934760939 4.6661622657668511
5.565058558425477 5.4241220366356799
7.7845153303880661 6.4116550338470271
27.27986720808908 15.352845601341105
25.032287802594425 9.4350729871253627
13.615133436818022 15.817340006413694
19.853568820919392 7.2256758349803718
9.3092121590107553 2.3149982096416486
30.368990180199891 31.08839265482241
10.546098689073794 15.968536273045318
20.734659573532227 18.037843605461092
26.788938835345604 20.16469411232265
22.804312844047082 20.081897324204995
5.129880443467405 3.1991324720211942
27.768946211264254 8.6686096773068311
16.227702805634504 30.546533371457095
3.0596019059785107 29.69823775263119
22.223940849681963 14.152652815421719
1.484545309240642 17.890404291242803
14.189925321029708 8.5264430319314393
26.801108042169794 6.5250704587676411
4.5791128721024608 2.8238576049461441
10.442554003771214 5.7896535697738951
7.0647881402990675 16.072516382981576
23.494103837527518 15.890344354747659
28.760023958234477 9.9026105057003235
26.296756368202402 16.589550777613471
12.739272023515678 19.070139350716012
29.789657768636953 26.874453866024364
18.367989386724691 27.523318604818932
21.607841270467091 8.5758794043281661
20.933803738660174 13.661915270882798
14.315937693842496 2.4827903725327651
2.3346606722559451 15.249317677706902
22.359213140417392 24.610524460263278
8.5559639935216918 23.091294461902375
5.6884146536477491 4.3257811299868285
15.912969149484733 9.7048212609577433
0.42782345722810966 18.066301683484923
4.6533918677801891 9.9385631936469547
27.468280527135779 25.301682773654722
26.000441553791298 2.9385754020730532
15.188105755204406 30.364645815917353
12.690393708377387 11.956340338029047
7.5755356060259897 18.449461266102343
14.691914671300919 7.9495196483479216
9.5238511954639087 31.363597260356361
10.307395466698031 13.398220428182423
25.887933814249518 15.396999422183168
11.374582788148132 17.127462328533252
10.712557505387466 5.6165418349415095
19.338864181004265 4.1093140252985911
23.931800294755025 29.004547929902902
22.737271257288363 9.3452098618741388
6.9041407270476771 17.443509153413093
8.7288183743878864 24.840775030609031
18.790249902133326 5.6642634395698774
16.125280708301791 14.786711626106104
13.442880514615862 24.104453067990899
28.450142325017897 7.3968327898546624
23.383622330682162 25.303199041602522
18.409103327747047 23.828233563143886
15.438132870466438 3.3586756562852802
29.930503502680729 1.6399869032092915
21.546433020551795 7.3692136443281075
28.676318771448045 26.427875882092778
11.976094729106519 25.410689599784249
7.8561579436151545 27.594553853763465
21.368704501606601 19.319753146916522
6.0735888361437125 9.5772272903055988
22.774579669126386 18.237325622800842
21.760091508416036 15.112529664112742
31.450967963315446 15.265472651010626
11.680041785146157 15.439511913791227
23.590613232564881 5.15956250927798
6.6124741741174269 28.737185206058481
21.218443939398679 20.522832815395525
25.377985545913813 0.62965477389036884
5.146895077853185 15.706738197723171
22.956048964151925 27.922813974957929
11.764295964063235 3.1531951488639951
14.717370573131225 25.613214372673223
19.630640466124028 15.271313134185554
7.6310950847858505 23.607323374401108
30.022690212483987 11.536477949678702
6.0392888541449627 0.54761203622801669
2.2329368700937811 19.276831756969223
6.3865318569358873 8.1063012010357838
23.822073697212158 3.2336174708104739
30.090753532502504 13.685356570268738
21.492961539590386 23.631458519480322
29.81564047010561 22.316724068814217
6.5188318816520932 24.130026899807429
31.505179756449596 21.644303356207644
14.406225068599934 10.961538791286573
29.063619225353534 4.2212539028512666
5.9409501379344221 0.63042071219518336
1.4776619011246053 10.770030799714828
25.217173499213903 5.269546964481302
12.331179775626541 1.6080956584453374
17.830838178756295 28.927336487354026
16.012552882288254 8.6803050819502925
9.2547131122255148 3.9525380037397206
19.230312975422429 24.457238096496237
17.383572333788027 20.637435438765742
1.7582414048426309 2.3778226268371783
29.439738685112189 2.3424003024581115
9.6783696589866217 17.549053900623093
16.349360762571383 24.276809441239756
17.12689938559793 19.720267191822963
18.09731538520187 14.043696831711621
14.23296774365267 9.7029170536926248
26.565354368802065 9.7143550326608814
18.601515819472773 2.5101263066214199
28.587636986888473 4.1286611929612596
19.110419870868384 12.637607019545424
5.9030415431249725 26.846877869152149
2.1716799166122893 3.829752594834249
3.9914079466980508 17.458795320633548
22.961764984620356 4.4091168402951322
18.291766643148321 1.1483745227828845
12.552594520566217 11.475395389826989
16.780431450360243 15.419302097330695
11.737836263591712 22.931659595923723
9.113363623307011 13.474533368277184
15.012599065436886 1.5708255305880074
29.895326808140588 13.486246508663873
31.262214591580609 7.9459775426100769
0.87898216803780438 27.183000854210967
4.9902857483864178 27.719872724062743
11.363450119368363 20.894210325323712
25.770872755883889 1.0211557057095413
26.100633906198659 18.003572887685152
23.811217448960427 11.179546675591688
10.344134746771971 18.96318655602559
8.7291077470086176 18.075710591691223
6.6859039067876438 14.861077684949951
0.59760764200654726 20.669107104829891
0.26994860229846068 5.6806682358521075
4.8395589939326253 16.055879857380464
4.8035519210526001 7.8035109102955733
1.3281185474296833 5.0018006625147935
0.099395847426053757 19.139843412186288
1.2632452735496456 29.889395835892678
4.0037700955754447 7.3159793400368223
14.252523995904641 11.927376678866592
22.851027816490962 20.544728580347698
10.880975208877709 21.469643966390695
19.505054225549507 22.132507540602134
13.102514824040961 11.286773194054893
10.279574392156945 25.150845714806884
11.5444111465946 11.379566239096352
25.760031299418827 25.843343237869554
0.92056607252418665 9.7722053767527548
21.495398235095067 12.569115057545924
14.864757124250859 11.132035841665321
8.440404850179247 0.96161668494235419
4.7662123243789845 0.77026300467303332
2.206151068594314 22.765450317652657
0.67626852215684807 4.8933229625779102
24.294386767428264 19.501293455089915
15.580844213474951 28.970876925751856
27.828951439357578 4.4019891719899098
13.23693352023164 30.743592167866517
16.796147031764622 24.40928672292512
31.526899555459934 14.168883532141351
23.807583321007332 24.661643655075295
8.0902558243936777 13.574086177916046
4.2683829247125109 3.9405994624278571
6.4373743730693143 18.602357453371074
26.420829331663672 13.299264944300264
29.674861150087384 8.8616844099369843
12.244095939939323 13.272433195919039
30.147616116311941 31.465824704843772
25.802326658162333 22.2878108075334
27.182993380060264 20.26653733455047
19.673936352213858 23.936853227203191
28.512949589371619 28.351982326746199
28.301585803684784 22.017128886394769
7.7126371291703633 18.364474014795089
26.633348337829691 10.7551641324428
17.782717896669194 31.06929411738048
1.7895333018739663 2.1317360497382909
0.049709481638840869 29.665868309999258
13.355943666202212 9.2251822845861717
21.230606774672346 4.2660893551607018
19.254618192478695 4.5464060645882602
4.4126669942438843 9.6680665775290429
3.1929100278978555 12.698138047510096
2.0401447857708694 12.789135635967396
18.269276424284509 1.0476081810983753
29.370527996422766 7.5734343698508431
9.8056738630137374 9.2859154805766337
14.396988750820991 27.412016491285335
7.0613568328812155 17.452651659104689
5.8815469121715491 19.302330196815081
8.4018666857570228 30.131085663511392
8.4104653376392999 5.7085687588818761
22.137076656764513 28.76285531421323
2.4934974194453723 11.711156153499939
13.935518009896578 2.1189645920741933
7.6261379785659589 12.592767743684036
17.674792471912568 2.0704079596384366
5.6915863581242627 26.887976094390616
13.789196717701882 15.597274010807574
12.54562459781871 28.700656880890698
22.509340108672593 19.802035300297693
28.73666521248845 5.7581092814879025
3.4958490585296134 27.804439321220041
30.165821775598179 3.4040329183950773
15.503338028985924 23.611875839079932
24.075377496933896 0.17540664523909399
20.896686935318023 26.481696257603996
17.019085894966437 5.7004794277532769
20.151692080586759 31.602569336976874
15.919298910567413 1.6363336612011639
8.6118219345126406 1.4170053483962832
31.566876876422008 27.811347185932469
30.55442016592896 23.529300154988402
30.548295473988855 19.710481489713676
14.724436101193387 24.198467273210309
10.464884634522347 13.105836120406776
21.417804655459115 28.483541278879084
18.74877069279216 14.824886551210252
24.793180271963912 7.0608475393846986
27.703490498827101 14.178702333234723
2.9586551330282176 19.143714764033437
25.286327588103177 20.800391762595883
11.004667712007789 1.579152025545898
18.496688378004006 18.080216442567018
5.8078909568849335 29.36271633609563
1.2333535884988729 30.62269084773374
3.1448226257346019 1.7336897933004149
28.994629544353007 13.209535987700081
10.410853363060601 10.889195082036373
20.60334200607479 24.481317799805435
19.103232055244789 26.131685535437196
22.732467638660356 6.4613181706020706
31.608940086503573 7.6538880958948186
9.130165322223716 8.0383874853343134
23.754356318285986 9.7765913225612078
0.12782623526400108 1.1237396460750897
27.257916868690724 3.2529204088416424
26.487191452514249 23.56368151450565
27.722339842021409 18.6714945030119
15.092437563405097 19.441193710870778
12.714098830021427 28.626641262860417
16.79362122203554 28.578176824810356
12.452313211409962 17.406793673236649
9.416359241682775 21.106126204445673
7.4838533836643775 15.333378788156546
19.509984179265309 9.2605254722916364
4.4048359023921471 8.8266806739472425
8.7917108359589129 8.2386433691366499
30.473165497280956 29.260266775009566
20.155065177842946 19.263052903907269
24.628515420522337 17.341407628981539
30.359259210818696 5.3532494451117589
15.102022591941296 20.596913261123955
15.024294249911135 11.938535530622492
22.296181098129761 2.6604247301816586
10.170614437622774 18.132454636559469
25.134612298446026 14.883348556460813
28.684848483748628 14.400257745512056
28.3630949742067 31.082728998226067
0.99374156347828779 20.105273938726143
29.662762837665724 27.797638205641377
3.243174866148236 12.057673769748209
15.61750494484208 25.604089107264691
20.152912848654942 0.093019747782452769
28.62478500438246 15.805689578431812
4.5015780830440786 22.672333843412254
1.9220108825194098 31.574054655618117
20.140379305387821 13.652543002827201
8.8283841549931541 25.586509098040899
12.101189996545861 27.451369223459867
18.614824074007949 18.918586483070396
6.3205882703595586 1.8163128588781681
2.8908439652953026 1.8931889105445303
2.9479404814455452 14.458713268911156
7.9889247468600315 23.195085093729613
12.916531098522102 20.713433138871743
14.858357960350967 7.0493647532772892
16.879791149052696 11.059972710458037
15.046470721296416 27.01939026564704
22.752645197368366 1.9028832309954054
31.601994560662401 9.0271737846517421
6.5106165695772793 5.050703239284263
5.5331937529379669 4.9674075409832463
24.198432655513784 9.8375102131140082
17.077583371492214 18.728782252819379
13.818878310005939 27.759044563085176
30.23651132665411 15.775852946966252
21.995515792531283 2.9686930433285754
2.4743046421910031 28.201953373887246
0.16237062487892939 26.901800661702339
6.6938224460951341 15.674246494915542
6.9191215515294564 10.112480396183402
27.287869660996584 12.176754389081495
17.756921651334942 14.250314982481946
19.952143107771203 13.946903569433942
18.562436218003882 24.616556279088595
30.661693288816405 19.714453167238261
28.446851037528607 3.4745727279115677
23.362982557687893 29.742690817825864
24.077007286756754 23.0888228840811
12.189286491477697 3.6546997346162882
4.2309409791382713 11.731908981608175
0.60162529931774478 30.686898106197262
28.222797532578305 30.972212245390246
0.57649483392737633 24.684810936423045
28.490966091574013 25.014453810144705
20.947708111338137 10.664418991726102
0.18586967208893374 2.2603800526134417
24.225544339696988 21.832273517261701
3.4180734659791718 29.772628538327627
28.130957625526328 13.355911662995881
19.667689990428119 17.145902307516643
30.633087237846198 23.770909131145515
11.005687288922605 1.9258514871853067
29.459336459692423 19.857488248899635
7.5793466877777602 31.077610160340285
11.815595499478038 1.473655559871947
31.331867269701327 2.4919591176570126
25.0644674870857 29.020383961560547
21.768742509608465 12.037074434929005
24.350445050651093 15.269471256501278
12.429120243426262 6.7299022924385064
31.112880071913263 24.214245950006237
15.412321144665388 12.965679291204006
3.1679139346937131 28.984606265308884
1.4996038018524236 11.136175555259596
25.603488940732738 19.160929069929267
11.346897198395455 9.8518957502555917
18.543092511899193 4.356241743019817
23.322785756078037 3.9847180557617254
21.827257480400377 9.6069308766020498
14.556094629879308 28.12786473651358
5.7546292193988391 23.288821729443402
17.643836676380591 8.9255973541724511
9.8483257833408384 11.4727081126789
11.804558810948521 13.784727453960002
12.911600291972174 22.69461558367653
24.641985624862464 30.688762408943216
26.636366707921486 28.686089566448715
8.1310389017236542 26.457002265944727
28.413960393318565 17.082135278529069
30.059829482140941 30.066794078962609
1.8907050609628269 23.946736066153242
27.268046223433753 5.4893250644328848
20.790808627754153 24.683711606998781
4.1629771125683686 27.662954653118298
14.905745109503055 29.943641072028296
8.1897785540981545 6.034040209064317
22.425079326116229 26.763477921923826
10.279457201616365 20.330861899746377
1.3147479053166873 0.27057718148730142
22.289595336267588 20.476525810822576
5.7398624102224938 13.864566732056318
24.338578378183286 12.165175527729692
9.9169052658777019 11.22371966577904
7.0063105523258047 2.6739103241477138
28.325603710908823 10.05366486099005
20.152021552462546 2.6405437453247007
17.33517717416246 6.4089370593727768
1.32164617161012 14.282103486663136
20.580986847664331 12.357142905646079
30.195250689944071 24.926312264495202
3.6304058694531345 0.12157311352394325
22.539997742764914 16.868531764619267
8.0864902024963854 4.5333355174610634
2.1801986518972125 17.901713564433429
20.506371932298244 5.444183433349715
24.113321074124165 25.016664843649973
20.085151607904812 20.518980992300822
7.7630339071412511 28.419862575290747
4.3581189463487551 17.241769314511618
29.961818248994131 21.630876425828284
13.477446011884437 3.7201743774072691
26.510779034103358 19.916815688854225
8.5651745281891412 10.698402682325828
23.80917746811836 16.786108069118978
5.0424095520269478 25.850463654013637
9.2545752255471747 16.753293604521961
14.396746224809705 4.9639473451430778
13.755073418188422 25.377044675539327
25.275725338160012 12.91447436744018
22.807725113165993 24.946087343779997
31.32927775888275 9.7987387952582345
1.4907303526409481 4.2923127834235775
8.2344604509318877 21.804887951716875
0.036273451604052577 11.336717893023765
20.956897786411261 10.144636639866208
19.837206196743072 26.57474022530204
8.2351079072908391 7.3275937395490214
26.86754657301783 13.92341605766099
9.9294947545773038 2.9871528459412331
22.489046396126128 31.484210492093183
25.617393611544774 24.84112002428742
29.123805208681024 24.074070726988452
21.264974635093925 26.965233140580619
19.064418556974495 17.338777998467378
16.242900204862533 18.955735938277584
30.917990477013117 4.2978943427660612
29.344053141484089 20.024695699523487
2.9440463847136318 3.5166510552555907
12.165649151356112 25.411216259095958
3.4638693177740509 22.54000325598016
20.937126855125126 6.5054624418318392
7.6099362625337434 27.223030774520197
26.875478279525698 2.504095444566024
8.935559699250339 9.6242086306680861
3.6115991379446069 25.473612926799671
16.309666094743019 26.995911424053574
2.4959094224833738 20.415862790646557
9.7672471852188867 15.843326865146619
8.5881228413325186 19.820796379066731
26.207059278336068 22.600144036368413
18.839942709101948 29.863912050794443
16.807297005961178 7.7904608604715131
15.892741833026763 13.595855449253566
23.802830094666589 21.288999114647627
14.984318095876658 5.3910515906170637
15.493396528198337 21.390811437943288
24.69951536582035 15.981381606819832
3.5738521557599081 6.0748646411212723
24.848118182702517 30.863448757442285
9.0223206389782256 15.616379937394585
13.990838631918129 13.834159446541481
1.1814545838122783 10.677968892337182
11.016965221791059 3.9204167752591061
25.465796310110544 9.8745309094767553
11.631825717169416 5.0399467700222127
24.71490237882206 20.687977773682778
8.3129721347596917 29.836154657962137
17.441215317758822 26.928815638194273
0.57049597128785512 8.8022786386791534
3.1493225134502207 31.312218479972806
0.29090965621361248 3.0605903904087151
26.128357645832846 26.955414919160344
23.002189184026289 16.892270815530974
17.235153905641514 3.1040798213241025
18.785047082151905 22.55939039368517
26.850744170562301 6.6722924917830442
15.546882501715961 0.57034238217048905
7.0703617446312377 23.498355490863329
12.574938550903605 25.725087091665777
21.441067265243223 4.7739967984861362
0.5135739928916534 22.37033841831671
27.486199827585391 4.9883188884131497
12.779491533984066 16.62381010302089
0.062635801431359467 12.557928483303561
3.5991029773521976 5.5063623927700167
13.957651184686938 4.2460149049552021
4.7617133972352716 24.092531558241753
31.420130039585537 15.607697543637515
31.57054662766306 0.022979288592429974
7.1036386621949621 6.738296759735741
9.8295363723312317 9.0852824080094798
19.126271241117884 20.419806102834041
14.437914081750241 22.330444938929492
17.844001170201892 3.531596263591946
0.25239533152698962 16.839795450835453
13.206921197133367 1.9046828743226112
30.10222367166212 13.933846185661832
26.714326167743398 27.840165471749888
6.3326780376809619 10.336232229337899
24.344216536938436 2.453077672131196
14.019504391285963 14.238005831435327
26.973774852487249 29.058777790695746
16.504999044164723 26.399451509421606
18.786113706630093 0.10611040445559906
11.062228365808416 15.219865843651855
27.656996341623046 30.981394989872669
29.600711572366119 20.559089031047055
6.9470773265474506 25.208549405715491
13.197607439555581 19.224102461744327
13.020767903914056 24.260314722266408
19.627506816089035 26.958391489796121
1.1442234747944395 13.732967906637287
22.532132337011468 11.495440372599662
10.347065577518411 27.214547057432959
9.1059643612337453 14.763586763334189
16.90054608062653 22.774483613139552
9.062548297957095 20.009373772771571
30.194886127647464 5.7526181853499025
4.2358272364775793 16.533864320948492
7.6026445711910657 3.2923477777735473
28.305910629671928 7.7828575888515736
29.041607397156259 12.23534348069823
28.300323922692339 29.146793102459782
19.254086938362082 22.447961166915217
18.396879241174425 16.02995977858324
25.85255602318723 13.534986988951211
11.479646098139559 29.371113390367025
15.101088078645603 15.786572090761085
16.683060113985924 15.587539041255173
29.524031724483208 15.864586453573585
26.786731579131558 3.3701081447941665
27.896871661763193 24.227470921215563
25.244326186348228 20.704159260574933
13.33821251179603 13.993405784028649
20.767561235834016 16.139596709252135
15.181415126377667 5.9548573302396637
20.174375662471753 28.902796494114607
9.9572516115922429 27.242946035858385
11.439950052685667 15.766024242127301
6.6656930515536477 13.938062517684996
17.867705210582727 28.599651023799748
28.807259694863927 11.92595910996039
19.975671885365738 15.782478067381904
16.110218229946803 9.1149261915634199
7.3714221207859563 7.5411301015851668
4.1958585273432059 19.192450546978264
0.83271566111181272 28.785748500028401
1.4708892915743907 19.119288005213111
16.541132077330619 28.427901994716894
29.821034122313964 18.77242974462963
5.0821283048226276 16.847310804635189
20.370167317492999 16.711039475992592
18.785782696905336 30.158588316377887
15.695060347004224 13.896821100520336
11.839006463398176 0.39171851488394166
12.921934829012638 22.12042842834957
20.386508934676325 22.149484725806943
7.6009481629824203 31.402456156545341
3.7286698244555163 24.65837566690276
26.371985147028095 17.829249783243014
11.506345330229234 22.924042397793212
14.059489204236923 17.806283332043439
9.2937538117535343 14.111703256390578
0.97574961497042367 5.8133857016470882
8.0347145280467167 1.2326123406193534
1.157836422196292 28.904851321371797
29.847425182958336 26.357999058905197
21.879399303040362 0.45129888848354416
10.531404652853031 23.953949528053336
1.5751908612260117 16.077037883319012
11.097168363507503 31.150236474025618
3.1748630008245797 9.462610448926613
13.34650155839641 20.702108687282752
5.5247898726182321 6.0816742473979604
20.641941848313095 5.3576236469438214
30.122453138695711 15.359028560067998
2.848497638851915 24.3285429309677
9.8187000450270912 28.175483378679473
12.738044575137071 31.284340673401513
4.6470721503187695 31.276319657053246
6.2291265798367652 29.734447848141286
11.908061363838083 8.1615581797727348
